8.161281736122355523e-01,7.931175336178926116e-01,8.129583939706065410e-01,8.122089011997976060e-01,8.157336619183982451e-01,8.164002576802619204e-01,8.161364696201274249e-01,8.149767557390718009e-01,8.163539355775952799e-01,8.148427782804614772e-01,8.151167124171928569e-01,8.015279541595967672e-01,8.149242109848692239e-01,8.166611201726021729e-01,8.117125154062402315e-01,8.159510399728193697e-01,8.155654586533911399e-01,8.161158001298031150e-01,8.168939247366943102e-01,8.107564285496740020e-01,8.086280025454158915e-01,8.160368413738363635e-01,8.156100188148308616e-01,8.149128753905104938e-01,7.904134375255809086e-01,8.161928672941036744e-01,8.159590977242805465e-01,8.163346687782668809e-01,8.160815311165209307e-01,8.162521804073542553e-01,8.158991847001384468e-01,8.166562248671910274e-01,8.162049805362258104e-01,8.115598257873569699e-01,8.161896127870571505e-01,8.159542674295499065e-01,8.158854855122706917e-01,7.886359802569006261e-01,8.163360597135367325e-01,8.162307271750836035e-01
8.134266367647144946e-01,8.660744913807624235e-01,8.756025303713252939e-01,7.675967717699615500e-01,8.137411221572131703e-01,8.078432811712602524e-01,8.000305903462673340e-01,8.132499559388167709e-01,8.167168299833380551e-01,8.216837251700976896e-01,8.058051217203898720e-01,8.106760983418868083e-01,8.121941338436272639e-01,8.088039533023195782e-01,8.131480495869809477e-01,8.211038029901311930e-01,8.150245173774171015e-01,8.133121186348136744e-01,8.117920017136940336e-01,8.180495413772614910e-01,7.732083008875801911e-01,8.189510370183054055e-01,8.162125802387878437e-01,8.215340562382907885e-01,8.151455998053824814e-01,8.136033985377210120e-01,8.112102999821466653e-01,8.160051784404134256e-01,8.150304917548322203e-01,7.640514571120534670e-01,7.812713779801730984e-01,7.960063285479469508e-01,8.119258141938905382e-01,8.111912723106972090e-01,8.198999490491076791e-01,8.169520064697620709e-01,7.963501017416084737e-01,8.074088210960314038e-01,8.171959732128786236e-01,8.171194723606365340e-01
7.806392180467293107e-01,7.823059589938613501e-01,8.450762686586646977e-01,9.991237995812840555e-01,8.767495071133903917e-01,7.924638316836176699e-01,7.549266784259192065e-01,7.714718428071057899e-01,7.781850588632921450e-01,8.055136575520608355e-01,8.064022471683472970e-01,8.040485506741537058e-01,7.472882566117993175e-01,8.113707790673152509e-01,8.143179500011621386e-01,7.978357119061932901e-01,8.018143348271302706e-01,8.052464200869352551e-01,8.180235812494862646e-01,7.859175307141198497e-01,8.159227911481305995e-01,8.140285745124145045e-01,8.172766544972459579e-01,8.139038173743263771e-01,7.977556857766909815e-01,8.101358638354840824e-01,8.126459342416172404e-01,8.094350883349862302e-01,8.065702562344110316e-01,8.105263850385787672e-01,8.221197654264496002e-01,8.136666706749947631e-01,8.198107333372840477e-01,8.102490375802460232e-01,8.158608349543937655e-01,8.173383439356742830e-01,8.143359292703691299e-01,8.225901071537806697e-01,8.151596454890074339e-01,8.167345254244094965e-01
8.140815783559358643e-01,8.079356509787112284e-01,7.725676316366603125e-01,8.105525288924054772e-01,9.961175934581694147e-01,9.893031910471836721e-01,7.922135594491701571e-01,7.460463488219427619e-01,6.966647095563476277e-01,7.282563455348878279e-01,7.570496055266697777e-01,7.668295791131644057e-01,7.209394123372709906e-01,7.941725705449407258e-01,7.876064235829987048e-01,8.121368339808265890e-01,8.016877240554304285e-01,8.058695143586344090e-01,8.224748304423842304e-01,8.088937203467918557e-01,7.778524135623461344e-01,8.081274689734445626e-01,6.974242940009932612e-01,7.683486631372555831e-01,8.188141730193649881e-01,8.087325870700233788e-01,8.134590780403407884e-01,8.057475526801278765e-01,8.134720858436976787e-01,8.187695511378370039e-01,8.153321903826179495e-01,7.958997890625869598e-01,8.124753752660736072e-01,7.801545284130456670e-01,8.123401759690130897e-01,8.065571614449709159e-01,8.177059106043814696e-01,8.115123493066045413e-01,8.102421418434307965e-01,8.140047611097487312e-01
8.159700192516018413e-01,7.999493318485301208e-01,7.785157449325325052e-01,7.017225501858442849e-01,8.143436524842727620e-01,9.692758368779251787e-01,9.986635140551070045e-01,9.854319568330446311e-01,8.161084139062947385e-01,7.114689763011932122e-01,7.610165393391816746e-01,7.875585736043986262e-01,7.480020125361476202e-01,7.892810105041099256e-01,8.106535636674082612e-01,7.630666666134542364e-01,7.773202849693201522e-01,7.822650612165282791e-01,7.835134489844148842e-01,7.479686715274650455e-01,7.878772865725431895e-01,7.967256323012937846e-01,7.830162610452204852e-01,8.226560558886679697e-01,7.980700819215131858e-01,7.744133555984341610e-01,7.956867326707042221e-01,7.919074857140020463e-01,8.126778029597411246e-01,8.079510721397018536e-01,8.076516795480339628e-01,8.147797566201053776e-01,7.802288793553631141e-01,8.019442987476086415e-01,7.663413130847079868e-01,8.097001050684232704e-01,8.031967527654951811e-01,7.703263787163572296e-01,8.144901389223283550e-01,8.147792664918372951e-01
8.161895597881150266e-01,8.103759498259588412e-01,7.979478765644938409e-01,8.004932654694668637e-01,8.093558785741992168e-01,8.184439977913346986e-01,5.623870509566196718e-01,9.996636762274506705e-01,9.947184378905736812e-01,9.806348810620429957e-01,8.156565818643439769e-01,7.154874482891423471e-01,7.953135748832931284e-01,8.291871786284906731e-01,8.098329299002710036e-01,7.623836713862192083e-01,7.256628161539394606e-01,7.366426938308288097e-01,7.773477153500618630e-01,7.818169956651348507e-01,7.442023696277973999e-01,8.035611511462954493e-01,7.151893722605988657e-01,7.875894926787796457e-01,7.889331369886952716e-01,8.187931045060280466e-01,7.976686849690637349e-01,7.681765412228677148e-01,8.138060901325829821e-01,8.058105083038429317e-01,7.561367499799792613e-01,7.611762730917708275e-01,7.975906864319322054e-01,7.967366998997055250e-01,8.044902482540911004e-01,8.209944002246128969e-01,8.053811253951335125e-01,8.186492952991019090e-01,8.079389174290503295e-01,8.339733003277116641e-01
8.165554527717425737e-01,8.087161471565970094e-01,7.337048846734079977e-01,7.650214763793037331e-01,7.331372320606281967e-01,7.625199114850023108e-01,8.542553223335718204e-01,8.347909759282805542e-01,9.962875980602572401e-01,9.986136006226146167e-01,9.887414153262398253e-01,9.791599003779001276e-01,8.416797412774009723e-01,7.949360968919718662e-01,7.361300505163990149e-01,7.431448372844701167e-01,7.748310899721042588e-01,7.402570061235568266e-01,7.738755985135592486e-01,7.971599461178137114e-01,8.353208656376709396e-01,7.383235920819525289e-01,7.347444601817278986e-01,8.242549862886138223e-01,7.841750416668582524e-01,7.591054346687151622e-01,7.721779709527918367e-01,7.894418846415603985e-01,8.125888024134046983e-01,7.894966100149832799e-01,7.835818690663614028e-01,8.019307436895454222e-01,7.858735160158561994e-01,8.045258083628861190e-01,7.975245620317242823e-01,8.022182558504296068e-01,8.127458874893048746e-01,8.075121837236988176e-01,8.294365382431955203e-01,8.238124118341580981e-01
8.169532961101674262e-01,8.093781021991796054e-01,8.106776774969172150e-01,8.189175934486453423e-01,7.894851004571613595e-01,7.819399245101409379e-01,7.884471296592849843e-01,8.256522942885026195e-01,8.517285740042946918e-01,9.903381502162112993e-01,9.999098116704564498e-01,9.961867823937106126e-01,9.863947021715374630e-01,8.124359084020257304e-01,8.932708660951406143e-01,7.945230340765310206e-01,8.008584732258244854e-01,7.394005416672341235e-01,8.079997481346535837e-01,7.276228203936807581e-01,7.548050040805389660e-01,7.834035649694880421e-01,7.521806037550723412e-01,7.413970323824851105e-01,7.717044472563453494e-01,7.986378362782983187e-01,7.972904003861304156e-01,7.448275443424836606e-01,7.944744732529982478e-01,7.760501473578805820e-01,7.667496257397559134e-01,7.855983247238349509e-01,7.886032625962816622e-01,7.823342138252671329e-01,7.936761104103502440e-01,7.997971622178017270e-01,8.097186577412103237e-01,7.948733477622685895e-01,7.917214700054714394e-01,7.916289483124974158e-01
8.163152332735856831e-01,8.234169412254368492e-01,7.979316730246491796e-01,8.025716646218560291e-01,7.836560110569069648e-01,7.812491667700577347e-01,7.307901864350762056e-01,7.497510027923789400e-01,8.081913464673851077e-01,8.820375120550830728e-01,9.708559298925393266e-01,9.990206491480818629e-01,9.983480255839418671e-01,9.921251601706556622e-01,9.832399015895674221e-01,8.785724089399976622e-01,7.614802275315707414e-01,7.928898841240412665e-01,7.858272167263445906e-01,7.676390309295764158e-01,7.611396651279428438e-01,8.043153628463030058e-01,7.719950472939132169e-01,7.653429755551014457e-01,7.566673932179761586e-01,7.289975033089430845e-01,7.492220798681585858e-01,8.042464623876238727e-01,7.340762471493764707e-01,7.347568327010356448e-01,7.652678615746451030e-01,8.045849135355422899e-01,7.952213240080967527e-01,7.538283588119375489e-01,7.899762974817610139e-01,7.826854881666726049e-01,7.894950753174359015e-01,7.934789344342297879e-01,8.125056920478505029e-01,8.145043355350077841e-01
8.159390288076644460e-01,8.147260337432378208e-01,8.103883626591853462e-01,7.910976448283415507e-01,8.009038827631820290e-01,8.095584076343269597e-01,7.422515520754203733e-01,7.566487109341836215e-01,7.468209615364663767e-01,8.867321679247509580e-01,8.442166952004288571e-01,9.346885757215530610e-01,9.968138211684857142e-01,9.996743380634138809e-01,9.970606186070989363e-01,9.883000399558711235e-01,9.810425265052781230e-01,8.154636041798630774e-01,7.754817369155173612e-01,8.045896593390242657e-01,8.401633769721662537e-01,8.325260967584821037e-01,7.235775085724093225e-01,7.420207106570330113e-01,7.246660235412069051e-01,7.114468065356638338e-01,7.486512279932359126e-01,7.444078860902437755e-01,7.695712938145597981e-01,8.154521610497816875e-01,7.766787658673073302e-01,7.547609561151034097e-01,7.799422160665273607e-01,7.910415615753396690e-01,7.830947178455556212e-01,7.819370373231034899e-01,7.878026597025136191e-01,7.728332300618412365e-01,8.258768494208624800e-01,7.926589164921943320e-01
8.165676927351139813e-01,8.083557455894773147e-01,7.980767226962711680e-01,7.916708957991615003e-01,7.469123551943767092e-01,7.597000819422250473e-01,7.574428056022385336e-01,6.847576597664568610e-01,7.659279473202128541e-01,7.915126342705807172e-01,7.953240563282164555e-01,7.874044682733223333e-01,6.330286141015598611e-01,9.904358471201787362e-01,9.997009014441906594e-01,9.982813209479757255e-01,9.931327103893812236e-01,9.883305895736420599e-01,9.313494928538043061e-01,8.699426902854341392e-01,8.659661265404469122e-01,7.875341171842282773e-01,8.371703547507827192e-01,7.368224785689320155e-01,7.360859839427840168e-01,7.396436425389298908e-01,8.002834318761092858e-01,7.969732733032929284e-01,7.729651961608943189e-01,7.714143644067906758e-01,7.691170226115985331e-01,7.649454284932665216e-01,7.656701175769576873e-01,8.206061090354562770e-01,7.154194181211744885e-01,7.893776781988547375e-01,7.995375230410357581e-01,7.716421989983434093e-01,7.686462419840420779e-01,7.903816214580434707e-01
8.168604093223370555e-01,8.186814937276504223e-01,8.150053235477486835e-01,7.564073132916684372e-01,8.088882855657051341e-01,8.087631619307580344e-01,7.819604400211738193e-01,7.678403295697019404e-01,7.740924679747319681e-01,8.146933956241106944e-01,7.616372953882570851e-01,8.063121596248365996e-01,8.294652553552480656e-01,8.866354094208787062e-01,9.801831387314920985e-01,9.981211124000448631e-01,9.996749478714608284e-01,9.974661702130819263e-01,9.918346554099457535e-01,9.843195300196739828e-01,9.785404963053502270e-01,8.969601481545665944e-01,8.183219476363069456e-01,8.551499126134449735e-01,7.976353817365658960e-01,7.750736343170500087e-01,7.350936176837510327e-01,7.941532779420922283e-01,7.375172493219209757e-01,7.834888521444632881e-01,7.580315691457359950e-01,8.036067683660955696e-01,7.590918443839983487e-01,7.115319775856769891e-01,7.343990142962476542e-01,7.553815993736555656e-01,7.405759032658576491e-01,7.884676058933045573e-01,8.088794803500128916e-01,7.288803224216362509e-01
8.160974490655601432e-01,8.163325457742615088e-01,8.238747723350734464e-01,8.061666186073886964e-01,8.003246106479933175e-01,7.665281677846879083e-01,7.708747246258662589e-01,7.805962599433606819e-01,7.550042394185879635e-01,7.722489206927175553e-01,7.154434779352800700e-01,7.332235562189510780e-01,8.113381488250476226e-01,8.951154041336588651e-01,8.552205549963790565e-01,9.774235252067555724e-01,9.960507859259480901e-01,9.999885838255656578e-01,9.974740808584990903e-01,9.952517193366788861e-01,9.878262257198369145e-01,9.836230342593806908e-01,9.752753466058950993e-01,7.971131349808001643e-01,8.134124867635554867e-01,7.934613967764736486e-01,8.085295295701382390e-01,8.482247372105087280e-01,7.959944230691723410e-01,7.934656188909120500e-01,7.815187655087256768e-01,7.869919604170854122e-01,7.737360596281175340e-01,8.342929090439915596e-01,7.689110000403834855e-01,7.430393574299657411e-01,7.187895150538464728e-01,7.920400109457298443e-01,7.671266543518601155e-01,7.932541348480378618e-01
8.153901668231655631e-01,7.999166339590089159e-01,7.762964289028839726e-01,7.974781125837683282e-01,8.001907613285818011e-01,8.124164532094898528e-01,8.168561283251544181e-01,7.470112784669907802e-01,7.594529778933992725e-01,7.566748777623681921e-01,7.385790615609806320e-01,7.316971950892077192e-01,7.471122762780048054e-01,8.405612304040853688e-01,8.892334701625383975e-01,8.891298165512104834e-01,9.528129235373395955e-01,9.937162243982118337e-01,9.992721030669274862e-01,9.992688727791761982e-01,9.955701996194099568e-01,9.941349846197756746e-01,9.870109813894286654e-01,9.794079443285791386e-01,8.160926677724095191e-01,8.933459638079755960e-01,8.578264867653521142e-01,8.294047784636828791e-01,7.750365729310196850e-01,8.012538261783268556e-01,8.126279731606234069e-01,7.386260394754966541e-01,7.318673097789575310e-01,7.755161915105686088e-01,7.867161931885917614e-01,7.310563755193579816e-01,6.956748691155950626e-01,7.944097069351755414e-01,7.367863416376958519e-01,8.204796142596841868e-01
8.068382565930602990e-01,8.120785164717427840e-01,8.061681286480646413e-01,8.352295503328759363e-01,7.671205667379871196e-01,7.956643746420029029e-01,7.916160278782671256e-01,8.140124989756307716e-01,7.744613760122237567e-01,7.331341652802951803e-01,7.541935764826099842e-01,7.620046272058910164e-01,6.958133865982313315e-01,7.816605796898483671e-01,7.858451220183795272e-01,8.538462694720289070e-01,8.982489324520019913e-01,8.900919567599722138e-01,9.833648197319002637e-01,9.979536828474926402e-01,9.998419304255279361e-01,9.977026935603692248e-01,9.959576334223356753e-01,9.914958522349474057e-01,9.839234768209140780e-01,9.525335907957166448e-01,8.804960847699788706e-01,8.849796710820434509e-01,8.392477586267829137e-01,8.179909334628673312e-01,7.995109737733726574e-01,8.372133168352269283e-01,7.483963147484153922e-01,7.459585607119677553e-01,8.114683509409696960e-01,7.292652674479899177e-01,7.418265272077914085e-01,7.641244110377224397e-01,7.530141745527592079e-01,7.434321015930220877e-01
8.159082230033551930e-01,8.047836142484602329e-01,8.153654973704353992e-01,7.999903010637696710e-01,8.141696969350593616e-01,7.925855495088809377e-01,8.045601208585611008e-01,7.780626887434551886e-01,7.518719175733646898e-01,8.060211858805403917e-01,7.668417448727262720e-01,7.531413646623085212e-01,7.510590694231077391e-01,7.089290771474767716e-01,8.020719247566524546e-01,8.002402919559572503e-01,8.545771276579753328e-01,8.538959399972448905e-01,7.838347413618197423e-01,9.763747939613316440e-01,9.959253458176023921e-01,9.996535877416177218e-01,9.990983373738396844e-01,9.968087529819673609e-01,9.944361527738938555e-01,9.885857803654060083e-01,9.851177797522091550e-01,9.344534371938699735e-01,8.755487533679662260e-01,8.902364634489422501e-01,8.003996427672861458e-01,8.138878085674113860e-01,8.209831052661135109e-01,7.538409373014453019e-01,7.668186566915025093e-01,7.667511168796020682e-01,7.442723594835581880e-01,7.925366357311298682e-01,7.987510118898957234e-01,7.242222334627780311e-01
8.161390344451548984e-01,8.136768621589545170e-01,8.098114731396198751e-01,7.981564825539022578e-01,8.098130870917393809e-01,8.138407981423294579e-01,8.226582766963099758e-01,7.874867888246619430e-01,8.431132721163993038e-01,7.721924365968709791e-01,7.779781446000887390e-01,7.341173796146646113e-01,7.651372514021953508e-01,7.751397970631632717e-01,7.755949489411956277e-01,8.083899354184526098e-01,7.831141265370596960e-01,8.267446809282831266e-01,8.576435682485074041e-01,8.214125599156248958e-01,9.771134260658468351e-01,9.940768902947563213e-01,9.988479158928402768e-01,9.998634253850176012e-01,9.987934416986327113e-01,9.961777675531907628e-01,9.907143819779837823e-01,9.850795573032797847e-01,9.851185385982533793e-01,9.788149174188172097e-01,7.785330799067581298e-01,8.458049687848367970e-01,7.986272637335883884e-01,7.746169995973835043e-01,7.575646436803684658e-01,7.971612796513239951e-01,8.030910815931295854e-01,7.706125885348895643e-01,7.714699203518373682e-01,6.746068725378175923e-01
8.163153419788301557e-01,7.919230323697182827e-01,8.099420253883684584e-01,8.185984209112474597e-01,8.109234257064439344e-01,8.183669535036037779e-01,8.083811282875770221e-01,7.916878348609216465e-01,8.125837394846802120e-01,8.205821729709321666e-01,7.673195695472974087e-01,7.422180765298599381e-01,7.403962519195090852e-01,7.536843307213942911e-01,7.646354643997916867e-01,7.741867015513265171e-01,7.805575758431582134e-01,8.781204551273731340e-01,7.916245693042031073e-01,7.526367197158905231e-01,8.598726351697969505e-01,9.509960549551235154e-01,9.894812719876260321e-01,9.979129293310851079e-01,9.999515468583656252e-01,9.992417917868527955e-01,9.965367638198372457e-01,9.954130141956138988e-01,9.895613648385991334e-01,9.869548369138952948e-01,9.808719606834668259e-01,9.761291356463537294e-01,8.634487426493572260e-01,8.992450640172834353e-01,7.939817858291310371e-01,7.510206052547514499e-01,8.149166137513692565e-01,7.904623030048159027e-01,7.468116412490023448e-01,7.695249167481124086e-01
8.164637800175417182e-01,8.131209462101666174e-01,8.195273551112950416e-01,8.184389863225689510e-01,8.295252797725174432e-01,8.106329317693364844e-01,8.086108474014914727e-01,7.967824704607406883e-01,7.957863912948487384e-01,7.432516627833675171e-01,8.011621832842052982e-01,7.680619651305148343e-01,7.503287011019265096e-01,7.486116301717129495e-01,7.875824280246194187e-01,8.214843386396529779e-01,8.002019512814265711e-01,7.661956962919848069e-01,8.292383155353336699e-01,8.196683395513555404e-01,8.325761150714160452e-01,9.020428278542764744e-01,9.445685708009274872e-01,9.887718408982961726e-01,9.963190609364832584e-01,9.994728281168384632e-01,9.995682209010749997e-01,9.985472628117947336e-01,9.958999969468098623e-01,9.914645119022678088e-01,9.895584253308703504e-01,9.860654913965433144e-01,9.525736322864889472e-01,9.738149798033405302e-01,8.322242958521420819e-01,7.955119007497069017e-01,8.442835532606174365e-01,8.353632058315231257e-01,8.085619763192344323e-01,6.765969472510868776e-01
8.093827890904888855e-01,7.744381353111581268e-01,8.175065634068995335e-01,8.138168671680208188e-01,8.085904921547421020e-01,7.932600718703369802e-01,8.082972734188891284e-01,8.317586457022310142e-01,8.263716815815457251e-01,8.409286701667042507e-01,7.634419203674485122e-01,7.967062895205422324e-01,7.942603459533214005e-01,7.346733958549936938e-01,7.606712539306846876e-01,6.963874357674673110e-01,7.913189222896048758e-01,7.920589330934577621e-01,7.914680842205418232e-01,7.832349910954208294e-01,8.870579204777994109e-01,8.588970670003693852e-01,8.192931695888908683e-01,9.154802455359655200e-01,9.766746235553628308e-01,9.939010492557711629e-01,9.988448220377007525e-01,9.999403910996773615e-01,9.990152701360960341e-01,9.970211143275893306e-01,9.946918960464236070e-01,9.924941883348170624e-01,9.874812384856617165e-01,9.845967649720507309e-01,9.165515628925416936e-01,8.847045362060915741e-01,8.962512227942026621e-01,8.797190918785114944e-01,7.917404517750199489e-01,8.232864736891427615e-01
8.158968207591509314e-01,8.117053772112829968e-01,8.147998343825688661e-01,8.051564471679187873e-01,8.063350447793640186e-01,8.132376717070221028e-01,8.083112788608529664e-01,8.054785848267471682e-01,7.257798404742776821e-01,8.190822770581824841e-01,7.332409922614909759e-01,7.915534347155256389e-01,7.537168649875015669e-01,7.914751412205193182e-01,7.430053934890810119e-01,8.263644061547267272e-01,8.088898912069935054e-01,7.557004987040415456e-01,7.020477122857082808e-01,8.261140830022137838e-01,7.785784901803018965e-01,8.076542550174174995e-01,8.452673398370726954e-01,8.710132563974237740e-01,7.370238622142757379e-01,9.687621432605665328e-01,9.935764220244903688e-01,9.978683107034143074e-01,9.998239051174341308e-01,9.996087628697037930e-01,9.983427109564032564e-01,9.959900300674022766e-01,9.925476513703381798e-01,9.894442267762652010e-01,9.842797539453017608e-01,9.824187339910974703e-01,9.293900560315186965e-01,9.264512644746309977e-01,8.602375230178743726e-01,8.803603987533566988e-01
8.165207319437304267e-01,8.174239318623961470e-01,8.178905492151907763e-01,8.183123353974464109e-01,8.085408464196572886e-01,7.741718162029067596e-01,8.200793792821847727e-01,8.160688057437396337e-01,8.051717125113964091e-01,7.384023580451780644e-01,7.665443828040627849e-01,7.787944737706783416e-01,7.920264699231711614e-01,7.940446006532684287e-01,7.344057121469270699e-01,7.430181631242244178e-01,7.514410259554827887e-01,8.028909849231116169e-01,7.928953564031160361e-01,7.190405153096880442e-01,7.873704076941221430e-01,8.259230864467632660e-01,8.680174833731698625e-01,8.260743942036752330e-01,9.283381935132086760e-01,7.256931808741073908e-01,9.639639158525614704e-01,9.872156956414749329e-01,9.970297644664757319e-01,9.991894295110905766e-01,9.998998614042127198e-01,9.990155102419794320e-01,9.969304142592788631e-01,9.954179143095680526e-01,9.927318424553680520e-01,9.884132253328258289e-01,9.855610940895302985e-01,9.817071210178104357e-01,9.794889773930953725e-01,8.340514307860584786e-01
8.161529257275681459e-01,8.130964793101949084e-01,8.125403624276907877e-01,8.105254819559398749e-01,8.211526274363946110e-01,8.027722518342543800e-01,8.132828110977528002e-01,8.130704689495249493e-01,7.786415775835013875e-01,7.221641008227202008e-01,7.866434783180199508e-01,8.077262110385223792e-01,7.834286120541527065e-01,8.294260878327864850e-01,7.592942665905234589e-01,7.725662931522644383e-01,6.711763828038154189e-01,7.583870724268848562e-01,7.728227974081396390e-01,7.087387522929260442e-01,7.340890290894624970e-01,8.206254977391386207e-01,8.221998432842259064e-01,8.624021190947934734e-01,8.622857529493583861e-01,8.989005992000492773e-01,8.256023483397567642e-01,9.450949179176080239e-01,9.856200959014302931e-01,9.937156833356445285e-01,9.982626267163940970e-01,9.999013496865727380e-01,9.993156170459313037e-01,9.978464382859180137e-01,9.959645584280769626e-01,9.927787948434992904e-01,9.917059760044975025e-01,9.874805283670402556e-01,9.846343992697612624e-01,9.831434885412436708e-01
8.131492211448697605e-01,8.169415993856995462e-01,8.172918597123663975e-01,8.151417136792699081e-01,8.236556217848792771e-01,8.033882976598627490e-01,8.093728962307362718e-01,8.170243180360912127e-01,8.363086923351960023e-01,7.743028118026574758e-01,8.200835326542564863e-01,6.977482571206043982e-01,8.104451381369504048e-01,7.680175926368740802e-01,7.903762993559249050e-01,8.076314570633081891e-01,7.391526024543413342e-01,8.196069713046475469e-01,8.075203345932437937e-01,6.980145250810109170e-01,7.888524349697857430e-01,8.011727681235830678e-01,8.294000977336769553e-01,8.182112404821907381e-01,8.157236139951843379e-01,8.496409930465658178e-01,8.195929229829713725e-01,8.383425267477743192e-01,9.088073759795269879e-01,9.836171652330139015e-01,9.936081477954615826e-01,9.967209968908727902e-01,9.995604742406527521e-01,9.997091925841810056e-01,9.991029408945932833e-01,9.980095037697040983e-01,9.955030556853080581e-01,9.921558129957781524e-01,9.901501784110887661e-01,9.851070306442213376e-01
8.163950603544450901e-01,8.143048366328717869e-01,8.140529128903505329e-01,8.117540021768258063e-01,8.131147330365727788e-01,8.137222352467233799e-01,8.095609826450410607e-01,7.851117461356179605e-01,7.902027026231553952e-01,7.990641003027579847e-01,8.134530017603242014e-01,7.984837387843793932e-01,8.139408067912534683e-01,7.854582514608897670e-01,7.835344729011842757e-01,7.705384382095674667e-01,7.384306126741159160e-01,7.847167944807172946e-01,7.427349118338414380e-01,7.881725004175671456e-01,7.461850565295723436e-01,7.549391324734023856e-01,8.083791087084643001e-01,8.404446628978883282e-01,8.162443245309745077e-01,8.545345257787027027e-01,8.551689758492866389e-01,8.659997424644313435e-01,8.835577592431232974e-01,8.851778323565543394e-01,9.786395551532427461e-01,9.906696108676730228e-01,9.957137979416715856e-01,9.990060729486756053e-01,9.999970719018579368e-01,9.994659894812809586e-01,9.980228641370721965e-01,9.965671746599126246e-01,9.954054492186547032e-01,9.909168178446465802e-01
8.155792082099995177e-01,8.165444032803917951e-01,8.140945466777615991e-01,8.137887897053428521e-01,7.969006350831286944e-01,8.006048027835322989e-01,7.606980804412706298e-01,7.633769147563642665e-01,8.038643111762743265e-01,7.903141139803836479e-01,7.732835802273414494e-01,7.849345143071898567e-01,7.809902435631475015e-01,8.274632142553567382e-01,8.053303793172752467e-01,7.438421785289514032e-01,8.089718290018511615e-01,7.378686405902583623e-01,7.830197337590678597e-01,6.950000617988976170e-01,7.869706808837976242e-01,8.215905954585110971e-01,7.148174567896528053e-01,7.818816243941522082e-01,8.031259235610280767e-01,8.056644040563806231e-01,8.813397267671453372e-01,8.656841454885545462e-01,8.550534493490461463e-01,9.209941264712906417e-01,7.539069531597639706e-01,9.501387823745948147e-01,9.896221197989140128e-01,9.945201003514563265e-01,9.979702993125619814e-01,9.998126238356244144e-01,9.997405546327390313e-01,9.988759085826810491e-01,9.972157007314823574e-01,9.955228122791932588e-01
8.157341938851915275e-01,8.174982161179374929e-01,8.173383028118591520e-01,8.154465693238240886e-01,8.164784124338742011e-01,7.593740274851445982e-01,8.218584241894134612e-01,7.843160803596153086e-01,8.008692285073114592e-01,7.903760194538125283e-01,8.032555158918305294e-01,8.004609086907595872e-01,8.177959724150350995e-01,7.201048048867813023e-01,7.956263473683754528e-01,8.015208989789482930e-01,8.083826558421317587e-01,7.813640823864846929e-01,8.006621922577887851e-01,7.689700470195578452e-01,7.447185781930599768e-01,7.782468158661570712e-01,7.987546303348819210e-01,7.385685913343602582e-01,7.876843034751398465e-01,8.172902381364112179e-01,8.422627649193308308e-01,8.262287363111044947e-01,8.184075846799019338e-01,8.334198646274509903e-01,9.059033796832888230e-01,4.707399196517315088e-01,9.474636798902429380e-01,9.777078003370752723e-01,9.944679524137054472e-01,9.980959521506231891e-01,9.993778918657817423e-01,9.999098815977901511e-01,9.988963519409040925e-01,9.975886242430371809e-01
8.160490711343976189e-01,8.168201442411145985e-01,8.175769023977559335e-01,8.144073185176470275e-01,8.043651790742857299e-01,8.011320975481568407e-01,8.187825943330772072e-01,7.574273988908163391e-01,8.089988688855214161e-01,8.032317440793678154e-01,7.916080651447190419e-01,8.297204095282536551e-01,7.703175049633007587e-01,8.166946854333834160e-01,7.528329819548464918e-01,7.903369031116055377e-01,7.685374912255322766e-01,7.492653693235888923e-01,7.941398553582648123e-01,7.897008561148021188e-01,7.740776574869384641e-01,7.498781155268368082e-01,8.052453829966667032e-01,7.949770414517842720e-01,7.930435735899845628e-01,7.597555759635749029e-01,8.172590606421801240e-01,8.277148504101272675e-01,8.581432743178979416e-01,7.628030842805565426e-01,8.665313552391229468e-01,8.664969307540640875e-01,8.022597766561149202e-01,9.200040126711968025e-01,9.816391160171809016e-01,9.924681529914299860e-01,9.955377072458198029e-01,9.990183458503967273e-01,9.998911145910522880e-01,9.994389305155264580e-01
8.159861584088426989e-01,8.153208121389398100e-01,8.154643274540446241e-01,8.105400313096112752e-01,8.151726614807239812e-01,8.132061878397782717e-01,8.205244668361071358e-01,7.783119921108166972e-01,8.177487518400945454e-01,8.222545907367866391e-01,8.132310199369904291e-01,8.070821367445450978e-01,8.154570328154330250e-01,8.077419393243312484e-01,7.211689550364508428e-01,7.424728946495406934e-01,7.881225370334126179e-01,7.556243560356342703e-01,7.615759701897533152e-01,7.581342986429274733e-01,7.429254577571435814e-01,7.583038097152569046e-01,7.022798988827780864e-01,7.954123618158271958e-01,7.955159749791906876e-01,8.113034145212598691e-01,7.430222547413518619e-01,8.730259365414791972e-01,8.005697761758477915e-01,8.632202073525945263e-01,8.238859069845703154e-01,7.965050425422069980e-01,8.778688688856857159e-01,7.872791274062492795e-01,9.096021395619345862e-01,9.742667076376591018e-01,9.889733546476637827e-01,9.936943557039324970e-01,9.983238442799521328e-01,9.996242905513569310e-01
8.160173259454920336e-01,8.173740782552284534e-01,8.115799461185985164e-01,8.191452217789663148e-01,8.113059514223147639e-01,8.073145805717423240e-01,8.081359326068898730e-01,8.020843270702188166e-01,7.910794996791937761e-01,7.977087488844641916e-01,8.177893815395218535e-01,8.096503425991288250e-01,7.787716484797623240e-01,7.875499562153414068e-01,7.824117608099594445e-01,7.725306955587429858e-01,8.014816893513201368e-01,7.308770170589481419e-01,7.663925870691773445e-01,8.035857023679888744e-01,7.597085154661609163e-01,8.153183966472782318e-01,8.349606232004604944e-01,7.430934658407483129e-01,7.462580380639701749e-01,8.188913112293245700e-01,8.111848985883034491e-01,7.633089420365444244e-01,8.116186092756166870e-01,7.367433308506836642e-01,8.539463800207474087e-01,8.952721324519429258e-01,8.878815367582404416e-01,8.842756995064231518e-01,8.909754568016625687e-01,8.801915787729998053e-01,9.674194001857421288e-01,9.853391797144929187e-01,9.946185003499401489e-01,9.969709628901928244e-01
8.162866251165546982e-01,8.145137312112072925e-01,8.111702293268772124e-01,8.141143012145457547e-01,8.248606450007889279e-01,8.071617497164387256e-01,8.155036401141453339e-01,7.916255636560786124e-01,8.185875414703455144e-01,8.001667167272885628e-01,8.198405504842261049e-01,8.073307998532945895e-01,8.082958525818253470e-01,7.941734536425448798e-01,8.080978679507028195e-01,7.018839621188999178e-01,7.257452266494065496e-01,7.478028427970933034e-01,7.263163100487474155e-01,7.691305636678886781e-01,7.658256540111730848e-01,7.850382573579290924e-01,7.811836460504874013e-01,7.778475646692907253e-01,7.760099443483027271e-01,7.909057292660145455e-01,7.782890695818927007e-01,7.598219149374467740e-01,8.426811837531916760e-01,7.824596954607503374e-01,8.189659654032450664e-01,9.089743007037737188e-01,8.278786607046075829e-01,8.841612472756391616e-01,8.149460984727957547e-01,8.770343704019478714e-01,7.424586867655361688e-01,9.595939311591055176e-01,9.821492995585656693e-01,9.936025377676084291e-01
7.770566534577980633e-01,8.157723089433505104e-01,8.163446782348368069e-01,8.071197408671370033e-01,8.057102225235642790e-01,8.200370596942151424e-01,8.173783592259908914e-01,7.919854905094482200e-01,8.292360393346921432e-01,8.263419897628809796e-01,7.566294596874290068e-01,8.062985640409735533e-01,8.031749568074183498e-01,7.827835051753054829e-01,7.675331254532400393e-01,7.726039090827740985e-01,7.259060855876823259e-01,7.931485780005832487e-01,7.983077609866804369e-01,7.468499010604631172e-01,7.845666196040733675e-01,7.394178671151436788e-01,7.886449551182698192e-01,7.529284584101014755e-01,7.269923027823281814e-01,7.535889381519976782e-01,7.441191149290494744e-01,7.780901735027423438e-01,8.182263634680811970e-01,7.537637952353873905e-01,7.658755620038268930e-01,7.467261662993296412e-01,8.438550363809372845e-01,8.371400369769605998e-01,8.432011166125413792e-01,8.569867530745961526e-01,9.014415979438664683e-01,4.510279182008964383e-01,9.350158314371141977e-01,9.770154256487509903e-01
8.161684203416013084e-01,7.700569563861351385e-01,8.129874743080280908e-01,8.173015864040915623e-01,7.850157817399401328e-01,8.153808981700662040e-01,8.112229134144220977e-01,8.180560026194501066e-01,8.005634476181964221e-01,8.099767069307030054e-01,8.111964939872947644e-01,7.870480732036497784e-01,8.029846594263559956e-01,7.778564953936996096e-01,7.984225671346396602e-01,6.872534366177655007e-01,8.340817253423624678e-01,8.041385057565657579e-01,7.782148274700538826e-01,7.181019399299751749e-01,7.444000504341132807e-01,7.977430238044592725e-01,7.624421470366622433e-01,7.378037507651794558e-01,7.353874178092080216e-01,7.901371394523475367e-01,7.860783187067783562e-01,7.704113783883081990e-01,7.030779336376329347e-01,8.047012709288610122e-01,8.209175050629828885e-01,8.314417914864640213e-01,7.620182393624421735e-01,8.227598322268542264e-01,8.073323739683190281e-01,9.095652328946444154e-01,8.605682517562893707e-01,9.075342658647256311e-01,7.990053773558013495e-01,9.247567232967078832e-01
8.157721608479984177e-01,8.170751710053670847e-01,8.166914663962075993e-01,8.030803298182827010e-01,7.458126130536097964e-01,8.198600990895508200e-01,7.984202402549517297e-01,7.827205792129346973e-01,8.122300848262136164e-01,7.599960093884913226e-01,8.114562189349429078e-01,7.729159877498744669e-01,8.036547424402288309e-01,7.694410319268172316e-01,7.587498622147768046e-01,7.695012335033695194e-01,7.868241033582744626e-01,7.399287703592020149e-01,8.142065319465756623e-01,7.967646584357307438e-01,7.743354252405244553e-01,7.896335586181800759e-01,6.963479677523148892e-01,7.465951578760320340e-01,7.231610555405064700e-01,7.598944349763945283e-01,7.338343807623122217e-01,7.523476515066331860e-01,7.723624570845587511e-01,7.269894339572315900e-01,8.021621877642353127e-01,7.630420992095381383e-01,7.009863267161164924e-01,8.156035672237924583e-01,8.194756486406663543e-01,8.697521668357680591e-01,8.847508718309051723e-01,8.815839235679107100e-01,9.312859967028633834e-01,8.225307640513505048e-01
8.162269095560835686e-01,8.124693001746424725e-01,8.121162643456870667e-01,8.162927288327327391e-01,8.125169770561830873e-01,8.159493064676591745e-01,8.138421247283904592e-01,7.886318871680522147e-01,7.879910423274977260e-01,7.961260876249466323e-01,8.089084785852153070e-01,7.812553857135200452e-01,8.168499043963510786e-01,8.039210807242238577e-01,7.609092958744049229e-01,7.984874690883164705e-01,7.696435787982905952e-01,7.327031616058897745e-01,8.140425499828811695e-01,7.722466200049948881e-01,7.743747518592652979e-01,7.644549613010130917e-01,8.133835338752151145e-01,7.657973962464921236e-01,7.398951970476612683e-01,7.736039216082359893e-01,7.113433601035064058e-01,7.765289321386478205e-01,7.627808176949116836e-01,7.490768453418398254e-01,7.167758218287056948e-01,8.115275302324749251e-01,8.163325536539314253e-01,8.154520468222208329e-01,8.000580424763537035e-01,8.087009994336881169e-01,8.328199280624319911e-01,8.222887318417064773e-01,8.201242932769082783e-01,7.535549758922106545e-01
7.961007257445582574e-01,8.140165616902413914e-01,8.173731121996096194e-01,8.080217352607856895e-01,8.242078014642556516e-01,8.155937879614592045e-01,8.050241604925428840e-01,8.195395451751170679e-01,7.980318796001576453e-01,7.993372528537221466e-01,8.121694098775779080e-01,7.795548725709582349e-01,8.110629298682427990e-01,7.963753212659697711e-01,7.982147278705102877e-01,8.187294880145831177e-01,8.001622116115915118e-01,7.714355252165912002e-01,7.823177933183038668e-01,7.561504680846862225e-01,7.632782378939730883e-01,7.723588561610962300e-01,7.621450743152169416e-01,7.904681068871544092e-01,8.049361099821229493e-01,7.095934688141013469e-01,7.990941951382058983e-01,7.601002452779842544e-01,7.544106879419496536e-01,7.316233979970407919e-01,8.183603426673953241e-01,7.260780082074114183e-01,7.589419593214784543e-01,7.781535427212741274e-01,7.942635938858890743e-01,7.946807828915324334e-01,8.546517583481781921e-01,8.364351266146455854e-01,8.636553732586865761e-01,8.963966709721907788e-01
7.957291584214029045e-01,8.152114233822885803e-01,8.180779697605570222e-01,8.171747440745411595e-01,8.189061267077395456e-01,8.121747034512449837e-01,8.182007139075190283e-01,8.216541110242130408e-01,7.867802852490339838e-01,8.148835352727207271e-01,7.794226618065711598e-01,8.058882451096851529e-01,8.268717794571129875e-01,8.203809594871759314e-01,8.080447305174054407e-01,7.728035735112204208e-01,8.059021864484052777e-01,8.009958684184685929e-01,7.831411052500234504e-01,7.798979792055972249e-01,7.811377043408965770e-01,7.248657559590558908e-01,7.960667989268984668e-01,7.294815073521082605e-01,8.131419894167531970e-01,7.754671741696949061e-01,7.583335570591602792e-01,7.774401247855912134e-01,7.750360555708585286e-01,7.510627350240633993e-01,6.981321736669607869e-01,7.560007087250514290e-01,8.072869020795715445e-01,7.146214649388016316e-01,7.930500091116116090e-01,8.039294348191451389e-01,8.112638282556435820e-01,8.409013332056519685e-01,8.132969073881396449e-01,8.458548941805420496e-01
8.160677181796432977e-01,8.151772597960763589e-01,8.174565710721126699e-01,8.147172186924550585e-01,8.205952758516417145e-01,8.116024540869094528e-01,8.206033554826341891e-01,8.172466340486650438e-01,8.003218934443763199e-01,7.962957379300412697e-01,8.014711869963326851e-01,8.055640860991978291e-01,7.965697473433822617e-01,8.105761655705439050e-01,7.951204140004488607e-01,8.032479637595553168e-01,7.859310156581404971e-01,7.546854137687736275e-01,7.565101384206858182e-01,8.064093555618742082e-01,7.602920402082689044e-01,7.921716254110154898e-01,7.930787544479297457e-01,7.277400689097829334e-01,7.712171983377699158e-01,7.694725908570705375e-01,7.792592157860332991e-01,7.616454096441666044e-01,7.130611215500490818e-01,6.647304625923571297e-01,8.067044149961378752e-01,6.963902797596089878e-01,8.157121007132224211e-01,7.828499472507591816e-01,7.593718562222468993e-01,7.266213414447183494e-01,8.461996604257310262e-01,8.184798569065060425e-01,8.300441477436741877e-01,8.386308092938725700e-01
7.883283071133609932e-01,8.162605234460104109e-01,8.133864168458287969e-01,8.148495768680653617e-01,8.087799748626435248e-01,8.213664395440979371e-01,7.818500741071083837e-01,7.981333208347662911e-01,8.071051299038414228e-01,7.982444821640871657e-01,8.064922804925178657e-01,8.149551119922985309e-01,8.147409708334222289e-01,7.678220451349123676e-01,7.963588921848337998e-01,7.477765667622688905e-01,8.208834078699716041e-01,7.878155984462437145e-01,8.253843002671225060e-01,7.408188254846269638e-01,7.428145323913140086e-01,7.945770409537574741e-01,7.839161251127940711e-01,7.978088642490666071e-01,7.207379460489946599e-01,7.524789885372286102e-01,7.923118108659901182e-01,7.122441203633549378e-01,7.969473182568505010e-01,7.524790343499095924e-01,7.904185444111095915e-01,8.396750367335231724e-01,7.450543481608653540e-01,7.945253514048907784e-01,7.043605725244767024e-01,8.184923079973028814e-01,7.608564511607300851e-01,7.554390587161441406e-01,7.791318953486964238e-01,8.716917106710390106e-01
7.799769541097090197e-01,7.828631578625391274e-01,7.830584701192646602e-01,8.155628253534137340e-01,8.098499298508529121e-01,8.074143351352204290e-01,8.012466101732091950e-01,8.157005638253097546e-01,8.177867856634387644e-01,7.972574169343127348e-01,8.014541514935887845e-01,7.755867148762424224e-01,8.063878278579187375e-01,8.062830978516555280e-01,7.759899741067336487e-01,7.974564809069444316e-01,7.776926160682587907e-01,7.985288157504861761e-01,7.840302118110941132e-01,7.915206159935483932e-01,7.722829889912931067e-01,7.966701385612399156e-01,7.848043117815235448e-01,8.264325302910728865e-01,7.565730487865340859e-01,7.805977161215436055e-01,7.652635577929656208e-01,7.302128851837730306e-01,7.736308462750909332e-01,7.349283263340081751e-01,7.590826075957405328e-01,7.776607240584328951e-01,7.757463122864620697e-01,7.239827352695965557e-01,7.873434415941065190e-01,7.357716849597478737e-01,7.660737200366143362e-01,8.543352038828128103e-01,8.020968827593725203e-01,8.368057530700920843e-01
