-6.934861782252031981e-01,-9.188281908045897728e-01,-7.803825290603965126e-01,-5.181385128391391426e-01,-3.712182032882280214e-01,-6.382596788389480746e-01,-5.094525286605732228e-01,-6.164827909021616259e-01,-6.285116214488046804e-01,-7.062847045357377729e-01,-6.497964656066513855e-01,-6.859953398981254447e-01,-6.076988538501054693e-01,-6.655729667429728380e-01,-7.488342717798358583e-01,-7.218989182870350074e-01,-6.525270260906302910e-01,-6.511710122803336942e-01,-5.944030651333213067e-01,-6.083584832624847616e-01,-6.104448386341766453e-01,-6.278415800146390779e-01,-5.358538909886597645e-01,-6.260553366660261965e-01,-6.049223470114832857e-01,-5.298196534268383440e-01,-5.707789622354596526e-01,-7.162410837755796011e-01,-5.876289721332887961e-01,-5.195426073947367884e-01,-6.085512334731766337e-01,-5.671402307104244089e-01,-6.161691761119750810e-01,-6.370279984041237187e-01,-5.376369790303993090e-01,-5.256640132001559884e-01,-5.562433954067679265e-01,-6.045245881562023582e-01,-4.630382220260507720e-01,-5.522087498683840856e-01
-8.057084264713101351e-01,-6.289658887359336203e-01,-8.193313202737996237e-01,-7.799555940368017026e-01,-8.151627143858473090e-01,-8.346913493727995403e-01,-8.510987216009847645e-01,-9.142587259526211430e-01,-9.264201140503958154e-01,-9.335933308894321936e-01,-9.136435408596248475e-01,-9.124592763255562344e-01,-9.073850446763328526e-01,-9.310379857323373143e-01,-8.693770647479490687e-01,-8.279727990660020742e-01,-8.164502385285444808e-01,-8.063595966459090603e-01,-6.465088423420429775e-01,-6.511827550439288625e-01,-5.973092748190957924e-01,-4.606100896199220585e-01,-4.407017531942696853e-01,-5.487977156590030381e-01,-5.620752210781123637e-01,-6.456408371704716043e-01,-4.720230508887798826e-01,-5.509559373897693346e-01,-3.227949594987407078e-01,-1.510422891236230247e-01,-4.730809373276898544e-01,-2.343702145499607925e-01,-1.226109398555423613e-01,-3.594615787517662087e-01,-5.737409766431575964e-01,-4.096026352804367221e-01,-3.073248261317669816e-01,-4.239646126821235983e-01,-4.655948781811520276e-01,-4.139141204601928248e-01
-8.080302411223023729e-01,-7.965575382861777021e-01,-7.128364587718925005e-01,-8.229464408358583283e-01,-7.471818505348222228e-01,-7.756902022115482742e-01,-7.741032176989116609e-01,-8.502031299094408023e-01,-8.133072348127908802e-01,-8.083280478384102796e-01,-8.472876524286984123e-01,-8.593333310609032605e-01,-8.153736189222346997e-01,-9.039157814272800184e-01,-9.286155637556275932e-01,-9.038420302790256544e-01,-8.890995826476643105e-01,-9.153391729927160547e-01,-9.375878483450442724e-01,-9.210769907432356796e-01,-8.888401300405572858e-01,-8.962962687611777390e-01,-8.959773089382854216e-01,-8.838392086930377811e-01,-8.783561873067469161e-01,-9.193712763852542880e-01,-9.197233976897218888e-01,-8.530922533249942763e-01,-8.413286434458503438e-01,-7.500218174354278400e-01,-8.928583785854574684e-01,-7.200656241374403521e-01,-7.685689365513748150e-01,-7.547237784465128385e-01,-9.225384437850812080e-01,-7.473098583278393603e-01,-7.932475999450786519e-01,-5.973435672602496194e-01,-5.767977111155089265e-01,-5.260224133884966458e-01
-8.208602538479774502e-01,-7.147157483123577348e-01,-6.360019576901351224e-01,-5.622459865561908465e-01,-7.801970399549847945e-01,-8.343423589847991373e-01,-6.558502737880863576e-01,-7.325659285171719493e-01,-8.137304686284851929e-01,-7.060757381514181086e-01,-8.018725967696529455e-01,-7.790898432266394336e-01,-7.788650667566099361e-01,-8.368737275996888103e-01,-7.978317506981319474e-01,-8.067034534846352356e-01,-8.896007576893454338e-01,-8.345838964432888973e-01,-8.748256559598475146e-01,-8.743839848678669480e-01,-9.151167082841611400e-01,-9.057934496552576542e-01,-9.200906930814116702e-01,-9.297714151201686983e-01,-9.205065987603237021e-01,-9.054542060810384374e-01,-9.192166718339922493e-01,-9.251387200686049805e-01,-9.168550189658740690e-01,-8.828443662069439535e-01,-9.334198360871099887e-01,-9.154653171115803012e-01,-9.126855878336578298e-01,-9.100706044273455531e-01,-9.180424177256981677e-01,-9.024983223937785848e-01,-9.068753610714724855e-01,-8.442564014032245545e-01,-8.811451542303028184e-01,-9.274079155585537304e-01
-8.153384937291925372e-01,-7.494387346053873467e-01,-7.501387125743103068e-01,-6.609022116794863733e-01,-7.008539312014426814e-01,-7.858366094677359248e-01,-8.600116041623674379e-01,-7.191146910465395781e-01,-7.368521555194568196e-01,-7.367704875409890608e-01,-8.052060539658992822e-01,-7.829393411272432823e-01,-7.433221859852452429e-01,-7.720825683392044114e-01,-7.556057776769392609e-01,-7.676387795189723029e-01,-7.580484934392383023e-01,-8.074313245765503133e-01,-7.390254258387597419e-01,-7.967464569523673434e-01,-8.537731585260506240e-01,-8.304675653923280221e-01,-9.210556451429270375e-01,-9.054124838968305999e-01,-9.127326990146454877e-01,-9.397815455818130381e-01,-9.119811338895043029e-01,-9.261797228115750125e-01,-9.122973783927795788e-01,-9.108845068238563547e-01,-9.148486094831542736e-01,-9.273160172381752497e-01,-9.391030266464032161e-01,-9.126388441350897773e-01,-9.148188737237283874e-01,-9.044695180381395749e-01,-9.202824006455283534e-01,-9.170964650800988993e-01,-9.187345511533696607e-01,-9.265623924534331923e-01
-8.169016889379261404e-01,-8.225335127721795647e-01,-7.941412483682384060e-01,-7.639356756812225591e-01,-7.127143151251503772e-01,-6.780317242345311746e-01,-7.258974575533314599e-01,-7.756181213741062397e-01,-8.252078969735422431e-01,-7.874651062177977501e-01,-8.012800930287412582e-01,-7.898947187778010415e-01,-7.820978362281005847e-01,-8.087008488827920338e-01,-7.403936225210060451e-01,-7.444352149123134588e-01,-8.432469087639109517e-01,-8.139585409950984562e-01,-7.983834711700648068e-01,-8.217879783002272065e-01,-8.390650763876980056e-01,-8.223941721521256243e-01,-8.165516355097083290e-01,-7.882951671637938862e-01,-8.416136588115230577e-01,-8.597124958776755088e-01,-8.445341533787437127e-01,-9.052947864031811731e-01,-8.735259637212521300e-01,-8.768414054553772541e-01,-8.813883840455661867e-01,-9.180064581403638568e-01,-9.260528903776723553e-01,-9.085063070730472479e-01,-9.242563043150037183e-01,-9.228282762842678899e-01,-9.238920130759508131e-01,-9.289718726837978835e-01,-9.136231063731994340e-01,-9.189549349975911774e-01
-8.144525622246412411e-01,-7.888617100043281427e-01,-7.549077970375417390e-01,-7.686412891511292811e-01,-6.524809747163943241e-01,-6.823431739361619508e-01,-6.438475532006705526e-01,-7.591231490710975693e-01,-6.454625243115894584e-01,-8.068624992773567595e-01,-7.874807945694255462e-01,-6.839902447622105974e-01,-7.058126468695140598e-01,-7.895934023209251196e-01,-7.896766937409150922e-01,-8.482913989374173402e-01,-7.741915097400227097e-01,-8.425384927842872740e-01,-7.965752241891599361e-01,-7.497927139778802763e-01,-7.967168009813885288e-01,-7.579257771547426303e-01,-7.720170252585458748e-01,-8.252279365854031656e-01,-7.705525671223372175e-01,-7.605765943176038268e-01,-8.049532995744527186e-01,-7.880434496800682309e-01,-8.283609331499889317e-01,-8.296964918309335246e-01,-8.331567532284162025e-01,-7.884451129095889632e-01,-8.857692142492668008e-01,-8.776257625690907505e-01,-8.969641430782325786e-01,-9.243685400842577282e-01,-9.276142795143584863e-01,-8.948480446322312210e-01,-9.163601483458456709e-01,-9.352567519788569372e-01
-8.153098614982654535e-01,-8.177208185787793182e-01,-8.074774059064623311e-01,-7.858756766778934866e-01,-6.917543177036272750e-01,-6.459170036067425347e-01,-7.131958818216469487e-01,-6.677835700737594360e-01,-7.054883971872311088e-01,-7.030233144883423213e-01,-7.525967388820052895e-01,-8.366672681644222731e-01,-7.438534018298044170e-01,-7.868963546562064426e-01,-7.799338453452634434e-01,-8.171303873267004025e-01,-7.407605122677158871e-01,-8.088435406893246249e-01,-7.885234829879499419e-01,-7.517821407435121284e-01,-7.615656270985130538e-01,-7.926135066064664558e-01,-8.182319254040762990e-01,-7.293291437473198302e-01,-7.668594509254675895e-01,-8.455114114596776753e-01,-7.981108359899302673e-01,-7.533925996845278750e-01,-7.601840905138548266e-01,-7.415338470024938067e-01,-7.649893413862206559e-01,-7.833146399193851028e-01,-8.088031641196887778e-01,-8.016807426374747969e-01,-8.045902038422898528e-01,-8.361215241390536068e-01,-8.544775739318304364e-01,-8.375848079943341018e-01,-9.139626405498727513e-01,-8.684948024326601956e-01
-8.159935033800509441e-01,-7.821727415155307339e-01,-7.673648228163723051e-01,-8.166518198670187356e-01,-6.716916469503132481e-01,-7.439802555011117979e-01,-6.276956652384438895e-01,-7.383597500615113329e-01,-6.616393324371040441e-01,-6.245009673615775636e-01,-7.364772355851535446e-01,-8.051780950495202038e-01,-8.321780735826276310e-01,-8.496122043163196746e-01,-8.383792969312346965e-01,-6.920853504595551042e-01,-8.347656389697182266e-01,-7.447863817776688711e-01,-7.606336237280540979e-01,-8.529814543075199262e-01,-7.715881626051694919e-01,-7.933514575329135843e-01,-7.734095135773262353e-01,-8.110199380349166765e-01,-7.835954631731628650e-01,-7.705240218031065291e-01,-8.102344117012509894e-01,-7.582313006575405190e-01,-7.933875257681666238e-01,-7.858979112011122981e-01,-8.345384664606374514e-01,-7.999858222252117512e-01,-7.744903385670497409e-01,-8.276767096947613700e-01,-7.720058674670238208e-01,-8.475995436631145186e-01,-8.452856480955365237e-01,-7.720146129514735556e-01,-8.233306654783308920e-01,-8.708084152216304386e-01
-8.158767689844527160e-01,-8.122253824334014771e-01,-7.925148183603707430e-01,-7.787362008167005856e-01,-7.594886683998862686e-01,-7.645368501024766283e-01,-7.501727932597780368e-01,-6.479973425412054455e-01,-6.983072262256924123e-01,-6.936024164796338320e-01,-7.038689620237688072e-01,-5.896591136135881372e-01,-7.867521065340083997e-01,-8.089220559045842140e-01,-7.962575736141592753e-01,-7.693532911845849531e-01,-7.994015845099002870e-01,-7.391767773436825895e-01,-7.658114666662926284e-01,-8.037476134270221673e-01,-7.674597144200225873e-01,-7.760071954633076530e-01,-8.261110724502027658e-01,-8.012008767657086139e-01,-6.845904059284151355e-01,-7.673693024507327598e-01,-7.312517468688625177e-01,-7.505370705908711582e-01,-7.622515188160847721e-01,-7.347761517294625344e-01,-7.263993170397218258e-01,-7.868538892867859014e-01,-8.024808846318928213e-01,-8.311549485878189092e-01,-7.301390648327346078e-01,-8.089511400399487240e-01,-8.114712591927256691e-01,-7.723560094713004531e-01,-7.943437188716622188e-01,-8.274452180557880787e-01
-8.148770425095018810e-01,-8.028964940899800951e-01,-8.145112149408884061e-01,-8.195939930357424297e-01,-7.438103846929414731e-01,-8.250701916426546045e-01,-6.752187239597126078e-01,-6.917443215542800061e-01,-7.193857966228960343e-01,-6.727120450396503193e-01,-7.155751450899161537e-01,-6.878437572481695961e-01,-6.501438788704447802e-01,-7.371584288088119941e-01,-8.132788152747475463e-01,-8.045011608164336359e-01,-8.272943382324646766e-01,-7.709895604486641796e-01,-7.629256438982777722e-01,-8.254168915666736384e-01,-8.461263111657917335e-01,-8.068937084595991793e-01,-8.002660283920248752e-01,-7.548352028779603540e-01,-6.402262588969774848e-01,-7.552032459099398132e-01,-8.200552734889975381e-01,-7.851021682812269198e-01,-8.128723279517751088e-01,-8.456578157488572334e-01,-8.300085951836516651e-01,-7.959760705013850801e-01,-7.158965068038674051e-01,-7.831301037160378620e-01,-7.808946786202953794e-01,-8.040674618060933421e-01,-8.318809855936126763e-01,-8.058174218466825911e-01,-7.170998217446350464e-01,-8.039747872381616256e-01
-8.171291018876135626e-01,-8.066028503417647100e-01,-7.908114522314082517e-01,-7.757884210495361588e-01,-7.221757532797654644e-01,-6.954495252843760911e-01,-7.981774298613791840e-01,-6.664326583333717302e-01,-7.097083634573607691e-01,-6.280359099417558433e-01,-6.395265550264830345e-01,-6.183259126893365654e-01,-7.263744972707077974e-01,-7.163964342527316953e-01,-6.974153473769527656e-01,-8.331088027582204125e-01,-8.408430516728400139e-01,-7.872579555163811138e-01,-8.485957278724235442e-01,-8.303295652445116248e-01,-7.927336262915768428e-01,-7.518532307059849762e-01,-7.779621187479601740e-01,-7.041257700528944508e-01,-7.436394719868545389e-01,-7.996543230677427561e-01,-8.094734006453762065e-01,-7.855080433094911996e-01,-8.108554600458898198e-01,-8.045867625652721733e-01,-8.442035793264099919e-01,-7.812494439777724065e-01,-7.969990526194988822e-01,-8.236946417235153639e-01,-7.564922160113775051e-01,-8.325100537309484405e-01,-8.051670071575899312e-01,-7.663972766889035615e-01,-8.182356045487099161e-01,-8.070432710167495527e-01
-8.152538674886176118e-01,-7.700922484220432684e-01,-8.183724678904406025e-01,-7.809306197860971244e-01,-7.875439238951824628e-01,-8.084508662663767442e-01,-7.502321322332730080e-01,-6.898559937334093339e-01,-7.847892319018793250e-01,-7.215896595732095298e-01,-6.586682022419684257e-01,-7.415106615263160617e-01,-6.810618670631908289e-01,-7.417391523609164761e-01,-5.930182124355939388e-01,-6.799964095273743903e-01,-6.956271804099377620e-01,-7.927409066962032291e-01,-8.405478006603448460e-01,-8.459534043798883074e-01,-8.270916611463903223e-01,-7.311331622529627650e-01,-8.151172827808476073e-01,-8.002722941809100599e-01,-7.495439212771828341e-01,-8.464425041155138052e-01,-7.873979689805564730e-01,-7.633225953495841321e-01,-7.694868280801434590e-01,-7.750859166310103410e-01,-7.434390240915679238e-01,-8.520902649613011359e-01,-7.858880967537141826e-01,-8.369787244346825750e-01,-7.478444258852224857e-01,-8.315994017567515106e-01,-7.903171808618206784e-01,-7.757752675339004700e-01,-7.054608469243531799e-01,-7.606213104975758643e-01
-8.154247420520792655e-01,-8.074380110457117787e-01,-8.134899315049242130e-01,-7.935446879277828769e-01,-7.918730179194637397e-01,-7.659242068535706549e-01,-7.482770836080953059e-01,-7.104103259009152405e-01,-6.838600638127153575e-01,-7.397634289002418262e-01,-6.212764169292768202e-01,-7.079723648817103365e-01,-6.775498786144821262e-01,-6.204379681993498208e-01,-6.931519395584053722e-01,-4.879976825963190379e-01,-7.354608893812224490e-01,-6.216411781028791106e-01,-7.790007131410988661e-01,-8.177070540450237512e-01,-8.026770601683183015e-01,-8.731463064577495992e-01,-7.439674940063558672e-01,-7.623917485271131111e-01,-7.448418048266746139e-01,-7.267057699846731778e-01,-7.622271196224331691e-01,-7.279335303261921242e-01,-7.977325731759775662e-01,-7.750344957778312338e-01,-7.691413503892149395e-01,-8.392886075498299236e-01,-7.492417579797989724e-01,-7.892901093259627743e-01,-7.523372103467939054e-01,-7.459574654162250962e-01,-7.760196011219995249e-01,-7.519482758816113943e-01,-7.275413922086845231e-01,-7.400926318753838773e-01
-8.153148516147534774e-01,-8.087185299503226732e-01,-8.113879870479170364e-01,-7.910154632621958504e-01,-7.755255663648320530e-01,-8.182887953499649036e-01,-7.857823365742168109e-01,-7.290918689397613006e-01,-7.647974287778062097e-01,-6.832351214666866346e-01,-6.571351139611860681e-01,-6.659071117372018511e-01,-5.851650046722209897e-01,-6.163266779949112539e-01,-6.360488638266066364e-01,-6.210823514601421236e-01,-6.618407455474829559e-01,-7.103941081991465012e-01,-7.371658702855712342e-01,-8.591215153860868314e-01,-8.710321704048542557e-01,-7.903908344148309340e-01,-8.594315390297916357e-01,-8.011659434991085238e-01,-7.583526873710254579e-01,-8.499908778827450773e-01,-6.393994462360204079e-01,-7.818357803602451472e-01,-7.857946378071283267e-01,-6.877169348748296551e-01,-7.211863725922925683e-01,-7.388630104502984519e-01,-7.269917151781455367e-01,-7.471016152229744689e-01,-6.034077189948777731e-01,-7.927000486739681495e-01,-7.553811102919881781e-01,-7.786227766762590097e-01,-7.742687612940966080e-01,-7.629755030098989144e-01
-8.160714849260742865e-01,-8.147137782888053126e-01,-8.044891419715182179e-01,-8.143333293540819806e-01,-7.776172849714357849e-01,-7.878839641586644627e-01,-7.499984680354216948e-01,-7.498553245353520857e-01,-7.091935106430119484e-01,-7.180884059950919385e-01,-6.580800663666772632e-01,-6.905764012447120903e-01,-6.318939661967380994e-01,-6.921630094773358888e-01,-7.067574782636711905e-01,-7.087244865563481211e-01,-6.417341044087074842e-01,-7.269341914573635988e-01,-7.174042301940448674e-01,-7.972962179194588161e-01,-6.838213890432618403e-01,-8.366113968730138906e-01,-7.540972231272483617e-01,-8.060415719757486608e-01,-8.239011974575315422e-01,-7.862086869194716554e-01,-7.698491274762341297e-01,-7.820755078621828282e-01,-7.481210935083341118e-01,-7.884577311745197825e-01,-8.033570512457096635e-01,-8.428371247734774974e-01,-8.033921797418449584e-01,-7.387920835889133508e-01,-8.241683500885677027e-01,-7.879548461098555556e-01,-7.801691118144972181e-01,-8.155464382261146117e-01,-8.199558343281270201e-01,-7.863202445011303610e-01
-8.153599240752332777e-01,-8.084549391339274083e-01,-8.049644048233977056e-01,-8.171732077689756180e-01,-7.940856462825642836e-01,-7.915197857569591378e-01,-7.887771789697519687e-01,-7.483276631242333776e-01,-7.838932920464812826e-01,-7.413190035448294912e-01,-7.430679563443872704e-01,-7.243333553274858838e-01,-6.735602790835244491e-01,-7.280006624555434014e-01,-5.957990529208803121e-01,-6.048015596168607733e-01,-6.699174696855223488e-01,-7.264105151736933719e-01,-7.013738489348598781e-01,-6.546457791867849041e-01,-7.653886457747005601e-01,-7.163536043097397110e-01,-7.291259183173931513e-01,-7.579315773319776905e-01,-8.352461558716588463e-01,-8.145632069969224176e-01,-8.059245583721033057e-01,-7.410893906968840650e-01,-7.886722135241275300e-01,-7.829969686647210159e-01,-7.691235941547120980e-01,-6.970781932031592243e-01,-8.007245870485255601e-01,-7.595900219473433745e-01,-7.656630574931948541e-01,-7.074560916148082690e-01,-7.321147225933439806e-01,-7.609292385827699512e-01,-7.914865395701063955e-01,-7.898035727699904696e-01
-8.148413109959024014e-01,-8.164811935281195421e-01,-8.012422148037192660e-01,-7.965448564048592806e-01,-7.823234591776767610e-01,-7.700137269303701792e-01,-7.785222310869742701e-01,-7.613364404870303082e-01,-7.492574556098523519e-01,-7.193419368557674165e-01,-8.143879489243394110e-01,-6.491425902160072869e-01,-6.683288926379873374e-01,-7.351484660012750361e-01,-6.078270852909931632e-01,-6.740653407351400173e-01,-6.492102554566195893e-01,-6.153060722656676917e-01,-6.924404045270617925e-01,-6.920007376113879172e-01,-6.431300807547855047e-01,-7.050859061841278086e-01,-8.222232535473239512e-01,-6.527617731008715785e-01,-8.510170845490686586e-01,-7.862430964727080696e-01,-8.727072169300428284e-01,-8.459988097100911153e-01,-8.373641382707078806e-01,-7.267641496530398149e-01,-7.980339279755453985e-01,-8.331196038072724575e-01,-8.081057921100714969e-01,-8.253510878774560355e-01,-7.540678246380373428e-01,-8.341274484466965067e-01,-7.457349331120893821e-01,-8.370433121413327626e-01,-7.985318014361395544e-01,-6.862824977223268563e-01
-8.156083992553571083e-01,-8.237681218421204488e-01,-8.210442897205475488e-01,-8.112522696829671531e-01,-7.843934409243223937e-01,-8.146848318604623662e-01,-7.912637256526920959e-01,-8.185590659218944243e-01,-7.364181523393515949e-01,-7.869549598530760637e-01,-7.875713247892955904e-01,-7.288194074254759069e-01,-6.613670677908115580e-01,-7.400629687675264190e-01,-6.744533639832828165e-01,-6.611624717566951803e-01,-5.856490991314106109e-01,-7.201835391600178715e-01,-6.454412344133119150e-01,-6.810208610864428858e-01,-6.066652390190760968e-01,-6.379433061206036815e-01,-6.187961813272870870e-01,-7.645305236553904260e-01,-8.232102655907885813e-01,-8.127128098160339986e-01,-8.070153770264734128e-01,-8.370504331891598371e-01,-8.620713556919129550e-01,-8.548032263745771742e-01,-6.616592957673721465e-01,-7.406029075628944858e-01,-7.249856408647682438e-01,-7.482975835311054258e-01,-7.493809112714659992e-01,-7.770129489353043706e-01,-7.331928459980537882e-01,-7.660184200271362709e-01,-7.305531689867920120e-01,-8.006566685162994634e-01
-7.653934693475469286e-01,-8.216715080430723184e-01,-8.083987559688811109e-01,-8.191651018391944428e-01,-8.096860120952018569e-01,-8.018706945657793073e-01,-7.604202573581856361e-01,-7.711190809870779317e-01,-7.116394758914986740e-01,-7.370355883145867093e-01,-7.821118607982866511e-01,-7.732000096195054129e-01,-7.008801080473348044e-01,-7.581203542455458022e-01,-6.538008606897631747e-01,-5.922348719763277369e-01,-6.759681127989958238e-01,-7.396269890478582854e-01,-6.495969524152537256e-01,-6.534059531437126367e-01,-7.075509948356594192e-01,-6.952204418786857021e-01,-7.183925204491097283e-01,-6.310933240729024174e-01,-7.527742792147651407e-01,-7.854910351120526490e-01,-7.679463847937868515e-01,-7.912891079961776875e-01,-8.285581872299122574e-01,-8.216531818612179405e-01,-8.285470119480894402e-01,-8.680338678043633127e-01,-6.302437612013549462e-01,-7.274853828396682376e-01,-6.994724423144141889e-01,-7.862062788521312351e-01,-7.839185772754967418e-01,-7.245851074636584510e-01,-7.570215509378338536e-01,-7.231006091908622757e-01
-8.148985051863408824e-01,-8.193748303179100301e-01,-8.025543327578287256e-01,-8.043828060240414413e-01,-7.916418636656786800e-01,-8.137935733228973678e-01,-7.793448869960654113e-01,-7.692455474261785664e-01,-7.578543374767291452e-01,-6.927930648689805126e-01,-7.198965635134988439e-01,-7.001145932702799168e-01,-7.244515273883843642e-01,-6.028899932550622065e-01,-7.444510009538541917e-01,-6.895954880783269347e-01,-7.063484612297712406e-01,-6.297766674982455681e-01,-7.023986154276962157e-01,-7.480736273090380362e-01,-6.088711016972306878e-01,-6.740488003206902556e-01,-7.659601506716476882e-01,-7.658697336907974718e-01,-7.438344836188790499e-01,-7.207701500371153092e-01,-7.121300397551862948e-01,-4.280806074551926077e-01,-8.201752203688761345e-01,-7.983909379058096167e-01,-8.373983215403291158e-01,-8.138397046463420326e-01,-8.141416147691563632e-01,-7.931298333867328187e-01,-7.430713873922063506e-01,-6.832917440863283121e-01,-7.824911738673486772e-01,-7.411612388220594205e-01,-7.463831407028304055e-01,-7.167135945510872963e-01
-8.157180502245442444e-01,-8.199460430309400971e-01,-8.151184540599126782e-01,-7.738056122656353786e-01,-8.012754755316676691e-01,-7.972480217714281725e-01,-8.296889232765161104e-01,-7.649221605983727024e-01,-7.645785984892079501e-01,-7.564814834533524213e-01,-7.794973561702142062e-01,-7.418128558953729357e-01,-7.324298834068263542e-01,-7.199220231509152468e-01,-7.955802024979177212e-01,-6.732551148962689913e-01,-7.608589207421343481e-01,-6.300254845386725755e-01,-6.367784953330871689e-01,-6.123960980459450809e-01,-5.919162636861929894e-01,-7.807869764654683520e-01,-6.432289364869561155e-01,-7.333335434784608031e-01,-7.723067849399211093e-01,-6.103992588006563746e-01,-7.716228722927043204e-01,-7.776417922069255306e-01,-7.968551759536274259e-01,-7.744051058398199183e-01,-7.821914487161620855e-01,-8.174388750779582047e-01,-8.329957209279724717e-01,-8.246533025190725397e-01,-8.124486617307095093e-01,-7.842872356383004950e-01,-7.947869980212317609e-01,-6.980231734572684976e-01,-7.875978453381066169e-01,-7.595044851403511821e-01
-8.160561785016491321e-01,-8.163029540570153619e-01,-8.109217762428304610e-01,-7.986503845553186709e-01,-8.181776239042667376e-01,-8.341773653839172908e-01,-8.023040558005940515e-01,-8.139432437161846501e-01,-7.785089613690946431e-01,-7.082481294542580796e-01,-8.312700290517874846e-01,-7.080800569260644606e-01,-7.845333585319469449e-01,-7.387405567797981076e-01,-6.621429170431175626e-01,-6.671897750756303758e-01,-7.081427809521273486e-01,-7.151124448064745120e-01,-7.446678022222088522e-01,-6.921504997186146424e-01,-6.227766423219756042e-01,-6.818105567402382716e-01,-7.026388387169324456e-01,-6.292524857201229338e-01,-6.090326822211835633e-01,-6.389174874926231151e-01,-7.056306651921636641e-01,-7.638759324786271732e-01,-7.577117589375395035e-01,-7.188114685865176767e-01,-7.516488053101492151e-01,-8.203004252233087046e-01,-8.501819719335498293e-01,-8.207113087723747480e-01,-8.262552254926908146e-01,-7.745627090862360342e-01,-7.395285848040080712e-01,-7.949710829423858316e-01,-7.655213602433602604e-01,-7.407141029956750833e-01
-8.165101625949724440e-01,-8.092023204837429651e-01,-8.025395587642634165e-01,-7.940351424929310564e-01,-7.445406982154955111e-01,-7.877709727983510657e-01,-7.986956851396734836e-01,-7.940508003829775951e-01,-7.758827513384571883e-01,-8.200007290508916080e-01,-7.634687968417974702e-01,-7.915016365961188294e-01,-8.064572596560932727e-01,-7.480022761909543849e-01,-6.538562426402830807e-01,-6.550734150664972999e-01,-7.001700342736305593e-01,-6.371966993988915640e-01,-6.790369595628905630e-01,-7.081943199754788809e-01,-6.532006750434686815e-01,-7.046165871668700342e-01,-6.740616108088954839e-01,-7.621004671126203611e-01,-6.692609577093313611e-01,-6.136660528881046073e-01,-6.815275822006842121e-01,-7.037633702203904829e-01,-7.151311823372943355e-01,-7.435432230268516074e-01,-6.931940185581445535e-01,-4.027224795023523485e-01,-8.482730944873708712e-01,-7.901529558192491587e-01,-7.931210305891115420e-01,-8.515840782093737626e-01,-8.700899841942306701e-01,-8.473422388972861041e-01,-8.159123889813248987e-01,-6.627901838694368886e-01
-8.145487576393849460e-01,-8.147499610827521055e-01,-8.071661940120368195e-01,-8.165158050510640253e-01,-8.024007251505081983e-01,-8.021200144774933705e-01,-7.515190650734514533e-01,-7.622982213202201818e-01,-7.350003023306826977e-01,-7.294706618432894585e-01,-6.916777494644296143e-01,-7.993135423623964897e-01,-7.733530769231612423e-01,-7.354849098960445364e-01,-7.205745273470384182e-01,-7.387236434931022666e-01,-7.306335879097149988e-01,-6.305314519433716791e-01,-6.242991463009244235e-01,-5.929623321696367855e-01,-7.408068165573038488e-01,-6.833572225830923941e-01,-6.583345492626189177e-01,-6.633216638168436541e-01,-6.487031412856142376e-01,-6.595933809854260810e-01,-7.216940580878894451e-01,-7.520493241450826316e-01,-6.872282348283176301e-01,-6.745675676977580526e-01,-7.068291378656432755e-01,-7.295073126765277971e-01,-6.653661658144226498e-01,-7.596299480251355041e-01,-8.163868785574786013e-01,-8.675724364322626725e-01,-7.782076737513212716e-01,-8.577941974859608631e-01,-8.401912282515261454e-01,-8.004287579203172021e-01
-8.160045297977097656e-01,-8.104373680951478809e-01,-8.098014177595650454e-01,-7.732080410656830827e-01,-8.030512425682746480e-01,-8.195481069614924952e-01,-7.868038359747674404e-01,-7.869400760386547899e-01,-8.250031818851539800e-01,-7.791482782197753920e-01,-7.471229237145247115e-01,-7.696482421360915094e-01,-7.514012059513182074e-01,-6.876408116443523122e-01,-6.857803694081279211e-01,-7.633396968197819765e-01,-7.130682688439957673e-01,-6.848545272682354801e-01,-7.307599359945452511e-01,-7.639855191870095208e-01,-5.260383068874100454e-01,-7.173399730761256254e-01,-6.562709867951042053e-01,-6.333710233786732369e-01,-6.480367174172398936e-01,-6.500884738972378951e-01,-6.196185809238594633e-01,-7.475455435751965361e-01,-6.809485377981949750e-01,-7.598240372738035431e-01,-6.809667739816002152e-01,-7.089852513307016713e-01,-7.304642655796397266e-01,-8.350280888348096120e-01,-7.348866820262488497e-01,-8.228164783749815081e-01,-8.432452261964420437e-01,-8.601345848681344330e-01,-8.596512013806065777e-01,-7.630338037391087846e-01
-8.159738523978432578e-01,-8.144061191517091292e-01,-8.175430672718727587e-01,-7.957108813832213245e-01,-8.094104632571004210e-01,-8.068633999816822167e-01,-8.054347212210294371e-01,-7.897015103460559571e-01,-7.966004426267674354e-01,-7.933188414405715205e-01,-7.220231132226014870e-01,-7.003150256812585850e-01,-7.298692627766543151e-01,-7.260160274921287904e-01,-7.681358424496488313e-01,-7.162765416453151790e-01,-7.317537134863997261e-01,-7.263030509945361812e-01,-7.275900330706451813e-01,-6.913017260845990553e-01,-6.651913358264714971e-01,-6.862261803042640773e-01,-6.793250613643333491e-01,-7.183575875383000353e-01,-6.317425439819354116e-01,-7.023917013387503960e-01,-6.983788064242388849e-01,-7.288027582347418321e-01,-6.141295114288035650e-01,-6.554475097167457021e-01,-6.896427669197532362e-01,-8.011057392929115117e-01,-6.639503868892725480e-01,-7.417033983963833288e-01,-7.617948484094370087e-01,-6.634003024640963142e-01,-7.581767294694597981e-01,-7.800989849177064617e-01,-8.263250062431990450e-01,-8.440568233338776594e-01
-8.170463056648457068e-01,-8.190940053340859395e-01,-8.065628947981887675e-01,-8.253783450572059754e-01,-7.920626259895776622e-01,-7.913693678877541382e-01,-8.099640634004364736e-01,-8.098261382638455297e-01,-7.882517024594154487e-01,-7.885829290155064175e-01,-7.004985316798513217e-01,-8.000608486759309690e-01,-8.664683712713288077e-01,-7.667118144483631159e-01,-7.847161417979815479e-01,-7.185184609368967523e-01,-7.186304122396537375e-01,-7.163995114654218010e-01,-7.127269645430386324e-01,-7.028314981650491955e-01,-7.799745487071677585e-01,-5.989305656294635627e-01,-6.955586275146871111e-01,-6.391300570447889795e-01,-5.358598472185602812e-01,-6.993051289805862769e-01,-7.493954756700272890e-01,-6.218939349799070815e-01,-7.202346826172657535e-01,-6.100545076703763892e-01,-6.814691439017560581e-01,-7.151459403338602527e-01,-7.622635597349812775e-01,-7.239554623991313331e-01,-7.198473297509073721e-01,-7.539922805231143998e-01,-7.420532973860145542e-01,-8.519437219227842251e-01,-8.455866868020095461e-01,-7.524315109223588260e-01
-8.160952381478573381e-01,-8.147978465466789721e-01,-8.089586544317294292e-01,-8.117652446234694397e-01,-7.984373424341033587e-01,-8.051186936990993859e-01,-8.077204379960770675e-01,-7.827742408428206566e-01,-7.743296947589920487e-01,-8.053063321967870447e-01,-7.812286342144764140e-01,-7.949426411947904114e-01,-8.122315588677270215e-01,-7.790751681162100262e-01,-7.356140390883718627e-01,-7.422534207656589222e-01,-7.604782189936193371e-01,-6.888775991893951733e-01,-6.669091730436559340e-01,-7.022191247072316900e-01,-6.691443354620385531e-01,-6.564745436472334550e-01,-6.807097733918728855e-01,-6.867139397872653594e-01,-6.504799300977137655e-01,-7.233435336046325492e-01,-6.647246530894477257e-01,-6.665124186433495357e-01,-6.248821060150862028e-01,-6.101831513937541196e-01,-7.307001185552521871e-01,-7.355609676937910901e-01,-6.801051748485426041e-01,-8.125009936344095296e-01,-6.463436570154547089e-01,-7.444927259793351348e-01,-7.213205614598535709e-01,-7.853270991040527393e-01,-7.326597067967282051e-01,-7.518916219041233973e-01
-8.155817168286624286e-01,-8.135003694874277658e-01,-8.169177695603532241e-01,-8.025124971847963362e-01,-8.202329288536825969e-01,-8.002146425895676485e-01,-7.730049234305264028e-01,-7.699114722634147201e-01,-7.933609896615728685e-01,-7.704318461716058719e-01,-7.729404317059558327e-01,-7.795027934184531881e-01,-7.352604561357769519e-01,-8.150686448780104509e-01,-7.367497705431179655e-01,-7.277320811755835228e-01,-7.526961048332175830e-01,-7.545740372921209138e-01,-6.989643624816835876e-01,-6.867145704491309788e-01,-7.418388597592227018e-01,-6.710966138582351581e-01,-7.423928610557097851e-01,-6.748915820733738524e-01,-7.201121428010345271e-01,-6.785209923423926037e-01,-7.175849821618843771e-01,-7.291722617850761035e-01,-6.863717371916787657e-01,-7.029394206571556447e-01,-6.861607986854177943e-01,-6.954950729251248021e-01,-7.445102774340603968e-01,-7.588194193166438728e-01,-6.578660434978618188e-01,-6.735839367547545864e-01,-7.724281783683917268e-01,-6.237154034799566871e-01,-7.472516461129946608e-01,-5.523490455581596681e-01
-8.161296532136161908e-01,-8.166233547546319915e-01,-8.108829251053192300e-01,-8.077899701284561029e-01,-8.255160798171635728e-01,-8.262434536181064715e-01,-8.058487430754673886e-01,-8.008191245832213534e-01,-8.083559778060354084e-01,-7.990245391906010131e-01,-7.842513556704322486e-01,-7.918435257279872186e-01,-7.322269808204523445e-01,-7.863530125946646132e-01,-7.898051748508257974e-01,-7.281754346049693627e-01,-7.212497029588212927e-01,-7.374637417166451936e-01,-8.541282163107937198e-01,-7.192775169368492705e-01,-7.427016577661458285e-01,-6.717838901972787991e-01,-6.809294575287706541e-01,-7.105202294963619547e-01,-6.810402559944440659e-01,-7.172236834775537195e-01,-6.968693445959751598e-01,-7.349111088248972967e-01,-7.137690294973830785e-01,-6.444734357453589801e-01,-5.651835595066329043e-01,-6.446226280538681630e-01,-7.209571832192978036e-01,-7.258447126542065808e-01,-7.302911505340010656e-01,-6.795424092401209926e-01,-7.093760912695439291e-01,-7.618577064081560879e-01,-7.302152123292547925e-01,-7.343617321327201575e-01
-8.162273009023676140e-01,-8.132681466603963738e-01,-8.161606252441714338e-01,-8.095038637289387884e-01,-8.003538926035902445e-01,-8.072688387106261576e-01,-8.105407182209499739e-01,-7.881550850995736601e-01,-8.028679472721368393e-01,-8.132673597724963122e-01,-7.659880420133013956e-01,-7.558856969988742014e-01,-7.768351554379115953e-01,-7.763177189239315323e-01,-7.258636681939681923e-01,-7.452863763694950183e-01,-7.052041393798955671e-01,-6.801031784101491118e-01,-6.639687929074400419e-01,-6.242125151216794121e-01,-6.467279517610688977e-01,-7.233725639061628909e-01,-7.513542047173313865e-01,-6.998578891361538767e-01,-7.210476005126922328e-01,-6.460554919086771708e-01,-6.920929133404681854e-01,-6.387426179387073466e-01,-6.717934175370043892e-01,-7.541932721342898827e-01,-7.259466278326185407e-01,-7.046470379224645253e-01,-6.006983676676298511e-01,-7.299948855424311933e-01,-6.688264161182443379e-01,-7.758186796201042013e-01,-7.250352086548478292e-01,-7.057449033958197449e-01,-7.037751044091052899e-01,-7.857475177319218629e-01
-8.161275091249698965e-01,-8.128867723816213253e-01,-8.194619390484214616e-01,-8.091358604691322176e-01,-8.151061703454733909e-01,-8.098517579281827583e-01,-7.989658268238944983e-01,-7.799474033207938195e-01,-7.960374138017195511e-01,-7.476756857039862370e-01,-7.784263401377599090e-01,-7.872482426332366723e-01,-7.498934772793763859e-01,-7.330264281642112634e-01,-7.516317367861967691e-01,-7.447123567993302329e-01,-6.804531901406581929e-01,-7.527287161178409791e-01,-7.298596800681139696e-01,-7.303781929527254357e-01,-7.153176156019021015e-01,-6.975346753274894729e-01,-6.637953264204156101e-01,-6.961723270980371137e-01,-7.840853014804646248e-01,-7.116632933131975536e-01,-7.365703964331370424e-01,-7.352571938863043943e-01,-6.684535936990835259e-01,-7.766539089257114004e-01,-7.098076973659226407e-01,-6.720832694980309885e-01,-7.206921173296889638e-01,-7.658561172336403322e-01,-7.113033299667221865e-01,-7.225283662835930709e-01,-5.836864780334906078e-01,-7.376302093121773762e-01,-6.725578965376234342e-01,-6.305778429739110624e-01
-8.160798604080981011e-01,-8.131609642436310459e-01,-8.031720974088084608e-01,-8.164275012419488498e-01,-8.002478192355159115e-01,-8.120993329544035078e-01,-8.018050075664295839e-01,-8.198582139016147297e-01,-8.497876158060335694e-01,-7.521154222961707880e-01,-7.571161718912330363e-01,-7.724221135582851616e-01,-7.649713301124513309e-01,-7.900181649880407830e-01,-7.907807796065849937e-01,-7.049259256311830590e-01,-7.498968021475944656e-01,-7.136332691192424083e-01,-7.272247297716792902e-01,-7.065180323206985413e-01,-6.521910440509290918e-01,-7.494866999190785695e-01,-7.334132330316582848e-01,-7.048225495624413917e-01,-6.845076664309029946e-01,-7.340811617633680175e-01,-7.866737599273345705e-01,-6.815880288900774131e-01,-6.594246399483821852e-01,-7.037522649791749796e-01,-6.611478703159525683e-01,-5.843649738691151230e-01,-7.279248580384679590e-01,-7.796119545440393095e-01,-5.750096235210477857e-01,-6.840899261208243098e-01,-7.391632771687033365e-01,-8.224907718444680604e-01,-6.889472611541986868e-01,-7.286799525280148737e-01
-8.158316212996999939e-01,-8.142620633063072377e-01,-8.142108167337418489e-01,-8.142775662863076525e-01,-7.923272983479123788e-01,-8.039286678695679589e-01,-8.138962416314128312e-01,-7.997495305937314392e-01,-7.698687674054941477e-01,-7.965761528196177998e-01,-8.326100607577734403e-01,-7.769906919367112197e-01,-7.579610129423977050e-01,-7.619352295889579851e-01,-7.496215803563859303e-01,-6.741693341588462784e-01,-7.652215794521074477e-01,-6.954364144990337060e-01,-7.790193603016770663e-01,-7.335781182565768166e-01,-7.576933127639693399e-01,-7.478321805560639302e-01,-7.149907392339637235e-01,-7.052960100417615674e-01,-6.469477985880692783e-01,-7.257857920738332025e-01,-7.024062966448559875e-01,-7.743941190844547684e-01,-7.132081480832496156e-01,-6.795215129586453795e-01,-6.281531487891460763e-01,-6.845559389101111281e-01,-6.740751178402286659e-01,-6.678604385621211836e-01,-6.006205395075620013e-01,-6.230097179719427114e-01,-6.195932860588598823e-01,-6.198244883007384409e-01,-6.842700102267708084e-01,-7.183167888366593923e-01
-8.159321365256640979e-01,-8.024708175002405186e-01,-8.186724916376868499e-01,-8.130375314350584137e-01,-7.735226563270617417e-01,-8.155127190299543694e-01,-7.967736712028113955e-01,-7.949425818959436896e-01,-7.896101553628764869e-01,-7.567406582846809560e-01,-7.426463514685340828e-01,-8.148719655908496229e-01,-7.834023051906249258e-01,-7.572894506187730634e-01,-8.056649141835642292e-01,-7.680721420398872734e-01,-7.005906216632894479e-01,-7.173515026247260229e-01,-8.002160908993228849e-01,-6.992187955627059415e-01,-6.878295170199486552e-01,-7.139952851962567681e-01,-7.538192086865180830e-01,-7.116680872788789802e-01,-7.512062364858382857e-01,-6.547815156604552822e-01,-7.811668659256102432e-01,-6.501987476942030497e-01,-6.720929516814231341e-01,-5.864825237052124773e-01,-6.305170662885495325e-01,-7.368179309999277615e-01,-6.883015576346731557e-01,-5.607288064948118267e-01,-6.811423858663261388e-01,-6.589724361293413102e-01,-6.557533692443854312e-01,-6.058088101621985633e-01,-7.472697416604917597e-01,-7.085390196848873057e-01
-7.843923740591437488e-01,-8.157689609420537558e-01,-8.197141500207559828e-01,-8.127750694910450546e-01,-8.028328701516017629e-01,-8.223548007408646443e-01,-7.887892132200650108e-01,-7.952653548724870625e-01,-8.089926350989561366e-01,-7.881429920404647849e-01,-7.349569876310647620e-01,-7.827642645427937973e-01,-7.674370098839244925e-01,-7.675379595668997412e-01,-7.601824660249413279e-01,-7.972596498493859096e-01,-6.954018796406076230e-01,-7.528630307762462781e-01,-7.308871829682840326e-01,-6.951171127860923393e-01,-7.835187685213433895e-01,-7.085595279676586422e-01,-7.044197697499819943e-01,-6.946974234951819316e-01,-6.864864712844930272e-01,-7.795352569421221123e-01,-7.528271954819112377e-01,-7.721697552671261677e-01,-6.367610562913273986e-01,-6.539780725649492199e-01,-7.552250582162183257e-01,-6.454774565918717233e-01,-6.128940195957263137e-01,-6.219677248086055155e-01,-7.260431205373100161e-01,-7.023416389160860307e-01,-7.207953491364352816e-01,-6.160586649936242720e-01,-6.116738384934474748e-01,-6.410886742109177527e-01
-8.163723069083412831e-01,-8.196976196210069565e-01,-8.098119791010227608e-01,-7.629042753494591489e-01,-8.177384519537016505e-01,-8.306226590193686032e-01,-7.981794339388547099e-01,-8.002978012617917303e-01,-8.113314678149685655e-01,-8.219047187705240676e-01,-7.952535980401014282e-01,-7.623919892432947654e-01,-7.873129676403956001e-01,-8.161493058322597527e-01,-7.721006559355184651e-01,-7.886350579584663345e-01,-7.109343600842176203e-01,-7.645548925642530191e-01,-7.300838602572667924e-01,-6.724753995930828898e-01,-7.258593785177159807e-01,-7.622616926036970275e-01,-7.266050220839032070e-01,-6.599895096788502835e-01,-7.243247679529692951e-01,-7.000450372509594565e-01,-6.563798338691156919e-01,-6.034038154482562755e-01,-7.217374440511291622e-01,-6.539609620839847981e-01,-6.631146104279334041e-01,-7.115959350773730652e-01,-7.354106245766132144e-01,-7.284934967808082140e-01,-6.584834729766783079e-01,-6.034324271171184195e-01,-6.895934836568756721e-01,-6.816872658110012528e-01,-7.518668850471537102e-01,-5.952859082540854496e-01
-8.164456022472726948e-01,-8.177995988013677664e-01,-8.131114248093153085e-01,-8.155299986849665617e-01,-8.159698163550636041e-01,-8.001061046844130109e-01,-8.135394741763618542e-01,-8.331438298011111243e-01,-7.935110836121872513e-01,-7.846672461734748305e-01,-7.794785570700267785e-01,-7.469124059088971812e-01,-7.543759703711324649e-01,-7.951479749792194074e-01,-8.022717738030560319e-01,-7.848759605146991003e-01,-7.519294677516045189e-01,-7.448743384773930387e-01,-8.014782351533115135e-01,-7.359052842101575509e-01,-6.993541913347522954e-01,-7.448716838176070443e-01,-7.691053383483448247e-01,-6.617241833300904208e-01,-6.934126397896223093e-01,-7.050886413273182995e-01,-7.505536548951922127e-01,-6.684545605438192428e-01,-7.339080934488702024e-01,-6.962752891597067118e-01,-7.314705839438263579e-01,-6.598568206773115508e-01,-6.546154610152086217e-01,-7.323130396182553348e-01,-6.759028586439919106e-01,-7.821420312409460562e-01,-6.711201276465449395e-01,-5.707818587408510780e-01,-6.954620363726260468e-01,-7.008678918186308504e-01
-8.161709185124238486e-01,-8.167042518720566413e-01,-8.081109280409605189e-01,-8.184652004913725021e-01,-8.170391321507495253e-01,-8.111981011051728752e-01,-8.094086521543619739e-01,-7.988682554381981715e-01,-8.068816680581547551e-01,-7.919297617180197646e-01,-7.723390636609627213e-01,-7.849092626711112741e-01,-7.919547937883437694e-01,-8.010557138807361532e-01,-8.183199075891436358e-01,-7.989649992599668904e-01,-7.730042638350858031e-01,-7.552671299468571853e-01,-7.352960372296150071e-01,-7.461832694795452747e-01,-7.527679065074602827e-01,-7.766517912446124772e-01,-7.447100881073266399e-01,-7.428648980835196314e-01,-6.885895350916209079e-01,-7.346050911788920557e-01,-7.713712500776285230e-01,-6.854275889441855396e-01,-8.164962188094854190e-01,-7.340808353118890572e-01,-6.128089665138511943e-01,-7.039587439247704248e-01,-6.940354080371233803e-01,-7.464963013094580990e-01,-6.205168083737839790e-01,-6.341758094810632240e-01,-6.733287669015599608e-01,-6.484984849504530358e-01,-6.496314727236882636e-01,-6.436291578109805123e-01
