-6.387263192271467327e-01,-7.661927038529138256e-01,-8.039990653937115761e-01,-8.085721195242169257e-01,-8.188264784048954192e-01,-8.187456338747938211e-01,-8.136980548991167295e-01,-8.127944232534413116e-01,-8.173235578238353671e-01,-8.129556564769466753e-01,-8.142846348695214065e-01,-8.167539275236499474e-01,-8.135492436505153968e-01,-8.195450770058501089e-01,-8.174451986520453461e-01,-8.155123830381990624e-01,-8.144190942612065109e-01,-8.157084080021402839e-01,-8.177443422806933704e-01,-8.175978531227933166e-01,-8.160884828469345820e-01,-8.167411010775524893e-01,-8.149247001495351084e-01,-8.134205925683818394e-01,-8.130229731864891951e-01,-8.165154942279987393e-01,-8.162286349219820547e-01,-8.164507350365263205e-01,-8.163339204883821587e-01,-8.155615055026481652e-01,-8.164972233013514380e-01,-8.170732026082667687e-01,-8.166852855522896970e-01,-8.156233549510853997e-01,-8.159611866761751209e-01,-8.162012327216499052e-01,-8.153018383154769788e-01,-8.117328414619051635e-01,-8.162810023760386224e-01,-8.164441633208755489e-01
-1.589632356421642467e-01,-6.018265347113694874e-01,-7.472059170506606396e-01,-6.411585252907712196e-01,-7.577789489233454079e-01,-7.776121803638652574e-01,-7.763882073659343908e-01,-8.053495613805342623e-01,-8.029092304123136570e-01,-8.258356507126649593e-01,-8.010549349104002514e-01,-8.042133502554565938e-01,-8.109671530270488038e-01,-7.781311544029544391e-01,-7.986170467528210803e-01,-8.247930024645911962e-01,-8.223824730504960545e-01,-8.161177673501941454e-01,-8.104272026235668225e-01,-8.198049367621622618e-01,-8.081374617725807230e-01,-8.235671089554282842e-01,-8.106056675746434736e-01,-8.254829237100026473e-01,-8.080590976311143869e-01,-8.174109834892020476e-01,-8.292055964806406276e-01,-8.169368471499367512e-01,-8.142415899109161082e-01,-7.626005240207579527e-01,-7.867069033392020128e-01,-8.146029307214154302e-01,-8.058032766383302903e-01,-8.024335726604229224e-01,-8.244990338341238179e-01,-8.175932450779501703e-01,-8.047508436478655325e-01,-8.062124165949986487e-01,-8.196668903991686239e-01,-8.195795955070769301e-01
-8.100625258616429847e-02,-4.884387062876223706e-01,-6.058849283150868903e-01,-8.354547049438121320e-01,-7.627925333684903997e-01,-7.508747455604239951e-01,-7.242373252644450643e-01,-7.376834527765060434e-01,-7.667351551557247680e-01,-7.611589970076582112e-01,-8.017243475801852925e-01,-7.729944367024343954e-01,-7.120097553192067386e-01,-7.879518539427224910e-01,-7.948006504126847727e-01,-7.851856968757718880e-01,-7.813456560858349498e-01,-7.885119154484631077e-01,-8.136780033495313313e-01,-7.672140210650775227e-01,-8.173248828368275820e-01,-8.074488578670806493e-01,-8.080505872709904391e-01,-8.105846016140170196e-01,-7.718356103008425784e-01,-7.992489995873868214e-01,-8.014837428211233350e-01,-8.057358612063623138e-01,-7.958128495999333696e-01,-7.970412450585063757e-01,-8.251513819592067867e-01,-8.065998534178748791e-01,-8.166641154140606984e-01,-8.072330567276038149e-01,-8.206321634904157891e-01,-8.094972678968961333e-01,-8.077533429751582172e-01,-8.287258854893789772e-01,-8.125650127099489639e-01,-8.125695137273079016e-01
3.047044744700703675e-02,-3.319665602532376192e-01,-5.413418911985821147e-01,-6.131047063966207356e-01,-7.742768608143388853e-01,-8.795221627105179740e-01,-7.390165272495968773e-01,-6.434642811493959114e-01,-6.343040779832586074e-01,-6.515647442006767820e-01,-6.550128060228043170e-01,-6.669144366679919944e-01,-6.929111285642410856e-01,-7.422005533365257923e-01,-7.253290410680813816e-01,-7.727506771905320315e-01,-7.699035179846887011e-01,-7.791256269873836349e-01,-8.037719300791227317e-01,-7.710198278520732362e-01,-7.452075722705642224e-01,-7.877940157247647068e-01,-7.100334682505174966e-01,-7.346982008787156238e-01,-8.127634762626421150e-01,-7.795674975120773231e-01,-8.079632637043451249e-01,-7.772128213846674072e-01,-8.020053396893506159e-01,-8.197544331424124753e-01,-8.038534381413223739e-01,-7.651468660197424665e-01,-8.039367560964805204e-01,-8.087583651290104481e-01,-7.935699640782055697e-01,-7.857104867377991964e-01,-8.169221501990610035e-01,-8.166803294145544845e-01,-7.997524765204124808e-01,-8.168780516911060552e-01
-4.307024538890120990e-02,-3.300690341110509851e-01,-4.665388908524791267e-01,-6.478448682231274791e-01,-6.141108594086106542e-01,-7.308515300123537006e-01,-8.410899569862928526e-01,-9.007825421545287981e-01,-7.548953564132214744e-01,-6.669931110379893058e-01,-6.845201440227256517e-01,-7.950823361021117641e-01,-6.088140982212993935e-01,-7.753998813936026080e-01,-7.476968426306818127e-01,-6.979228586333277029e-01,-6.950693878443215956e-01,-7.226591158633202117e-01,-7.175223893198203751e-01,-7.506926012515983127e-01,-7.215783659552835738e-01,-7.868435962300470710e-01,-7.313970917462463417e-01,-8.085677323619265833e-01,-7.442256229281023483e-01,-7.205633858601473429e-01,-7.605884038235861677e-01,-7.555551335688918124e-01,-7.991343450585880470e-01,-7.984333984305339582e-01,-7.931077008623452773e-01,-8.153301187920841686e-01,-7.797602068128960395e-01,-7.787475655850728540e-01,-7.624187480861629451e-01,-7.984759073036754584e-01,-7.943587122146993362e-01,-7.585998191381728706e-01,-7.997606037809511514e-01,-8.046363832677310146e-01
-3.169392856819394644e-02,-2.040470658971766937e-01,-3.767196416249495305e-01,-5.161832458821226099e-01,-5.565596661914221643e-01,-6.274841965304029934e-01,-5.094167685486233887e-01,-8.067116377525541671e-01,-8.676809071699538300e-01,-8.919933982154819585e-01,-7.203021895124365193e-01,-7.312706268071311744e-01,-7.194543656924711206e-01,-8.143824311624209278e-01,-7.938113041480091558e-01,-6.894490447875367689e-01,-6.820150986923398939e-01,-6.813407856423917552e-01,-6.913100832590863831e-01,-7.399724651276499143e-01,-6.405668835983706622e-01,-7.780770212051386636e-01,-6.693285132376397550e-01,-7.316979736040243321e-01,-7.205846806040679953e-01,-7.985536269785732388e-01,-7.654687236713865195e-01,-7.142519192614427137e-01,-7.784512101338076917e-01,-7.986982988121319460e-01,-7.739896816910083466e-01,-7.538037625188668267e-01,-7.576883814895771785e-01,-7.575016286707755286e-01,-7.699150968725131383e-01,-8.089162462272228016e-01,-7.905059121337635331e-01,-8.152590138037718592e-01,-7.715151433245139856e-01,-8.537043957255615600e-01
3.157913587419004103e-02,-2.303023636397196205e-01,-3.823126409699089123e-01,-5.533451069159653901e-01,-6.258264602278529321e-01,-6.021311345575116603e-01,-6.068206155812101432e-01,-6.732341007727187243e-01,-7.758693997040221335e-01,-8.432044913572234179e-01,-8.863505287893773676e-01,-9.104376427243187075e-01,-7.013832441202345613e-01,-7.538123143527136749e-01,-6.622968534307694943e-01,-7.439220804013177979e-01,-7.053188300691530799e-01,-6.946353974820741461e-01,-7.503502105573780501e-01,-7.012661549715242248e-01,-7.740468238023711089e-01,-6.492575614746802781e-01,-6.362583990367449704e-01,-7.820980569670312743e-01,-7.395540654933555613e-01,-6.733636437157890509e-01,-7.294904952892417027e-01,-7.565663653213010598e-01,-7.574457566098097283e-01,-7.283178278961968122e-01,-7.331095115240682247e-01,-7.741073462793038873e-01,-7.625916554290015359e-01,-7.725622855735120309e-01,-7.724374901866964960e-01,-7.749946477504651154e-01,-8.010568129171132812e-01,-7.887361086262008047e-01,-8.151566516198210932e-01,-8.317863441618286169e-01
8.011991827005839062e-02,-1.960484735622283758e-01,-2.629079019721869415e-01,-3.604287263549696974e-01,-4.827396554750763569e-01,-5.439760319877028349e-01,-5.757282836227916034e-01,-6.248203203781462767e-01,-6.877058438267930063e-01,-7.546474881406622925e-01,-8.188227239889663833e-01,-8.625589600335861196e-01,-8.926386651754996127e-01,-7.183784984345708002e-01,-8.255241637235711805e-01,-7.534406699165701049e-01,-7.578946463254100374e-01,-6.897660420736363429e-01,-8.181873849663108267e-01,-6.456498069436806819e-01,-7.413334573103204095e-01,-7.077975144412859132e-01,-6.250906911167819491e-01,-6.481585205398637806e-01,-6.640518901934380214e-01,-7.461108793343772527e-01,-7.452994273135029601e-01,-6.779269357853958677e-01,-7.435277637809060147e-01,-7.509301608404910233e-01,-6.961833892624874620e-01,-7.375415957882939244e-01,-7.378522018570649044e-01,-7.874315503175112196e-01,-7.711129240788636707e-01,-7.814510018619487131e-01,-7.747480231056823596e-01,-7.434331737796857631e-01,-7.625768204200216172e-01,-7.502466604414386175e-01
4.842888195417578007e-03,-7.993070737084956301e-02,-3.869205387826943343e-01,-3.596626962136281747e-01,-5.046867020437688645e-01,-5.060301094218188078e-01,-5.754606821790726467e-01,-6.009702275249833026e-01,-6.454957348648604487e-01,-6.601582325253873007e-01,-7.224844643359052965e-01,-7.981120003273702856e-01,-8.436675599359095834e-01,-8.778886563355184913e-01,-8.987734441853553191e-01,-8.391665921670024009e-01,-7.054531155665249020e-01,-7.492876353110085041e-01,-7.486843298942180702e-01,-7.436760022307332685e-01,-7.408958819339858115e-01,-6.745107870022324370e-01,-7.426997718653221003e-01,-6.823077111337501055e-01,-6.574861364108735007e-01,-5.619022373565148998e-01,-6.396549522338271787e-01,-7.467308906422908121e-01,-7.027833755930615878e-01,-7.450511333027721728e-01,-7.093829796717531222e-01,-7.699902839432190005e-01,-7.457416018823612713e-01,-6.860592823950366625e-01,-7.060876294513520612e-01,-7.176792718337521304e-01,-7.261842940860164797e-01,-7.628492293423190240e-01,-7.747707753671495556e-01,-7.752985045877850423e-01
-3.040818548249284159e-02,-1.556966024202895149e-01,-2.696184483404747145e-01,-4.010133661395198224e-01,-4.163952316962892253e-01,-3.912697784760724717e-01,-5.938334199691348569e-01,-5.739805234860152483e-01,-6.027205848803045551e-01,-6.025879844702709542e-01,-6.548238455441564021e-01,-6.896704203806049982e-01,-7.789718876203611808e-01,-8.245991390658209408e-01,-8.600778613098050140e-01,-8.833832863274181380e-01,-9.068318130050250225e-01,-7.474789734094154925e-01,-6.844450870423632871e-01,-7.848539640975366050e-01,-7.998747258422277406e-01,-7.479027197036490771e-01,-6.516618169015300222e-01,-7.030666607249032030e-01,-6.724112428197088764e-01,-5.796191899533653658e-01,-7.568806866407148393e-01,-6.754651673515869037e-01,-7.361128015217521803e-01,-7.327038308109993237e-01,-7.124546324530256491e-01,-6.913745841322093133e-01,-7.304279726302281839e-01,-7.345699445949308570e-01,-7.367803555112538705e-01,-7.398792027041700692e-01,-7.399478145876553503e-01,-7.185863841817128339e-01,-8.034487793491192908e-01,-7.422396557757785507e-01
4.269825387562198142e-03,-1.926464931451329354e-01,-2.847650381443608825e-01,-3.972501617470364788e-01,-3.701575415514125056e-01,-4.962014106662452906e-01,-5.667370134824153416e-01,-6.327580835055167663e-01,-6.200361166187904338e-01,-5.964294628077447813e-01,-6.437020698572195609e-01,-6.626338099792666858e-01,-5.303961747962103734e-01,-7.601659391156505574e-01,-8.088220123194701516e-01,-8.442773379829874303e-01,-8.691460745173673619e-01,-8.932563850672040617e-01,-8.703415337930562323e-01,-8.025992396427125142e-01,-8.446897333348757364e-01,-7.789247391639960716e-01,-8.309105977321783465e-01,-7.229175349016260244e-01,-6.411599041073439142e-01,-6.414287710870543169e-01,-6.708947926909958337e-01,-7.775709012412851395e-01,-7.384751661183164284e-01,-7.444575313891641510e-01,-6.909312818798584166e-01,-7.224847640612027666e-01,-6.981091757873317816e-01,-7.804281261603956965e-01,-6.482454241159122388e-01,-7.006368631529222846e-01,-7.557529191220565545e-01,-7.560249829796389376e-01,-7.744161711727346464e-01,-7.059412541520055928e-01
1.512213974607290734e-01,-1.999454170368366104e-02,-1.414670239022511045e-01,-3.236525324369153855e-01,-2.896100837011614804e-01,-3.963382637783805507e-01,-5.015273431792184322e-01,-5.783284887790848261e-01,-5.824793162918646683e-01,-5.194659224087302407e-01,-6.109056230371698870e-01,-6.247907428894670101e-01,-6.623221815566753268e-01,-6.397676970876433611e-01,-7.295280297227980659e-01,-7.925534190914815813e-01,-8.293208717813652653e-01,-8.571665841157405374e-01,-8.785747294914347805e-01,-8.936362547046142746e-01,-9.117775270142262078e-01,-7.867750414039149653e-01,-7.181875511051348804e-01,-8.636100311862652257e-01,-7.777717303431751494e-01,-6.630911476855961828e-01,-6.569202447224816721e-01,-7.940716748482234966e-01,-6.825670429367020065e-01,-7.282448334651102639e-01,-7.338115128808867516e-01,-7.530577333135096696e-01,-7.223784663395171890e-01,-6.898851991241381487e-01,-6.720055284659433026e-01,-6.166497318610328904e-01,-6.990263959983853415e-01,-7.115114188141109519e-01,-7.414444009689507009e-01,-6.268141416100042607e-01
5.750961188071830599e-02,-9.012683549713935982e-02,-4.406563010266895120e-02,-2.862215634262502695e-01,-3.455011659495762499e-01,-4.825634269809234711e-01,-5.340245977582356307e-01,-5.223782604244721073e-01,-5.905836074444640316e-01,-5.512098708774038069e-01,-5.497657438632355120e-01,-6.018343486872895776e-01,-6.244064183362573184e-01,-6.527318028958926099e-01,-6.581274488116856114e-01,-7.284385693054625799e-01,-7.757464887923357644e-01,-8.157056671145780369e-01,-8.440646671682354718e-01,-8.668877343484194808e-01,-8.858987882645199541e-01,-8.986995558275963081e-01,-9.048325538911645705e-01,-6.913730885890558842e-01,-7.196824971984796537e-01,-6.551779017638594826e-01,-7.095489781761538106e-01,-8.253533616155988017e-01,-7.919473211264708157e-01,-6.864686047971585436e-01,-7.116901542118189150e-01,-7.421440094399601728e-01,-7.302203506984770165e-01,-8.569028502140143555e-01,-7.116771837810961232e-01,-6.986448371980084060e-01,-6.767453448542978256e-01,-7.349758785530763339e-01,-7.157479790996248425e-01,-7.407624002574935140e-01
-1.513033528579108833e-01,-3.785028411700593065e-02,-1.591276227274413813e-01,-3.777324479997826168e-01,-3.478610933432333963e-01,-3.124364934071042765e-01,-3.856552055464045337e-01,-3.766668866177884656e-01,-5.464426994790280157e-01,-5.710352456733591708e-01,-5.970234554022736395e-01,-6.156768733169800667e-01,-6.105385641587329770e-01,-6.192000393064202024e-01,-6.434805695117502555e-01,-6.412812428703701384e-01,-7.138740463102831724e-01,-7.568143939727910441e-01,-8.029832525645352881e-01,-8.318759409274074645e-01,-8.537309308538226782e-01,-8.761434161972174728e-01,-8.891966031603754095e-01,-9.022919492587689883e-01,-7.475899753433323802e-01,-7.026498995487940880e-01,-8.142454457887150499e-01,-7.456379708201219536e-01,-7.643677832691978535e-01,-7.686864002415200181e-01,-8.116426524134724430e-01,-7.256511868101908069e-01,-6.779247682917105555e-01,-7.038543676614381628e-01,-6.999726373882450003e-01,-7.088431888691755223e-01,-5.952735050242808912e-01,-7.077390918072518078e-01,-6.564665632909751913e-01,-8.345613310351661651e-01
-1.010026442084554915e-01,-1.219401880245864489e-01,-2.210995728007040806e-01,-1.917614261597222480e-02,-3.835011423801839570e-01,-4.187869763509179943e-01,-4.813573384875405869e-01,-4.193963281782197572e-01,-5.167349426316879546e-01,-5.884609800864167850e-01,-5.484535277318774993e-01,-5.795094166635408328e-01,-6.506328299447250441e-01,-6.121705921541099604e-01,-6.304263946771488936e-01,-6.234097261315353355e-01,-6.505717823977822389e-01,-6.683466485871722984e-01,-7.489535329364296334e-01,-7.910367153682982266e-01,-8.203553154529166225e-01,-8.446046626197486473e-01,-8.650877892652192314e-01,-8.829408841671179120e-01,-8.939069475748718796e-01,-8.896872552419549107e-01,-7.803675324087240295e-01,-7.632746408020427697e-01,-8.346492864945259660e-01,-7.789567401617643050e-01,-7.842165539940534336e-01,-7.829107915085717906e-01,-6.453794471887923656e-01,-7.423047220221679066e-01,-8.375057331778833491e-01,-6.400067921776625424e-01,-6.859411942224497016e-01,-7.193494444456418613e-01,-6.839617160877138335e-01,-6.571740507722878544e-01
2.749676912530907985e-02,-4.929381314693765531e-02,-1.501408077366684357e-01,-3.339890717942413101e-01,-2.681939403936481892e-01,-3.509024043806102111e-01,-4.319707874522268898e-01,-5.105508920375375626e-01,-5.298055472928639986e-01,-4.793720370737524772e-01,-5.530873326676957191e-01,-6.080913655631495773e-01,-5.702826964053119285e-01,-6.153089390951985704e-01,-5.841565653829206006e-01,-6.298613784494133672e-01,-6.452794483632623423e-01,-6.850923910757790170e-01,-5.427470568815172536e-01,-7.337322604824161321e-01,-7.790274057851315215e-01,-8.094931152962235865e-01,-8.334357542982100409e-01,-8.527604809276494446e-01,-8.710215615753805762e-01,-8.841444731345776686e-01,-8.999192761669640994e-01,-7.946459179797034089e-01,-8.380305764331474894e-01,-8.311253433207018704e-01,-7.279414910525682236e-01,-7.871640024964617899e-01,-8.244098054814218424e-01,-7.017493187774117569e-01,-7.088603892299132347e-01,-8.013740274723948342e-01,-6.860446113771577759e-01,-7.144605808176006656e-01,-7.097522595355293396e-01,-6.299403859877441558e-01
6.420717873536768705e-02,-1.019620316091588291e-01,-2.123963517200021522e-01,-3.755394516503623437e-01,-2.797527299519105282e-01,-2.537732752455215679e-01,-3.108186226409563324e-01,-4.877617957108353886e-01,-3.561293172174980759e-01,-5.325054087361773547e-01,-5.111138325053455889e-01,-6.072579924038790100e-01,-5.485418154452450512e-01,-5.604017939977560259e-01,-5.786953017440089608e-01,-5.796878841431261087e-01,-6.178325743701712502e-01,-6.277690249354732632e-01,-6.634209069239906942e-01,-6.596471728136451551e-01,-7.202856903214959194e-01,-7.613743048595799090e-01,-7.988230557569284684e-01,-8.238510655988928733e-01,-8.449187322701882108e-01,-8.602611085894535936e-01,-8.788154871884796826e-01,-8.830723827430077000e-01,-9.011775691986584347e-01,-9.084178329568717292e-01,-7.049223684225243147e-01,-7.359708695080704466e-01,-6.766222900871941004e-01,-7.807310798926495599e-01,-6.064767985895380686e-01,-7.715615969583787814e-01,-7.223491107826903734e-01,-7.486994348281688083e-01,-7.616989367410694767e-01,-5.612255676770480095e-01
8.164545775426290675e-02,-2.213052661217800865e-01,-2.004286694560497017e-01,-8.418692078128627021e-02,-2.095639867008561308e-01,-2.449454715270474037e-01,-3.185667262561152069e-01,-4.260716321344121815e-01,-4.164774722462258882e-01,-3.915194548407214259e-01,-5.359908413419899320e-01,-6.215751115689118755e-01,-6.058088027809936937e-01,-5.747665531485286472e-01,-5.690724948592206234e-01,-5.357675239671348955e-01,-6.187925417420999663e-01,-6.014983545173231416e-01,-6.625565411009534111e-01,-6.818718222863011658e-01,-6.904947680126100051e-01,-6.942319615666268096e-01,-7.571067012569480115e-01,-7.896704709451572990e-01,-8.143115083884663319e-01,-8.356449956813670754e-01,-8.528455134232048040e-01,-8.676077498119876275e-01,-8.830106794622368804e-01,-8.897039429699415969e-01,-9.027588647073723216e-01,-9.066621990135869114e-01,-8.313394059106846701e-01,-8.271710472289773852e-01,-7.147482359928878370e-01,-6.539722020316355300e-01,-7.674516151729594560e-01,-8.055070122075523864e-01,-6.561370741121097527e-01,-7.417049702121757404e-01
8.300814664782989183e-02,-1.745746822199737425e-01,-5.263119772767761717e-02,-1.205736746505164103e-01,-8.018504859320370326e-02,-2.862881552451367329e-01,-4.058766333177971086e-01,-3.430374240697613430e-01,-4.351556016645217739e-01,-5.935691184658435926e-01,-4.172020481946216441e-01,-5.547342895958727871e-01,-5.253015619145801063e-01,-6.135846316620523488e-01,-5.597625548828518705e-01,-5.271443845983090348e-01,-5.579375337229609544e-01,-5.886913137850391387e-01,-6.100589343349938076e-01,-6.511857085691977742e-01,-6.576921681674677833e-01,-6.483914705099549369e-01,-6.665122372322161981e-01,-7.445899617632584233e-01,-7.793140123340891456e-01,-8.050179020644655514e-01,-8.262460518569924028e-01,-8.448084701719559275e-01,-8.586663516844686983e-01,-8.747268041879739942e-01,-8.868562059537428155e-01,-8.912358955484730449e-01,-8.874229916926018591e-01,-9.082853177155350011e-01,-7.334141301344234698e-01,-7.499212609591398015e-01,-8.749797070396314602e-01,-8.201190135168564543e-01,-7.986443654881089094e-01,-5.655803235256733341e-01
-6.006946190090887289e-02,-1.194216920153446243e-01,-1.401709449332930457e-01,-2.113752971204947706e-01,-2.158366516431930171e-01,-4.059911223472870700e-01,-3.315152452317547960e-01,-2.381255090060466206e-01,-2.975254151347557774e-01,-2.983408337589941728e-01,-5.361222572136792319e-01,-4.575639190780335652e-01,-4.715095239587245857e-01,-5.819944727358802306e-01,-5.329430461562046917e-01,-6.445826805760851430e-01,-5.856903417267816936e-01,-5.700569672936548482e-01,-5.391061784730275530e-01,-6.431238281145449376e-01,-6.295909824596734872e-01,-6.485384116079708772e-01,-6.590473025220170422e-01,-6.253912818787982220e-01,-7.310442378098019889e-01,-7.708374631350449757e-01,-7.961519583367088204e-01,-8.179028929205921505e-01,-8.364045355252153202e-01,-8.503961098640779870e-01,-8.638378710732018684e-01,-8.753319524120919404e-01,-8.843322008646118393e-01,-8.974233459028562176e-01,-8.127698383169011942e-01,-8.237187073635356960e-01,-9.025406547780768785e-01,-8.530578422230459257e-01,-7.516830377339982494e-01,-7.482795698652571215e-01
-1.061674576199722331e-01,-2.028902196060512475e-01,-1.456745020433718452e-01,-2.626023500483251061e-01,-2.076034257572962893e-01,-1.624530235951247847e-01,-2.747956725786491750e-01,-3.619224966348942307e-01,-4.736589210614872147e-01,-3.321184872354325246e-01,-5.531325343804975869e-01,-4.706521109074390252e-01,-5.725347438505449249e-01,-4.925544068406123577e-01,-5.691178322506110776e-01,-5.012316124830298314e-01,-5.554892538295949089e-01,-6.132438014853224262e-01,-6.352018111901378550e-01,-6.000987861503196408e-01,-6.364672972968870024e-01,-6.454052359673515538e-01,-6.395982867326639454e-01,-6.362199568565609642e-01,-4.612826058648740735e-01,-7.194911590707920857e-01,-7.631604750295113426e-01,-7.862824133551293837e-01,-8.098400171009862980e-01,-8.283824328890980748e-01,-8.437914927263850950e-01,-8.589605572506808784e-01,-8.728818670886103748e-01,-8.782711267729382820e-01,-8.832790734108647568e-01,-8.992635879726106340e-01,-8.119952713701299452e-01,-8.546673226312185845e-01,-8.251564467089390620e-01,-7.879322925423469792e-01
1.580302058038391411e-01,-2.050211385214509643e-02,-8.437156692406706793e-02,-9.651706499230601477e-02,-2.369838873541729174e-01,-2.197515347445516964e-01,-1.823020478369032082e-01,-2.904697189600223273e-01,-4.034154299818390466e-01,-3.988432580175608755e-01,-4.420091086645785983e-01,-5.039448873874085022e-01,-5.126734397341342619e-01,-5.586866772389077473e-01,-5.814698223342081862e-01,-6.199799648378261363e-01,-5.074572449390916118e-01,-5.622561956295297758e-01,-5.416515359576188349e-01,-6.424620392428956883e-01,-6.026678631345897541e-01,-6.051753162575044254e-01,-6.084134104842362500e-01,-6.787006271330426888e-01,-6.665069470946864971e-01,-6.074581173545802182e-01,-7.023018882622681369e-01,-7.517822025353314563e-01,-7.796589217946837680e-01,-8.015642792219812574e-01,-8.209109316144520552e-01,-8.377500493668186277e-01,-8.523760530990059925e-01,-8.657515274596145893e-01,-8.789211490877951727e-01,-8.867530085731634149e-01,-8.973365601966832861e-01,-8.984298401116195265e-01,-9.083299192069519412e-01,-8.083213152581724126e-01
1.306624971509783711e-02,-1.600131063013315869e-01,-1.435436032891913571e-01,-1.148378109039666639e-01,-1.052208290059588186e-01,-3.492847972628061459e-01,-2.707647520989086010e-01,-2.854105605739762352e-01,-4.795810188018790887e-01,-4.913986477993426694e-01,-4.333224355320665078e-01,-4.018217150756749900e-01,-4.846886077874253407e-01,-4.158606095951903892e-01,-5.587921954872012709e-01,-5.418428512580956147e-01,-5.944162383936675287e-01,-4.833333385052073772e-01,-5.815987129423789703e-01,-6.135485289784544660e-01,-6.121518234071774422e-01,-5.796496224422026389e-01,-6.164847788863020428e-01,-6.045033449496415301e-01,-6.584818457179179019e-01,-6.619905539714014964e-01,-5.759397626813341775e-01,-7.219385043484991549e-01,-7.311564745352467920e-01,-7.695218197302386987e-01,-7.916864198600382929e-01,-8.135370068048934922e-01,-8.300698184401915647e-01,-8.441221620419696592e-01,-8.592514199294264410e-01,-8.689675853132784455e-01,-8.777409418320256673e-01,-8.911655886833141915e-01,-9.000781633508433410e-01,-9.012025081546986005e-01
4.472670679616350120e-02,-3.669645728774264398e-02,-2.230305418474873985e-02,-9.933261068958625095e-02,-3.200855699543245919e-02,-3.294570153224619102e-01,-2.759516794638242065e-01,-2.858948169294606156e-01,-1.990378592200121310e-01,-4.664236348412618693e-01,-3.201542910500876915e-01,-4.963129250793817948e-01,-4.575063538229747762e-01,-4.169920368581851999e-01,-5.350841820252730807e-01,-4.406399437052411217e-01,-6.143803771613896014e-01,-4.768864330072001279e-01,-5.117291576647370333e-01,-5.968936060593271753e-01,-5.938596616630053004e-01,-5.923576530342029578e-01,-5.882500446395327875e-01,-6.432931922640864331e-01,-6.460728137082991651e-01,-6.686276411241413031e-01,-6.761735708637389708e-01,-6.811542915011443711e-01,-6.640205160167128584e-01,-7.315412421725075998e-01,-7.631977044408504440e-01,-7.861584830352396080e-01,-8.064490029502422441e-01,-8.229472307246780138e-01,-8.377941872920635635e-01,-8.513735702835950603e-01,-8.619664413787684332e-01,-8.732746287494365101e-01,-8.853092380897341629e-01,-8.907650130825252033e-01
5.426235193321082145e-02,-1.343541218694773998e-01,-1.261738724019273450e-01,-1.488744680471935367e-01,-1.211744304576546499e-01,-2.281718950780240174e-01,-2.475963790917767582e-01,-4.246614088594048431e-01,-4.028254404731343441e-01,-4.185993992591622859e-01,-3.479723703984657357e-01,-4.732680652225663698e-01,-4.018760774375467193e-01,-4.935177284532329955e-01,-5.136392718166045146e-01,-5.080771415784381961e-01,-5.803095636123146717e-01,-5.275164566747736483e-01,-5.338567125866039431e-01,-5.661510722271488882e-01,-6.042719450583027285e-01,-5.582111241985107108e-01,-5.630474666368520120e-01,-5.871621361279587559e-01,-6.241418742391654506e-01,-6.169561652499913063e-01,-6.473292169780341387e-01,-6.648627455195358360e-01,-6.367865450273715311e-01,-6.401779581587067058e-01,-7.279691719177528997e-01,-7.562706003525027088e-01,-7.797924122401131974e-01,-7.996000137305988575e-01,-8.165728285733582226e-01,-8.316649073669377668e-01,-8.448074393976389151e-01,-8.550026167476414418e-01,-8.696389906411897686e-01,-8.709958053931138311e-01
-1.600942228396065592e-01,-3.043480863143269849e-02,-1.227689486676662306e-01,-1.895861349200718970e-01,-1.167575239442503049e-01,-2.756243701366341003e-01,-1.903160678103522629e-01,-2.899830065326539086e-01,-3.090904065056440109e-01,-4.217867960136998939e-01,-5.520461847512492248e-01,-4.892657633319050792e-01,-4.476548808763349263e-01,-3.538813333252749938e-01,-4.727123103650244240e-01,-6.117418800958385194e-01,-4.984817053247852514e-01,-5.897278789190877335e-01,-5.430479890368934415e-01,-5.144685415808415430e-01,-4.985177412829480681e-01,-5.524287500472627732e-01,-6.100134292128986946e-01,-6.090604691417041971e-01,-6.345273226047152271e-01,-6.375469919898745230e-01,-6.333709880702378392e-01,-6.218063823649392363e-01,-6.750175537581136753e-01,-6.584545101612048201e-01,-4.715113274604232907e-01,-7.238051415055897220e-01,-7.415734066560587534e-01,-7.693118414096737911e-01,-7.919408595481006730e-01,-8.098499179486978727e-01,-8.249030733422385575e-01,-8.385790956212527680e-01,-8.513891158125128644e-01,-8.604286217780166002e-01
-2.005095086092535117e-01,-5.972370290787443019e-03,-1.028393978218797300e-01,-1.455502833383888195e-01,-1.254087225198952937e-01,-1.422488103757826861e-01,-1.499274149514632504e-01,-4.445833554318008307e-01,-3.377952681876833507e-01,-3.826422903406980214e-01,-3.791929711806629744e-01,-4.154279377790660033e-01,-3.837887991706185886e-01,-5.076784367077670224e-01,-4.711275752056441335e-01,-4.455978796420648758e-01,-4.901418710744229190e-01,-5.510363608150355974e-01,-5.341295596180917205e-01,-5.639335278833960130e-01,-5.985866871459603056e-01,-5.848050378464628718e-01,-5.558131425763199740e-01,-6.025649884531625311e-01,-5.908756054627004595e-01,-5.988379230752715054e-01,-6.106180186893391815e-01,-6.441012645039493334e-01,-6.621851798905482589e-01,-6.628094655926426437e-01,-6.907112720487880164e-01,-3.369106256893241724e-01,-6.813024671878253891e-01,-7.289712584691228070e-01,-7.692439945795669365e-01,-7.859332135697839616e-01,-8.037607157913551070e-01,-8.190034308498642668e-01,-8.319932809341312741e-01,-8.449360331577602246e-01
-7.096737213901278818e-02,-2.401370472609377568e-02,-5.654079701311586284e-03,-1.289247506495805606e-01,-2.700089175210505510e-01,-2.593095561665147986e-01,-1.835785434195376375e-01,-2.885690928830769164e-01,-2.876654840733746665e-01,-3.230176058577994835e-01,-4.161638523396324341e-01,-2.520373277278340485e-01,-5.188954900757686284e-01,-3.767331427022319601e-01,-5.438561620891830817e-01,-4.908688719192856875e-01,-5.113643010239730113e-01,-5.256956237514349706e-01,-5.536035743445261170e-01,-5.149815973925438994e-01,-5.759623166902810842e-01,-5.887767445157348067e-01,-5.323453277649538018e-01,-5.841639230724321452e-01,-5.589592734252225581e-01,-6.146028135458838637e-01,-5.996645364330939199e-01,-6.031531504661344911e-01,-6.377289188123148600e-01,-6.655626879180649436e-01,-6.536305893412498458e-01,-6.637814078237254112e-01,-6.052459804483922845e-01,-6.874699204076362147e-01,-7.288629673642097462e-01,-7.621901188392536941e-01,-7.772062065314976342e-01,-7.975547823279521831e-01,-8.129506294298045610e-01,-8.265928406195673928e-01
-8.652200682736073054e-03,-7.861264113624022443e-02,-3.726851606622136326e-02,-1.984450817468212114e-01,-1.971061723020447465e-01,-2.217501929190609788e-01,-1.443233447228359223e-01,-2.352474454090832112e-01,-2.129854825224580528e-01,-2.227540008665286619e-01,-3.369742953158847976e-01,-3.255613982413888552e-01,-3.353661810955539391e-01,-3.532748679711588680e-01,-4.315815866788505484e-01,-5.303247501846719558e-01,-4.857543049980561634e-01,-5.637931835184736284e-01,-5.453302956314579619e-01,-4.899629926788305334e-01,-5.844080537462066349e-01,-5.651545882667552423e-01,-6.383898801550689228e-01,-5.651404054311331970e-01,-5.942337242268492803e-01,-5.616932583941948165e-01,-6.039684593360764575e-01,-5.870867641779824453e-01,-6.187060506268809990e-01,-6.267087846811495444e-01,-6.597803156657974233e-01,-6.589460262846131844e-01,-6.571853220722669864e-01,-6.676856947908794693e-01,-6.953898331718181280e-01,-7.252395036210506074e-01,-7.550782440824423958e-01,-7.741141536602617057e-01,-7.905861365775650462e-01,-8.071674703172941889e-01
2.514732554932623543e-02,3.205071396581828103e-02,-2.043832644505919061e-01,-5.705332718543827675e-02,-2.176562326330698793e-01,-2.220955459378845809e-01,-2.332736743172705851e-01,-3.275377619931407192e-01,-3.429757334836851523e-01,-3.174129747491010733e-01,-2.744189329765593377e-01,-3.528465980342707087e-01,-4.870152569567719469e-01,-4.918520518084706916e-01,-5.211215573618258601e-01,-4.905479449316925145e-01,-5.119031070017706631e-01,-5.822188486081931735e-01,-5.139899199206845459e-01,-5.513936306492749351e-01,-5.619317525488692899e-01,-5.394646263041712464e-01,-4.765046647461220197e-01,-5.931183082671591666e-01,-5.888439822916904376e-01,-5.468910416421215448e-01,-5.650561264080194990e-01,-6.196688331300175268e-01,-5.925483337537886808e-01,-6.345631240284012042e-01,-6.343748015111203564e-01,-6.484502103524284466e-01,-6.540961764501400655e-01,-6.751349921546681010e-01,-6.624017431393963706e-01,-5.994756098299532932e-01,-7.178353292300484467e-01,-7.433447304662511579e-01,-7.654639719244600293e-01,-7.848165071903794310e-01
1.023696122902200689e-01,-8.854763258145416371e-02,-1.663140633712354710e-01,-1.137794506789292365e-01,2.035129384236531933e-02,-2.416793827913837622e-01,-1.875241762301842197e-01,-3.913775886924640290e-01,-1.894380759110445289e-01,-2.903147530075216309e-01,-2.750108418659948373e-01,-3.447892025977546404e-01,-3.386857891014319333e-01,-4.387533678734916731e-01,-3.910793850352483059e-01,-5.399256997598812502e-01,-5.313995180106831917e-01,-5.742556462991903476e-01,-6.548916083981547454e-01,-4.920790212844687317e-01,-5.499083415568634114e-01,-5.273448081517551067e-01,-5.445518889152076714e-01,-5.527634089795996353e-01,-5.653504138181516536e-01,-5.674907146366057198e-01,-6.022758803133674288e-01,-6.169769293207622018e-01,-5.730842981797867886e-01,-6.217970472206816313e-01,-6.192281893304171225e-01,-6.215358454417237999e-01,-6.334106851150792528e-01,-6.639526178454456806e-01,-6.870746704777722647e-01,-6.738325169732941600e-01,-5.186453767244606494e-01,-7.187394832674712797e-01,-7.406900200261409273e-01,-7.627762581718365853e-01
-5.384398538647065628e-03,-7.643867083730775114e-02,-4.731342718043529683e-02,-1.579092207792396896e-01,-2.992307446799233883e-01,-4.630655433631220702e-02,-1.411872647826637739e-01,-2.141242200885954683e-01,-1.056383409479943053e-01,-1.702775399919609356e-01,-3.114621730407592937e-01,-3.237920077666099350e-01,-3.624550439380290756e-01,-4.228521086087475012e-01,-5.285602540015307271e-01,-4.929406719069605036e-01,-4.697082423561698139e-01,-4.901383939559986191e-01,-5.006264330386513972e-01,-5.713773430903131834e-01,-5.109107631602426425e-01,-6.071543603351112761e-01,-5.164291685313303626e-01,-5.431950369380397214e-01,-6.007604303170016591e-01,-5.704914131939471389e-01,-5.636887070277533107e-01,-5.886543617786458293e-01,-5.739234780853905704e-01,-6.247104667155513047e-01,-6.222259144160997568e-01,-6.208454120383273267e-01,-6.243005694925123361e-01,-6.508696978365900998e-01,-6.496750443025252064e-01,-6.710649114745749211e-01,-6.552629332233198545e-01,-5.378491907391674820e-01,-6.750620634040604973e-01,-7.418685774498884333e-01
3.341802745263269814e-02,-1.666270664573418492e-01,-1.582032904707630361e-01,-2.789388876999414693e-02,-1.357490355847272567e-01,-1.705488914965681280e-01,-1.803011138543232916e-01,-1.935591543583085050e-01,-3.193948961719055846e-01,-2.790047663113546794e-01,-2.883538740772646491e-01,-4.254761640315350979e-01,-3.010535416440375811e-01,-4.377886667688794531e-01,-3.957873031232826966e-01,-4.741030864682871937e-01,-3.191316624721322603e-01,-4.446382425723579557e-01,-5.756482147059239773e-01,-5.354042822795772594e-01,-5.928389457342937430e-01,-5.230960230761438901e-01,-5.450326954855203576e-01,-5.450629044475726603e-01,-6.111454152551264452e-01,-5.686019625097107344e-01,-5.502093444918615406e-01,-5.479908239123016944e-01,-5.831036050569147200e-01,-5.832322656135821015e-01,-5.843451850844626483e-01,-6.022688858610494300e-01,-6.284099331489818585e-01,-6.173517024696990596e-01,-6.605280496655961953e-01,-6.462134693379671946e-01,-6.779716382989361412e-01,-7.006652970891518173e-01,-5.555332925987438442e-01,-6.741707754813857090e-01
-1.890477202540730428e-01,-4.507228360813126528e-02,-8.606580083163493933e-02,-9.315879631177655107e-02,-9.204580719086047358e-02,-9.854406708399374160e-02,-2.750972585948093796e-01,-1.086464696316544465e-01,-2.103713181611256977e-01,-2.005267164778946898e-01,-3.272085446668924757e-01,-4.393412735784529288e-01,-3.590655850857870646e-01,-4.746967110933280054e-01,-5.891626955748157091e-01,-4.530950528252472020e-01,-4.738169593542236324e-01,-4.155212070722054674e-01,-4.054080835449195286e-01,-4.465638396639122210e-01,-5.380807787727631686e-01,-5.129956676337240618e-01,-5.931426567080251289e-01,-5.817488856318385748e-01,-5.408419552071291880e-01,-5.449496983602925004e-01,-5.926899354508378126e-01,-5.689821600756684861e-01,-5.950312330146456663e-01,-6.546531928879560924e-01,-5.944087486034861367e-01,-6.165761797109416964e-01,-6.297478628874068063e-01,-6.242197742408970296e-01,-6.310926385052907372e-01,-6.322804868376327159e-01,-6.560473125443356812e-01,-6.795415068019214910e-01,-6.899326674137367110e-01,-6.371288133449899416e-01
7.299885760113213051e-02,8.035697711049361383e-03,-3.394779397715389641e-02,-3.272840338609959987e-02,-1.060244084684204141e-01,-1.503717784368904242e-01,-2.208054721382031182e-01,-2.744737876852657577e-01,-4.896214810559774144e-01,-3.428865434452142424e-01,-3.348649198540867289e-01,-4.233151851939407906e-01,-2.651460872925446854e-01,-3.893991524483448319e-01,-3.322486484349510549e-01,-4.257655212514344645e-01,-4.685836928938796886e-01,-4.609227654662506057e-01,-3.981295626612670890e-01,-4.875569558028858830e-01,-5.117907511542021393e-01,-5.661444089695122361e-01,-4.411611600867714755e-01,-5.624251164349719501e-01,-5.920557299164943554e-01,-5.552340387101767361e-01,-5.912477160354530081e-01,-5.945556593089500463e-01,-5.719130857237932908e-01,-6.278287699263406241e-01,-6.217018352411146642e-01,-5.861224395735499249e-01,-5.882312249672665416e-01,-5.988920587634580794e-01,-6.419858771280549936e-01,-6.361938925599105454e-01,-6.348832429244112285e-01,-6.610546702161955723e-01,-6.642564291731911652e-01,-6.816894013172000166e-01
1.050260337556852414e-01,-1.971068730114126366e-01,-2.328902431325736641e-02,-1.375363878166435405e-01,2.012993041824336082e-02,-8.412700943791358299e-02,-2.560801705201272704e-01,-1.552675897219485124e-01,-3.463253793507160561e-01,-3.272992799982289980e-01,-2.321178674676424025e-01,-2.755352884483032172e-01,-3.323889054226180639e-01,-4.145852609049918702e-01,-3.936336041955156295e-01,-3.955397612077817815e-01,-4.387489919003466077e-01,-4.898068193361648781e-01,-5.074022911167291872e-01,-5.525720390743137367e-01,-5.393933186580899264e-01,-5.441074648896088162e-01,-5.589625395531528929e-01,-5.483973547281560945e-01,-5.266920636475741491e-01,-5.639833601927536355e-01,-5.307245204488406642e-01,-5.565592510977064311e-01,-5.693377159964640999e-01,-5.486215161494477632e-01,-5.940717120835046217e-01,-6.449310232175325952e-01,-5.908242145142913460e-01,-6.286358006076554483e-01,-6.316083812280514076e-01,-6.321447587828914472e-01,-6.221141678943692410e-01,-6.341896744732815616e-01,-6.573481626252931642e-01,-6.502034684007006460e-01
6.116865034686354459e-03,-9.519150632435344206e-02,2.473372269565888085e-02,-3.423962794263009368e-02,-4.650271434612766180e-02,-1.316280958216820562e-01,-1.245430843041095692e-01,-1.056896738623148840e-01,-1.818133876692242523e-01,-2.024763326256793505e-01,-1.114495909678720892e-01,-3.493360066225902893e-01,-2.112671860350886777e-01,-2.923466308018919380e-01,-3.053897629941429437e-01,-4.670609107974820762e-01,-3.528725064534843914e-01,-4.495497245849011114e-01,-4.749997389013401738e-01,-4.901180753414249858e-01,-4.748564674906681216e-01,-4.270206898257294381e-01,-5.117116918406646731e-01,-4.830564710994513233e-01,-5.058925109738622305e-01,-4.991550900884179631e-01,-5.427566922323820986e-01,-5.350806424975576014e-01,-5.521441035655546559e-01,-5.700393376630150666e-01,-6.123154092204964316e-01,-6.205030562621062229e-01,-5.609845131135842156e-01,-5.490094477338094414e-01,-5.962494357780896426e-01,-6.197312297309841567e-01,-6.290352363179730899e-01,-6.237374263665292906e-01,-6.136511117635341517e-01,-6.519436835995232604e-01
5.502508145696471259e-02,-5.981084378966088771e-02,-7.360527176347285254e-03,-1.439501614989958933e-01,2.091073360401417974e-02,-2.037711563228115919e-01,-5.933286939527397663e-02,-1.438583165380163675e-01,-2.894128287779348385e-01,-2.184198252720349342e-01,-2.686242871377561015e-01,-3.429173273044944792e-01,-3.667249687991456231e-01,-2.885281136528313195e-01,-4.088915829306143390e-01,-3.661364955918219311e-01,-4.886466905734895283e-01,-5.807872408327739988e-01,-5.771569045110108709e-01,-4.048049233567003191e-01,-5.711364517431485321e-01,-5.063047241041030988e-01,-4.695035317036631572e-01,-6.200113210626675420e-01,-5.154166731101880172e-01,-4.953698933994452602e-01,-5.150588636917835528e-01,-5.373796114174813621e-01,-6.009110458218522854e-01,-6.044764122608937695e-01,-5.540781537478612906e-01,-6.227305070179054436e-01,-5.720131199853846216e-01,-5.761559829713616132e-01,-5.986635261828043841e-01,-6.354156006183627747e-01,-5.907835122589245591e-01,-6.048409998146458966e-01,-6.369355422680401668e-01,-6.438266364091567162e-01
-3.770825871662683570e-02,4.769749184949166436e-03,-1.605708805120867333e-01,-6.059075275655965293e-02,-1.995027531867926696e-01,-6.981402664587553486e-02,-6.982466033272033239e-03,-3.213161538059560729e-01,-1.290097610647433501e-01,-3.595428149130633355e-01,-2.959666659241969588e-01,-2.218818293153551890e-01,-2.910197812409646700e-01,-4.013623951734349160e-01,-4.008730259436452115e-01,-3.830645422751643991e-01,-3.349182705558239603e-01,-4.649664660635540181e-01,-3.349825920552545466e-01,-4.945003174828377923e-01,-4.581148665362946293e-01,-4.542708503712943879e-01,-5.049795050196673740e-01,-4.828385354298656562e-01,-6.409658297942668614e-01,-5.883403843590586657e-01,-5.348685805214383748e-01,-6.022914607196502290e-01,-5.275426732739573188e-01,-5.738163845670277707e-01,-5.631325020097432965e-01,-5.248817719750127342e-01,-5.924256313952050990e-01,-5.885316612847032447e-01,-6.304271180130638363e-01,-5.838470146059192567e-01,-6.265113187765413150e-01,-6.441211816796508227e-01,-6.171432145452924178e-01,-6.288123991904571719e-01
3.786260857410827380e-02,8.067037430965041944e-02,-9.827342530504767915e-02,-7.748937716742115844e-02,-1.251322809237180034e-01,-2.409073923155325425e-01,-3.497134453474719518e-01,-1.862847568131433262e-01,-1.723696321987203128e-01,-2.934340559139215765e-01,-2.961217147413263695e-01,-2.246762828892080455e-01,-3.259792958521999240e-01,-3.993983641654862415e-01,-4.487801318558149455e-01,-3.886223415116433211e-01,-3.006235556484492255e-01,-4.072562391986977448e-01,-4.315332137932570977e-01,-4.281919116076602916e-01,-4.762706308974346547e-01,-4.617069897841404313e-01,-5.175650738084961455e-01,-3.945845236364807218e-01,-5.491186000474193030e-01,-4.678096392180500773e-01,-5.512926907656106046e-01,-5.791473778229178082e-01,-5.470969642299385871e-01,-5.567700465013185607e-01,-5.518061303044030641e-01,-5.599402967282586241e-01,-6.141716810358148759e-01,-6.217192733983120112e-01,-5.687440067952101996e-01,-6.227875739210438910e-01,-6.131482339991567443e-01,-5.642452767194641172e-01,-6.102051874121666719e-01,-6.279132205495285834e-01
