-3.500523223251438831e-01,-4.892820182991448053e-01,-6.785550574362968490e-01,-8.169540324683780552e-01,-8.102667767503723972e-01,-8.112184674044935484e-01,-8.146287728725384314e-01,-8.166573372338850056e-01,-8.186788944530876133e-01,-8.177460404169825114e-01,-8.171116954178627712e-01,-8.147158662903156712e-01,-8.153555678254889028e-01,-8.161685322258723785e-01,-8.153585122148047093e-01,-8.157503809470054712e-01,-8.150899668113085195e-01,-8.165948939580194299e-01,-8.152033477300288933e-01,-8.160702700095793238e-01,-8.171821994611523365e-01,-8.149664127779447931e-01,-8.153036368964501346e-01,-8.162408887671445124e-01,-8.155288411280551264e-01,-8.162627007454493766e-01,-8.162475748899341577e-01,-8.154490413372973423e-01,-8.165329788939185152e-01,-8.165258468412746051e-01,-8.174757142645042718e-01,-8.156847712943148254e-01,-8.160828383698716104e-01,-8.168635917568232152e-01,-8.168036834924152778e-01,-8.152461479610024764e-01,-8.166094279627030827e-01,-8.155265484951955690e-01,-8.154083778410943228e-01,-8.156905866698210827e-01
-2.915978822808157171e-03,-4.542810465674923526e-01,-8.160293567934223669e-01,-8.223117880550481207e-01,-8.545119174267460371e-01,-8.548915948440155566e-01,-7.978674135657939370e-01,-7.436760283453881515e-01,-7.729042551407382389e-01,-7.888510592705022528e-01,-7.925358939612561215e-01,-8.135413259827365406e-01,-8.128275279689726185e-01,-8.203674342347974102e-01,-8.155942298379990074e-01,-8.257981764762948318e-01,-8.104729894719489014e-01,-8.145316455446590664e-01,-8.127027954428726053e-01,-8.136592295323594737e-01,-8.100099924931344342e-01,-8.089453200508809338e-01,-8.085581506196457546e-01,-8.018857766599586379e-01,-8.208707548879529137e-01,-8.217835174244695340e-01,-8.142543561922047646e-01,-8.155770548988462432e-01,-8.140803399127405360e-01,-8.148583023783120272e-01,-8.207447288134129826e-01,-8.237975150089119625e-01,-8.194243378971372005e-01,-8.125282681851220268e-01,-8.140014931569069523e-01,-8.168330644276023955e-01,-8.197480806353762972e-01,-8.184478096648351020e-01,-8.209798225589575171e-01,-8.149576217550578150e-01
5.907370318994419056e-02,-4.103219883623810960e-01,-6.570970418426894666e-01,-8.356103908890072374e-01,-5.463447360680183662e-01,-7.977452354252905220e-01,-8.102386998557892239e-01,-8.703347652606193696e-01,-7.629573826464273179e-01,-7.890710360431018033e-01,-7.823103847745699335e-01,-7.823691822558420661e-01,-8.354380134905838862e-01,-8.456579006605902116e-01,-8.006218343488562539e-01,-8.029941690772639529e-01,-8.382417013521067384e-01,-8.020813788816935075e-01,-8.258054689825444772e-01,-8.163725901554695907e-01,-8.126736656180134633e-01,-8.219022890463167919e-01,-7.991371014899475433e-01,-7.874037398300237633e-01,-8.011772655217611616e-01,-8.149333466404166115e-01,-8.270374581767272471e-01,-8.312428138114789089e-01,-8.166582230520630370e-01,-8.186469171476519202e-01,-8.138360332723439949e-01,-8.072896904126435347e-01,-8.091260477390337380e-01,-8.165661673533350928e-01,-8.170368257814963897e-01,-8.287452808706462504e-01,-8.224272989626921770e-01,-8.082966168017229336e-01,-8.071642123643727462e-01,-8.129224488804683846e-01
-8.966367200666938708e-02,-3.716422635290828058e-01,-4.351528828136281279e-01,-6.931697384534606377e-01,-7.705224237531907994e-01,-8.834254620845949368e-01,-5.473484332273105268e-01,-6.899628450462643725e-01,-7.352982018206279946e-01,-7.925277231676861600e-01,-8.075382535256038219e-01,-7.820883780372263061e-01,-7.959392470741349923e-01,-8.044549094579596105e-01,-7.910341518625402246e-01,-8.280636550015387787e-01,-7.864207669882948837e-01,-8.500795277720133436e-01,-8.065481048737693781e-01,-7.695093320038690621e-01,-8.462360673694965252e-01,-8.070604189026745479e-01,-8.264382376799643826e-01,-8.072770865087958159e-01,-8.040103026344177506e-01,-7.866753138281465940e-01,-7.891103457851876835e-01,-8.143214618142253780e-01,-7.991376193049735122e-01,-7.820863037380318961e-01,-7.821450667162304082e-01,-8.227841125696501168e-01,-8.327700390924824836e-01,-8.145668897386426632e-01,-8.385764400387755169e-01,-8.010764250524117225e-01,-7.912294576847676009e-01,-8.049240135295573362e-01,-8.107564020835141827e-01,-8.108081459144812486e-01
8.075139582554360929e-02,-1.951939485154907672e-01,-3.457041851036276037e-01,-4.777688872478662030e-01,-6.656345406032823098e-01,-7.021277238019487665e-01,-8.413193243875520810e-01,-8.945814893447903149e-01,-7.107012206796259335e-01,-6.430623789076211905e-01,-7.162051753799372200e-01,-7.402585708234218353e-01,-7.476560737490781650e-01,-7.400267393646925429e-01,-7.637078349705010982e-01,-7.388762844441572053e-01,-7.784948709644096132e-01,-7.993639269236509914e-01,-7.371799611669829222e-01,-7.991972531757770559e-01,-7.846168887251858681e-01,-8.348502497881750140e-01,-7.774932586475297169e-01,-8.236149356879161054e-01,-8.105367030989409916e-01,-8.452719006139454150e-01,-7.958926806382760066e-01,-7.896586405142239640e-01,-8.196396629676081513e-01,-7.807684180720282363e-01,-7.949729049193370312e-01,-8.094517004887539224e-01,-8.209689286041496059e-01,-7.885735750102769170e-01,-7.925004627116053468e-01,-8.008155914685785026e-01,-8.001896693590605514e-01,-7.990212086654061574e-01,-8.161443214634568344e-01,-7.942975193444122839e-01
9.518942244664724273e-02,-7.336624091271691517e-02,-3.725197854390701058e-01,-5.076496480206659223e-01,-5.813843598929587797e-01,-6.139607935673796479e-01,-3.185274838542959674e-01,-8.066952808361758098e-01,-8.677107334177940334e-01,-9.054222781346296101e-01,-5.518569077969097680e-01,-5.923505077842114996e-01,-7.321457182067864222e-01,-7.891076860270980209e-01,-7.779681840941962134e-01,-8.500891681108294629e-01,-8.521538737933317398e-01,-8.143343504602795768e-01,-9.079302951862128213e-01,-7.684677499536110012e-01,-7.591570305363213311e-01,-7.946679735420418833e-01,-7.509648306692563446e-01,-8.222991578243067368e-01,-7.893260769896012219e-01,-7.758535946708817743e-01,-7.901493683649122302e-01,-8.179508878924274251e-01,-7.842449274333610498e-01,-8.311257934012766802e-01,-8.138761991951385388e-01,-8.539090576722464521e-01,-8.198384613830512757e-01,-8.194693557708997433e-01,-8.247277774045970178e-01,-8.216914391712628607e-01,-8.272602538287746610e-01,-8.243794270419744219e-01,-8.147153706188238198e-01,-8.467623857264942044e-01
4.890580078867490244e-02,5.243065342983041152e-03,-2.773575780468404139e-01,-3.149879268368230845e-01,-4.389346010944712995e-01,-5.548599431300433871e-01,-6.409578583367792071e-01,-6.746594458877640532e-01,-7.794972142327564191e-01,-8.426018743048239168e-01,-8.850663531763353076e-01,-8.916837324679353083e-01,-6.068324066078690793e-01,-6.025212879696724144e-01,-8.076129651680954424e-01,-6.753838182808815649e-01,-7.903212435905049293e-01,-8.689775368326022598e-01,-7.513978668566015928e-01,-8.384842987770959599e-01,-8.547302782869663496e-01,-7.454468422665303518e-01,-7.124212127600023647e-01,-7.889440655009113401e-01,-8.333241732130826085e-01,-8.287334743149461502e-01,-7.776610134781095640e-01,-8.147774356811389174e-01,-7.793440353263694220e-01,-7.398819734035406714e-01,-8.119307795088614998e-01,-7.988856856127373174e-01,-8.127182401299140047e-01,-7.678413334124311040e-01,-8.056133541030904288e-01,-7.989222697607620827e-01,-7.802649614493846197e-01,-7.715160430154345272e-01,-8.408196506352308974e-01,-8.206513761066526191e-01
-4.337995535664719571e-02,-9.862866072574026644e-02,-2.175399646439992174e-01,-3.463684812277122993e-01,-4.083979802932289904e-01,-4.713617105043999556e-01,-5.795827722396039716e-01,-6.851877655491708241e-01,-6.605433909375985069e-01,-7.534575257328318676e-01,-8.188263234394091983e-01,-8.646777933052667287e-01,-8.969521204435614292e-01,-8.963612792093328396e-01,-5.095186090195988893e-01,-7.239120805947126813e-01,-6.510174037590042984e-01,-7.289649523859568214e-01,-7.949445647228569056e-01,-6.213271023967104068e-01,-7.990920523290712119e-01,-7.446400994078774538e-01,-8.150502732223829927e-01,-7.997262027373861493e-01,-7.807754998045445261e-01,-7.631876465917222241e-01,-6.841021238586770803e-01,-7.969065850826282382e-01,-7.902488637647364644e-01,-8.231196708468587753e-01,-7.873173752512561130e-01,-7.666351491774398008e-01,-7.990085234222641386e-01,-8.344998538629959661e-01,-7.365700275542345077e-01,-8.114659588181936112e-01,-7.934041231735552424e-01,-7.817382154189032040e-01,-7.926198780448346914e-01,-8.077593553164745810e-01
-6.864570672153211262e-02,-1.024251156115618261e-01,-2.027467957821260935e-01,-3.749303110546767792e-01,-4.344489122169849504e-01,-4.571772968365250822e-01,-5.038588057147932453e-01,-5.931555964454688912e-01,-6.227453935138793639e-01,-6.458243011546758172e-01,-7.286366252711484748e-01,-7.974368483682039432e-01,-8.436108441185868889e-01,-8.777926211939666157e-01,-9.000614947834929547e-01,-7.035878467120127988e-01,-5.120566052660905365e-01,-6.021685879556500920e-01,-6.349636186867831933e-01,-7.743969084129721514e-01,-7.422977710044585953e-01,-7.963419278660948120e-01,-7.790808940135546257e-01,-7.302220155346528241e-01,-7.101323987051688658e-01,-7.344101312845339180e-01,-7.765157873466995708e-01,-8.514688202669760120e-01,-8.183288822617811320e-01,-7.507865208265248613e-01,-8.710680809784449030e-01,-7.673746044077442985e-01,-8.319383343264161734e-01,-7.515704466942525475e-01,-7.769566937173875143e-01,-7.423227980375204371e-01,-8.007020181011523796e-01,-7.630030300946391009e-01,-7.850869770060817654e-01,-7.739251045160240317e-01
1.096216950634164716e-01,-7.815850475260420482e-02,-2.131388289179657614e-01,-1.814172146210955572e-01,-2.439586681128592394e-01,-4.349063311665845588e-01,-4.906542651339343419e-01,-5.851688959248199096e-01,-6.517305583279182635e-01,-6.874909101799029365e-01,-6.653083706199537373e-01,-7.126995526095764033e-01,-7.777816007761079176e-01,-8.251180137982175866e-01,-8.593753706882860666e-01,-8.872657103384113952e-01,-9.015619397879420793e-01,-7.341634537171233266e-01,-5.971186280342283270e-01,-4.638394544955514731e-01,-5.709936363252386959e-01,-7.180225664553322451e-01,-7.385553451023619820e-01,-8.554436910678053785e-01,-8.613400672674481617e-01,-8.178527964314338261e-01,-7.665486291261416341e-01,-6.452870956959394499e-01,-7.069504222499489732e-01,-8.753149114972947897e-01,-7.868630905664733000e-01,-8.362420755962497454e-01,-8.182530764544134749e-01,-7.872484962314548751e-01,-8.332308159906735012e-01,-8.441762384707730549e-01,-8.079616428702770525e-01,-7.875108370949064351e-01,-7.660535921593046860e-01,-7.695139618664680325e-01
-5.179825842775320766e-02,-2.253795269710227034e-01,-1.068579600434589882e-01,-3.665873132782034860e-01,-4.005022701960977982e-01,-4.015846698078610055e-01,-4.472499090337592187e-01,-4.604381787418258543e-01,-4.906706022830416014e-01,-5.643398322740803552e-01,-6.895543568642740206e-01,-6.815856234671376912e-01,-5.640140922171499316e-01,-7.564791620649443660e-01,-8.088277000683440354e-01,-8.434266744168792407e-01,-8.702825846663176934e-01,-8.918822183854575592e-01,-9.047123892539269407e-01,-5.852929056516633644e-01,-6.290012240669594634e-01,-4.639059525896056524e-01,-5.489304610549449182e-01,-6.516229873915490023e-01,-7.390385175136153784e-01,-8.177593644146378127e-01,-7.253845891357216802e-01,-6.956673111097730899e-01,-8.012285119232298580e-01,-8.165258302240324673e-01,-8.152737733734957137e-01,-7.935966232152811273e-01,-8.034006338275738734e-01,-7.785867864065920685e-01,-8.671412214981103483e-01,-7.584001621817350047e-01,-8.128427712899318758e-01,-7.345938690492582746e-01,-8.606319552112081661e-01,-8.526681281871280049e-01
1.621525836212505886e-02,-1.451039956352868400e-02,-2.275284284801436796e-01,-2.468254873578331343e-01,-2.249691018008666832e-01,-3.050797785296806008e-01,-3.535731417484634376e-01,-4.225523805784450193e-01,-5.286782569794520326e-01,-5.662647845931458868e-01,-5.968613265653002209e-01,-6.446453616597136449e-01,-6.690801643779591412e-01,-6.453795348321550440e-01,-7.485699206835396691e-01,-7.927234888025725956e-01,-8.294377547434927944e-01,-8.561289705017671725e-01,-8.800220109521492695e-01,-8.999974686719974803e-01,-9.065612432301145551e-01,-6.544235662177284585e-01,-5.309804353567908475e-01,-5.172220847291147949e-01,-5.965728250676280986e-01,-6.292678977226813242e-01,-7.111745240046456473e-01,-7.398603472256143343e-01,-7.446745732434020271e-01,-7.076855574498220891e-01,-6.878044826288419733e-01,-7.656950660270626097e-01,-8.368542163570477088e-01,-8.053141609307933324e-01,-7.617755483776120773e-01,-8.128636784063474341e-01,-7.739116162039588742e-01,-8.000006203052001386e-01,-8.818610150612592458e-01,-7.463073654696710246e-01
4.671944597357306078e-02,-1.045052830810164340e-01,-1.944927399073317353e-01,-1.795718375352968743e-01,-2.914421736073944946e-01,-4.513982493326050838e-01,-3.494352124038397900e-01,-4.773339862213960560e-01,-4.492634292053779843e-01,-5.638811295790957523e-01,-5.523231964623681600e-01,-6.274700445985000874e-01,-6.343992895407597477e-01,-6.526177213477607486e-01,-6.867759193250203564e-01,-7.309265182720160459e-01,-7.807654271827828563e-01,-8.157134507482773911e-01,-8.438838786123675773e-01,-8.667250098950386450e-01,-8.835225875459359335e-01,-9.004280964181499147e-01,-9.063077389940923378e-01,-6.864897722034624117e-01,-6.223216101781755549e-01,-4.273089550654339819e-01,-6.971362775597346184e-01,-7.064593878532927640e-01,-6.177136760084195322e-01,-7.998395585951185716e-01,-8.479458001633120023e-01,-6.977565798880148717e-01,-6.941898171327125500e-01,-7.716151266986189805e-01,-6.931391825437457355e-01,-6.806863694850956437e-01,-7.265691215768673716e-01,-8.573660020019556738e-01,-8.116627993785369144e-01,-8.186389301210594827e-01
-2.735150517036148005e-02,-1.457498347468633507e-02,-1.354892911019461854e-01,-2.217392219363824579e-01,-2.548015002908308180e-01,-3.533645650967368046e-01,-4.205187363967310410e-01,-4.910313212956020634e-01,-4.930242470064767901e-01,-4.179773894393534195e-01,-5.141147923933612196e-01,-5.525620431211757388e-01,-6.001062791739770752e-01,-6.148615556465210075e-01,-6.688260329824499140e-01,-6.898017965938444407e-01,-6.787908626084758756e-01,-7.680509838627190833e-01,-8.023248264626304804e-01,-8.321391632196772914e-01,-8.562548508244339773e-01,-8.755333896178055797e-01,-8.893876722709694871e-01,-8.941120981849812743e-01,-9.063211644305836368e-01,-6.010764231083060016e-01,-5.087404009169447239e-01,-4.707220319789795493e-01,-5.643653669294140807e-01,-5.449088729166743361e-01,-7.259211541141940005e-01,-6.070467560627442749e-01,-7.753945040610144002e-01,-7.428993530151575264e-01,-7.946688207267260662e-01,-6.926364207629058800e-01,-8.452918392295446504e-01,-8.421409390742714551e-01,-7.119278541349326472e-01,-8.481518042443447758e-01
1.167476925348844286e-01,-1.361858823457489931e-01,-1.056480506400107530e-02,-1.656916628469631558e-01,-2.197314572101162489e-01,-3.950881422710441071e-01,-2.598260649495277574e-01,-3.632254648503399630e-01,-3.441426462222689220e-01,-5.371352907276197852e-01,-5.714524038646591197e-01,-5.578539059769662689e-01,-5.581461359514252596e-01,-5.912587949310297297e-01,-6.941442392391242722e-01,-6.661178257293174365e-01,-6.558974386499724085e-01,-6.693090548709259568e-01,-7.552579891307579230e-01,-7.908665333105626694e-01,-8.204227879516606814e-01,-8.447579064588008890e-01,-8.655145469554804682e-01,-8.828463018218953851e-01,-8.933667528762430088e-01,-9.045367928081796682e-01,-8.690774498339390863e-01,-6.864415751857803061e-01,-5.832534724019510231e-01,-3.940754416013326766e-01,-5.930617879801782788e-01,-6.154197292722042301e-01,-6.282335304729869119e-01,-6.858361818266468513e-01,-8.087771223712824087e-01,-8.528302387624933090e-01,-7.000226590992679743e-01,-8.260079838937260943e-01,-7.554931924959220613e-01,-8.101533376695012612e-01
1.324426702490434093e-01,-2.287585835327449191e-01,-9.172320242276205127e-02,-2.637484264775350473e-01,-1.826654315096185865e-01,-2.315356289324368433e-01,-2.230448609090232293e-01,-4.010605942248664513e-01,-3.560397743274558713e-01,-4.625091652103320294e-01,-5.117487930105636407e-01,-4.622045151325696044e-01,-5.106082948172863123e-01,-5.654462323139319846e-01,-5.847597721192475673e-01,-6.543283960582940706e-01,-6.297408896918648136e-01,-6.700879432041300099e-01,-3.848164870917027414e-01,-7.224820123637126779e-01,-7.805895771540024564e-01,-8.094934294640326877e-01,-8.332359853529814897e-01,-8.545050386189075864e-01,-8.722399822410804582e-01,-8.853318194485917392e-01,-8.956561996883760646e-01,-9.087823901894764855e-01,-7.161158379536165519e-01,-7.359967637292176290e-01,-5.879524150300687868e-01,-5.739755132548053362e-01,-5.984092688911221147e-01,-6.388695321335650101e-01,-7.032669851244713888e-01,-6.849050173149104914e-01,-6.919540321106026903e-01,-7.195329071076594918e-01,-7.082346627935101058e-01,-7.693069018488132293e-01
-4.328954438165830143e-02,-4.695391563178450550e-02,-4.696955348455951473e-02,-3.703320450651850226e-01,-1.865462203560679932e-01,-2.384083776978744296e-01,-3.454955094943648608e-01,-3.397344429874608607e-01,-4.152657069476415330e-01,-3.444985089446080950e-01,-5.201427556168504163e-01,-4.492621406647150928e-01,-5.178559734481246180e-01,-5.814194194750660349e-01,-5.690052598468759992e-01,-6.183622137753037595e-01,-6.383260988401725511e-01,-6.666491632869070427e-01,-6.716404510213768164e-01,-6.548654799908593116e-01,-7.391422324381549114e-01,-7.707609771333988613e-01,-7.994555020299713988e-01,-8.235110929876193753e-01,-8.449261631286080210e-01,-8.627147249122796291e-01,-8.776004771660073089e-01,-8.875846435241054877e-01,-8.994037677798714103e-01,-8.998411166549443729e-01,-8.060160827680663553e-01,-5.655552513330150965e-01,-5.970099442796512612e-01,-4.819774426651901034e-01,-5.157265348120863013e-01,-5.772714390629869463e-01,-7.146664284066546191e-01,-6.213352827080550478e-01,-7.836478492853095057e-01,-7.820601125977116874e-01
6.592271339590996537e-02,-5.221634977707383107e-02,-1.244327268015339022e-01,-7.452229242651738084e-02,-1.121770601979643761e-01,-2.195335072035187463e-01,-3.201373489343712908e-01,-3.329285731041119467e-01,-3.833033513794300018e-01,-3.811932636677867192e-01,-3.809128127180741452e-01,-4.411755011589381104e-01,-4.781604525282551199e-01,-5.078435393779072715e-01,-5.600725483112167780e-01,-6.105512248151873100e-01,-6.164483952919570520e-01,-6.583382556902802607e-01,-6.557226502039034122e-01,-6.506451974485301104e-01,-6.616672252603983395e-01,-6.900164112579060260e-01,-7.621128657346637469e-01,-7.900082965102798171e-01,-8.143265819405597350e-01,-8.354916700828943776e-01,-8.543643469295542081e-01,-8.701356268487863144e-01,-8.851688019310997024e-01,-8.949276622235857737e-01,-9.006564143855942950e-01,-9.066423848856079992e-01,-6.594513927708572920e-01,-5.357954965091443755e-01,-6.120747842396460081e-01,-6.487585429274879134e-01,-6.057652660030187208e-01,-6.422167860974602460e-01,-6.737958579153445760e-01,-6.628738366427465722e-01
-1.312513300076916800e-01,-4.452225252118691134e-02,-6.524968899475667994e-02,-2.796354264496015915e-02,-1.582340333909380559e-01,-1.681142201700223104e-01,-2.584264831033935561e-01,-3.036123601664160176e-01,-3.298073105686511464e-01,-3.028203083699870235e-01,-4.133357401308214163e-01,-3.907509610402141731e-01,-4.749805585756277093e-01,-5.154000395080805541e-01,-5.460390832246341253e-01,-5.525544890475965198e-01,-5.986995732680945315e-01,-6.022632254037514343e-01,-6.641891846904053320e-01,-6.799387655345331405e-01,-6.773617985788801255e-01,-6.679795661451867206e-01,-6.697445562271194808e-01,-7.544702619060150717e-01,-7.814252256733281721e-01,-8.052061502835334839e-01,-8.265409982945493006e-01,-8.441841425779990082e-01,-8.608311512040491831e-01,-8.744952864181878560e-01,-8.843858175970022995e-01,-8.991164682067529501e-01,-9.082281612921569991e-01,-9.100399622010267864e-01,-6.061285918504513148e-01,-6.194839663854961875e-01,-5.955556497610785538e-01,-6.596080602095806267e-01,-6.081298105600446702e-01,-5.059903093321299616e-01
7.764581545138539431e-02,-1.960397429132714267e-02,-3.900575775866815115e-02,-9.832665597237869037e-02,-2.755828454073745437e-01,-1.656481387445386533e-01,-1.541837309436671077e-01,-2.782474191663552587e-01,-3.787907258606839633e-01,-3.458101840707500374e-01,-4.011406753810030645e-01,-3.343160568665785592e-01,-4.203831161639146052e-01,-4.875566222212839307e-01,-5.507660029431398208e-01,-5.590472553312385573e-01,-5.525609972772268508e-01,-5.817860240102767921e-01,-6.157607411209177206e-01,-6.609840575858743073e-01,-6.331309631109226510e-01,-6.911012160128692239e-01,-6.843885946200720660e-01,-7.136698668770662390e-01,-7.478385636141536841e-01,-7.723024354059226937e-01,-7.955741645286436015e-01,-8.179040716226343433e-01,-8.360872866916324586e-01,-8.532124897988037082e-01,-8.684013881271934743e-01,-8.756393212280967342e-01,-8.941286826563416001e-01,-8.978922364609687179e-01,-9.014570743378839124e-01,-7.811790310674748827e-01,-6.623764976084712819e-01,-6.381323767427334870e-01,-4.545984370365321325e-01,-6.627270300742238440e-01
-1.061174697124264710e-01,-1.150478198777231120e-01,-1.384852000155624707e-01,-1.889923410062273323e-01,-1.924559217653597498e-01,-1.827314312835938981e-01,-4.120954745223668891e-01,-2.284406607452504068e-01,-2.955598115500852052e-01,-3.032582716445427207e-01,-4.490902564078834702e-01,-4.050174166643238371e-01,-3.712959633099769396e-01,-3.905773412439309533e-01,-4.523260605766868947e-01,-4.706214030498004353e-01,-5.189329230889604405e-01,-6.091216245010202535e-01,-5.783613576401465117e-01,-5.837871158736079868e-01,-6.713665831230241077e-01,-6.402116358620095760e-01,-6.719978673258624191e-01,-6.718671514058126570e-01,-5.305917527220963548e-01,-7.310419747546987868e-01,-7.580580666987707383e-01,-7.889316610825617415e-01,-8.094298646941201492e-01,-8.286765432057573433e-01,-8.452878561846923766e-01,-8.608239207693328954e-01,-8.729436480885534033e-01,-8.804290231227528407e-01,-8.963518876864983165e-01,-9.058511766788910347e-01,-9.080644827713357792e-01,-9.082778471667893871e-01,-5.871072914658191921e-01,-7.792457112399741037e-01
8.676272019809948277e-02,-1.098267168010751971e-01,-1.170220840619594915e-01,-1.447675853906859322e-01,-2.006802386662492055e-01,-4.643584892250651186e-01,-2.319200377755477882e-01,-2.033501405323311917e-01,-1.923435761672875333e-01,-3.907417281391143971e-01,-4.158282383760337209e-01,-3.434919137098700892e-01,-3.056105680456732143e-01,-4.704460124619304073e-01,-4.798744891737167229e-01,-5.128401518064841236e-01,-5.295165764159636135e-01,-5.328812814696520794e-01,-5.791699712397344602e-01,-5.943496417344646954e-01,-6.002049640396260877e-01,-6.589993864665885104e-01,-6.640099521879018196e-01,-6.810505219628120166e-01,-6.805376509840705967e-01,-6.526315767036428017e-01,-7.058332248813528054e-01,-7.559966147557444227e-01,-7.816198406694591094e-01,-8.021568980105856506e-01,-8.208327744576296991e-01,-8.378494590801683906e-01,-8.530775844396242258e-01,-8.654393173044301335e-01,-8.765287140093014351e-01,-8.889860281759669469e-01,-8.966265521323404375e-01,-9.023173717871254551e-01,-9.001905954839464208e-01,-8.525795781105465210e-01
-3.786859000119535516e-03,-7.441344667225156806e-02,-2.009747607910947198e-01,-2.441197944772259890e-02,-1.886524921546181288e-01,-5.283972267523010663e-02,-1.104604992477830755e-01,-1.467024431804325180e-01,-3.204671257354555491e-01,-4.682733020617920183e-01,-3.246522998256481385e-01,-2.793463316153873000e-01,-4.080394129834034600e-01,-4.336718412198142802e-01,-3.836638782764684730e-01,-4.984454667584276022e-01,-5.153230643797892530e-01,-5.504962211676541761e-01,-5.198723623432914831e-01,-5.967507654145006724e-01,-6.003587007617592342e-01,-6.265736033985079834e-01,-6.404094514445157760e-01,-6.594182649766862081e-01,-6.762917582721580390e-01,-6.812561544966847515e-01,-5.948518384473678866e-01,-7.012246845755297775e-01,-7.507108837666989221e-01,-7.704227565931199839e-01,-7.949585685017847014e-01,-8.135064426066034304e-01,-8.301062560089226272e-01,-8.455306563764533045e-01,-8.575095977123662339e-01,-8.713900057429783130e-01,-8.805488712563886988e-01,-8.879165306890243192e-01,-8.987368114337520586e-01,-8.618756728695465830e-01
-1.145352958297002760e-01,-9.525566627609419190e-02,-2.471902549842839442e-02,-1.457248124823340152e-01,-1.809919168126236655e-01,-2.558174288674011643e-01,-1.115337225607963972e-01,-2.767274941935646271e-01,-3.797521754769299651e-01,-3.150312342916104513e-01,-3.821702884750240448e-01,-3.408698508911766623e-01,-3.143623780257576161e-01,-4.277281111984961859e-01,-5.063310730993644260e-01,-3.672618904100303783e-01,-4.154985432105167131e-01,-4.918265329432281452e-01,-4.885914763316832610e-01,-5.509188652535281783e-01,-5.509050276905704813e-01,-6.262450500225665850e-01,-6.491351850891583508e-01,-6.238986302040300247e-01,-6.783491510402512858e-01,-6.378595242568775303e-01,-6.716620116546976327e-01,-6.945508323795667183e-01,-6.701522366349631499e-01,-7.301394742231290813e-01,-7.643113571923308980e-01,-7.849946295978275090e-01,-8.064742146984545945e-01,-8.233151477214790681e-01,-7.920301815547861057e-01,-8.507798135108204374e-01,-8.616910379704444400e-01,-8.744349335084196095e-01,-8.836784011079088508e-01,-8.947132654574948551e-01
-1.467430574058980683e-02,-5.080840593905692343e-02,-5.977798376748966538e-03,-1.677412900496100256e-01,-8.401297657375568495e-02,-1.027193809224543480e-01,-1.265246565918671517e-01,-2.496546048545936758e-01,-2.986734410062003020e-01,-2.614172426096023072e-01,-3.149805229061027334e-01,-3.163872257665075183e-01,-4.306000876469772698e-01,-3.395434312037798330e-01,-4.259614623789884646e-01,-4.246830371191709919e-01,-3.735744133777511022e-01,-5.157458020738865390e-01,-5.094623124013627491e-01,-5.060317124280122592e-01,-5.604654414291183606e-01,-6.083326911873031539e-01,-5.757924010155811567e-01,-6.179862732784855428e-01,-6.492582046968461418e-01,-6.606077745143364988e-01,-6.540425955667610314e-01,-6.901016478198583881e-01,-6.912668422159102821e-01,-6.452009875770620129e-01,-7.262201533858099189e-01,-7.603303560005748585e-01,-7.797456237492635944e-01,-7.998438884301529717e-01,-8.165738584898157848e-01,-8.316570751640498527e-01,-8.456648579635976937e-01,-8.562173352640344293e-01,-8.683117762778079785e-01,-8.784611291499332397e-01
1.908637935402805394e-02,2.401410258603214540e-02,-4.397060408316682406e-02,-1.924122454155791917e-01,-1.175611323657161367e-01,-1.786829493499189347e-01,-2.658822974697578334e-01,-2.333424876001529424e-01,-2.375931559433794860e-01,-2.248215056912236665e-01,-2.715199679531842269e-01,-2.879897297233494635e-01,-3.239445611880411580e-01,-4.163487251471812423e-01,-4.490905678831590420e-01,-4.680304170568298505e-01,-4.836601549670556111e-01,-5.122757319144104482e-01,-4.674434938921864791e-01,-5.342581059822529843e-01,-5.300946093047056440e-01,-5.644709320404380781e-01,-6.176112505193036561e-01,-6.147434564055778150e-01,-6.693802842075007309e-01,-6.888710279276187842e-01,-6.578504383399521593e-01,-6.673496168937828044e-01,-6.583842652035475362e-01,-6.714077830025048099e-01,-5.494296196522925335e-01,-7.247345480230047432e-01,-7.468922663927344274e-01,-7.726020274186766734e-01,-7.913917287990827054e-01,-8.099996916856978535e-01,-8.252330407394345979e-01,-8.389764472359871883e-01,-8.491319228808912323e-01,-8.609788981133479346e-01
-3.151061943336769949e-02,-8.204681735727646641e-02,-5.203145486288636434e-02,-1.359625752761478845e-01,-2.846511690755867269e-02,-2.711126316198540498e-01,-1.563803344756166669e-01,-1.916264075579174608e-01,-2.257049882565414778e-01,-2.731401600640647187e-01,-2.805770490348138413e-01,-3.922290058837953342e-01,-4.598445456464457237e-01,-3.428567150972772759e-01,-4.565921434817448721e-01,-3.507759552089972366e-01,-4.262421722286922066e-01,-5.271202642514319914e-01,-5.275179429115823826e-01,-5.192554153064843359e-01,-5.145746647146532959e-01,-5.517914962789313149e-01,-5.427633210876324776e-01,-5.675128956283211901e-01,-6.404521096900681609e-01,-6.244076809951106810e-01,-6.046375001384459713e-01,-6.257324038422770185e-01,-6.640651887402295728e-01,-6.624637308368945821e-01,-6.849242542498489295e-01,-4.677479328434797634e-01,-7.091228516997941655e-01,-7.374432104242027997e-01,-7.655050853796558918e-01,-7.852285646143563058e-01,-8.038796607935262406e-01,-8.190647027078102882e-01,-8.327288955599253528e-01,-8.452609246446037838e-01
4.831914379634452000e-03,-7.629232247756864704e-02,-1.668022416348079878e-02,-5.460977711322984735e-02,-1.446335718745243859e-01,-1.766822973544748820e-01,-3.283184824001235680e-01,-2.092827417114167254e-01,-2.032408291837038139e-01,-1.898318170286264761e-01,-1.923738825958292709e-01,-2.661157481417268378e-01,-3.042266886544849336e-01,-3.160230969983351956e-01,-3.511291682147361093e-01,-4.308510414992022253e-01,-4.622708501991131258e-01,-4.504733276807576514e-01,-5.405856726024605985e-01,-5.102596289892054049e-01,-5.077089126738789648e-01,-5.084843674243958445e-01,-5.555739039109808264e-01,-5.390335993819697080e-01,-6.172236094325210809e-01,-5.765220013234007013e-01,-6.497797288043851704e-01,-7.153392018886238768e-01,-6.553655462036164225e-01,-6.561847041152184534e-01,-6.520208976579696669e-01,-6.678953053729725919e-01,-6.319691011450281337e-01,-6.788825210799810383e-01,-7.363976311092881311e-01,-7.455883344376943445e-01,-7.811178461425554165e-01,-7.975295944497313716e-01,-8.130840170720650129e-01,-8.269162805926555393e-01
7.721861891163440961e-02,7.573716771407448811e-02,-1.069448892289715791e-01,-1.830428919790696302e-02,-9.611177885603053306e-02,-1.752795415642193766e-01,-1.640739816255441241e-01,-1.921086778645708926e-01,-3.984653043009845352e-01,-4.334827112855055842e-01,-3.294044233824225398e-01,-3.195337904678034469e-01,-2.416973399001901834e-01,-3.486617582831395001e-01,-2.846591401762754159e-01,-4.056000607007817504e-01,-5.406165545753560675e-01,-4.339262724081803801e-01,-4.334962210919409697e-01,-4.487260889414502740e-01,-5.009654018953811905e-01,-5.049057409357983195e-01,-5.240003694864049377e-01,-5.295756704379442903e-01,-6.331948270550412650e-01,-6.304489289313489619e-01,-6.385180112191936042e-01,-6.243085050553000004e-01,-6.817328319228808109e-01,-6.230466293045812121e-01,-6.858328514203388959e-01,-6.945613400080127287e-01,-6.630385684147681591e-01,-7.066782773810886820e-01,-6.446723194179477812e-01,-7.279914763079332607e-01,-7.463645396466686011e-01,-7.743196884064939001e-01,-7.917898935531529903e-01,-8.072951338900847817e-01
-7.308444552738724460e-03,-8.237533886012476936e-02,-9.924746369168145621e-02,-1.680283703141260410e-01,-1.671398372947045796e-01,-6.883344984741719685e-02,-1.633260632877661378e-01,-1.478797545995076956e-01,-2.893899160406519511e-01,-3.051640655089700727e-01,-3.182949530056010667e-01,-2.621511525257519404e-01,-2.371391486671139137e-01,-3.983419125951238593e-01,-4.018309762945992403e-01,-4.179511669952730712e-01,-4.446559123230482413e-01,-4.716345789311590098e-01,-3.916893169205938885e-01,-4.273093887795080814e-01,-4.594645588610310472e-01,-4.823512048634713278e-01,-5.528559759337053903e-01,-5.565684154775222270e-01,-5.655757431019495796e-01,-5.935769929280978463e-01,-6.091150942615588537e-01,-6.280854971539095999e-01,-6.331571025325833935e-01,-6.468387647788911288e-01,-6.585232304516626112e-01,-6.720849721487925921e-01,-6.803929491218780878e-01,-6.661652130468931343e-01,-6.902392214497623524e-01,-5.957627533411525844e-01,-7.066957076608820776e-01,-7.386736768821026144e-01,-7.659937574565139906e-01,-7.859582355990707425e-01
-4.949917933622116628e-02,6.951321718923060512e-04,7.173517651912600379e-02,-6.550870756398871619e-02,-2.350733687752661893e-01,-7.156777708640510438e-02,-1.383088673379231914e-01,-2.340266089844017794e-01,-2.730489199816296120e-01,-2.616190250459331512e-01,-2.883998900501670293e-01,-3.277856064017185544e-01,-3.455649372471951697e-01,-4.108809578991931000e-01,-3.327144498634294623e-01,-3.423260629405623923e-01,-2.955756987652685686e-01,-3.515521443078205577e-01,-5.268136439050360442e-01,-4.267057534664262519e-01,-4.628928827613851826e-01,-5.291739116141926935e-01,-4.441853815473117417e-01,-5.672569971471571604e-01,-5.207069125282023370e-01,-6.101395294226025223e-01,-6.049492404503805654e-01,-5.876293189886890866e-01,-6.077022168886065945e-01,-6.475830978658273507e-01,-6.304458396263415976e-01,-6.303385934102967436e-01,-6.598046471534710911e-01,-6.550730801834094841e-01,-6.468437782843534656e-01,-6.749091231910610000e-01,-4.056592589311145969e-01,-7.010840810535156065e-01,-7.356788797298754456e-01,-7.593091099864939242e-01
8.964996516348162914e-02,6.236999562400940937e-03,-1.513966589479389356e-02,-5.055319750335652423e-02,-8.560959864468745129e-02,-1.217669138137043583e-01,-1.671045726600955683e-01,-2.041632792833823207e-01,-9.762559469515703914e-02,-3.326343521136322368e-01,-3.183730010273252420e-01,-2.805431137051768165e-01,-2.463049669483506343e-01,-2.244614557823282897e-01,-3.472194697670559771e-01,-2.928520518784112903e-01,-3.621292547957341568e-01,-3.547490836128170399e-01,-4.783938812980220723e-01,-4.684978115623271711e-01,-4.715580543689459336e-01,-4.277670175222973992e-01,-4.554147153499250589e-01,-4.662512723415340177e-01,-5.278238080822396094e-01,-5.461199048094770303e-01,-5.747972694010022865e-01,-5.861482245246796285e-01,-6.168034335544905211e-01,-6.245834767570552781e-01,-5.922521342598638938e-01,-6.451790954962139946e-01,-6.293064900129387018e-01,-6.763208175169659331e-01,-6.565247920026419104e-01,-6.765481066254986908e-01,-6.798822444043691737e-01,-5.252190291370397723e-01,-6.960846190678203760e-01,-7.363107351923970922e-01
1.125626522721612406e-02,-6.036680802556809028e-02,-1.738436844837173145e-01,-4.144449198690566133e-02,-5.359079724189735189e-02,-1.359608108874421351e-01,-2.685338223267274560e-01,-3.034938956915188002e-01,-3.211334810859967082e-01,-2.708024717517571456e-01,-2.509121843510043193e-01,-2.242231581774823401e-01,-2.702515170725830473e-01,-2.980846190578606558e-01,-3.452608985992231538e-01,-3.448352434791870924e-01,-4.264312285107840217e-01,-3.931507863474730247e-01,-3.252012492250343501e-01,-4.448555260239425158e-01,-5.093162628833907135e-01,-4.821067560395853047e-01,-4.636401935173562472e-01,-5.018211655549896788e-01,-5.410369648398063447e-01,-5.370085384681854146e-01,-5.273828718339887978e-01,-5.161876333591269850e-01,-5.800922038767152289e-01,-5.959410857692714059e-01,-6.295390876326169005e-01,-6.147089497987916484e-01,-6.208526634210053130e-01,-6.363343395218922227e-01,-6.573826289791664390e-01,-6.446468414498200961e-01,-6.690435588923655530e-01,-7.052134268406156092e-01,-6.067369372095487989e-01,-6.684324081075404544e-01
5.503116316822620480e-02,-9.493307928312308408e-02,-2.057178707700490217e-01,-6.161085491699965638e-02,-6.045489441619023019e-02,-1.411113160430491065e-01,-1.345669810432668922e-01,-8.969393442701588393e-02,-2.561857527328110229e-01,-1.752765034162079849e-01,-2.275153891934643957e-01,-2.657945444467191831e-01,-3.963093209837439956e-01,-1.993616194627282900e-01,-3.755585094348344311e-01,-2.521779144161120367e-01,-2.998189529477262583e-01,-4.565974763640311407e-01,-4.020550335684024423e-01,-3.816594869948641833e-01,-3.900244713076002623e-01,-4.809530368057520766e-01,-5.423895790358062019e-01,-4.704910963752971798e-01,-4.568907884946501463e-01,-4.865398407347736320e-01,-5.548904093172640772e-01,-5.616952837468910387e-01,-5.468117386707584959e-01,-5.904394336789180464e-01,-6.451649493861878470e-01,-6.380868746063120822e-01,-6.333108878087591043e-01,-6.598996970199750844e-01,-6.452732278782662423e-01,-6.535475123491379934e-01,-6.606287703886655205e-01,-6.544574798383545611e-01,-6.605828686751478163e-01,-6.526262649659556603e-01
-5.623785515937679974e-02,-5.996083198723421714e-02,-5.975356842216531655e-02,8.084667181265223213e-02,-1.323514038058797027e-01,-1.619205676720738840e-01,-2.033427719219849383e-01,-2.116749461085810358e-01,-2.520315178868412498e-01,-1.540833798947089661e-01,-3.273640274948796947e-01,-1.938350172185720754e-01,-3.021893113036446255e-01,-2.721770552611272320e-01,-3.103983776317562615e-01,-2.591669506013264401e-01,-2.991065823145148683e-01,-4.546239715419360672e-01,-3.177787576245664214e-01,-4.298933294004552153e-01,-4.399510064770621454e-01,-4.771767614326804519e-01,-3.975729661674742843e-01,-4.423371713475490741e-01,-4.621242712943832154e-01,-4.951923225516147165e-01,-5.307238411105085207e-01,-5.181246575537129528e-01,-5.291158820359365134e-01,-5.430885025516878351e-01,-5.916773867546452070e-01,-5.922388883121773029e-01,-6.130127641678810857e-01,-6.585633092405565048e-01,-6.374537058037398340e-01,-6.408458340004062892e-01,-6.512773386049468538e-01,-6.697275461488972903e-01,-6.972939450787546400e-01,-6.930608658383989873e-01
3.610899239232342323e-02,-8.153956293586762938e-02,-1.518818227822423261e-01,-9.748886922597897742e-02,-2.705689970319634097e-01,-9.900141841491091887e-02,-1.083260174650282209e-01,-2.093450773149826694e-01,-2.395313414138826313e-01,-1.710102977529650292e-01,-3.094971061813983626e-01,-2.636627907781057267e-01,-1.981306596269077069e-01,-2.329766116932557862e-01,-2.851761032184916278e-01,-4.851029044081824337e-01,-3.284060788896578931e-01,-3.087905121795285757e-01,-4.393943864024915102e-01,-3.739845006316608322e-01,-5.681121926911000264e-01,-4.132672124293556570e-01,-4.152998739821434637e-01,-4.751342244571720719e-01,-5.108358910186493462e-01,-5.706335255530707862e-01,-4.907511546733082097e-01,-4.843819441507062340e-01,-4.933957039843436809e-01,-5.442880819169048090e-01,-5.754520134796604625e-01,-6.146831784634000373e-01,-6.273874742325702414e-01,-6.181266343502805904e-01,-6.526211678760146517e-01,-6.229432053102891276e-01,-6.475714351581315364e-01,-6.448646372255389947e-01,-6.657738160670964023e-01,-7.226528625396494432e-01
-1.262747270935054844e-01,-7.273256719548951144e-02,-1.837255606531111932e-02,1.265745706988970600e-03,-1.849849930475751594e-02,-1.755234120893516825e-01,-2.153826630198579783e-01,-2.898108064177525381e-02,-1.759073432058668729e-01,-2.040493855454284522e-01,-1.749443825223914728e-01,-2.150411749787779492e-01,-2.535293489117243504e-01,-2.892908213036504139e-01,-2.749757929422127489e-01,-3.663872232824545438e-01,-3.127498003554424755e-01,-3.330776181356182586e-01,-3.567937719196508928e-01,-3.775171938425089246e-01,-3.823877056864620760e-01,-4.721660342511274089e-01,-4.260684442356061918e-01,-4.254139796951450503e-01,-5.305860023178384788e-01,-4.779639920018438626e-01,-4.471696387900364611e-01,-4.946375864921725429e-01,-4.932988052972892556e-01,-5.494489296124943634e-01,-5.202190073081841559e-01,-5.540752868592536684e-01,-5.964980932222813115e-01,-5.932025621760939060e-01,-6.296507123384812443e-01,-6.252557759866040898e-01,-6.958448796992833252e-01,-6.687500871147465942e-01,-6.591460989340173215e-01,-6.893113864881262876e-01
9.964470475484892009e-02,-9.837303572701869281e-02,-1.421987915780840717e-01,2.241970125359099651e-03,-8.857845499002504897e-02,-1.181809790227716095e-01,-1.992509873275814802e-01,-1.681986854180613222e-01,-2.238059464090647321e-01,-1.719955546198728980e-01,-2.109166556452545527e-01,-3.144217937672761920e-01,-3.276755749782970240e-01,-3.540220224004190785e-01,-2.311729928620572805e-01,-3.307764957835429565e-01,-2.363111311774920564e-01,-4.291748340828055452e-01,-3.261961623738480198e-01,-4.188547192863158464e-01,-4.507155272552565983e-01,-4.391549575526535465e-01,-4.926317000928826517e-01,-4.384731499927818632e-01,-4.550579921537111217e-01,-3.906641346408369908e-01,-5.395672469264393145e-01,-5.213216904648967365e-01,-4.535390708183077990e-01,-5.620577642879858171e-01,-5.599974408837086193e-01,-5.874594769451589871e-01,-5.917088792026236055e-01,-5.868047108828575720e-01,-6.091690547233087338e-01,-6.473386549490893760e-01,-6.744549472894612041e-01,-6.595004350672064586e-01,-6.899982916931239885e-01,-6.949090229914133277e-01
5.266759587697627393e-02,-7.507696902150784446e-02,-4.243104264941943704e-02,-5.162706351230327007e-02,-1.322379856411610988e-01,-1.582922096830638725e-01,-2.049570341041548338e-01,-1.577280289898478627e-01,-2.140342248986495111e-01,-1.127140382614909980e-01,-2.680253992975746291e-01,-2.480066039051154192e-01,-3.143089228547139014e-01,-2.349678340822982936e-01,-3.329575567712695916e-01,-2.571701730860962987e-01,-3.615616130977817311e-01,-3.793461771215453360e-01,-3.722617746090222668e-01,-2.892752933871354792e-01,-4.269196544198987087e-01,-4.557867133105207857e-01,-4.757288904119592043e-01,-4.095075591515163760e-01,-4.977055323746670812e-01,-4.757828496631528181e-01,-4.214566569308930144e-01,-4.914285239135898209e-01,-5.802234889156286934e-01,-5.383770034160232365e-01,-5.552898859471341320e-01,-5.090558116070016403e-01,-5.255235135110638556e-01,-5.857592908712240254e-01,-6.099909863848876901e-01,-5.902221501189347519e-01,-6.344588768388245148e-01,-6.518207843090578768e-01,-6.455489437194372737e-01,-6.683417571466421236e-01
-5.745413971651438384e-02,-1.468781167781829933e-01,-1.900061037348811654e-01,-1.373913341771004493e-01,-1.882958903211684465e-01,-1.255206819576440147e-01,-1.423416031199784548e-01,-2.107643220469616052e-01,-2.332806618178133173e-01,-1.975169534926831671e-01,-2.044848322615830660e-01,-3.292954030179721103e-01,-2.284286578736504647e-01,-3.104606138518029579e-01,-2.610761656029384481e-01,-4.035612109119744995e-01,-3.401061164248065372e-01,-3.560519152524782571e-01,-3.809028341715976484e-01,-3.799460308647254481e-01,-3.969748804415585974e-01,-3.652783794566172304e-01,-3.995677453966541282e-01,-4.290418581275718402e-01,-4.794702992121278595e-01,-4.723393558521863933e-01,-4.499438840012081608e-01,-5.162637094000971372e-01,-4.746890702487587266e-01,-5.076413109684904112e-01,-5.370009002796368724e-01,-5.616023957174725023e-01,-5.503587396512925611e-01,-5.898021814954758080e-01,-5.971680125040950138e-01,-6.013516142409657261e-01,-5.903924414473634696e-01,-6.408076477155880690e-01,-6.608727834669854140e-01,-6.777867895227472905e-01
