7.810220387803850084e-01,6.629375078984149476e-05,1.671364153608693170e-01,3.070162940056366252e-01,4.116446148061462806e-01,3.700231896620966854e-01,2.932295493251458329e-01,3.794709090764392667e-01,4.631735726219225469e-01,4.595949012661595390e-01,6.572894760890936050e-01,5.046524767090391217e-01,6.368669853822288562e-01,5.489082170669460359e-01,5.461267858101542805e-01,6.114838598574571238e-01,7.062528954790653346e-01,6.872467876450875091e-01,5.494103414366821037e-01,6.352993613113353533e-01,6.330945714376584599e-01,5.791010149002019380e-01,5.872189176217438300e-01,5.574217754876698017e-01,6.622506082304530084e-01,5.596081576577331962e-01,7.322533646829039178e-01,5.978502881493846788e-01,6.478849047707823106e-01,5.337310468833148525e-01,6.044947992857430119e-01,6.425720080649550692e-01,6.267383391128168446e-01,6.998351329478230687e-01,7.367699364233106785e-01,6.700396615176954507e-01,7.067254919525555179e-01,5.710081603133810857e-01,6.505787939749699822e-01,7.165566263392147972e-01
8.160066477520928618e-01,7.636150033814843585e-01,5.572422674402989218e-01,6.451271349451670467e-01,3.115170376997120072e-01,3.155037613714188893e-01,1.875812356136175307e-01,5.595050736904943339e-02,8.303224382550990212e-02,-1.948029810493879729e-02,-1.690224907775989688e-02,4.675076036760456716e-02,-1.997436518496113408e-02,1.109625862275185615e-01,2.683779017069034406e-02,9.149444287945474041e-02,2.403301777111707116e-01,1.385859922207705597e-01,1.269642563217550368e-01,1.447659309061859467e-01,1.145370904503796722e-01,1.557125725120649951e-01,1.895943509703377772e-01,1.566718062808424017e-01,2.257493587580061412e-01,2.098115830271878035e-01,3.273398290300711388e-01,1.344065832420103801e-01,2.242759878407670215e-01,2.685123500702988886e-01,1.653528495915404795e-01,1.804973244536228760e-01,1.552457072153950735e-01,2.184272250773833524e-01,4.691008646226438872e-01,2.551811902925265052e-01,4.039975223358842626e-01,2.265769533128858815e-01,2.532318021282016218e-01,4.632654669793064284e-01
8.157131704012348106e-01,8.057056560044222326e-01,7.612541304752645788e-01,7.037001635377440056e-01,3.584361639893325902e-01,5.240531830361202514e-01,5.373666683646651787e-01,3.697618998461582041e-01,3.250257951622774200e-01,3.953938870935471694e-01,2.158790402535101516e-01,1.720980866931133280e-01,4.333983771434510301e-02,1.021813808591363615e-01,1.196082777247456375e-01,5.260593812168849748e-02,5.986681477268020191e-02,1.378702329055920064e-02,7.715768094050765892e-03,8.162362038719887802e-02,-4.148769724204771220e-02,4.664147737889183520e-02,3.430885127484273843e-03,9.763237412104046331e-03,2.916995904843118145e-02,-1.095693172222711974e-02,1.568921181992086883e-02,7.772773050648973392e-02,7.228120724396309982e-02,8.161082181407787461e-02,2.981726219302162362e-02,3.541806853769776525e-02,1.403470868913396508e-01,1.718829469141903710e-01,2.166736673129880109e-01,2.156436089161100078e-01,1.553233090764945257e-01,4.355440296901348651e-02,5.554034590754080430e-02,1.677480002455315478e-01
8.154999416704737936e-01,8.125886300951732366e-01,7.826898550440738456e-01,6.725313325898472083e-01,7.489409209075490459e-01,6.919555575429437999e-01,4.845519919455632540e-01,6.143662514213719117e-01,5.326874459025103814e-01,6.193830548921849255e-01,3.845832665500205083e-01,5.626849991434004217e-01,5.471495179062324521e-01,3.827067469326014826e-01,4.184777180435739763e-01,2.348763388041358868e-01,1.608850835443231264e-01,1.659253714371399235e-01,2.599936013991712702e-01,1.528016299610185647e-01,1.067695994400741644e-01,2.750781841163215877e-02,6.014162354075756195e-02,7.710115796295773094e-02,-6.174101524815247231e-03,1.920628496608254090e-02,-4.267682501572733073e-02,-1.287926254036927259e-02,-5.180561288224896227e-02,-5.934142180284086854e-02,5.263517876262539114e-02,-1.961748874778031226e-02,-3.447802336317176697e-02,4.729909175727462639e-02,2.427909466721088830e-02,6.112014617631645469e-02,-2.995061527318017280e-02,-2.400146396291019321e-02,-6.279921259872135036e-03,5.165873939638262677e-03
8.156592760519804086e-01,8.140693777897362038e-01,8.049049325725157189e-01,7.348578064898917406e-01,7.680535716941164770e-01,7.339503657061470232e-01,7.090989218314340814e-01,5.109078214622130298e-01,5.587150007299033216e-01,5.081112493308473921e-01,5.594615938798945809e-01,5.811851299481547439e-01,4.338571475140447498e-01,4.495148091371608534e-01,4.272333267124622802e-01,4.743433878559545347e-01,3.053189634282443277e-01,4.669516607139923003e-01,4.614426137079178925e-01,5.375500868122027320e-01,3.213953334633878889e-01,8.946010399186415940e-02,1.188550305383644506e-01,1.063014204816594560e-01,4.863373341610336548e-02,1.116859272057624114e-01,3.804028272472805006e-02,9.385109809489877719e-02,8.324660333943721680e-02,6.845475850358288816e-02,7.051752111625025909e-02,5.768614440554985928e-02,1.229126870166322161e-01,-4.911360136608704935e-02,1.034124535119014532e-02,-2.737062230621910980e-02,-3.713886229129809147e-02,-2.495151290779863348e-02,8.834821427444412845e-02,4.250844707343973822e-02
7.552883170630387832e-01,8.150009734825734986e-01,8.083681177672663587e-01,7.994432008049601190e-01,7.925279132546948491e-01,7.670707479283316310e-01,7.271305956956060079e-01,6.863461802397763378e-01,6.938014786044127691e-01,3.932872207216655536e-01,4.113411986139217102e-01,4.274897596724650528e-01,4.641077603743892777e-01,6.057223959537838542e-01,4.808847121766716692e-01,3.839212919543038005e-01,6.160030206372241190e-01,3.788588794456803077e-01,4.634266757587421903e-01,6.200018964850045888e-01,4.895138005238072743e-01,4.657485813284756859e-01,4.078251121113880551e-01,3.877435896965637507e-01,4.551757757725572451e-01,3.048069638463403175e-01,1.234849214013539337e-01,1.696482701830491768e-01,1.135337802702846427e-01,1.684983290716788595e-01,8.785869632213640090e-02,1.598859073614430359e-01,1.156105112944536550e-01,1.221582188702317884e-01,1.087170219050405118e-01,8.614300809119970759e-02,7.622962068864837237e-02,8.976993622193030209e-02,8.288456510226387131e-02,6.552411931019891389e-02
8.160310506176432499e-01,7.721785656721233959e-01,8.007867825735542899e-01,8.056847271745832817e-01,8.018038617175468064e-01,7.968189864963405311e-01,7.693054226848150545e-01,7.456808574291082792e-01,7.433321484360224662e-01,7.006581587761838703e-01,6.573608341989800596e-01,5.467834808450002804e-01,6.647994221889568234e-01,5.055583906272063111e-01,5.126138464280862728e-01,3.898001431485353385e-01,4.000039177017155057e-01,4.388574937534309162e-01,5.339716113645467388e-01,6.059576183839258112e-01,4.987902441707381951e-01,5.564802441887242157e-01,4.531379358261174439e-01,3.215650779600147113e-01,2.765712788554471890e-01,4.605689431454332849e-01,4.345958656531361819e-01,5.383581675921654819e-01,4.869074506139940972e-01,5.502829029518344628e-01,2.086234417558345544e-01,2.425631345980459597e-01,1.684462236389537015e-01,1.298290659885366904e-01,1.638357472115906655e-01,5.493378770539849437e-02,5.132831440950249430e-02,7.835460076076901370e-02,7.552706272075639105e-02,6.873436996163957702e-02
8.160267007591126553e-01,8.143830546519987834e-01,8.134253713296119015e-01,7.775249330286615468e-01,8.050256020386001854e-01,7.943407185208316568e-01,7.823134190998689563e-01,7.558424647096178006e-01,7.474736062034522677e-01,7.308147390517367725e-01,7.142513641554405490e-01,6.951713806651466099e-01,4.865855414256529676e-01,6.372230716262459183e-01,6.080333655273213456e-01,4.336247802712728250e-01,5.233027927398142820e-01,5.870219137430366940e-01,4.429431894061770514e-01,5.234274580579526548e-01,5.410731011339445784e-01,3.916603821775329619e-01,4.278826836963470770e-01,3.617147101089961403e-01,4.253488595902707448e-01,4.954850422944395150e-01,4.412324347255809354e-01,5.072985925428541432e-01,3.448500693735027101e-01,5.239002895881867961e-01,4.983239315194118446e-01,4.233060669327842196e-01,5.678096087629034283e-01,4.315991364757157389e-01,3.649476560974644346e-01,2.742282586716505710e-01,2.012764893309353098e-01,2.322364989350052811e-01,1.291603394488162193e-01,9.330090675460758765e-02
8.160406724088246078e-01,8.149487168642147727e-01,8.146388298425135677e-01,8.128889128247683837e-01,8.111152010519108169e-01,8.059225006943149250e-01,7.964814033867655407e-01,7.764426433757130042e-01,7.625152762603160106e-01,7.202182313920272305e-01,7.159807065979123530e-01,7.017093608359773471e-01,7.119475650800468625e-01,7.285698346973316086e-01,4.973266708194164498e-01,5.407467485721533240e-01,6.136065557384339231e-01,5.723893238658254168e-01,5.358546041739824517e-01,5.505867293249333549e-01,4.510087700211067863e-01,4.315028677925517031e-01,6.085527165520286941e-01,5.425947771649093365e-01,5.326992706767930130e-01,5.224393651127677840e-01,4.765903590104461074e-01,4.989376847846845875e-01,4.821803319245732133e-01,6.056620628436963916e-01,5.043042295790070018e-01,4.753194742801152284e-01,4.481143542225161647e-01,5.008715115074477975e-01,4.194633613157743857e-01,5.073319213644469361e-01,5.247247708336325589e-01,4.462988342157783173e-01,5.329212074700940827e-01,3.478476732220867063e-01
8.158840562276670205e-01,8.151640198390588399e-01,8.137236445440209076e-01,8.104544808476533690e-01,8.095613162611181579e-01,8.016971716821474914e-01,7.993639167126408429e-01,7.946208810444220783e-01,7.846778106018312826e-01,7.629913209723542256e-01,7.380743217402481182e-01,6.895538073426937808e-01,7.205271452280292976e-01,7.204802279298820888e-01,6.983567337551802590e-01,6.579686649730127623e-01,4.812624440862651731e-01,5.867389973780294810e-01,5.212817754567224959e-01,5.156709428662284989e-01,5.127763729950546301e-01,5.408082222186026966e-01,3.094278161072683275e-01,4.840594436267771083e-01,6.012599017348567720e-01,6.424431641262963177e-01,4.455644394451343526e-01,5.605406271863119239e-01,4.950599246679733834e-01,4.197778973757125276e-01,4.555800268255789098e-01,5.192455664358275325e-01,4.566289370977801299e-01,5.140027102046554885e-01,5.790919230957174424e-01,4.486728817760134436e-01,5.342621268887242092e-01,3.529769491011394145e-01,3.848536671706758727e-01,4.773089578708700209e-01
8.160563864689177604e-01,8.159478766231534896e-01,8.141913244493783619e-01,8.128228886658847019e-01,8.121120296015399420e-01,8.052225141422163501e-01,8.057979498531890883e-01,7.512865029157916874e-01,7.932030870597489569e-01,7.770163195376275089e-01,7.147736313066221925e-01,7.496153665279630118e-01,7.328688150866262685e-01,6.683547708948998078e-01,7.136917490378540396e-01,7.301534129563712616e-01,6.847345423916467722e-01,6.495436211117309178e-01,5.023963572063921967e-01,5.600528197892907789e-01,5.134613834794919951e-01,5.404587708522263778e-01,5.328492547413427038e-01,5.546507639527724631e-01,5.851763303845174402e-01,5.657771525762865794e-01,4.570590845736010044e-01,4.766167006309536269e-01,5.248742389393663554e-01,4.354812514188006189e-01,6.866821722562808095e-01,3.221629839814313390e-01,4.011277902437683784e-01,5.020561522643721686e-01,5.071177891481670752e-01,5.231243836098383726e-01,4.305786828359037810e-01,4.895393868170305196e-01,4.891761184541740248e-01,4.146311598229039941e-01
7.729578851859281174e-01,8.165430042399205446e-01,7.932549750040964742e-01,8.137980491420457874e-01,8.107708840250992255e-01,8.060875917891529019e-01,8.056861445876226657e-01,8.011526911123999506e-01,7.933939618308045727e-01,7.921782597665044667e-01,7.850874401933451985e-01,7.659142618909066114e-01,7.481734597728881830e-01,7.409063513770833831e-01,7.169927363957037114e-01,6.782677136902626192e-01,6.932013362585737193e-01,6.791219493792945983e-01,7.053118893346680407e-01,5.113848951013930666e-01,4.493820463555791012e-01,5.759324124448921278e-01,6.260828289116352474e-01,5.904564540787238247e-01,5.208858329453064373e-01,4.346792308614943479e-01,5.461394368414674849e-01,4.622191141198940811e-01,5.962796249301433038e-01,4.980777610395746846e-01,6.485836556119630725e-01,5.926627680746286986e-01,4.059760342320068438e-01,3.296918986304947508e-01,3.376809845709979330e-01,2.984921170164602788e-01,4.659258095298156599e-01,3.778795006834627102e-01,5.489197707367829970e-01,3.459944669791068517e-01
8.160435785915626239e-01,8.161682496998018399e-01,7.949079714251132689e-01,8.131440907463687306e-01,8.131105890794245727e-01,8.100444130366006856e-01,8.059496469029981958e-01,8.045949625977074637e-01,7.912859407444075011e-01,7.936562317362698682e-01,7.917729877995239862e-01,7.805338191950107474e-01,7.179828091824183023e-01,7.528841462141729890e-01,7.249901890132036675e-01,7.358209757539199147e-01,7.490864550391215237e-01,6.987128514354178366e-01,7.051725604249159396e-01,6.900496016186828951e-01,4.777012239447572250e-01,6.183417276497917836e-01,5.886341383969477814e-01,5.788471542459441288e-01,4.513912120925270832e-01,4.469905627938139947e-01,5.163743145733269424e-01,4.951921371415060058e-01,4.105980368005814896e-01,5.764034187378823670e-01,5.773903750565911874e-01,5.363711987020602923e-01,3.203888646641426252e-01,6.117526050322129594e-01,4.017774424527227328e-01,5.686920850379304504e-01,4.065213605624944382e-01,5.566022331019717662e-01,6.198154799431425666e-01,5.751663204759136505e-01
8.160785722332715153e-01,8.153857465816199968e-01,8.149470768956774691e-01,8.078956408144504220e-01,8.107607550618940451e-01,8.119251114004288894e-01,8.088376401228001278e-01,7.849220597908679320e-01,7.993248575836505720e-01,7.504213815848408409e-01,7.967283193489563820e-01,7.469584631157777377e-01,7.848252457844716590e-01,7.697049974967610231e-01,7.661717499499232087e-01,6.974427868003371112e-01,7.258278436929280764e-01,7.258073971453656847e-01,6.710722368387357362e-01,7.096996288573628187e-01,7.105777409867197747e-01,6.945518179029795958e-01,5.276603715692491647e-01,5.699243321594803513e-01,3.842897879276814810e-01,7.020677582245289372e-01,6.704286620246405759e-01,6.121802219494174579e-01,6.083907030453878928e-01,4.015789497887923831e-01,6.304173579354699353e-01,5.747383825760921106e-01,5.647706008655999366e-01,5.481034394167357826e-01,4.617926878012796332e-01,5.694996252409099124e-01,5.696023660996554216e-01,6.237237173009275715e-01,4.161987998554062540e-01,3.882596969487714378e-01
8.160198548143113850e-01,8.158329012084801768e-01,8.156299752907733014e-01,7.858000998076271060e-01,8.070306314571210615e-01,8.108337340757578726e-01,8.072905657203491847e-01,8.099166606837916449e-01,7.558206886913294564e-01,8.009810522059498394e-01,7.918832439213965291e-01,8.007653504590913629e-01,7.814633140406067602e-01,7.673553943418216505e-01,7.724551165891114790e-01,7.701736941686685434e-01,7.451832753781900687e-01,6.888027790339836809e-01,7.357357820382462998e-01,6.482705215514584784e-01,6.905023521684773291e-01,7.116068897491100165e-01,6.966353373600483456e-01,7.167659711657999866e-01,5.693130618529272935e-01,5.792454894095880880e-01,4.762229946173673900e-01,6.329691872996980884e-01,5.426860999540090713e-01,3.940732109069984834e-01,4.179393469713189035e-01,3.520455214801505583e-01,4.954151270834903364e-01,6.590540750151400173e-01,5.166140526794827936e-01,6.467803029471230758e-01,4.965341734788432104e-01,4.349434516762643033e-01,5.743294829788877509e-01,3.144278897378369186e-01
8.160627202105139588e-01,8.159819722722073676e-01,8.161549405362784615e-01,8.131490406612360555e-01,8.042700328673613175e-01,8.097704487311387922e-01,8.116717289195409801e-01,8.088372304582741590e-01,7.439027155277554426e-01,8.000811099536592197e-01,7.902933987010365424e-01,7.950368425872114120e-01,7.685811169401968179e-01,7.906113497893108022e-01,7.728219907625653029e-01,7.758255102861481012e-01,7.553929993789889608e-01,7.025233656959277706e-01,6.891463356776115212e-01,7.100190503290477739e-01,7.085303519825862928e-01,7.138652502920230791e-01,7.358990159710636636e-01,7.045776016563328747e-01,7.327382432366500442e-01,5.124612843593008282e-01,5.065893685796664103e-01,3.937904737465190985e-01,4.481489386643875972e-01,4.934145211214249760e-01,4.311114167120063678e-01,5.281623103698356303e-01,5.358629327421436939e-01,4.338019926813144744e-01,5.338876929486110479e-01,5.729688384318892824e-01,3.387185399991372581e-01,5.562542530979637245e-01,5.591011621582613333e-01,5.146470241877360019e-01
8.161346766790001928e-01,8.158108635076466442e-01,8.148534377143433760e-01,8.155754664079651883e-01,8.090858345665704610e-01,8.085958113650729695e-01,8.086525927355687760e-01,8.088180879248074717e-01,8.059824154356173276e-01,8.070831868268187881e-01,7.994982420651840505e-01,7.969076423029309852e-01,7.912404391257435998e-01,7.897295163664905804e-01,7.811330089863282033e-01,7.789775214214308408e-01,7.730078769816849382e-01,7.785467396094486459e-01,7.577110926886414521e-01,7.408124722483425684e-01,7.453833684098296608e-01,7.079705644554029620e-01,6.810308832936711188e-01,7.051368881374119324e-01,7.008688909466285200e-01,7.133147270275861374e-01,7.094752056208938340e-01,5.228251217166579590e-01,6.087695509084417589e-01,4.071620564621382665e-01,5.188665014516695706e-01,4.984511230101777435e-01,4.821111740791472200e-01,4.222435598676979041e-01,4.747107236490854532e-01,5.821200660190410936e-01,5.472853518639508863e-01,6.846485978669143435e-01,5.494672948496557296e-01,6.700181116734994502e-01
8.161269508861851429e-01,8.157868019654171965e-01,8.164491082466688310e-01,8.023197755094799710e-01,8.143613548007230252e-01,8.128685356979863386e-01,8.090847484798548983e-01,8.092830198347905624e-01,8.071834686080886501e-01,8.054310690200844336e-01,8.010665289968472713e-01,7.990655254426112242e-01,8.023133314053451093e-01,7.494618202568690268e-01,7.860950178556113110e-01,7.374516003024421673e-01,7.738479144544602173e-01,7.752020395814882558e-01,7.545331503135378481e-01,7.550508890747544832e-01,7.451049672624796560e-01,7.205968856367360731e-01,6.799487185150989710e-01,4.521734909024691107e-01,7.368403709252018263e-01,7.092546582733945115e-01,7.100366071567623116e-01,6.991573988803041484e-01,6.692542122304324659e-01,5.211467500837846378e-01,4.902171182696019036e-01,4.926200260032809752e-01,6.546706666269926922e-01,5.538096173565584257e-01,6.502313871787237520e-01,6.263787033694189210e-01,5.521262915014305550e-01,3.605065113072600247e-01,5.631774494261223563e-01,5.932350512787540886e-01
8.161205394277309955e-01,8.163218659034855440e-01,8.144109451421818191e-01,8.143003195939799710e-01,8.115098214084069950e-01,8.132263011962037602e-01,8.101426497040038477e-01,8.117957049285984272e-01,8.095939625635161230e-01,8.064424217808970896e-01,8.061368902255456881e-01,8.006277807615036490e-01,7.871391267723510943e-01,7.959918251831586966e-01,7.750133796121089214e-01,7.918080799225264421e-01,7.837851954439708502e-01,7.675848076615824356e-01,7.647220256828489715e-01,7.398729544724842455e-01,7.734731650938672098e-01,7.516152262463189349e-01,7.270286335110531795e-01,7.357547472722202331e-01,7.347059482056350621e-01,6.734213105167483615e-01,6.896060285117443511e-01,7.322322495954990407e-01,7.371926542187614562e-01,6.787445584888093242e-01,4.245654135862964029e-01,5.496923832980721292e-01,6.033699429604795217e-01,4.950457773151840657e-01,4.685746795421528721e-01,3.467191381620639001e-01,4.497612888176403811e-01,4.483312153546062384e-01,5.109520575773306428e-01,4.197010234044758481e-01
8.160486286637236297e-01,8.157654563923336655e-01,8.154666454000486508e-01,8.152311678794609273e-01,8.144643836075943222e-01,8.140935484159821378e-01,8.115847019965152231e-01,8.108431619588224448e-01,8.067592944572249403e-01,8.084322022320793444e-01,8.078309225864660492e-01,8.034617745391657850e-01,8.019287372189445318e-01,7.939380853353131817e-01,7.971547465355990347e-01,7.878230711098533900e-01,7.902823582452823681e-01,7.805241295302511872e-01,7.859645509925975437e-01,7.107235991693409138e-01,7.647102876990370390e-01,7.601866359604785295e-01,7.309794063060937042e-01,7.517405209465558569e-01,7.380964899247900446e-01,6.965382825334524020e-01,6.944366378747806046e-01,6.928925872594824398e-01,7.083465656459184689e-01,7.248469611293009152e-01,7.036951604596003440e-01,6.869451156334268616e-01,5.514926452013826363e-01,5.836255209360194929e-01,5.081952736063451992e-01,5.636301235211615968e-01,6.244839781091721109e-01,4.408551630175209790e-01,5.898781723229132856e-01,5.895082282684602770e-01
8.161037273434876838e-01,8.159057680973907933e-01,8.159007900243605560e-01,7.919570021581662234e-01,8.149366493999656846e-01,8.126051343100243463e-01,8.132512904455613256e-01,8.092582536500599888e-01,8.099588692836610093e-01,8.072581066583619513e-01,7.726050489647774411e-01,8.043413801840015864e-01,8.011646466536417321e-01,7.892033459583981392e-01,7.921756113086985129e-01,7.913482686593786841e-01,7.870025227794846812e-01,7.890258420343446710e-01,7.801665245933852022e-01,7.853516088364533854e-01,7.681649388360480835e-01,7.670881788062643425e-01,7.532326200603127742e-01,7.215493150852502202e-01,7.303721460744923011e-01,6.812445809838761912e-01,7.065250847593439465e-01,5.875740294902117578e-01,7.214986609631558467e-01,7.173251867941196069e-01,7.287644723616640841e-01,7.126918839788413118e-01,7.236098461222537637e-01,5.445234208885804117e-01,4.907177611454438537e-01,3.949073501789774343e-01,2.997834593884469156e-01,7.197489527580106516e-01,5.030593291995925087e-01,5.987934332691966510e-01
8.160593250191404691e-01,8.157432485596189942e-01,8.159405637832130020e-01,8.146911682471219551e-01,8.155888466386846947e-01,8.144684942013393769e-01,8.132318026472542538e-01,8.128620576656163665e-01,7.584291493993319255e-01,7.665393719843538456e-01,7.504915761781314476e-01,8.062174259139041066e-01,8.030988904442971643e-01,7.982526680248408502e-01,8.020924840780427889e-01,7.987575575872515321e-01,7.920067456976997988e-01,7.841858868226345702e-01,7.823330881355392563e-01,7.851968151087929115e-01,7.756048702308774301e-01,7.226307418771108493e-01,7.601623928403236086e-01,7.568535405057665866e-01,7.378541008051838768e-01,7.427309786811029380e-01,7.442468293856442374e-01,7.128929558239656128e-01,7.385489316699460627e-01,6.966957266864969300e-01,7.368479015646826058e-01,6.932917781277185831e-01,7.059129365551467528e-01,7.310825044765669745e-01,7.036107537978391058e-01,6.253011870971014741e-01,6.065343662117975709e-01,4.254839292892702574e-01,5.317221203199672397e-01,6.138023725394701202e-01
8.161051257515934410e-01,8.158598463397551681e-01,8.158014446978549827e-01,8.150991732395516109e-01,8.151700012318943145e-01,7.863840808662480031e-01,8.130931318694961663e-01,8.128789757335480592e-01,8.123738655032166633e-01,8.109100030905438405e-01,8.120306873562345151e-01,8.042048802160667309e-01,8.033120264780769793e-01,8.043353305162163069e-01,8.019294051032063164e-01,7.976815544759126020e-01,7.965802165897938325e-01,7.446730892410485803e-01,7.871959287797841709e-01,7.805726515061832682e-01,7.766309963376168968e-01,7.776172817580027097e-01,7.770324677054772922e-01,7.224511726699054392e-01,7.529017365104515580e-01,7.632063974750618041e-01,7.436021069162176422e-01,7.338776273731776323e-01,7.069452200562124089e-01,7.483094462346115971e-01,6.837543286257607988e-01,7.046792996788868724e-01,7.061988879616856174e-01,6.780071168237847834e-01,7.072386417236539158e-01,7.326304999695303355e-01,6.452202244961365851e-01,4.919678423659940014e-01,3.965335602314172259e-01,6.216727003163511345e-01
7.733791546258713678e-01,8.161580365989618002e-01,8.158867472983866165e-01,8.088466357979611221e-01,8.147478813831171562e-01,8.139620783165231188e-01,8.142814951964947312e-01,8.143356860326094182e-01,8.117191935648634393e-01,8.102082014590168413e-01,8.091667965791760064e-01,7.908813919364976464e-01,8.078931166489173865e-01,8.053151420057615972e-01,8.005221710641259314e-01,8.034432737111611988e-01,7.944630487285209153e-01,7.978858489509912388e-01,7.917040330054302411e-01,7.894606883066472847e-01,7.818934993475937789e-01,7.752797754429617827e-01,7.744308638801582489e-01,7.648977275165655954e-01,7.717028487306388795e-01,7.597188002698919140e-01,7.527064588755489893e-01,7.309590233253430158e-01,7.452668014708888622e-01,7.026206438433313384e-01,7.433042605144637438e-01,5.644096427414457828e-01,7.136494090873951590e-01,7.121309742404811072e-01,7.161724979079506781e-01,6.962080268068462363e-01,6.844474521976220416e-01,7.081071806058644169e-01,6.467698170580272743e-01,4.455584056090654554e-01
8.160509080795363968e-01,7.705351085220726315e-01,8.156513664673616937e-01,8.153096107510273693e-01,8.154564530633523489e-01,8.131784237356317613e-01,8.134153525756725456e-01,7.758571507970509762e-01,8.125434783746712242e-01,7.520194697348151491e-01,8.104566920578770706e-01,8.078631322471662157e-01,8.061664956715003383e-01,8.061725246023870861e-01,7.989878749765824129e-01,7.992758110190073539e-01,8.017388579471435017e-01,8.003267293644402702e-01,7.880202179913992078e-01,7.796789476104861727e-01,7.867295084529832838e-01,7.819416037210201731e-01,7.738855607361059263e-01,7.629505048447581261e-01,7.791853248376556795e-01,7.004312339714333646e-01,7.266677216440357023e-01,7.545006491829551187e-01,7.434957849473524671e-01,7.311233349469898890e-01,7.386373008742289636e-01,7.198508333896868061e-01,7.217939979638315906e-01,6.769080967249438974e-01,6.952982530112228332e-01,7.003893605149826840e-01,7.238781579557603818e-01,6.851913217391040201e-01,7.288434895202433594e-01,6.853098844476207541e-01
8.160744566770472552e-01,8.161763832068335001e-01,8.159023802953352389e-01,8.155879949132800455e-01,8.154017154628682151e-01,7.670879428428633018e-01,8.142228116454491849e-01,8.136136231949382402e-01,8.120877072399177443e-01,8.126206948587355594e-01,8.109993349275328445e-01,8.093541068890952594e-01,8.081393740461292330e-01,7.844354021003451249e-01,8.069932482688561004e-01,8.011569547779919809e-01,7.996178565903244717e-01,7.943554691452558991e-01,7.961848278935869105e-01,7.886389469389238904e-01,7.862265483829200541e-01,7.767284698737365600e-01,7.789090635259219297e-01,7.782480606201012119e-01,7.793758390649573320e-01,7.727993819504147543e-01,7.669288465376866704e-01,7.614870885293688607e-01,7.471496337781408092e-01,6.899716693311389593e-01,7.533804507936471273e-01,6.919115494368789365e-01,7.426738600943618707e-01,7.462553905502171681e-01,7.159108609550794977e-01,7.289139834507796234e-01,6.962346857028869351e-01,6.922657984298762335e-01,6.956773589849717387e-01,7.073191898870981875e-01
8.160875307806307877e-01,8.160447146101236227e-01,8.156282241697309088e-01,8.149801657352827577e-01,8.145856680970752217e-01,8.141338070297150509e-01,8.151570529505425267e-01,8.147234541830036259e-01,8.134945305293370676e-01,8.067876172379171429e-01,8.111483542643178613e-01,8.081562111961205774e-01,8.062498475009954868e-01,8.029719989601465935e-01,8.050138079844226802e-01,8.017868540891386342e-01,8.005107189981749416e-01,7.991287540566009984e-01,7.927162920297003978e-01,7.429880836931596066e-01,7.941663419695205173e-01,7.647441491727124951e-01,7.857981170757699640e-01,7.789704429906580962e-01,7.673716244486883387e-01,7.649646114626481586e-01,7.681766186387676276e-01,7.609664515068833568e-01,7.575030469942443112e-01,7.509584774658190076e-01,7.490331811132545647e-01,7.487196984040505043e-01,7.398963060964227623e-01,6.835488087522985090e-01,7.470876482109839456e-01,6.988769103512392222e-01,7.040584796149089719e-01,7.217208565930713915e-01,7.294428381918278692e-01,7.027019874633809726e-01
8.160951346962498354e-01,8.156632083627998187e-01,7.749388699018027182e-01,8.158825551279672572e-01,8.132027322312076478e-01,8.148338382200254193e-01,8.162161888368872908e-01,8.046977599815412496e-01,8.120793157263282991e-01,8.120344090491268263e-01,8.104108417770184980e-01,8.074867591869715477e-01,8.082615273638635855e-01,8.069681536896909924e-01,8.039061474690963882e-01,7.986284026378852596e-01,7.987214299348986968e-01,8.007228842073230712e-01,7.972693049897272566e-01,7.981202227841956987e-01,7.979673574458674423e-01,7.918498224593228940e-01,7.842913210749331565e-01,7.811612500114398783e-01,7.762164502631045959e-01,7.793027342270002489e-01,7.712785163576348912e-01,7.575781090440181220e-01,7.693466959118263615e-01,7.752378082103482670e-01,7.614866032896459025e-01,7.136308571749859775e-01,7.543392733956608698e-01,6.678517655518416696e-01,6.688956952376127196e-01,6.925335733233086710e-01,6.862518376087110017e-01,6.510290758798602528e-01,6.838027331613114601e-01,6.991238618881071565e-01
8.161075034852292021e-01,8.159207845224046851e-01,8.156633477208714567e-01,8.157932241237956239e-01,8.146268540335723785e-01,8.142146630253238593e-01,8.144063436230092323e-01,8.135913567556596337e-01,8.137977093348486290e-01,8.125599315285478852e-01,8.108976592751614421e-01,8.103936232068288392e-01,8.090578098909004812e-01,8.101576714977154481e-01,8.062718184252041231e-01,8.025592753490631281e-01,8.012485430671844044e-01,7.937122162678751369e-01,7.993998385067170309e-01,7.694277904223072451e-01,7.921082104570060789e-01,7.984809818785995050e-01,7.892086056253636572e-01,7.938287087353114169e-01,7.873489294983089248e-01,7.770455057926701770e-01,7.871721132695438383e-01,7.728601443850693364e-01,7.692625936209838144e-01,7.641822303456862198e-01,7.673751332053558860e-01,7.195586323036446963e-01,7.408526776738336705e-01,7.337363859806667055e-01,7.501350337627566978e-01,7.375032968644749110e-01,7.203330066520050590e-01,7.400696861598807796e-01,7.289397047116805695e-01,7.169089729359996443e-01
8.160765319334335466e-01,8.159101154622055985e-01,8.156158126946171372e-01,8.150422992195035521e-01,8.055290792557340263e-01,8.151581714752822450e-01,8.007160931770066492e-01,8.155805674923016779e-01,8.123607385178364115e-01,8.115444652124148561e-01,8.128509257189464599e-01,8.103676637793131299e-01,8.110112281475821971e-01,7.787278529739247723e-01,8.065654372187379684e-01,8.039143235496057915e-01,8.070407132081066637e-01,8.050581805397241109e-01,7.955126873867744974e-01,8.013767501967066220e-01,7.994058160950671121e-01,7.973743937400999959e-01,7.867453868802152250e-01,7.874411500362958893e-01,7.936058835897659147e-01,7.297311822666366909e-01,7.367347940322224176e-01,7.457258331743905622e-01,7.676329830512519381e-01,7.546833856234121951e-01,7.666438522670854239e-01,7.549390331560833500e-01,7.467894173619259446e-01,7.356139903801229840e-01,7.332631845664485670e-01,7.333673337831690953e-01,7.016732406271647404e-01,6.985297611367984327e-01,7.276498356117501176e-01,7.187110463867583121e-01
8.160676358376225403e-01,8.159224817518677675e-01,8.117640579084688390e-01,8.157735108014800840e-01,8.041007385216444314e-01,8.155845091945399528e-01,8.140702654518605641e-01,8.132563797299570130e-01,8.043539993486126249e-01,8.122053923302373635e-01,8.112312781639668957e-01,7.740301880621212050e-01,8.103737424524887212e-01,7.611180221807878343e-01,8.085423999899635783e-01,7.544562728872123980e-01,8.075397010665765762e-01,8.018784766198332470e-01,8.035416763747913471e-01,8.008040535617917399e-01,8.002213367442934100e-01,7.951952101890197300e-01,7.984922947112302882e-01,7.965473803580395140e-01,7.853870455008152840e-01,7.267261042725510212e-01,7.795706508358687392e-01,7.800641578267581977e-01,7.691622096567034550e-01,7.756404136877013133e-01,7.655114224645194199e-01,7.560395754182063222e-01,7.575682864405813843e-01,7.132713242636627982e-01,7.409457403903766393e-01,7.741099238167690189e-01,7.389252088918668582e-01,7.177318427309734572e-01,7.377403717561695773e-01,7.306441655360410570e-01
8.160798342230713986e-01,8.160167465680322474e-01,8.001173042624762921e-01,8.156969438497639890e-01,8.145747985719188344e-01,8.152272096843969917e-01,8.146162321283744179e-01,8.140489010880197496e-01,8.132724529385935153e-01,8.130389961931493437e-01,8.121852360014703009e-01,8.108932891602506077e-01,8.118512461628782928e-01,7.339251128127799451e-01,8.093189879841141687e-01,8.082248167126317995e-01,8.076010769386603450e-01,7.683879431972923113e-01,7.994699183794798936e-01,8.029312747184148558e-01,8.014004548641768810e-01,7.107262812588157619e-01,7.970610139114157056e-01,7.975365129200060466e-01,7.929369982762521918e-01,7.935832581136507136e-01,7.867246815344483002e-01,7.855964283544073501e-01,7.799954528714021507e-01,7.857037756227849279e-01,7.712986793656178008e-01,7.750208215733399575e-01,7.634440940601786574e-01,7.596350892278265210e-01,7.582919348665788650e-01,7.392201275550002171e-01,7.476752184097684717e-01,7.278083672573002483e-01,7.326697514296003355e-01,7.406043206647860977e-01
8.160833372694169530e-01,8.159114419508141092e-01,8.157630367461710108e-01,8.154674083975109733e-01,8.156848481946520346e-01,7.829583509563996513e-01,8.142534619225515469e-01,8.157264699991180201e-01,8.150390941623374408e-01,7.874681042398724573e-01,8.104368905382097754e-01,8.110502848180576319e-01,8.101438517923469362e-01,8.106843500182900897e-01,8.106470349957001220e-01,8.096454620402012692e-01,7.684319689473922965e-01,8.078887106990223499e-01,7.539150694313990764e-01,8.056145475036822212e-01,7.602402759004617261e-01,7.550720744488107483e-01,7.912752629633875712e-01,7.953723915881231177e-01,7.923049821206613608e-01,7.935507069544290859e-01,7.826258418201881284e-01,7.846969859507146872e-01,7.890913924803356627e-01,7.747503149490317931e-01,7.709463197651569288e-01,7.249102936077869153e-01,7.273918584162381018e-01,7.615828957025174706e-01,7.687422334558867698e-01,7.625958554591742988e-01,7.508133818929112469e-01,7.553808939889012919e-01,7.477935521223307846e-01,7.349552017571737705e-01
7.942852593193014954e-01,8.150107217235283974e-01,8.160382901841040093e-01,8.154447715671305774e-01,7.940671515503852085e-01,8.152939711287866542e-01,8.143938499303378098e-01,8.142253981807853203e-01,8.143969802720669726e-01,8.112066327965470336e-01,8.128568120285264431e-01,8.118777071134926082e-01,8.113173109184595999e-01,7.994414088683462483e-01,8.100398653877269872e-01,8.088605851038707106e-01,8.084013498713678025e-01,8.052370501724839258e-01,8.029597125475839148e-01,8.082938410512227057e-01,8.031470469738087870e-01,7.174353712138522576e-01,7.998140623371129410e-01,7.925617594876154248e-01,7.976762257008274126e-01,7.946785554721973455e-01,7.931262461698882493e-01,7.859849701693649715e-01,7.840968309428567595e-01,7.830639545512058097e-01,7.721826390001232943e-01,7.848340970758184154e-01,7.757560643620485807e-01,7.507619016462249162e-01,7.711135774301586254e-01,7.268746337066506191e-01,7.592083418927959571e-01,7.653307891784854045e-01,7.353959515990442508e-01,7.272442754749616212e-01
8.160746024102131235e-01,8.158170766979889743e-01,8.159687770006448515e-01,8.143687281505763709e-01,8.151627949669526529e-01,8.156070091540781331e-01,8.147501693385853505e-01,7.800168447831783425e-01,8.143324283732406021e-01,8.142983317351809580e-01,7.971413035846509620e-01,8.121463569566084173e-01,8.127433497340316171e-01,8.107775244996032749e-01,8.098608193432901281e-01,8.040983019752317995e-01,8.004161982331262637e-01,8.045077850705741884e-01,8.066264553737099163e-01,8.045672455644324872e-01,8.003319137950566375e-01,8.042833432535220206e-01,7.494018508215918306e-01,7.809804061366576455e-01,7.888280457419120095e-01,7.980840473137036373e-01,7.917976650414733086e-01,7.868076709747988673e-01,7.910928018496400371e-01,7.807194920365740920e-01,7.811447075274194907e-01,7.760233768604360982e-01,7.716624498751281092e-01,7.729436802914266824e-01,7.598461106098662876e-01,7.238134576055842428e-01,7.473276906899800620e-01,7.578197317567491043e-01,7.435457026990520690e-01,7.672911729542477577e-01
8.160722010013996552e-01,8.160271002060210943e-01,7.805445048504318084e-01,8.157709020689363211e-01,7.908949238665947679e-01,8.158199113127875268e-01,8.155884207171922862e-01,8.141894379239729140e-01,8.138501789785221874e-01,8.139501783344874619e-01,8.135148483291824162e-01,8.134328070190719462e-01,8.104683987430246761e-01,8.125708464552391375e-01,8.091341946583333611e-01,8.101518133093458252e-01,8.095279365111047731e-01,8.083761176339391286e-01,8.082602357522450376e-01,8.077049966442486628e-01,8.031459976723872574e-01,8.000755683481843850e-01,7.996043817152167499e-01,8.035092525271190222e-01,7.951931863560142144e-01,7.992122908394175829e-01,7.927775553803168007e-01,7.846215469131863074e-01,7.946489887651655426e-01,7.896924631532412642e-01,7.949431283828519712e-01,7.853036718048520548e-01,7.783383807344459449e-01,7.650957199736088121e-01,7.304170368836152560e-01,7.643160670451394356e-01,7.738047946776334118e-01,7.623358181826670465e-01,7.654195456039069034e-01,7.361091846710893227e-01
7.971341432601872778e-01,8.069709046894201210e-01,8.158775321230096189e-01,8.155581114787431307e-01,8.153914450912340683e-01,7.926865363157733491e-01,7.945354166926646977e-01,8.158009872239112559e-01,8.068398159872480768e-01,8.138823998738446974e-01,8.128845394112741429e-01,8.120253044792079544e-01,8.116340760713031122e-01,8.126176373742425296e-01,7.853043699264417032e-01,8.112389772781349873e-01,8.074342735200369381e-01,7.986979911859658499e-01,8.062378084978973902e-01,8.051487321654883234e-01,8.046937261741627934e-01,8.034802975493176014e-01,8.015448630992850765e-01,7.937905817758751370e-01,7.969402117928050533e-01,7.987485444451167815e-01,7.918094759332401367e-01,7.957544708083912344e-01,7.919522683266394525e-01,7.615896738357355034e-01,7.887236675596489555e-01,7.835939744138149532e-01,7.755342929225949034e-01,7.803059160042655762e-01,7.734672132214981399e-01,7.833844919230237291e-01,7.583973653750860633e-01,7.656517262177092720e-01,7.649921917616714362e-01,7.579606779104876013e-01
8.160806455524792780e-01,8.162200245639248397e-01,8.158657710137393604e-01,7.732196692355346457e-01,7.970875305045151960e-01,8.160979267574193230e-01,8.147551233217286137e-01,8.068053399743259080e-01,8.150974795339425150e-01,8.128962100618327691e-01,7.733958267128192565e-01,8.143313721797031945e-01,8.071047066639941425e-01,8.101724017275049317e-01,7.810877625190095763e-01,7.792673602382719222e-01,8.106857615472926604e-01,7.754174867195855470e-01,7.813147654112470031e-01,7.743608189303695655e-01,7.704136706081786690e-01,8.037109070903093455e-01,8.026817016588190246e-01,7.768587315088961720e-01,8.021785605131088737e-01,7.988043231118181486e-01,7.941911966851192828e-01,7.933391734977360832e-01,7.927753011529169447e-01,7.885426931711475573e-01,7.871935891448956779e-01,7.950804670863774737e-01,7.815554141983682701e-01,7.687242669112811511e-01,7.243815323971515285e-01,7.687554016776466659e-01,7.770119533470161155e-01,7.744717404089493940e-01,7.677209117216376999e-01,7.498795432820309914e-01
8.160835484162424214e-01,8.160037141951845818e-01,8.160069091983174205e-01,8.129256323515841043e-01,8.102806879399475637e-01,8.151899524472944192e-01,8.151099588797118267e-01,7.769463381596285467e-01,8.145323906951801307e-01,7.953159222607734113e-01,8.138481452029781016e-01,8.143555486630617013e-01,8.147533938136163334e-01,8.108897038126785528e-01,8.090769304668852246e-01,7.791435678332445658e-01,8.086695075985028680e-01,8.077184974834140663e-01,8.089340356331904403e-01,8.083465309601057802e-01,8.087426204693473064e-01,8.055412557313632593e-01,7.981688468278115289e-01,8.055064283035158201e-01,8.005913760997673823e-01,7.912177760869575360e-01,7.994383375778243428e-01,7.968486593029761034e-01,7.896594418778286606e-01,7.909791936785406374e-01,7.476274771140859476e-01,7.918301808040931755e-01,7.849268115824901138e-01,7.883367813118270506e-01,7.748956205281956056e-01,7.809992234489195884e-01,7.775121751647420254e-01,7.702430769440063996e-01,7.574508217553933553e-01,7.593700378869028267e-01
8.160823073594726251e-01,7.929249583844333316e-01,8.159213398740433609e-01,8.157284327446673311e-01,8.160470189527748719e-01,8.157498758588948018e-01,8.163460252086903735e-01,8.143863044078820668e-01,8.145847213254203689e-01,8.134880375635803462e-01,7.736518752455120440e-01,7.785870242377692652e-01,8.127943223151352647e-01,8.129782846608464286e-01,8.118211106010746470e-01,8.100764011225386474e-01,8.088866984044434938e-01,7.551054023788986713e-01,8.080534396897579574e-01,8.062760080946169694e-01,8.078299939646875760e-01,8.024917161500659812e-01,8.025866925272546748e-01,8.023275060871150055e-01,8.013364741046410389e-01,7.997943567988646807e-01,7.966836235394944010e-01,7.924798996364537107e-01,7.962704373304789751e-01,7.958905749309916899e-01,7.850394481843480099e-01,7.465877948743189219e-01,7.909358680492799554e-01,7.911080838041152363e-01,7.903313610806542711e-01,7.803207611597031690e-01,7.742659040606401089e-01,7.807803210864192600e-01,7.739368160356595583e-01,7.699480032929644224e-01
