4.539502892127246225e-01,4.927569864588878246e-01,6.638186308943602176e-01,8.182492678938767527e-01,8.127379387970148361e-01,8.132606220607189185e-01,8.156374966751942512e-01,8.161853289886047413e-01,8.180797968067187176e-01,8.170458009349136352e-01,8.163932246760898792e-01,8.161244397332543254e-01,8.146577509068955170e-01,8.163809354598918766e-01,8.165258898436010826e-01,8.156404735487657875e-01,8.156501459340085303e-01,8.163673835294211756e-01,8.159273659741320683e-01,8.161720011463649005e-01,8.168710035279899140e-01,8.158243509468635635e-01,8.156590974458872711e-01,8.162384910795108528e-01,8.157799371026459578e-01,8.159767427095259151e-01,8.160637116418286707e-01,8.159728687718537099e-01,8.162506327519486460e-01,8.158879682763983121e-01,8.163909906790026705e-01,8.158785629130695938e-01,8.161038531986624101e-01,8.164708578604639166e-01,8.164751208305691677e-01,8.158963956027530662e-01,8.163339841378191020e-01,8.159170826255628395e-01,8.158037187395246193e-01,8.159813367916894933e-01
4.600210955012247194e-01,6.466556961174619866e-01,8.238424991993406055e-01,8.457855668919755932e-01,8.387412328746354229e-01,8.330818005425985051e-01,8.108476145576783978e-01,8.078563639981204414e-01,7.979513536493871850e-01,8.027456465559419385e-01,8.103065878696570357e-01,8.148579619383978789e-01,8.185732755416827988e-01,8.189704862960559550e-01,8.174842191746717335e-01,8.217418145692431120e-01,8.152059072160076081e-01,8.139296673551410510e-01,8.128267907224950850e-01,8.156426687867518455e-01,8.144460323871741680e-01,8.108012394131905998e-01,8.132225388366223218e-01,8.150036462890885014e-01,8.175645759776895005e-01,8.203300803534130381e-01,8.148616112246924725e-01,8.142906927028598085e-01,8.133539269236783609e-01,8.128915611383087381e-01,8.171608530431019313e-01,8.208861513045864200e-01,8.183233454198500789e-01,8.159027233340455654e-01,8.174728078613370252e-01,8.150590909642225768e-01,8.161929789383541856e-01,8.164199434539153311e-01,8.179550376965758485e-01,8.156546203576244825e-01
5.821064366110161314e-01,5.391605381008142128e-01,7.642702985717148012e-01,9.993144004837886119e-01,7.115247067886446564e-01,8.680366523012489344e-01,8.522083415859266209e-01,8.532555671364890904e-01,8.157722383813731382e-01,7.951165007439519039e-01,8.219736155688779355e-01,8.176713468391136885e-01,8.278143723396851339e-01,8.255828806403043840e-01,8.052141037757288844e-01,8.172669935439486055e-01,8.270193336495288428e-01,8.123928385472342084e-01,8.214974636777293560e-01,8.179984827376036716e-01,8.167651703284543041e-01,8.134689768309002478e-01,8.190981071405422087e-01,8.066903294373778399e-01,8.138601834838575799e-01,8.182590904779966090e-01,8.187414406127054844e-01,8.238299730834587331e-01,8.179468658572034423e-01,8.201358053792520142e-01,8.095365951744500910e-01,8.091336653396156153e-01,8.180441439835225426e-01,8.187727871833003768e-01,8.170399348700091435e-01,8.254503079782219421e-01,8.164578348643678485e-01,8.111933524587315869e-01,8.090269098751847743e-01,8.126777401447772275e-01
8.156771771520392456e-01,8.128021382422777608e-01,8.448287493856123653e-01,6.931082086021000954e-01,9.955235124964271209e-01,9.919461184888916927e-01,7.136269684327266605e-01,7.997489029974390595e-01,8.231236454949478754e-01,8.030070332696075397e-01,8.343973459900062561e-01,8.176448626740808745e-01,8.110372576909024023e-01,8.255460164883132723e-01,8.025369820999788129e-01,8.199450451780797566e-01,8.113328472060908902e-01,8.388857727813515686e-01,8.190721163222618451e-01,8.134045487973085020e-01,8.289461665506596688e-01,8.149965227140092416e-01,8.333749866631251502e-01,8.151323295670553915e-01,8.238766502102219391e-01,8.041115471648672131e-01,8.097942269165702145e-01,8.143364817024076885e-01,8.187907301841672592e-01,8.060698504369877559e-01,7.938601198224587430e-01,8.159176394853621117e-01,8.212361797752176784e-01,8.189325148393525877e-01,8.296163312871743800e-01,8.131900444778863424e-01,8.095951587105351122e-01,8.177530052282242501e-01,8.150458084068986642e-01,8.158560547265789609e-01
8.172431164330689057e-01,8.176681486686814271e-01,8.431252708186851574e-01,8.642925058714366893e-01,7.431623913978423479e-01,9.695821372347793732e-01,9.990772266445338001e-01,9.861398475463285518e-01,7.554957152748511540e-01,8.109863731588972113e-01,8.344933973920316550e-01,8.044752621925665981e-01,8.224618169612744056e-01,8.137554997297130610e-01,8.300479673083629439e-01,7.864900282565155942e-01,8.120480948368367091e-01,8.240176782980376258e-01,7.917982824336116110e-01,8.241278835668819358e-01,8.045292143501958648e-01,8.271167628684232831e-01,8.182267028540709530e-01,8.175374420034469125e-01,8.220216757508530536e-01,8.396120771832662477e-01,8.119856376760756778e-01,8.155468771448163290e-01,8.281826775509421035e-01,8.059794967907588648e-01,8.152592846656163683e-01,8.154374624136131455e-01,8.201858122393951289e-01,8.017080893852782664e-01,8.063811673591810836e-01,8.102742120255567171e-01,8.144981842813467932e-01,8.094424994396934858e-01,8.121003976883409692e-01,8.148830291540209991e-01
8.172756775326865952e-01,8.253915889068901279e-01,8.088084727903915860e-01,8.088683126355320496e-01,8.132698090886745224e-01,8.345344282738635933e-01,2.322395468458389456e-01,9.996430758334062805e-01,9.955808388981404189e-01,9.848810871875809392e-01,7.362147409542596499e-01,7.651414681158995590e-01,8.621065903941760311e-01,8.367830057186456116e-01,8.590018783399748781e-01,8.268870930088704219e-01,8.682788750733534400e-01,8.423701185449075091e-01,8.627481568575922077e-01,8.378431003857166326e-01,8.030930287944429979e-01,8.063437131762786203e-01,8.021011849070559530e-01,8.214901966526443333e-01,8.011070371592944328e-01,8.142223208085875852e-01,8.132657446014974756e-01,8.322739293765812896e-01,8.233842550000503024e-01,8.358577811198314444e-01,8.133840911910947824e-01,8.236234906920908427e-01,8.356981938807004351e-01,8.111317450315492783e-01,8.228564374641025303e-01,8.247211063558766986e-01,8.306199013186327251e-01,8.229940556386271533e-01,8.139549098508538361e-01,8.301827579588780814e-01
8.168094822792769660e-01,8.301012800286422522e-01,8.243386128391584355e-01,8.448127882252107756e-01,8.326705172619059958e-01,8.414831388548570379e-01,7.667494359146480587e-01,8.293784541530955234e-01,9.968695765951097743e-01,9.986310234507875805e-01,9.912780511050285348e-01,9.409742868799465532e-01,7.414017550496573294e-01,8.099663768284173226e-01,8.896208359195683091e-01,8.072910683034337787e-01,8.620937716631775771e-01,8.404498429951259286e-01,8.165818153709164529e-01,8.439380997417256225e-01,8.561666851437724768e-01,8.299426217219579849e-01,8.037032668890705667e-01,8.144319822977303946e-01,8.384221286466176926e-01,8.403839396708406850e-01,8.140801134705555331e-01,8.218749398919005245e-01,7.926890501887552398e-01,7.921317368666971337e-01,8.226723614312607680e-01,8.057657127478878856e-01,8.265650673234408163e-01,7.997646163925123952e-01,8.120718721929649497e-01,8.092907062614942415e-01,8.180024579412860097e-01,8.018614780498837247e-01,8.382714901518676376e-01,8.243729508129762351e-01
8.154951447637498463e-01,8.192181901528616805e-01,8.195159290289762977e-01,8.159487613576105192e-01,8.411837082529869392e-01,8.369817991393703194e-01,8.077467850690658313e-01,7.030373697135269273e-01,8.336696245024461938e-01,9.885319304548876307e-01,9.998860594138996305e-01,9.955707685098563742e-01,9.889376082770582332e-01,9.800786563587642330e-01,7.312526860271115758e-01,8.629039784581867822e-01,8.324942729734335911e-01,8.644524313202153198e-01,8.320361205312261088e-01,7.662999837251674995e-01,8.564413963013806086e-01,8.107727869622896044e-01,8.328956837622503162e-01,8.334228854672561804e-01,8.222336077914392805e-01,8.084396951969098355e-01,7.718392377433862528e-01,8.104145336240585751e-01,8.364387487286445433e-01,8.305488162788751128e-01,8.114050251513180712e-01,8.092545088667874031e-01,8.251605685112487487e-01,8.315584883656756965e-01,7.831746458430184354e-01,8.194785954158849695e-01,8.015991867665902548e-01,8.092736229257322389e-01,8.192843518800344560e-01,8.240854491942029014e-01
8.158076177904390880e-01,8.181789050788362827e-01,8.160674959216182023e-01,8.049682749653934710e-01,7.918347304542175946e-01,8.300134946881831954e-01,8.491549886498229727e-01,8.107956088812124928e-01,7.830874957765339150e-01,8.387560003733254277e-01,9.903200792448387801e-01,9.992612282819194336e-01,9.989895839776997688e-01,9.948054329608383428e-01,9.874425835211341207e-01,7.630778763994146008e-01,7.517424079146015625e-01,8.034227227073628130e-01,7.783479459251737564e-01,8.158867906711778639e-01,8.160549313347847944e-01,8.493238663284696788e-01,8.475915158192777188e-01,7.880092878720379446e-01,7.943854884808769778e-01,8.097061166961919687e-01,8.025160708952180366e-01,8.584275821300056952e-01,8.321876044391796068e-01,8.024649363120289758e-01,8.579231821298826111e-01,8.085148079336478277e-01,8.453770436165141122e-01,8.144376442229958046e-01,8.074516198443428827e-01,7.903095316779198409e-01,8.170218976764109797e-01,8.045215489884279814e-01,8.093098969657936959e-01,8.079570149176736882e-01
8.173377756945369166e-01,8.167734937017155916e-01,8.152767526918220931e-01,8.348474791399239647e-01,8.596084934052635740e-01,7.953920137026707637e-01,8.055883427625675219e-01,7.904169238712582812e-01,7.336268369882257279e-01,7.125041894216722627e-01,8.565640102149900681e-01,9.422211951579195777e-01,9.971656243026802979e-01,9.998029759021757057e-01,9.968942661790085591e-01,9.919871137901578040e-01,9.865686665999716665e-01,7.989993264152017716e-01,7.866335861024292830e-01,7.704834259487018944e-01,7.856211036125770875e-01,8.523901203278094751e-01,8.505605373883784459e-01,8.606759142979527599e-01,8.709528314972106999e-01,8.651936285180473751e-01,8.180243753669762530e-01,7.758801639068728662e-01,8.043014183243045734e-01,8.658421873080974773e-01,8.451534646931316841e-01,8.613557459783701686e-01,8.323124845845674136e-01,8.253554367640335565e-01,8.312262747647285455e-01,8.391867869008082792e-01,8.139797750921240471e-01,8.158548259182207829e-01,8.071241575817666991e-01,7.988638184023330036e-01
8.155496017413096377e-01,8.094684244700546261e-01,8.278662638264085993e-01,8.026912357957103339e-01,8.050881905417883733e-01,8.264395125926167207e-01,8.119350851262686630e-01,8.387504167521689924e-01,8.874036232893710574e-01,8.531793525152849833e-01,6.889621784935174853e-01,7.436008551545519873e-01,6.099484397456208518e-01,9.938186292622127604e-01,9.998446609179336697e-01,9.980976742353684372e-01,9.954496454038671560e-01,9.894007703497966766e-01,9.819166861161050530e-01,7.920769708840181833e-01,7.675658492042147785e-01,7.951607775471056794e-01,7.634376342858022468e-01,8.396857023501798079e-01,8.435190802166200319e-01,8.922994028505771835e-01,8.270976758863110012e-01,7.835769957372971106e-01,8.471971769514954342e-01,8.409453740539062361e-01,8.273606207139820867e-01,8.117099062360855211e-01,8.227285737769347573e-01,8.119024004825586838e-01,8.592745531592760333e-01,8.093595164423759147e-01,8.342629740460468790e-01,7.886905713632438308e-01,8.644232111851478662e-01,8.435900072561579588e-01
8.164894863135656600e-01,8.220292768326750155e-01,8.097273277234396938e-01,8.137377497109897773e-01,8.402517495755255084e-01,8.328458881429737781e-01,8.383020817348851850e-01,8.352309569294452674e-01,8.118814801090294964e-01,8.020406904986275842e-01,8.291031890394566783e-01,7.977091429967058112e-01,7.603288154198104554e-01,7.727371293080016468e-01,9.825459310242286026e-01,9.990536467079470517e-01,9.996751016201370632e-01,9.964318973558865533e-01,9.921061787600520265e-01,9.893931773806172725e-01,9.815207410324634507e-01,7.561517720383359453e-01,7.505029978741500907e-01,7.282574969272836984e-01,7.859352565727446560e-01,7.902190092708201163e-01,7.941836252826107723e-01,8.227784249280886142e-01,8.275020353635564874e-01,7.923607780588060034e-01,8.139545098841629578e-01,8.354773387047113031e-01,8.704977955854686922e-01,8.535116550368943011e-01,8.348984199589676303e-01,8.071909902319357455e-01,8.077241610727948773e-01,8.051870086340204846e-01,8.717181703786336389e-01,7.948397309770997010e-01
8.163657895561239330e-01,8.149950955153899557e-01,8.130304981281457621e-01,8.192179972509917585e-01,8.178923481458199030e-01,7.881366365396716978e-01,8.177590361204605252e-01,8.224394549589363335e-01,8.512780494109044582e-01,7.891435923692089460e-01,8.607228448765469331e-01,7.814721490482161581e-01,7.840047514872156009e-01,8.116434056646393280e-01,8.697548862921223867e-01,9.732405989806671709e-01,9.977545566527857845e-01,9.999976552909565219e-01,9.985996422747827062e-01,9.961386064473323199e-01,9.896466184814129985e-01,9.880897673430621975e-01,9.829001413154443423e-01,8.323138841491092288e-01,7.239052408090077551e-01,7.405620948830955452e-01,8.143365498386657686e-01,7.885774879450385688e-01,7.676919250388529736e-01,8.661849565233825654e-01,8.696657453223294310e-01,8.249196894230357291e-01,8.445380569746162580e-01,8.339892735351710495e-01,7.823068244602136012e-01,7.997744760370151251e-01,8.108570753608267401e-01,8.697392813379914989e-01,8.322771288193205885e-01,8.475712601069441687e-01
8.160319169824064023e-01,8.198371793495766724e-01,8.156411567825566644e-01,8.193310673685121337e-01,8.242987893556237289e-01,8.040110151583291787e-01,8.000366261712140714e-01,7.937514902247155835e-01,7.913987589596039873e-01,8.873364803741994322e-01,8.538221119606247411e-01,8.555724132982067687e-01,8.119582349092315798e-01,8.016153758249278116e-01,7.630747740473425855e-01,8.919756370648074251e-01,9.604556582584545810e-01,9.932372900860817477e-01,9.995868615985444849e-01,9.994616862699149396e-01,9.967377417972068665e-01,9.933084271029540835e-01,9.893851842053994483e-01,9.848091651139559977e-01,9.783735020042059194e-01,7.266664051661294588e-01,7.145303952571839812e-01,7.430136532938312888e-01,7.598999737114875419e-01,7.624622444076863959e-01,8.314999100402261645e-01,7.888222759866245770e-01,8.496803912818252646e-01,8.243058802621502368e-01,8.708626615736123622e-01,7.766539384747656038e-01,8.572421935817658989e-01,8.838320446746893433e-01,8.150347144641658659e-01,8.765471030823931420e-01
8.168250418149028969e-01,8.122827655437175887e-01,8.226155445572048697e-01,8.160006651791174015e-01,8.195895654142997255e-01,8.081530220996674396e-01,8.364787490463150288e-01,8.205695927256694278e-01,8.569660190269834388e-01,7.937511865590467508e-01,7.752219003920181040e-01,8.001618338733175184e-01,8.660860014728775091e-01,8.101240523342578825e-01,7.078085943591310158e-01,7.715536274901854119e-01,8.443622504119895344e-01,9.419556854628200471e-01,9.921070816994087549e-01,9.979876230894754174e-01,9.999122780318662196e-01,9.986320273475806086e-01,9.967141730405782996e-01,9.922642051001272501e-01,9.879793856679028874e-01,9.813350624852068549e-01,9.400651174364088591e-01,7.726547161943432274e-01,7.403781485944876950e-01,6.987457772167990910e-01,7.794326292394075928e-01,8.501299022814514661e-01,7.849013594700010588e-01,8.303658140254324138e-01,8.567900296832668960e-01,8.859831198973743271e-01,8.156795353464804110e-01,8.492043614644357863e-01,8.314408832124827731e-01,8.190192542407689347e-01
8.164210143984719226e-01,8.095085000918199603e-01,8.165328607651242132e-01,8.135612524276087942e-01,8.290460486228049541e-01,8.295273495041883827e-01,8.400441957224635825e-01,8.019992856068148823e-01,8.281845845531012884e-01,8.026546923683955947e-01,8.181914711268264417e-01,8.662547001105973532e-01,8.604397348174135374e-01,7.904881835675959811e-01,8.015920472756616899e-01,7.381620285629290068e-01,7.951952222871482290e-01,8.897523087344371140e-01,8.124293567175232544e-01,9.794531943171939092e-01,9.971103019868492456e-01,9.997752695052164462e-01,9.993104215645556287e-01,9.979873979406362894e-01,9.943729285012247177e-01,9.918805764741254194e-01,9.871832608426660549e-01,9.834530069858323786e-01,7.757004914480548630e-01,8.132217227670274218e-01,6.970077891605556131e-01,7.058621299781741021e-01,7.812560514033453085e-01,8.325743727212182588e-01,7.813751857576419768e-01,8.112078926351702357e-01,8.212129863850594624e-01,8.433090264683696935e-01,8.091730678098132401e-01,8.324885585528066789e-01
8.159397983262266507e-01,8.155121692405626899e-01,8.223926051874105303e-01,8.015256015292200331e-01,8.229329720687452721e-01,8.094320388190482385e-01,8.254087768900141286e-01,8.079940106113355780e-01,8.086512945293254928e-01,8.356774215668320016e-01,8.135085877521573972e-01,8.435428359126020403e-01,8.140003672463844708e-01,8.251030337546675364e-01,8.325378350730593402e-01,7.751225245907886752e-01,8.253177343650269782e-01,7.568528524935979052e-01,8.859351876072666387e-01,6.429380666146491397e-01,9.795673741002215440e-01,9.946567445003859920e-01,9.995008921170435157e-01,9.996894171258257078e-01,9.984610493225719585e-01,9.968096947704084831e-01,9.932599800726767958e-01,9.874382936475413208e-01,9.860652453084725044e-01,9.798548066073569096e-01,8.155449094415342381e-01,7.619294563838908685e-01,7.739744997357059786e-01,7.661666872533111627e-01,7.943157750212359591e-01,8.113578401093842762e-01,7.940297163567094918e-01,7.716747705218341968e-01,8.411003344605708643e-01,8.477990542947367869e-01
8.162806608994825908e-01,8.173945206667182495e-01,8.131719220050118713e-01,8.186808897489488146e-01,8.264609628327622692e-01,8.130893418408314810e-01,8.172674500807833864e-01,8.191519474815449620e-01,7.961224160263508098e-01,8.229406536158387908e-01,8.408561384500699010e-01,8.160371169734659258e-01,8.627395519608869190e-01,8.159609381699692854e-01,8.069926946694958581e-01,8.116527907263104691e-01,7.522093855511617910e-01,7.554258608712618450e-01,7.516300028557807433e-01,8.451282462142652996e-01,8.372432621316432400e-01,9.745522157479448166e-01,9.925244053131905275e-01,9.985086107046339254e-01,9.999795762082854811e-01,9.991683947748316585e-01,9.981240386550531696e-01,9.953181350468427446e-01,9.933599530528328669e-01,9.897586690749670124e-01,9.851216417083766830e-01,9.809107854044629704e-01,7.411436466619725216e-01,7.437502483824605104e-01,8.085200132221586067e-01,8.483356481458348419e-01,8.419113990127585767e-01,8.368049870307130433e-01,7.589759609147663788e-01,7.749693292902734010e-01
8.159194613966974652e-01,8.159116275209040703e-01,8.194750734917209956e-01,8.237860759895929696e-01,8.262963034629584591e-01,8.207150250882584430e-01,8.112514770007768217e-01,8.189588032840404708e-01,8.206728802733839201e-01,8.371425185160822346e-01,8.340195200266218301e-01,8.512590729127915701e-01,8.186675023563451115e-01,8.188936379335124416e-01,8.257442761379696350e-01,8.303975151974359870e-01,8.259709714898082478e-01,8.039899754509299834e-01,7.727680375739911511e-01,6.458376677678345779e-01,8.284374669593722595e-01,9.371842998467041497e-01,9.646212427804087275e-01,9.869249613028038270e-01,9.975571946489882880e-01,9.996421867935405547e-01,9.998020535410633292e-01,9.987383202704340768e-01,9.964869735767455383e-01,9.949911041256697120e-01,9.910752287979928132e-01,9.872072870256797250e-01,9.852303868467710002e-01,9.821531382634135499e-01,7.560620765018514211e-01,7.906775626894115838e-01,7.269918185025174839e-01,7.723503443324789552e-01,8.137846380353760400e-01,7.439459007092256160e-01
8.165199294139101616e-01,8.164851184960998376e-01,8.198650544596188805e-01,8.154480360251330495e-01,8.132181590946488958e-01,8.179790106136409777e-01,8.293152146483608878e-01,8.366496435325683212e-01,8.003701884855478621e-01,8.208456240478692045e-01,8.286327014533355628e-01,8.587131030877649396e-01,8.466005522297043173e-01,8.229976278497854736e-01,7.832339828336465359e-01,8.125965329038530305e-01,8.516621682130601778e-01,8.556367973157836815e-01,8.130038401918627811e-01,7.287871883923029426e-01,8.237434004495687301e-01,7.553247295141285456e-01,8.601594789624593673e-01,9.403650950354682791e-01,9.852524242743290195e-01,9.967038938506860291e-01,9.990843400666006291e-01,9.999415297573071015e-01,9.989689183177922205e-01,9.980953877155794851e-01,9.964323918071450459e-01,9.929184166558315816e-01,9.912167125177644422e-01,9.869210632450626797e-01,9.828305344364560714e-01,7.966744292901788427e-01,7.696617526313539459e-01,7.476999523639187295e-01,7.557528745846373575e-01,8.205124514318324902e-01
8.157932202368708419e-01,8.137393641232875119e-01,8.134188342223914736e-01,8.171605698132989870e-01,8.095854220455247496e-01,8.238856502625016009e-01,7.902142639570938210e-01,8.302318008818941886e-01,8.246695289255082661e-01,8.321171991735394347e-01,8.048276868369695913e-01,8.228773643644499147e-01,8.554911227806578644e-01,8.418273900251749264e-01,8.539381647185432245e-01,8.908778381630666487e-01,8.618938848828975319e-01,7.913742200704916296e-01,8.001908983800131159e-01,8.454213549230659153e-01,7.400937724713291255e-01,7.552635777954895824e-01,7.624986622725353769e-01,9.447707179262191390e-01,7.980179575797007319e-01,9.741194321202616413e-01,9.920750887618182690e-01,9.978695502236911707e-01,9.997906995255155804e-01,9.996734128640432093e-01,9.987399782252062153e-01,9.972109284724535172e-01,9.946586592978894359e-01,9.913471302636647220e-01,9.894065763385160306e-01,9.891735571426768514e-01,9.821582477315099480e-01,9.763946229296963653e-01,7.664867763627698505e-01,8.094543276236603191e-01
8.164127406847737634e-01,8.152894965588981524e-01,8.148282075190409479e-01,8.168142238527663634e-01,8.115889820360213669e-01,7.921339316329787383e-01,8.269670950743314153e-01,8.238307810800976627e-01,8.260789392843089773e-01,7.861541959927027534e-01,8.094775598753330970e-01,8.410572849950230800e-01,8.553888576466799343e-01,8.167288761761852811e-01,8.309501405866106527e-01,8.414866633903663740e-01,7.896462984923846573e-01,8.406116079629580851e-01,8.136818836833592528e-01,8.273560878568959609e-01,8.317167966162390957e-01,7.423661760340865001e-01,7.075874277787144173e-01,8.064458403344614279e-01,8.680554399652071762e-01,5.972381245756555046e-01,9.748873274616316476e-01,9.895204790058281796e-01,9.969377168329202066e-01,9.995090358509393091e-01,9.998334979648090259e-01,9.991863136265158873e-01,9.981504075751554961e-01,9.955740753093648143e-01,9.936812257001035320e-01,9.929219443076238161e-01,9.888021295403696120e-01,9.853694023981054428e-01,9.797664271309404205e-01,9.283390241836966261e-01
8.160365759332505187e-01,8.139718045277396508e-01,8.093128737807989692e-01,8.208891488399373548e-01,8.115372846375509264e-01,8.241433192435769772e-01,8.313255605464352493e-01,8.193821334520101640e-01,8.148739397120552397e-01,7.859225284726859551e-01,8.161308694742371861e-01,8.549665762060532082e-01,8.315596543793408735e-01,8.280014398714002910e-01,8.546059791709975650e-01,8.362883026327067038e-01,8.134298663402357299e-01,8.190627946039648055e-01,8.468517569781406351e-01,7.914318870849228471e-01,8.033930563769738908e-01,7.969245199200455376e-01,8.047205700957049679e-01,7.153727420727811204e-01,7.646546258622981540e-01,8.493446076620114749e-01,8.176532198799876250e-01,9.659054103400296354e-01,9.879081589477560765e-01,9.943431567840386176e-01,9.987465897412000082e-01,9.999587778063957488e-01,9.994221755817398467e-01,9.988509972354392419e-01,9.965745525918568992e-01,9.947531572705344827e-01,9.939321120760267192e-01,9.915115320994369874e-01,9.901087092415394864e-01,9.584482819046479252e-01
8.158372964256056514e-01,8.134208425189758396e-01,8.174824499748631901e-01,8.167493433797752278e-01,8.148280273808280461e-01,8.067971813621491739e-01,8.236180619906577904e-01,8.087734480962383010e-01,8.016289618239865744e-01,8.278258537217113577e-01,8.206645687649853915e-01,8.396569199685393059e-01,8.465782263977226219e-01,8.144595763120575649e-01,7.802969141722178037e-01,8.881241077213518631e-01,8.810432521365363367e-01,8.426010240973796916e-01,8.519810368891080898e-01,8.356228795758858796e-01,8.648625801204612440e-01,8.020323863590083091e-01,7.575716854897576180e-01,8.067283530412526771e-01,6.868646853906912320e-01,8.503999108612657620e-01,8.346339203956520958e-01,8.206328012449070064e-01,9.693534238447995000e-01,9.757027569002960643e-01,9.949278349031354107e-01,9.979684393772616513e-01,9.997998388382102197e-01,9.999293747330735282e-01,9.664335421584870911e-01,9.981646052735723140e-01,9.955648522297079195e-01,9.951657475779301931e-01,9.916971867212965863e-01,9.925947134421894136e-01
8.160577882446662379e-01,8.153390663620651013e-01,8.159253244929388638e-01,8.148683802406706533e-01,8.192880115842142708e-01,8.174211464254655946e-01,8.247226717846982691e-01,8.137709710132640106e-01,8.102756617322857124e-01,8.202144417894544626e-01,8.172237817823470030e-01,8.359279740782452617e-01,8.093738751857424418e-01,8.485295832428618734e-01,8.513321068612258458e-01,8.502867107456357765e-01,9.027350099370229364e-01,8.094429815022452512e-01,8.377130488347609427e-01,8.317566483053973059e-01,8.560055974740512497e-01,7.934752681221904913e-01,8.357067048237556417e-01,7.885236856797459559e-01,7.686033346003082745e-01,7.595262764325761973e-01,7.948499680196103867e-01,8.213325247151949116e-01,8.391279131670725810e-01,9.448406047575566014e-01,9.744141886097174021e-01,9.944384967732607938e-01,9.967241384874689913e-01,9.992786523087784367e-01,9.999959757105735259e-01,9.993754387740124701e-01,9.984412816295592519e-01,9.971602513340869223e-01,9.947807574251950058e-01,9.937826410152879042e-01
8.161666857487086535e-01,8.180985319045021020e-01,8.157651578958742267e-01,8.134733887261148544e-01,8.147657425893054528e-01,8.132170195792269851e-01,8.113922837873847049e-01,8.196540538158636480e-01,8.214529902358872482e-01,8.319407328015513414e-01,8.296455476703592513e-01,8.336628012776579055e-01,8.203634666276045095e-01,8.169274357412674714e-01,8.102192482990312472e-01,8.149042878235651655e-01,8.220004810883022595e-01,7.781225953584003374e-01,8.684118328407754994e-01,8.131068562611029060e-01,8.539953474037529357e-01,8.399164843691621085e-01,7.861370655961976706e-01,7.968943227841811527e-01,7.122486980956496128e-01,7.146668742018320586e-01,7.097528697638686435e-01,7.331755166825387748e-01,8.450524331063867800e-01,8.338092612406781123e-01,7.663794269998125408e-01,9.721365261489627319e-01,9.899547918839727290e-01,9.960552020955375507e-01,9.983529596788107696e-01,9.998767023898655903e-01,9.998467109327836555e-01,9.992012035092361355e-01,9.972282740238024301e-01,9.966568484779765313e-01
8.160716600906322560e-01,8.163963467465942259e-01,8.175254137270673294e-01,8.147351455403626375e-01,8.220289397356767003e-01,8.038992018735084955e-01,8.235310771740619318e-01,8.243017365008775688e-01,8.179116943786739480e-01,8.119147475111236911e-01,8.308198010793548249e-01,7.986404094792962649e-01,7.773047155034987776e-01,8.348314091207845733e-01,7.995116132604586090e-01,8.574432090067424239e-01,8.236897005513640346e-01,7.924625678414407570e-01,8.270902891571020321e-01,8.268948915677747369e-01,8.615211624322206552e-01,8.531105448753582010e-01,8.232605470907035095e-01,8.625476928180748626e-01,7.635176628704570811e-01,8.057454869953175614e-01,8.558550196543984745e-01,8.297920923189233688e-01,7.981445506872886231e-01,8.392695519426643935e-01,8.534638454136164176e-01,4.957149887857325021e-01,9.662507875552104331e-01,9.877845722529012829e-01,9.954692831455316249e-01,9.971663704446200871e-01,9.995968077101360372e-01,9.999493265462354730e-01,9.993561004584478047e-01,9.990173813977323292e-01
8.160069425083008587e-01,8.156711603765786078e-01,8.175158485650205753e-01,8.180608718046551431e-01,8.140339498468653900e-01,8.130243780349271088e-01,8.097597133524520041e-01,8.201584195808462319e-01,8.126258390352524286e-01,8.336544668765227817e-01,8.393299949302169827e-01,8.145797272571528858e-01,8.360235890593115116e-01,8.297331830990416490e-01,8.364521765028066769e-01,8.275556492283796528e-01,8.229595652352821311e-01,8.212057988601829672e-01,7.813870102194835354e-01,8.330657267356409434e-01,8.040625510898906647e-01,8.592507589663767043e-01,8.183365490832230638e-01,8.349503157537352394e-01,7.911968427534518122e-01,8.509371408355861366e-01,7.370113636166343296e-01,7.065403605471850534e-01,7.265561358399136305e-01,7.571303093998619227e-01,8.591330787908079136e-01,8.790136039498139819e-01,6.342625733415678813e-01,9.555488488604736430e-01,9.874124442986289552e-01,9.916855018708031766e-01,9.971047557558704311e-01,9.992975382070786727e-01,9.999174016632901285e-01,9.996978742830742171e-01
8.162403185952517015e-01,8.177527026230191343e-01,8.159873435068263348e-01,8.185587445023921882e-01,8.174998239345828699e-01,8.124061232606233363e-01,8.135263342488006089e-01,8.118224630788017926e-01,7.922523314906172454e-01,7.996266955429088830e-01,7.978972188009175737e-01,8.165818538129961945e-01,8.440159330926213510e-01,8.172394563395450895e-01,8.495172413820676338e-01,8.166138392803637958e-01,7.956088732529827956e-01,8.352322018089580746e-01,8.453400289856557448e-01,8.383869238157318771e-01,8.155486916139655929e-01,8.388997081039821779e-01,8.420259257326956348e-01,8.615579064655884967e-01,7.933847924336584478e-01,7.693749343008960961e-01,7.453599524082419325e-01,8.241974472693500697e-01,6.914384663870721814e-01,8.065625321169660467e-01,6.927956337911297391e-01,7.758469000275047822e-01,8.801267645679139440e-01,7.550362424828961361e-01,9.129063000331476552e-01,9.823539930086733207e-01,9.919500584265606991e-01,9.972838599684245020e-01,9.981499644998822474e-01,9.998034909449856622e-01
8.161370615185469246e-01,8.154885596808647552e-01,8.156524110751494083e-01,8.111300110115704509e-01,8.078977310069468398e-01,8.231949968109981697e-01,8.238025007215457052e-01,8.174997436135569284e-01,8.120431301138421043e-01,8.054769189591919343e-01,8.075784313759786226e-01,8.272709020729559493e-01,8.347798095468522694e-01,8.175384003046313186e-01,8.044840579379791690e-01,8.075845248712439917e-01,8.089815527013450858e-01,8.001811190398502305e-01,8.589746552870565210e-01,8.545996539199325337e-01,8.238605230258508882e-01,8.663243873831604214e-01,8.216607088385667890e-01,8.181460284540128525e-01,8.290529812032672030e-01,8.263551836031826081e-01,7.898765303712808050e-01,7.994356871851502344e-01,7.443963652581481183e-01,7.624999998433180659e-01,7.244606231049245393e-01,7.412946814401786266e-01,7.617196109592677677e-01,8.376432045210749910e-01,8.829428359630140388e-01,9.169707463238774281e-01,9.758622704875493659e-01,9.877671465473497614e-01,9.955335309056018156e-01,9.983232364157984540e-01
8.159962581881621269e-01,8.174503614409650565e-01,8.203140747626760376e-01,8.155138739172262952e-01,8.115743401269703838e-01,8.197161618124723104e-01,8.169230560753946158e-01,8.079303091217272526e-01,8.081514340501160243e-01,8.166249705425792094e-01,8.106623479396684040e-01,8.175725620579987751e-01,8.167932382684759407e-01,7.872584185789819333e-01,8.283454791001744200e-01,8.379684179455924031e-01,8.521310401328110462e-01,8.521674632624433032e-01,7.829952341512265157e-01,8.280719815619401736e-01,8.417569440455917595e-01,7.704078818635173853e-01,8.699260419118581833e-01,7.812995886743961949e-01,8.651214062133401050e-01,7.976288263111462884e-01,8.040549098050717713e-01,8.334813034645707219e-01,7.958828659585810428e-01,7.743916631061265043e-01,8.050542157204063631e-01,7.997751818561746884e-01,7.016751507568763646e-01,8.343568322060030962e-01,9.048950727054695387e-01,8.742474723744543263e-01,8.146793099154971962e-01,9.713201851180337520e-01,9.898000243522198094e-01,9.939029360984330541e-01
8.161973733760081728e-01,8.173974208018111032e-01,8.186325073694284971e-01,8.148458950640630194e-01,8.181397301563690938e-01,8.167754448609947371e-01,8.201568793167187676e-01,8.185890391559047519e-01,8.302840153854770255e-01,8.077810746907371220e-01,7.982350618880242887e-01,8.257770338199910132e-01,8.238184407678185162e-01,8.389777781783294142e-01,8.221354179225026648e-01,8.648194159444894114e-01,8.374397282201997417e-01,8.490568167727435833e-01,7.799765696152514138e-01,8.000451701974615748e-01,8.324776687176088652e-01,8.508125729698061690e-01,8.590297606181952483e-01,8.838546835423514159e-01,8.510957947730727335e-01,8.031654731297717120e-01,8.155946866765986236e-01,8.269056386236467437e-01,8.013880997639174497e-01,7.765228801839126893e-01,8.295418118557504883e-01,7.657651513368716190e-01,7.726420285180879421e-01,7.629649635175659306e-01,7.755915120609989666e-01,8.190215132582361335e-01,9.214799764605550170e-01,7.397609097683685020e-01,9.698046913291453741e-01,9.851851316720667828e-01
8.162171815225318650e-01,8.163748850674004132e-01,8.118954118681555032e-01,8.203580422077770828e-01,8.156545470372880136e-01,8.117666701392093342e-01,8.123563851722422902e-01,8.021127166249744089e-01,8.089815060149009307e-01,8.091820544788244085e-01,8.069567353053824776e-01,8.211961950206924099e-01,8.280567389679138746e-01,8.231527957086912650e-01,8.349332275782874735e-01,8.220362619209211630e-01,8.020990639950752454e-01,8.171856739188373409e-01,8.466946892208173647e-01,8.210044357370249735e-01,7.789992528544098516e-01,8.196857297729414071e-01,8.394820879890697585e-01,8.054258577721117307e-01,8.100378669692889222e-01,7.947791442519047678e-01,8.468174382810601530e-01,8.672505077138581431e-01,8.537162615745018668e-01,8.133260998668988551e-01,7.546964454171056769e-01,8.174427516712964303e-01,8.347547728573954107e-01,7.371972430291410250e-01,8.178092420385956185e-01,8.231014365608410044e-01,8.432447249265057065e-01,8.572605132757759039e-01,6.136344802577380353e-01,9.520421686062624511e-01
8.161484658910769241e-01,8.163209635286335919e-01,8.133382400137970647e-01,8.166338550638901905e-01,8.220986927399100974e-01,8.167351667861875164e-01,8.194724956140702066e-01,8.208817251312011676e-01,8.123946934289765220e-01,8.233762046998778228e-01,8.252702175358741510e-01,8.142957674229560627e-01,7.937894466302385377e-01,8.357454940588380232e-01,7.950466620026875875e-01,8.407944758141301378e-01,8.391622668464927548e-01,7.900831229662226285e-01,8.152767205857663901e-01,8.509958503571543043e-01,8.333644295913166244e-01,8.371896217272478680e-01,7.874132574628338599e-01,8.543237944959504171e-01,8.579808779888553616e-01,8.648823087496384510e-01,8.209154651702419425e-01,8.273128510314875506e-01,8.365412119777017041e-01,8.338070644779074225e-01,7.855628080820969972e-01,7.840848277419866230e-01,7.810428952997857666e-01,7.569341154408503192e-01,7.518864035850759686e-01,7.951483746258863894e-01,8.236204684958126077e-01,8.296440662834829727e-01,8.408221639118237389e-01,8.341004334573385304e-01
8.160510384561099340e-01,8.150564956265862193e-01,8.166010807801340476e-01,8.218583610438247034e-01,8.136440445284037759e-01,8.149344625702145128e-01,8.105218874703047360e-01,8.112324088395586053e-01,8.176844532739426796e-01,8.200693591050961517e-01,8.085432035653457028e-01,8.345099057630033235e-01,8.059188601233451266e-01,8.141315387906038481e-01,8.118598620758162854e-01,8.276727619848731621e-01,8.361126832496834638e-01,7.904541264391815591e-01,8.506674402160266935e-01,8.130024716322392653e-01,8.215350904148818190e-01,8.198132444691416110e-01,8.571017217713604586e-01,8.683016724762810945e-01,8.594335714639794732e-01,8.587578965054990521e-01,8.394099736553959357e-01,8.502730892331177293e-01,8.322877369191779007e-01,8.668906756075700493e-01,8.162367053198662514e-01,8.132460770024086960e-01,8.157321669930062136e-01,7.094310151177056767e-01,8.047568868014586263e-01,7.906048821123510262e-01,7.869232789216842328e-01,8.155440838302707718e-01,7.590099975699207135e-01,7.945271013007416672e-01
8.161535474072179053e-01,8.159501882661204242e-01,8.134865134453609370e-01,8.169489863948841135e-01,8.075307315454517409e-01,8.193098609445202962e-01,8.209852818150598086e-01,8.132628592632066278e-01,8.092075337846930116e-01,8.191376807925068171e-01,8.073205386612783974e-01,8.123180272992256423e-01,8.316846523560293969e-01,8.325532658641077166e-01,8.312430969748422216e-01,7.758085197394163357e-01,8.164203354810106728e-01,8.385148431617674980e-01,7.973963695252895834e-01,8.396873744135101569e-01,7.619837197573544607e-01,8.389518372411916003e-01,8.530376981759353328e-01,8.237104137446331631e-01,7.966355437773039450e-01,7.938252369988302304e-01,8.465903958098149884e-01,8.745523192051932737e-01,8.975843009198825051e-01,8.263805763099593138e-01,8.284473584861787865e-01,7.909844309436545595e-01,8.015434089613280300e-01,7.771474704836367486e-01,7.464040213988559769e-01,8.416228036009369973e-01,8.250792584352039105e-01,7.785280572786287268e-01,7.479221749411821829e-01,6.965441270293065701e-01
8.159522891041169901e-01,8.158698583912876723e-01,8.193866410174857062e-01,8.195705391707303056e-01,8.181395560547091161e-01,8.096406032023443222e-01,8.155155803984683871e-01,8.247932052510219547e-01,8.134903161815933981e-01,8.187848684161189716e-01,8.244105407448841794e-01,8.270210821368298992e-01,8.178823871273901425e-01,8.261339828484349779e-01,8.160760311994351701e-01,8.185379147604303629e-01,8.264530264953950933e-01,8.133320612098038360e-01,8.167974533239109602e-01,8.246067734142945582e-01,8.304298409819688143e-01,7.943070716539417653e-01,8.382168775677674155e-01,8.517543768578945684e-01,8.056132149298712575e-01,8.494910727986541010e-01,8.710770169818602415e-01,8.437727669208925363e-01,8.715186738287191703e-01,8.149125644599390927e-01,8.724395421304687037e-01,8.439378796832964769e-01,8.199826789832006524e-01,8.366223463688282624e-01,8.042799878376118983e-01,7.931608493235096091e-01,6.901029247542671552e-01,7.400979399991127750e-01,7.304964388185020141e-01,7.354850864425532819e-01
8.162373621215162078e-01,8.154524909596368998e-01,8.121639990234331696e-01,8.183414046371987327e-01,8.156613690546130613e-01,8.162059490997362055e-01,8.068849022525349524e-01,8.121408363444588829e-01,8.166538207261462290e-01,8.253419675945604661e-01,8.202802581753703137e-01,8.127323925738052512e-01,8.109734388140483752e-01,8.006078437200192521e-01,8.325311726665652889e-01,8.240988620164205747e-01,8.411499285151761152e-01,7.972683894704174490e-01,8.340578123255324439e-01,8.014239206582375319e-01,8.013891924027461977e-01,8.116084968402438315e-01,8.107815349921447812e-01,8.312691494918632573e-01,8.095408653058882020e-01,8.659230209219064278e-01,8.210871689352874370e-01,8.175465155111720783e-01,8.672094262999574532e-01,7.976656507525294870e-01,8.223948619217986700e-01,8.342222480138898888e-01,8.299753561398952595e-01,8.278774634963168566e-01,8.212335094761240573e-01,7.661400604926646984e-01,7.330441985817456318e-01,7.769770079059695744e-01,7.078278072678622079e-01,6.849883960067066901e-01
8.161949406064143986e-01,8.156929486394574047e-01,8.168655392066248577e-01,8.152114896629436558e-01,8.129385289923881652e-01,8.135218057801456570e-01,8.081758636277466268e-01,8.165669497371381702e-01,8.094696446371690834e-01,8.298393298274974184e-01,8.062201568751558023e-01,8.131966855778172132e-01,8.105248595943898016e-01,8.179012245501975364e-01,8.151018944411073663e-01,8.268059674186040153e-01,8.115521429486455274e-01,8.085932206552255419e-01,8.081384373130817700e-01,8.418074236469874627e-01,8.237875412455324398e-01,7.979819133042125312e-01,8.106068032933605449e-01,8.351249119080571548e-01,8.065341498849911694e-01,8.322576344968486417e-01,8.563500926380580580e-01,8.323010528141431275e-01,8.073665375284936330e-01,8.515209685332174594e-01,8.180666862416098306e-01,8.640066631397381736e-01,8.367767732778781387e-01,8.295334444212697500e-01,7.607288013242478053e-01,8.159258700816836019e-01,7.507965344626454929e-01,7.248047682598128816e-01,7.690863672305011667e-01,7.280239433910361546e-01
8.160117603783549889e-01,8.146422130105553938e-01,8.124946461268526265e-01,8.137182790937310672e-01,8.109256758411829136e-01,8.183745941503226540e-01,8.135970570726407392e-01,8.135798182879609985e-01,8.074299661492370106e-01,8.160512442541287825e-01,8.183100097858119204e-01,8.001015383428622396e-01,8.158065425993104025e-01,8.062020516421495309e-01,8.163623956419882033e-01,7.881091333938166077e-01,8.205116279911078836e-01,8.160579614963755501e-01,8.125385408464077530e-01,8.345157265424174575e-01,8.077729924034814379e-01,8.238284938856641482e-01,8.255856885121736211e-01,8.186436527478869740e-01,8.004721204543693291e-01,8.228240720627265636e-01,8.333808559295898810e-01,8.064782890865955789e-01,8.241732986856658005e-01,8.318580867660239075e-01,7.905714500951780410e-01,8.249989210436466935e-01,8.084428119185661510e-01,8.217080751991482357e-01,8.010773398150871083e-01,7.866332042444564854e-01,8.609592306450323251e-01,7.313723196429485762e-01,7.684710380258462648e-01,7.553340166130859679e-01
