6.326456338500831000e-01,5.745685252175807278e-01,3.521133024428365066e-01,6.672721901789434584e-01,5.237437677134569869e-01,6.139559696993702742e-01,7.413006783182735093e-01,7.305705205503614241e-01,7.025304083077437145e-01,7.831119564969982738e-01,7.743936677366334287e-01,7.006212756902971961e-01,6.396608971701370772e-01,8.160755079743959861e-01,8.160761425834108795e-01,7.824265060660248183e-01,7.431093942069780800e-01,7.606224685358466964e-01,8.160793802998925761e-01,7.831111494758999925e-01,7.798666098206309405e-01,7.714479680194177291e-01,7.890019355813140400e-01,7.747008615475219351e-01,7.353147550891215856e-01,7.310738280480328921e-01,7.813705445998623267e-01,8.160824909038676411e-01,8.076560709476718891e-01,8.159993635746093377e-01
6.343683082035749266e-01,4.880944198080502394e-01,5.634742624243305187e-01,5.968212187148507208e-01,6.519093100693070797e-01,5.536545029499908566e-01,7.423785338447789206e-01,6.887651232620600750e-01,7.846904222697798081e-01,7.849579309377507919e-01,7.405732598266268063e-01,8.013047263143988630e-01,7.201341219412218386e-01,7.736224231508895821e-01,7.600634329124306143e-01,7.239134745192059572e-01,7.712110886463602322e-01,8.160785373528501863e-01,7.909069088122168134e-01,7.456202003639852416e-01,8.160842875397106289e-01,6.936001781937380928e-01,7.619411239892368570e-01,7.227286769732956806e-01,8.160807582587648046e-01,7.466532432362467109e-01,7.184350155114607173e-01,8.139217410719454815e-01,8.127637815569006552e-01,8.160828032408159460e-01
3.826629178912904217e-01,6.001531152088589449e-01,5.862159424210429126e-01,4.711608620873760089e-01,6.130305782334083409e-01,5.554773434001343269e-01,7.798526035370175746e-01,7.763356285523497213e-01,8.160644351303946165e-01,8.083597274069111993e-01,8.052015402325525262e-01,7.622166606093354613e-01,6.024446559440455040e-01,7.139428539702182830e-01,7.146167807884175049e-01,7.466251170455032726e-01,6.472301558792874498e-01,8.160784713381120659e-01,6.806534849764235284e-01,7.831462778969390248e-01,7.222317401908280310e-01,8.159898807452866665e-01,8.133027281141044229e-01,8.160810973683821912e-01,7.935152455275371608e-01,7.322762821930290933e-01,7.440145105580826534e-01,7.264230494564020146e-01,8.160825298127858396e-01,8.160817699052835827e-01
7.237710361533317149e-01,4.976518266910117116e-01,4.300109283805004790e-01,6.981443610460309479e-01,7.346000260566472040e-01,8.160489058494740933e-01,4.866960125460176312e-01,7.057890727817165422e-01,8.160659818243209962e-01,7.808161406041307373e-01,7.314388758895133957e-01,7.417401649947533704e-01,8.121317957651916775e-01,7.077746821982399128e-01,7.794769176668400190e-01,8.160206283712823083e-01,7.710743686021382937e-01,7.764461375936845267e-01,8.160820575537126587e-01,7.771501384128114420e-01,6.679746353864750574e-01,7.438032400787808474e-01,7.838044225680816934e-01,7.790295962807834984e-01,7.566139023142379738e-01,7.801068205340825346e-01,7.825374106263259799e-01,8.147045998783176701e-01,7.739495314985608276e-01,7.728378232782233681e-01
6.440292848651955060e-01,6.065821244885566399e-01,6.570129387951869626e-01,5.755435129574556496e-01,6.198595558043561438e-01,7.347807721095531708e-01,6.539294091013641008e-01,6.640042990929265754e-01,6.894676696615014144e-01,7.092598070537415866e-01,7.353852712292445748e-01,8.160669869718027991e-01,7.640720330195359677e-01,8.160771745092262330e-01,7.155058338614516122e-01,6.916924485407622836e-01,7.245628233986062261e-01,7.517703505973291067e-01,7.748307950663261279e-01,7.623751435497057027e-01,7.340892478065154103e-01,7.136888545507168446e-01,7.590421265915805460e-01,7.571997105020794594e-01,7.728692896761992781e-01,7.241260069345335504e-01,7.775327353520182783e-01,7.855775527294505123e-01,6.489114334747968504e-01,7.467731717770966782e-01
5.480438114302087493e-01,6.585251663018077961e-01,7.711929385430972284e-01,7.204529870059925845e-01,6.788421791177193798e-01,7.371020103845887794e-01,7.696887561192050642e-01,6.784276473682341324e-01,7.486767168819532525e-01,7.766152377936003104e-01,8.156478385747648607e-01,8.114738272652010087e-01,8.155270486287434784e-01,7.574889345884321390e-01,7.381927016303552191e-01,7.494852898520072415e-01,7.739725010417898288e-01,7.444987792869456333e-01,7.790124907899613760e-01,6.889940813378193640e-01,7.755816222613501898e-01,7.771585111679264468e-01,7.805624355186139285e-01,8.160834691317105927e-01,7.509130533712295996e-01,7.487333680971857142e-01,7.320798916862183425e-01,8.116789522945789814e-01,7.477661297941845531e-01,7.526179893892767092e-01
6.194198905103521779e-01,6.557629809951163180e-01,7.137640431215762638e-01,6.062879491302244350e-01,6.911869665980344690e-01,7.067176171095809201e-01,6.859415436865859972e-01,7.776022237246124069e-01,7.552076704620239722e-01,7.568382347767189655e-01,7.061767726081893404e-01,7.781366176643094157e-01,8.160761045567640481e-01,6.862215045760059473e-01,8.160778682801873574e-01,8.152382996599507603e-01,8.160784993098799678e-01,7.736614464416669001e-01,7.775438205836152639e-01,8.160748592931348355e-01,7.594989051526235269e-01,8.155370738778425777e-01,7.537336963719312166e-01,7.454881431052196028e-01,7.745630548570406892e-01,7.817516400577020352e-01,7.765926386919895785e-01,7.347537024378952841e-01,7.506558280258648352e-01,7.440930933764331456e-01
7.294646670796324228e-01,7.057410390417981905e-01,6.936225138097461551e-01,7.487511822713995846e-01,7.782815276641701363e-01,7.459028667435111393e-01,6.777413783425533245e-01,8.160701020295759722e-01,7.038191550025356680e-01,7.022576994584687204e-01,7.343497266262042356e-01,8.160787300734776428e-01,7.316383925961639223e-01,7.911848811571425832e-01,7.624699907497660689e-01,7.203369601746005824e-01,7.118868187210610765e-01,7.766924303039571820e-01,7.802373271844083025e-01,8.160809501356648399e-01,7.779165970176689093e-01,6.743823308156458030e-01,8.160814271096508143e-01,8.160205492199682498e-01,7.721610755733636644e-01,8.160874741896115836e-01,7.769125729993037188e-01,6.605858129846348126e-01,7.635565966604133115e-01,7.774342685444142198e-01
7.009258811497764974e-01,7.039946886756115463e-01,7.434649818539059707e-01,7.444616120274009097e-01,7.408791488237411738e-01,7.771824743744979447e-01,7.471617665622498627e-01,7.326803634514325037e-01,8.160737938506010813e-01,8.159240384258644729e-01,7.731924061361648004e-01,8.130698998864320792e-01,7.390154986087094091e-01,6.369243253534347948e-01,7.815979834791123571e-01,8.160806970791021353e-01,7.687182506751158995e-01,6.868363584669473498e-01,7.877863366826839409e-01,7.783964626083632599e-01,7.571008313788609723e-01,7.733996890353834752e-01,8.153148869627699913e-01,7.086670814690564368e-01,8.151261186981785256e-01,7.213561297951955886e-01,7.757796975875648204e-01,8.160817108008309173e-01,7.835766756871512806e-01,7.760842181353323488e-01
7.789450180178747463e-01,7.620470154326139944e-01,6.807510749875533840e-01,7.801923737856193419e-01,7.732126091419521119e-01,7.471740201055927511e-01,6.691909281633556805e-01,7.522781037096125667e-01,7.797019339504612789e-01,7.815431055988347753e-01,7.825587702787153432e-01,7.572348145127558716e-01,7.555398341807465501e-01,7.275224158937458885e-01,7.708343680813705134e-01,8.160788030631948020e-01,7.316533794708763860e-01,8.160794908788445712e-01,7.819248256531531327e-01,7.753985797748230713e-01,7.779898301454674092e-01,8.160809776164785756e-01,7.613504527457997106e-01,8.158624182811580194e-01,7.910965185572308433e-01,7.760484718767853840e-01,8.160852068842916474e-01,7.662242148010778298e-01,7.294116633231173541e-01,6.189720320022059630e-01
7.437014933355285962e-01,6.800507051599808950e-01,7.042591103608111247e-01,8.160387222839173837e-01,7.008087643371698761e-01,7.800886305053540415e-01,7.702149497539786394e-01,7.425668295560299281e-01,7.359415845163603809e-01,8.090389144633061136e-01,7.557790224923696121e-01,7.363820441923523141e-01,6.748330435829785756e-01,6.932524557911874385e-01,6.385746813787612775e-01,8.126276768178646304e-01,7.140624309756199439e-01,7.413853401994023873e-01,7.827723176133567495e-01,7.488879331894263691e-01,7.596766327968371701e-01,7.191297669832175110e-01,8.160313058853332358e-01,7.300708433296695388e-01,6.934876181921934002e-01,8.160817993785867142e-01,8.156785402659433304e-01,8.160844635049121498e-01,8.044945493148277782e-01,8.160817718353837735e-01
6.692328913872026552e-01,7.782261895163564702e-01,7.557115503975975201e-01,7.164433212859401268e-01,8.037018361212076023e-01,7.303938701775218867e-01,7.557049266191084858e-01,7.381908531231290427e-01,7.298000870547739494e-01,6.737718081977734919e-01,7.248008357801736246e-01,7.894284525519392748e-01,7.832576570147801176e-01,7.576883401714454846e-01,7.449873048892708960e-01,8.160793450735932542e-01,7.805299966799605915e-01,8.139066226182413155e-01,7.329893275348972059e-01,7.632160926763992270e-01,8.160805690286557779e-01,7.811128745481230595e-01,7.692572079547620456e-01,7.312880434463195911e-01,8.158866929012396074e-01,8.160815585746836742e-01,7.250200978318275258e-01,8.160849362924832429e-01,7.316582413614584057e-01,7.903880165962925419e-01
7.824608081344464061e-01,7.814161132698985712e-01,8.160756980843257846e-01,7.834643392022405672e-01,7.637768036837861985e-01,8.160773049617807695e-01,7.884319126072121264e-01,7.496173606746064921e-01,7.822669558682147084e-01,7.793546874984450534e-01,7.824001896701878733e-01,8.150839445244256742e-01,8.160802570241917353e-01,7.833413542162596110e-01,7.350445034839486746e-01,7.418476154252865440e-01,7.866272073296681766e-01,8.160801637666721398e-01,8.158477547788554052e-01,7.913115118612518151e-01,8.118253771120824691e-01,7.812611738670475203e-01,7.003292936825540327e-01,6.904581371619483710e-01,7.649349871378131605e-01,8.041892275030666504e-01,8.160815769150502330e-01,6.483240575750062185e-01,8.160817021076562927e-01,7.708291820174260067e-01
6.346231089847145235e-01,8.160783139248309892e-01,8.159626068803050858e-01,7.124225856612727004e-01,7.864290784794303324e-01,7.464648351104986590e-01,7.923766687481550441e-01,8.160778265260461017e-01,8.099014106185842277e-01,8.159162534929961241e-01,7.788321647038815021e-01,7.211168054493320989e-01,7.844317688569314440e-01,7.496852554991448869e-01,7.647407158565374674e-01,7.409371456645564846e-01,8.041639837601120000e-01,8.159245095486207244e-01,8.106120588777190328e-01,7.288565520143515108e-01,8.160808873780488470e-01,8.160838958383451747e-01,8.160810739115154089e-01,7.483291972433409045e-01,8.159172824135858537e-01,8.160820466909404214e-01,7.610145728478262539e-01,7.824416751484354338e-01,7.209893244039980997e-01,7.785162255267047415e-01
8.160762858691136268e-01,7.465505634616648178e-01,7.376655741578463932e-01,7.785597345517978329e-01,7.555414758070003733e-01,7.701766170287195346e-01,8.157462002546094215e-01,8.160809220511316964e-01,7.678978637236728577e-01,6.916941304387317357e-01,7.079853052847767669e-01,7.846907431828145096e-01,7.971799502208003485e-01,7.413331506753338962e-01,7.194165635422985483e-01,7.781735241424209137e-01,7.687217177044108896e-01,7.916677653298318518e-01,7.561658681759808598e-01,7.809035873946698070e-01,7.356663471113399355e-01,7.928456173856386346e-01,7.222075634075495465e-01,7.745441535135424438e-01,7.848111849158551090e-01,7.463221164261775176e-01,8.147462424379779966e-01,7.371532865182258698e-01,8.160830717475530127e-01,7.790822631203969673e-01
7.762177276853334806e-01,7.734386697439705749e-01,7.607580482904184871e-01,7.556890408616150356e-01,7.796872246542382312e-01,8.054421801598394826e-01,7.766822072090039386e-01,8.160830569087128561e-01,7.914100458596211585e-01,7.762394191334678339e-01,7.139969556412800733e-01,6.820524758321250269e-01,8.160787379572782552e-01,8.160822569975061391e-01,7.884827750917062783e-01,8.160804260335225990e-01,7.907834628549372802e-01,8.140506030050846942e-01,8.160513188465213785e-01,8.060176664609983721e-01,6.656358741581956950e-01,8.160820946765936501e-01,8.160074914886654707e-01,7.875471489495583510e-01,8.160815181776507332e-01,7.814758784596153030e-01,8.160817412110559221e-01,7.448024879575065871e-01,7.431573534074344956e-01,7.824605170535805510e-01
7.348869665799853124e-01,8.160778113231359487e-01,7.526916268422529921e-01,7.921532890374348712e-01,7.384919234735016769e-01,7.830294005754655506e-01,7.794181304066920557e-01,7.467975198934014847e-01,7.866943678477008595e-01,7.781291067143385476e-01,7.587486516310223417e-01,7.752197343415937469e-01,7.517657959146472058e-01,8.130712903008104897e-01,5.843588169241632491e-01,7.375894343979424450e-01,8.160817977751230190e-01,7.101501424864691270e-01,8.054735316449335158e-01,7.738996762261038942e-01,8.155681534059977533e-01,8.160843250321991871e-01,8.160818426187212982e-01,7.334586265024028995e-01,8.160839290760615317e-01,7.313777495021419606e-01,7.354377777097937940e-01,8.160844081639326841e-01,8.159094505548599718e-01,7.560588571919806267e-01
7.874562018914964545e-01,7.798660278169208260e-01,8.158071863310171201e-01,7.036515771330218438e-01,8.160827800255916475e-01,7.748486564076304539e-01,7.466828839506830517e-01,8.160797956770635686e-01,7.739416074511201726e-01,7.640883023504650984e-01,7.797768018081414620e-01,7.227991053710576264e-01,7.485763708730758248e-01,7.781503252475326926e-01,8.160808304548436976e-01,8.160814760300507675e-01,8.135105608597561488e-01,6.773839645053598701e-01,7.460669840068073766e-01,7.634653210336391771e-01,7.267613971181602350e-01,7.824001104253252015e-01,7.747611394261401108e-01,8.160830690258389364e-01,7.789191344862942401e-01,7.555962174383962227e-01,8.160348943556068324e-01,7.689343774987045244e-01,7.764858965654544143e-01,7.744824958546066007e-01
7.910348517033316540e-01,7.839982436125730869e-01,7.743775485474574394e-01,7.517887124424064149e-01,7.911335949649995758e-01,7.513048780226297962e-01,7.595735221465613751e-01,8.156302320050557997e-01,8.093335917742765506e-01,7.812637362529909479e-01,8.111909343599876809e-01,7.996685703360647546e-01,8.083279830309472169e-01,7.751138390751510787e-01,7.437763583413422586e-01,8.160827943989649169e-01,7.797162036905056492e-01,8.160844796558832659e-01,7.562876805633818034e-01,8.053096454506210033e-01,7.495741066284985488e-01,7.807750824999818429e-01,7.464736512158878234e-01,7.793866383031077261e-01,8.160850309431079141e-01,7.191946106575730635e-01,7.207078001431153069e-01,8.160854068392825456e-01,7.511499878427267962e-01,7.091050945290073848e-01
8.121250726131582498e-01,7.623366508381643758e-01,7.022725798322212443e-01,6.916404951218390051e-01,8.160865448144964951e-01,6.908580467353497845e-01,7.518717976209675635e-01,7.977978537327514719e-01,7.464402738533240100e-01,7.816206594632569837e-01,7.657001700390979604e-01,7.433438389786102274e-01,7.687173255985112474e-01,6.971533561185760952e-01,8.156874604217784208e-01,7.695583750515064825e-01,7.608920844982429710e-01,7.581527962892187222e-01,7.954118821928984895e-01,7.726772034620152940e-01,8.160822369854514591e-01,7.760442708395619560e-01,7.124867147003172141e-01,6.369025982288468724e-01,7.768915606679288599e-01,7.811795260682391495e-01,7.375416775619318965e-01,8.117273858021223365e-01,7.821604769438514904e-01,7.807393242197787631e-01
7.868981176226278462e-01,7.485296514324729644e-01,8.154272867151038939e-01,7.265007758933343940e-01,6.962802884254492009e-01,7.699804159852980945e-01,7.787428416189097202e-01,7.475602810883946736e-01,7.093210753809656710e-01,7.675482582851645974e-01,6.775914852150826118e-01,7.640010495663606127e-01,7.436950291573736216e-01,7.883452071760814750e-01,7.009896158699226998e-01,7.381064651490774065e-01,8.159203921476364529e-01,7.239043581082638124e-01,7.405861827047258705e-01,7.413986442760749362e-01,7.311007706679218954e-01,6.987161987245226191e-01,6.558274761276162712e-01,8.160076389255433993e-01,8.160840204433005285e-01,7.901526835271498461e-01,8.160829619750312736e-01,7.716929704542556667e-01,7.823592687039863103e-01,7.911842553617075557e-01
8.158193242259039746e-01,8.067605877026386985e-01,6.706928525422188869e-01,7.770358814903260969e-01,7.382801026886267604e-01,8.002239673796579522e-01,7.853993899922492306e-01,7.460531819281221999e-01,6.738985669101703602e-01,7.340170363326229408e-01,8.160815164585647485e-01,6.607062134580988788e-01,7.894577218440534949e-01,6.425129084255054579e-01,8.160823608882609159e-01,7.843793373755524323e-01,7.816740575299210292e-01,8.155459131022750885e-01,7.794620972764347844e-01,8.160844020358362094e-01,8.136107250150088621e-01,8.091882911740948536e-01,8.160827526209811777e-01,7.755541017569355100e-01,7.265963613761131645e-01,7.807111189495795633e-01,6.661620097296787613e-01,7.218385136159400917e-01,7.862994327742111045e-01,7.336372512027951043e-01
7.342509723256621657e-01,7.521624644093641843e-01,7.505957993936648309e-01,7.736231293894821892e-01,7.464467714240157203e-01,7.284434385882233576e-01,8.160805531389796474e-01,7.309914150564177371e-01,8.145370060249000899e-01,7.868550048958279364e-01,8.160855577798230565e-01,8.160405706139325366e-01,7.741620574655778686e-01,7.423197528841449788e-01,8.107016022190209892e-01,7.801449452031856691e-01,7.169977591683606155e-01,7.723543188258995551e-01,7.461554045210542219e-01,7.803044007219208655e-01,7.584937203208192980e-01,7.840677922296492852e-01,7.750828389864179435e-01,8.160821567831811896e-01,6.538966299402496629e-01,7.090380326087374341e-01,8.160821841051719705e-01,8.157828046571702352e-01,8.160825291793732950e-01,8.160900583696527599e-01
7.819755003244772684e-01,7.797822885932065295e-01,6.776966752040965991e-01,7.875531001377022999e-01,7.497395567105720193e-01,7.665665700306161234e-01,7.101658273431267210e-01,7.349065725593629805e-01,7.749472414598002068e-01,7.767595214573469464e-01,8.160134844924582520e-01,7.159276518406950673e-01,8.160811350455542401e-01,7.860712573386535729e-01,7.621158871807508506e-01,7.802000469303780328e-01,8.160820217026798495e-01,7.735075483324227452e-01,8.160857258725109364e-01,7.755569052782457229e-01,8.160822554234837822e-01,8.160769075848245402e-01,7.572397295945614282e-01,7.715754774011567285e-01,7.514212221713614248e-01,8.160820647391261451e-01,7.740167071075997329e-01,7.216080860968239197e-01,8.024984888020465501e-01,8.160822798103118947e-01
8.160873561341469573e-01,6.654573612964097551e-01,8.160526194730299832e-01,8.083292586917038003e-01,8.160808362459548437e-01,7.785745580126496312e-01,7.421555563010620027e-01,6.703975393534329363e-01,7.085577355451646575e-01,7.559366368221922539e-01,8.160819540417445506e-01,7.806267358176154358e-01,8.013935312624916874e-01,7.525920815838550437e-01,7.158212348884657183e-01,7.747482864877459630e-01,7.815427917733296370e-01,8.076179048797875737e-01,7.031931549015476568e-01,7.842371801367084005e-01,7.765901286498451128e-01,7.372331380536576440e-01,7.767990725609992264e-01,8.160748991624784399e-01,7.575067638165227102e-01,7.825552597675453637e-01,7.806941689596218481e-01,8.160847455146795770e-01,7.365113849727621398e-01,7.285140317351991301e-01
7.494566793608519184e-01,8.160810255025263693e-01,8.127287256788474634e-01,8.150594869853508007e-01,7.986667541747115573e-01,6.960002412044858922e-01,7.737856420911126687e-01,8.160840670025731880e-01,7.287719788047744007e-01,5.977744746262454445e-01,7.524136282850765189e-01,7.841330697096906555e-01,7.929606073733199700e-01,8.160846800373040555e-01,7.823839613134322413e-01,8.159516556024709599e-01,6.555405731429652105e-01,7.339302745007365569e-01,7.955654147803546961e-01,7.766022706512725193e-01,7.722701457679549408e-01,7.792576342361509090e-01,8.160831559714368799e-01,7.626238646844148983e-01,7.307588819184047679e-01,7.769589773073233285e-01,7.070008284613904515e-01,7.516045670254848377e-01,6.865798475432930426e-01,8.160822653218274825e-01
8.128857990406007650e-01,7.520874590412921501e-01,8.160817842668683930e-01,7.825575781914227980e-01,8.160811788697311941e-01,8.160814111932378490e-01,7.286661863846302101e-01,7.846684409812261229e-01,7.806464566224710078e-01,6.632617851788218388e-01,7.918710950945633265e-01,7.456149538467568005e-01,7.558103242593222637e-01,7.331753491577334136e-01,7.838351196691845102e-01,7.745864395046118123e-01,7.708749862962462895e-01,7.460450882200312384e-01,7.465800987376582931e-01,7.662354123498456016e-01,7.717330426542845512e-01,7.481583068023350824e-01,7.188969407168187553e-01,6.977917304162899459e-01,8.160846246857251796e-01,7.749078533566527982e-01,7.405614468627477187e-01,6.903272713922228299e-01,8.024253225845868753e-01,7.029472518749118048e-01
7.890820432273533136e-01,8.160849559182580260e-01,7.732486017041682036e-01,7.457383854705935677e-01,7.549619704534814568e-01,7.741511863222291234e-01,7.562804306620987127e-01,7.735100447849523331e-01,7.667518127706048903e-01,8.155952842649379919e-01,7.679119360417652196e-01,7.903548017739158160e-01,7.559393816800147325e-01,7.377021700166307427e-01,7.205308618755839056e-01,7.733145000138605951e-01,7.779840325569828963e-01,7.760206461400104283e-01,6.967794039432940734e-01,7.603364188760786124e-01,7.671860893161979167e-01,7.227675640350471609e-01,7.586076320967817255e-01,8.160762267829287930e-01,7.246616300369829178e-01,8.080181293484934857e-01,7.690761040212268362e-01,7.788162875463354728e-01,7.847460192258328693e-01,7.717960796878450269e-01
7.100738295329023231e-01,7.882056332856360870e-01,7.772111365061747934e-01,8.143697319759753972e-01,7.663614096748019300e-01,7.416718085426313722e-01,7.831177186063151829e-01,7.569428491268748171e-01,8.149440601792904415e-01,7.962895293692106025e-01,7.994655473358333042e-01,8.154834790550912205e-01,7.715588460002890114e-01,7.479481228481964505e-01,7.793477966464780193e-01,7.739395741708043897e-01,7.398006235002128061e-01,7.835379374546028730e-01,8.160823159803969329e-01,7.141579361033864037e-01,7.380570530994956524e-01,7.963275492553633095e-01,8.160772131141241781e-01,7.513991081113281512e-01,7.552721390453921435e-01,7.819210319632270423e-01,8.139492233993411707e-01,7.536249621036421598e-01,8.160857080341407110e-01,7.362068630409877024e-01
8.160831899999047012e-01,6.720382516730474265e-01,7.216450480012863711e-01,8.160851307875086613e-01,8.159448293459787838e-01,7.723117360239774021e-01,7.341497718713262399e-01,7.828798224212668577e-01,7.509957022172811802e-01,7.728993975752647128e-01,7.823161067216067854e-01,7.888905029533913593e-01,7.954727811181144803e-01,8.160825265697013720e-01,7.393664948759705036e-01,7.547890429881660701e-01,7.551761888944168444e-01,8.160665797161652524e-01,7.666468159127188819e-01,7.283849447117892728e-01,7.645359471606016921e-01,7.195421168822270230e-01,6.812908523049159282e-01,7.757793527034192449e-01,7.878486602652768900e-01,8.160857270942911690e-01,7.691787323946353006e-01,8.160826915646136603e-01,8.160825955907224927e-01,7.275714980478648064e-01
