-5.158650781386547868e-01,-5.274734635257851689e-01,-3.778464497401589628e-01,-6.647778857326485102e-01,-5.090237140082031209e-01,-6.158227015870424426e-01,-7.500426694693390628e-01,-7.258688276642167869e-01,-6.920652433814961091e-01,-7.663311360156391805e-01,-7.713573469246501890e-01,-6.975816983143715566e-01,-6.483578609559008665e-01,-8.197552458784840290e-01,-8.122509945219319460e-01,-7.808675190914201591e-01,-7.415063068160138160e-01,-7.616193740723773420e-01,-8.184649560792922607e-01,-7.875116824175077967e-01,-7.814887722564587413e-01,-7.728321418044249436e-01,-7.899745382847612740e-01,-7.742853340306055099e-01,-7.359492948850158145e-01,-7.288439587924422369e-01,-7.800835821105850387e-01,-8.174424096195530565e-01,-8.096989009724464559e-01,-8.149494729375279523e-01
-3.018906868634211871e-01,-3.963270659649396621e-01,-4.198188142734285977e-01,-6.184121253294296849e-01,-6.369362472448476531e-01,-5.185516088377118971e-01,-7.343170806901784253e-01,-6.739629881234995290e-01,-7.651804568587767807e-01,-7.625096821492999277e-01,-7.469404309834152267e-01,-7.970796154065939998e-01,-7.106672835884719763e-01,-7.598842174316750020e-01,-7.504410244444420508e-01,-7.172655532315020954e-01,-7.783023917167465333e-01,-8.120378353219379619e-01,-7.893970068562210507e-01,-7.335564356142625364e-01,-8.308308472220040652e-01,-6.897714456766033120e-01,-7.582549908769063984e-01,-7.282538204958520778e-01,-8.119337444445273722e-01,-7.520079845295835064e-01,-7.082038945888519121e-01,-8.136688071758827467e-01,-8.053732095809308378e-01,-8.148975965876693595e-01
-6.188551304417638094e-02,-3.178524385254739015e-01,-4.747546698058998094e-01,-3.725762923963301110e-01,-4.769863295533964820e-01,-4.958776557081551739e-01,-7.225443309201753372e-01,-7.087967704635350641e-01,-8.041957796977169393e-01,-8.107940014295036413e-01,-7.717313262762800496e-01,-6.826396666668660407e-01,-5.827470177300146936e-01,-7.252405348305605015e-01,-6.681169574189129712e-01,-7.231658184616132079e-01,-6.346520023681436751e-01,-7.951027585916826679e-01,-6.673652141885605404e-01,-7.596057929028056099e-01,-7.385039108130224683e-01,-7.914481154258634632e-01,-8.100568732261231863e-01,-7.959506123735977656e-01,-7.880702639469280291e-01,-7.210988661398228805e-01,-7.314156302983482183e-01,-7.217813187649820827e-01,-8.123809760850877471e-01,-8.067098240187375868e-01
-1.422689124604664956e-01,-1.327809734843495570e-01,-2.693727341775635775e-01,-4.755246262601889318e-01,-5.826247706891150013e-01,-6.570346942534175394e-01,-3.898533672406219730e-01,-6.101112437072644390e-01,-7.958649521216955014e-01,-7.672690963759420946e-01,-7.072745690481571090e-01,-7.380935703910201928e-01,-7.734069669485269527e-01,-6.684643836294242858e-01,-7.689019295803397602e-01,-8.295151921276094908e-01,-7.697547183772801560e-01,-7.443740655314403654e-01,-8.048391591797252609e-01,-7.465455911553668944e-01,-6.523762386709367478e-01,-7.539697666616312910e-01,-7.848621607058986482e-01,-7.769942031048368003e-01,-7.375481026408762242e-01,-7.924173954670064024e-01,-7.711968009746830166e-01,-7.982224014049753569e-01,-7.588230878108368493e-01,-7.536305801645343250e-01
-4.822952854820474616e-02,-1.008895950897389787e-01,-2.299916748242907816e-01,-2.386261876872497745e-01,-4.153183443202709824e-01,-5.069619965472448309e-01,-6.053296368743026346e-01,-5.725614150777766920e-01,-5.536870817264596401e-01,-6.719905619662654983e-01,-6.946295089807712486e-01,-7.310271344820736816e-01,-7.639113462382994824e-01,-7.953503189812771712e-01,-6.808857436370684413e-01,-6.540477812249823053e-01,-6.981435392270668450e-01,-7.302520051502113807e-01,-7.171509365620416521e-01,-7.217289848918617690e-01,-6.739419594690072568e-01,-6.937204023099092787e-01,-7.543794032337256539e-01,-7.185607860082413589e-01,-7.524582203335296038e-01,-7.325889166356293059e-01,-7.539282308541934707e-01,-7.674014780314283302e-01,-6.629185989045883742e-01,-7.585379778822353147e-01
-1.824119743070907185e-01,-1.216449037116704435e-01,-3.588929261424265160e-01,-3.957599641793367318e-01,-4.735603361998773631e-01,-5.524294961014077909e-01,-5.289464278331942326e-01,-6.307558822365700868e-01,-6.889983182211903978e-01,-7.000212533348052490e-01,-6.840957266816189986e-01,-7.279676196647711928e-01,-7.382899283120243350e-01,-7.032492497096379802e-01,-6.722014033902781183e-01,-7.087499076450503033e-01,-7.385600204827440507e-01,-7.559929440141461843e-01,-7.550806216130704351e-01,-6.278020376789813506e-01,-7.370369498571869293e-01,-7.430310727572292384e-01,-7.478285226698686561e-01,-7.924003907032065586e-01,-7.212945547367642929e-01,-7.541890236434838357e-01,-7.393563183331153255e-01,-7.900586517245746787e-01,-7.020513431685028172e-01,-7.310260297196624624e-01
7.277000572799865313e-03,-1.604908092012501397e-01,-2.378314801301916748e-01,-2.885678868301441158e-01,-4.856043156693659046e-01,-4.140521832837090188e-01,-5.163057507001110880e-01,-6.775426980265291110e-01,-5.262824146022004879e-01,-5.007249440857602929e-01,-6.167205396126506090e-01,-7.115431450103009148e-01,-7.723121914283521683e-01,-5.660835479817881710e-01,-7.473308231741506713e-01,-8.010391691364920908e-01,-7.589649290665482217e-01,-7.394958537096116835e-01,-7.503921118638360310e-01,-7.475076610927586795e-01,-7.627669092353078772e-01,-7.960122807413331225e-01,-7.401685869738696688e-01,-7.015742661714516881e-01,-7.304943298405177643e-01,-7.575832566776363741e-01,-7.829951218803632429e-01,-6.996403368755877983e-01,-7.652313138063354669e-01,-7.126721569057912209e-01
-9.324583416378881551e-02,-1.200207695777551625e-01,-2.825622346523036232e-01,-4.484149705612619496e-01,-3.357242256929435231e-01,-4.381297535162139156e-01,-4.634702873274012536e-01,-5.531835843436565536e-01,-5.837914692563929142e-01,-5.139626069201902459e-01,-6.344208603403468372e-01,-6.683026223556485235e-01,-6.467886898916584970e-01,-6.698609948592956220e-01,-7.143489956796251761e-01,-6.889468379628027606e-01,-6.715548227522042390e-01,-7.145034754933036192e-01,-7.216557105367588099e-01,-7.855704569073540533e-01,-7.550622835580760306e-01,-6.501542199577516890e-01,-8.052124120239124716e-01,-7.391530475817186252e-01,-6.889133442574728594e-01,-7.709474437718334405e-01,-7.367935676026907688e-01,-6.216249704388282504e-01,-7.275342520162723092e-01,-7.609806629843284265e-01
-1.654182893780573871e-01,-3.140268965660771294e-01,-1.752414934909912181e-01,-4.118680763843103332e-01,-3.492831921701080589e-01,-4.507448700585202084e-01,-5.885718693963735149e-01,-5.326096777816629046e-01,-5.435607158716319054e-01,-5.416361229162010016e-01,-5.585911046421823123e-01,-7.207011720775455821e-01,-6.455336210549476039e-01,-5.574250156478270934e-01,-6.699123915366651527e-01,-7.471117243560055909e-01,-6.674499021417843458e-01,-5.666964487106935788e-01,-6.446700055414708030e-01,-6.376838905465536111e-01,-7.267988213092053673e-01,-7.200002599922418201e-01,-7.296825088728849940e-01,-6.908616970839382976e-01,-7.659542750545665912e-01,-6.890524713843636517e-01,-7.090229276306284634e-01,-7.547651035903550909e-01,-7.818864049067928423e-01,-7.717803158591327595e-01
-7.040486660452240086e-02,-3.171445180029299205e-01,-2.426743978657873169e-01,-2.890927402450860773e-01,-2.040116802054030010e-01,-2.737172894647408317e-01,-3.454382459973152630e-01,-4.803187735900198430e-01,-4.867500657644728834e-01,-5.570189402464368333e-01,-5.068058001010734559e-01,-5.583542544706168176e-01,-5.539502226506481941e-01,-6.139608156029361385e-01,-6.367477029842005809e-01,-7.457653210171552027e-01,-6.653965083740461806e-01,-7.011371853169444668e-01,-6.799458007098030388e-01,-6.570790910628395709e-01,-7.488153353908100218e-01,-7.380774908242619947e-01,-7.491790251904213438e-01,-7.501399298760492718e-01,-7.811512731292273859e-01,-7.143863984847166337e-01,-7.277968798801900396e-01,-7.650405434912570524e-01,-7.023244397605616918e-01,-5.898325294069232116e-01
-5.583700525168214246e-02,2.588169360572462399e-02,-7.299334308257969528e-02,-3.026538515329253443e-01,-2.267695523987106332e-01,-3.478698446100494945e-01,-4.492308298974886926e-01,-3.637840784010266115e-01,-5.893099455640427031e-01,-4.845644543679642480e-01,-5.301156574570796698e-01,-5.198003502238729423e-01,-4.734606225698423931e-01,-5.945528062187965812e-01,-5.099769875525959062e-01,-6.492254475489708243e-01,-6.566897673056479867e-01,-6.732901389653047630e-01,-7.311995663986683436e-01,-6.501249678105550656e-01,-7.226423247041545705e-01,-6.137449092618081359e-01,-6.924955164490892434e-01,-6.899760068934118751e-01,-6.181314030121261016e-01,-6.891228684849356467e-01,-7.665071468818486222e-01,-8.160488935596802440e-01,-7.235252704570499516e-01,-7.242993438783360549e-01
1.245324977105893710e-01,-1.079745065233326251e-01,-1.546034465199066787e-01,-1.790559349305805292e-01,-2.373315205158569585e-01,-3.888989973309802672e-01,-3.133963307293791134e-01,-4.179776575621023671e-01,-4.772455104925872882e-01,-5.414374141428279774e-01,-4.037861111712434115e-01,-4.962094086060266362e-01,-6.167717304293537373e-01,-5.915123631658186776e-01,-6.546265268251035829e-01,-6.785015104091459692e-01,-7.116925924265621317e-01,-7.048023184702579824e-01,-5.964237346108010041e-01,-5.536853429429381412e-01,-7.524685163038764557e-01,-7.068526589228103507e-01,-7.100100716165669290e-01,-6.271419071978153736e-01,-7.898438570122928715e-01,-7.472102704826836250e-01,-6.858274828453667649e-01,-7.929270980426582627e-01,-6.883733683640096412e-01,-6.948475836169343278e-01
1.288933254662451809e-02,7.434767185826654523e-02,-1.108602064292703582e-01,-2.748790916232657366e-01,-2.126729529948880593e-01,-4.539046277571259225e-01,-4.046545253241405349e-01,-3.346549088999195565e-01,-4.425613544394865762e-01,-5.191862058074344644e-01,-5.056130248785135617e-01,-4.671717963360379477e-01,-6.201983252306539907e-01,-4.670237580498516894e-01,-5.675738092639710519e-01,-5.198560105530249942e-01,-6.034703825278132650e-01,-6.396821559674626956e-01,-6.792242360094425946e-01,-6.533447753508465627e-01,-7.365460167420933013e-01,-6.907653720491414573e-01,-5.303649242681512943e-01,-6.029315992060527707e-01,-6.608022390098563514e-01,-7.303689715557589723e-01,-7.182979351143266022e-01,-6.044940365907084390e-01,-7.741215736648784373e-01,-7.087390427189390607e-01
-7.131275927224653421e-02,-9.722108265875549146e-03,-9.452343160996241889e-02,-1.584426397475747761e-01,-3.319794456163202012e-01,-3.866362545670148365e-01,-3.641965494285281379e-01,-4.831497029862511505e-01,-4.624574119752350443e-01,-5.151333938210934660e-01,-5.289727242457439305e-01,-4.881323335828475773e-01,-6.221314352675689774e-01,-4.972524956452544775e-01,-6.417639488130065795e-01,-4.986629282340565572e-01,-6.386297331404561239e-01,-6.084261220813239612e-01,-5.879722011571536511e-01,-6.027681407600965491e-01,-7.348475345242252432e-01,-7.111367469661609153e-01,-6.889015787433512283e-01,-6.397686957966919330e-01,-7.335930130115533299e-01,-6.677418430264283611e-01,-6.519614751112110529e-01,-7.030419626116405363e-01,-6.566237005401133198e-01,-7.071398939891400115e-01
1.815070422605323530e-02,-7.004710301430924768e-02,-1.923432607858663324e-01,-7.431731910207015068e-02,-3.055618407170058726e-01,-3.163895571474122925e-01,-4.125154105528089921e-01,-4.441810677392393769e-01,-3.034227821275382042e-01,-3.956022368666458622e-01,-5.036402075909776066e-01,-4.776407511412223972e-01,-5.402225865382282999e-01,-4.466127826779262566e-01,-6.247305538398559843e-01,-5.738755259055736690e-01,-5.878877978047356567e-01,-5.821739125784066715e-01,-5.801823162807714374e-01,-6.306023511581615448e-01,-6.856787425612739240e-01,-7.223738248671588424e-01,-5.925309417926020172e-01,-6.541308051904902721e-01,-7.225990096303042121e-01,-6.231526836885202814e-01,-6.813976795563591038e-01,-6.117594235556256255e-01,-7.656756631919990896e-01,-6.937571912960304177e-01
-4.142456933316185710e-03,-6.016222405538174112e-03,-1.354937905091039840e-01,-2.190809217375173090e-01,-1.743474228814022309e-01,-2.309464445054539017e-01,-3.343681586224089286e-01,-2.778148706153779623e-01,-4.595393490656192736e-01,-3.054669315495772697e-01,-3.137974973825302105e-01,-3.896189464729817309e-01,-4.735934333312161737e-01,-5.174005700056441004e-01,-5.366868490660645641e-01,-6.838205737536561246e-01,-5.335932605182265309e-01,-5.964411076532858402e-01,-7.314984786835704300e-01,-6.355189065368868073e-01,-6.572992574366587348e-01,-6.859586219868840651e-01,-6.403137960608530355e-01,-6.852588967314051649e-01,-6.792748114086833988e-01,-7.855687803984975348e-01,-7.059325544904923033e-01,-6.171226617208385168e-01,-6.655799252841809732e-01,-6.246359577585214318e-01
-1.183741305936319571e-01,-1.267009975080911066e-01,-1.822740933980503131e-01,-1.387707606806415084e-01,-1.685502375511256923e-01,-2.397477743848520637e-01,-3.727081904965063308e-01,-4.051196625968712661e-01,-3.048893797411173501e-01,-4.312167980011281654e-01,-3.360226334931504799e-01,-4.936132298738239998e-01,-4.693822864804010897e-01,-5.894363295900396649e-01,-2.760845114947188539e-01,-4.826674674195767789e-01,-5.618023767789880329e-01,-4.736425903015074601e-01,-6.552101544877056982e-01,-5.941326721507783626e-01,-6.249594518902317208e-01,-6.261231539542232438e-01,-7.436941920732272893e-01,-5.612098260381347403e-01,-6.396000175853618908e-01,-6.296755800385852586e-01,-5.624232301546158164e-01,-6.707245369901811971e-01,-6.926672749474345192e-01,-6.597088429861900361e-01
-1.546437827781285863e-02,-4.691185105193547943e-03,-3.481857526368866557e-02,-1.434811388469933446e-01,-3.042648927797775293e-02,-1.436050883752321983e-01,-2.310561231327856180e-01,-2.137771753965808097e-01,-3.783579810075776151e-01,-3.644282858267034464e-01,-5.075933093892892600e-01,-2.903340596360500792e-01,-2.785838278060452367e-01,-5.265747539204940209e-01,-4.717974298962055446e-01,-5.399552001086508346e-01,-5.666881739538264240e-01,-4.317632689684745562e-01,-5.466548639281116895e-01,-6.148451851161181869e-01,-4.942740537795116129e-01,-5.955642390041109291e-01,-5.428337548181382255e-01,-6.327977759900619281e-01,-5.433266653487096587e-01,-6.707890656649628802e-01,-7.441504671420423600e-01,-6.615399512679530636e-01,-5.496697847127117731e-01,-6.886539461829939146e-01
-9.454112566746744606e-02,-4.791706251307571024e-02,-1.537974869460097815e-01,-9.103437443185696809e-02,-1.075783016282992194e-01,-3.477148133015116049e-01,-9.167121196445209008e-02,-4.383994300261905841e-01,-5.031818505811569420e-01,-3.322729314797099875e-01,-4.249878576219499049e-01,-3.282537501249677137e-01,-3.169163169129398105e-01,-4.589384839688444018e-01,-4.791269999151762660e-01,-6.021236032685546302e-01,-4.992320533553508688e-01,-5.360566667991648604e-01,-5.327727358458534956e-01,-6.667905335999828598e-01,-4.885094739753497728e-01,-6.234493736358676097e-01,-5.233734942385676048e-01,-7.757631385736479812e-01,-7.042926161166085386e-01,-5.699388458976711869e-01,-6.162267200372202325e-01,-6.421547184000124808e-01,-6.989648857831569639e-01,-6.338641782946506931e-01
-2.153814650740884865e-02,-1.890048832653944411e-01,-9.681088484906565095e-02,-1.301404614799593906e-01,-2.711598846326331858e-01,-1.643892804033639521e-01,-1.245426864715721699e-01,-2.444728794980005337e-01,-3.696664021067755379e-01,-4.541059126878941310e-01,-4.008912011590540225e-01,-3.439912193253264472e-01,-3.617510021676615395e-01,-3.170029713504493585e-01,-4.937735756770659790e-01,-4.196221098943280770e-01,-4.325189971458290872e-01,-5.256719898697804760e-01,-5.597120737012073466e-01,-5.793308704657136321e-01,-5.588938621937273865e-01,-5.716436411854719513e-01,-5.498033711297786175e-01,-5.402535182697856264e-01,-6.335118294391544058e-01,-6.718131490201986189e-01,-5.980232417954784996e-01,-6.444009027652092270e-01,-6.415038800285929321e-01,-7.190560956285202421e-01
-4.098329728381257253e-02,-1.439868110143845414e-01,-7.753223856058855112e-02,-1.180933898737346194e-01,-1.379862227832397148e-01,-2.504935326051618838e-01,-2.968601340534240962e-01,-2.594539675483845675e-01,-2.128300920727483336e-01,-3.050499651729541850e-01,-3.194203204348864955e-01,-2.490095507426978438e-01,-4.248171173222645147e-01,-4.340549284202600555e-01,-4.426127415973411527e-01,-2.942528210508740805e-01,-5.514437793577323665e-01,-4.855051360272325534e-01,-4.775813516588513497e-01,-4.302241792955628363e-01,-4.525999542866184222e-01,-4.449073466560063417e-01,-3.601736867593466340e-01,-6.152765896750554964e-01,-6.091727803951964004e-01,-6.690315418314861651e-01,-6.576070220058184423e-01,-6.564559747424331126e-01,-6.867708930517441024e-01,-6.439629091231695579e-01
-5.507021734041491617e-02,-1.302367885613433807e-01,2.335675084864526595e-03,-1.202359224679009908e-01,2.421300795592094476e-02,-2.024022374963640181e-01,-1.952967743443049797e-01,-3.042286845240995685e-01,-7.069611888860950766e-02,-2.593721346933566818e-01,-2.807908407471731427e-01,-3.187772197298030519e-01,-4.081204624366808198e-01,-3.514363076138654618e-01,-3.903651400785650427e-01,-4.997554188249200835e-01,-5.073995688689668659e-01,-5.124644621580699555e-01,-4.227442736850506866e-01,-5.703430318264177679e-01,-5.684248507287937846e-01,-5.149197015046217407e-01,-5.713397430476445660e-01,-5.813471793840105928e-01,-5.214863547262452714e-01,-5.852577577889481741e-01,-4.760242317666067979e-01,-5.780892390581564566e-01,-6.363547387548538214e-01,-6.372990432005322115e-01
-5.000558893994809517e-02,-1.482273340567535069e-01,-2.211125572324555422e-01,-1.095915307469425559e-01,-2.091505517028727501e-01,-6.259025093721232169e-02,-1.535394262262843867e-01,-2.653808077574718038e-01,-3.613621422466452016e-01,-2.829843383192554018e-01,-3.264055064056456401e-01,-4.103431323944494724e-01,-3.366262822351498984e-01,-4.166604508298770715e-01,-4.171151438410510282e-01,-3.585199013028809167e-01,-4.620037552469521969e-01,-4.327636742593214403e-01,-5.372567788772628639e-01,-6.009752667628190936e-01,-5.157405613427390456e-01,-5.958056141384826532e-01,-5.271564368508231402e-01,-6.354701637324206009e-01,-4.131818152872536176e-01,-5.566555096204883757e-01,-5.762942536727794218e-01,-5.989721944722639080e-01,-6.555266508044410578e-01,-6.636009882710453001e-01
-3.457981515376396670e-02,4.360399900760592723e-02,-1.659127054433332318e-02,7.778396727238747442e-03,-1.151547683295004731e-01,-1.470105256623094048e-01,-1.666936437110900227e-01,-2.068797437881660928e-01,-3.725222832790006655e-01,-1.718184476794023807e-01,-3.217207132882766718e-01,-2.251715196269620245e-01,-3.429774877302095848e-01,-3.520684901060242566e-01,-4.542953348886984433e-01,-3.429004686644265831e-01,-3.396553264124870242e-01,-4.172847053303748721e-01,-4.980098128717419526e-01,-4.856309437318113709e-01,-6.134962799399343858e-01,-5.828541816864531988e-01,-4.947416617619590506e-01,-5.459301498191636570e-01,-5.286618092522683554e-01,-6.404497778056319479e-01,-6.184898318930909245e-01,-4.185986056331064686e-01,-6.290561713648739062e-01,-5.761498034228762499e-01
-9.181894623061807870e-02,1.183544588432934239e-02,-4.025412564223884021e-02,-8.917981472429795109e-02,1.102330676024370487e-02,-5.370248585414408998e-02,-2.131353115923263486e-01,-2.522767201961300665e-01,-1.587183983990710923e-01,-2.992465486495320959e-01,-3.044023030471754709e-01,-3.559115942400541410e-01,-4.904237960041966660e-01,-3.472276780780068628e-01,-3.538291745069446770e-01,-3.873991366585270435e-01,-4.781172763523851565e-01,-4.365457046371934990e-01,-4.062503926725913317e-01,-4.872596858014103804e-01,-5.050919419157976487e-01,-4.933365285234924125e-01,-4.617768628893508809e-01,-4.633877210884923548e-01,-5.586563651135283415e-01,-5.982903262198662198e-01,-5.880022347788889103e-01,-5.306540331943492284e-01,-5.381857197532261550e-01,-5.665283551138845519e-01
-1.434999965158823042e-03,6.154212930669691883e-02,-9.238304252766380009e-02,1.577442497547737466e-03,-1.095125533521272287e-01,-1.499371029002196931e-01,-2.486233200286463996e-01,-1.474340630916373407e-01,-4.235691902722152347e-01,-2.393933902347823994e-01,-3.639453375168449911e-01,-2.023636764573290281e-01,-2.643938446272472986e-01,-4.440114132672076663e-01,-5.817456606485620352e-01,-5.046488769404634533e-01,-3.423131565733981696e-01,-4.687439984939659743e-01,-4.653175483811792801e-01,-4.633191063098829887e-01,-5.302718604658482882e-01,-5.122166301988649861e-01,-5.797952906566081754e-01,-4.107998667359286649e-01,-4.676389337501749011e-01,-7.081649258732993779e-01,-5.125805275004171602e-01,-5.980000024760809829e-01,-5.628794522212831053e-01,-6.078697835454199838e-01
3.090680447384696466e-02,9.265161744018222956e-02,-1.338563383847750643e-01,-2.987712274426622058e-03,-8.379479741735255949e-02,-1.255254348334724872e-02,-1.268095005252491692e-01,-1.608170323934606238e-01,-1.715000780953756243e-01,-2.121786754698936350e-01,-3.446127565881318966e-01,-2.357728833089235143e-01,-2.697423067687772513e-01,-3.594316707278124579e-01,-3.817280836862492754e-01,-3.360627051821037381e-01,-3.859460528818239311e-01,-5.887708866385706896e-01,-4.698905932445479050e-01,-3.706323254865036554e-01,-4.430994761632378598e-01,-5.645901895837260875e-01,-3.587110584549023096e-01,-3.595153093505866204e-01,-5.826633277708016534e-01,-5.842801195805013004e-01,-4.735393597306254421e-01,-5.278498944188289022e-01,-5.072427707762514615e-01,-5.876797551581133261e-01
3.580480333060426928e-02,3.839744739789002076e-02,-1.807272752184053977e-01,-8.006999817927692997e-02,-9.236540970085878322e-02,-2.492687882393939680e-01,-1.668884321053473452e-01,-3.438637655560036754e-01,-1.797094446138827739e-01,-2.678473921698962812e-01,-3.622088545286717975e-01,-3.703638108144921559e-01,-3.768687562753509912e-01,-4.205929550013216556e-01,-4.303192102373396000e-01,-4.195861197217267691e-01,-4.872788968054676539e-01,-4.093062079144584309e-01,-3.736384894623209774e-01,-4.741793384132845235e-01,-4.605995980716584004e-01,-3.393225971158532195e-01,-5.150459172973810285e-01,-4.629385812210742857e-01,-4.932934842477389448e-01,-6.152550313207075794e-01,-5.309987396999423792e-01,-5.953442238577372203e-01,-5.592093029116115277e-01,-5.488002515975193285e-01
-4.662059245973306475e-03,5.794172389870953094e-02,-6.824282093580083530e-02,-2.409380167231717218e-01,-1.422249109755345797e-01,-9.920752601740122356e-02,-1.667982936705502406e-01,-2.122766607576786202e-01,-1.497255615954749541e-01,-2.332923221308269013e-01,-1.582501160259986439e-01,-2.577684103742534649e-01,-3.380472915724405114e-01,-2.056795711414962369e-01,-2.998211892250159938e-01,-4.028551892620614305e-01,-3.955160715561132911e-01,-3.709933753504822684e-01,-4.557996435989631889e-01,-2.607978253143303227e-01,-4.656401451575523098e-01,-4.235059213093142483e-01,-5.532366458684669919e-01,-3.927039522999536958e-01,-5.764742319659045267e-01,-4.852635361859523044e-01,-4.529104258238246805e-01,-5.699323234142493755e-01,-5.246028088925704935e-01,-5.360778311527900630e-01
6.816756095688354666e-02,-3.737459967389929194e-02,-1.581604653635289293e-01,-1.415443842696331445e-01,-1.958365858821230487e-01,-1.429901700009340582e-01,-2.790495169111681384e-01,-3.631096412809864393e-01,-3.255028239655574640e-01,-2.715909032258641553e-01,-3.571814218736931168e-01,-2.506258675554128290e-01,-4.685939538278462435e-01,-4.142989809370701826e-01,-2.980380681703127532e-01,-3.958090825002535951e-01,-3.054081645423321612e-01,-4.173294200345485927e-01,-4.319044974430256700e-01,-4.033793658067267307e-01,-3.769011529984863107e-01,-4.328778105764053419e-01,-3.218466897530983251e-01,-5.124426525133328747e-01,-5.200266621106632847e-01,-4.614631487569068602e-01,-5.111046197544212299e-01,-5.492274223840237779e-01,-5.665262847460270645e-01,-5.371508261118786987e-01
