-4.864673924182930098e-01,-3.912909733980444171e-01,-3.124167563273474446e-01,-3.253625917907262410e-01,-2.162118296018502028e-01,-3.611498108170377863e-01,-3.672653093132123847e-01,1.402942968899507092e-01,1.572405962537455071e-01,3.074208973524385907e-02,-8.362684615635343488e-02,-2.447919624773927383e-01,4.189398130555880284e-01,1.780339614704577189e-01,1.319407936419675909e-01,8.856450877851876347e-02,-2.983066420875966629e-01,-3.698948870088651364e-01,-1.566801326733467670e-01,2.351689781631535747e-01,-3.054726676453944911e-01,2.098125559956410258e-01,4.859966854908955303e-01,1.552342880594892727e-01,-3.476385279169998954e-01,1.427276147173038023e-01,1.223536539371868903e-01,8.245156763777432285e-02,7.994098590927634779e-03,3.397300445645824452e-01,2.589358175190042965e-01,2.963578554660652453e-01,3.040401069477654053e-02,-2.552689571315952533e-01,1.945866721093893748e-01,4.530143407720532700e-02,-1.749934474436511400e-01,-2.540041299136585051e-01,8.708897184420541504e-02,-2.821162744164177894e-01,1.164311036821980283e-01,3.944970766733532086e-01,1.705922202084448891e-01,-1.970481837522922858e-02,2.586040790630957792e-02,-2.240957367600380779e-01,1.709163240135190553e-01,-1.490646137616851233e-02,2.961609312746781297e-01,1.560080130502483065e-01,-3.836200275805490834e-01,1.158816654620535430e-01,-2.808529162771382093e-01,1.929778248301340371e-01,3.560936699869546862e-01,2.849637072012637523e-02,-2.167747611137222918e-01,1.982980731473845404e-01,-1.356544449333740021e-01,2.373352748004844970e-01
-6.126782826965884166e-01,-4.366386369641407361e-01,-4.758856326844543294e-01,-4.941068358965331475e-01,-4.106677429740905327e-01,-3.424996062689034115e-01,-3.142985041777656141e-01,2.884752817866154226e-04,1.604158909929306875e-01,8.265708052692043173e-02,-2.971686949455096260e-01,2.713596968773692580e-02,1.767822830038553727e-01,-1.509714151792384274e-01,9.596368645675912301e-02,1.151259790784040088e-01,-2.311557399359734644e-01,1.338176969313751297e-01,-1.223492942867474564e-01,4.976141479677374524e-01,1.797049533760062545e-01,1.179585008551032460e-01,-2.613302591645086936e-01,-8.397296149566765844e-02,-3.044918946573451080e-01,1.372399986248868352e-02,-2.179429126555244012e-01,-1.563499825223685913e-01,1.660041934530489260e-01,-3.788420690499055832e-01,-3.363270071534382732e-02,-2.374399523371869825e-01,1.747350096034452627e-01,6.507104722010925539e-03,-2.159533785820128282e-01,2.413632788693895748e-01,-5.481909228273150747e-01,7.610827718767649852e-01,2.647271356166293055e-01,1.963283342135225262e-01,4.502372996061486665e-01,1.385908020135953600e-01,3.847158218523212825e-01,-1.330362020516950294e-01,-2.826786870860956702e-01,-9.821171761650952792e-02,1.420950445068199230e-01,1.423425259233249418e-01,-6.493589935170926419e-02,-2.325089214452999431e-01,-2.763036876815685300e-02,-1.092153628393030818e-01,-1.083116309913690310e-02,9.481933330067397747e-02,-2.392090858902832795e-01,-4.363091848988761567e-01,2.809316494756953775e-01,-5.112430308240978154e-03,-1.143605493491944430e-01,-4.284626734994036873e-02
-7.382509750191800224e-01,-4.753350283171575152e-01,-5.120270143053109457e-01,-6.262186889321574856e-01,-4.394855805394953796e-01,-1.989385345335669686e-01,-2.015890199082966041e-03,4.805577635013563165e-01,3.644848685064090710e-02,2.870407192619984782e-01,2.533604549823372798e-01,1.515500387270282967e-01,1.365968912953146042e-01,-6.533962565834965097e-02,-4.069840504263141368e-01,-1.243252740508886678e-01,9.295916745996100905e-02,1.419113563304064130e-01,2.455321759088400224e-01,1.740060341860945881e-01,6.377267257686407287e-02,2.774704099042303862e-01,1.697399384519777607e-02,-1.009080957258414318e-01,-2.033300809981471724e-01,-1.012840272337755393e-01,7.875487738463302079e-02,1.940784315508147298e-02,-3.048621675552182220e-01,1.711232433249827989e-01,-3.146175391238912461e-02,-1.398546236883345117e-01,4.800550827017031896e-02,3.753296641144136109e-02,6.102474032479601046e-02,2.726705827664381299e-01,-1.708510110280951066e-01,2.118401491442997442e-01,1.593298438362311109e-01,-5.463736218509655795e-02,1.112768283735553199e-01,-3.609892951572793995e-01,1.196992745961664682e-02,3.400134933996221132e-02,1.936922980980096132e-01,3.765239273654794744e-02,1.292375063772574217e-01,-1.288999700022656347e-01,-8.159057699723712420e-02,-1.195309312788895850e-01,1.111298404605614021e-01,-4.279979972982130287e-01,-2.285220366266338954e-01,-4.695048076469266092e-03,1.660677022079071197e-02,-3.727888620157017163e-01,1.246786475114163295e-01,-6.510311906361512801e-02,-1.027573919087494819e-01,4.136460839322361055e-02
-8.294916619948764502e-01,-6.891981938435551847e-01,-6.744899858782391622e-01,-5.432786782264502623e-01,-6.775303231429191664e-01,-3.909159616605888399e-01,-1.484081202086482143e-01,2.171776134171043426e-01,1.132904126128389533e-02,-2.411885839471057946e-01,-2.873378127582293384e-02,5.829709697410315888e-02,-1.217973232395254124e-01,7.754539117759849665e-02,1.043578115902379089e-01,-1.912581745556591051e-01,3.121827541011812923e-01,8.846968100514024380e-02,-3.744455461194967638e-01,6.612188404785168672e-03,-8.254820889795851102e-02,1.377592904282295971e-01,5.070363537292049694e-01,2.409231973357412182e-01,2.469826181547601363e-01,-5.813652482687652057e-02,-3.116926940435753579e-01,-1.931380977433245771e-01,1.641261899007027958e-01,2.250034906756005204e-01,-1.507690281205753824e-01,2.490506717919022672e-01,1.047985309448497687e-01,4.268904053988605007e-02,-1.028949261692309047e-01,5.284148722677408511e-02,1.313944249982644252e-01,-7.113705457739816218e-03,-1.060296985501164302e-01,9.487565104281170392e-03,1.208823333260348465e-01,9.123928853877333323e-02,-3.178188715549049581e-01,-2.630635149217267106e-03,2.133495058567729252e-01,8.761472809747861135e-02,-9.675365179690397985e-03,5.767813486263183298e-02,9.513328569334739138e-02,-1.461253398738508458e-01,3.108709982099392977e-01,-2.410779179575294265e-02,-7.799043850254830379e-02,-2.828431658355965439e-01,1.637537912149871766e-01,-2.250738035402312653e-01,-4.848973452142931739e-01,-5.640669252804594164e-02,-1.568672646561731776e-01,7.617268275060015692e-02
-8.181488423417297984e-01,-7.271986116000331846e-01,-5.551753883170675863e-01,-3.326095812707097199e-01,-6.623427343640158060e-01,-6.627598486233102770e-01,6.940942922715298558e-03,-1.274801068431469231e-02,1.950176776025782099e-01,7.440081480738844344e-02,7.439020270582132055e-02,1.602470506504906633e-01,5.940814118154567197e-02,2.058613788271053957e-01,-4.469442761750695020e-02,-1.039825204526940716e-01,-8.250293677688916305e-02,-8.209965978564282008e-02,7.356836629943924732e-01,1.108378903505965185e-01,-2.241897271000949186e-03,4.759588015140036599e-01,6.944869501356787378e-02,6.337799107202080062e-02,-2.950342271697878327e-01,-2.590573864656461334e-01,2.062345844225720870e-01,-3.549170419704680279e-01,3.800610522584240147e-01,-4.111866795143095943e-02,1.256258254482206516e-01,3.449872827049558360e-02,-3.383784360078175707e-02,1.001935251952706940e-01,3.737322513181488559e-01,5.582453844991079606e-02,-1.549474110319018494e-01,4.913238267005924920e-01,-2.985470926539335432e-04,1.419850183974151192e-01,-2.823769080816824761e-01,-1.250858503601076088e-01,-2.279189283402542066e-01,2.404835224081534606e-01,-1.291553974574181640e-01,-1.944970126847243852e-01,-8.471680453383782783e-02,-4.812071612149949884e-02,7.482320536860426197e-02,-4.044522350575765479e-01,7.889696308708073202e-02,-2.296410774266178234e-01,-1.407161110663699144e-01,-7.990214543357176957e-02,1.794910401173559211e-01,6.417933389019714330e-02,4.952742087609370014e-02,2.554203437487918005e-01,7.371317605344769597e-02,1.093988832576453796e-01
-7.989681526291338987e-01,-7.827402675008030553e-01,-6.459607320626824523e-01,-5.105256792303723978e-01,-4.362517583302557012e-01,-7.255583565232521792e-01,-5.823361629719878696e-01,3.440326356888247228e-02,2.526985281553014717e-01,-1.195834232934178155e-02,-1.204510395827505659e-01,-1.087023687103108871e-01,-2.404399630569900859e-01,1.168988485379156145e-01,2.416575221985151622e-01,3.424615962480684894e-01,3.657625276890563715e-03,-2.960232873237623186e-01,-5.108883198524791919e-02,2.439873451711238039e-01,-1.380138037976051391e-01,-8.431107255202188733e-02,2.515211951155111800e-02,1.963874254682271281e-01,-3.799422376041404759e-01,-7.836048839371509422e-02,-2.000128195572577483e-01,1.048943756896836693e-01,2.307683943854330622e-01,-1.489393479409186205e-01,-4.833974386780874599e-02,-5.959202647838931360e-02,-1.004558859031286569e-02,3.154262805508362133e-02,1.701156969049174017e-01,-7.263676377002836748e-02,4.758923771945074155e-02,3.143405184089319571e-01,-2.278976421062143820e-01,2.713652279945574231e-01,3.015321697854320832e-02,3.162589411722337429e-01,-9.639749483597072344e-02,7.979576204647731430e-02,-1.788498834729901343e-01,1.024391455273117035e-01,8.120535174004458318e-03,3.087564070821911533e-01,5.906276030551340511e-02,3.285915489787937238e-01,4.630083934966422107e-03,1.061507809251859974e-01,-5.807006638631893175e-02,1.500279138160316439e-01,2.576644370213103663e-01,-1.047866709593245904e-01,7.456579828296153178e-02,2.179808485257240247e-01,-7.029320684028316120e-03,1.844388992196184240e-01
-8.309588567375693069e-01,-6.862705855714145153e-01,-6.775710747496935804e-01,-4.798640602797760724e-01,-3.692917217627904036e-01,-6.510560036331368705e-01,-2.731003795856006278e-01,-2.696893877750604074e-01,1.301751623016231263e-01,-1.169029509989226445e-01,3.310437313943219717e-01,-1.238214415169871241e-01,8.486794154393451084e-02,3.237435549871429258e-02,1.333286671103685872e-01,1.082423452935870334e-01,2.353729527059666149e-01,8.743519798308999058e-02,-7.889705575051055020e-02,-2.226819508522137614e-01,-1.584986724449762296e-01,-2.574884012501693631e-01,7.381763171607973184e-02,2.715408802738005223e-01,-6.581627368694302482e-02,-2.682304319705510615e-02,-1.013547874132039173e-01,-2.572982604317721189e-01,3.703425980940773798e-01,-1.244070922239438604e-01,2.446792969903861525e-01,2.594794278379234931e-01,4.303617211997387004e-01,1.219240341853388421e-01,-2.191624247161304828e-01,3.897279258160514237e-01,6.214535184825766695e-02,-1.918930735144909472e-01,-1.114042969806539468e-01,4.080486242580467215e-01,5.319632528449440290e-02,-1.740860228897240236e-01,-3.772403745363032135e-01,2.248319203080748618e-01,-9.605400753361496846e-02,-1.031013563002179945e-01,3.925121405516724393e-01,1.404193656156517700e-01,-2.113987761632662443e-01,-3.156993302194154305e-01,-6.283686333458121664e-02,1.693826549892051003e-01,-2.572072310619844537e-01,-1.381566582702362100e-01,-2.414825482630400533e-02,-5.880046474062054773e-02,-5.359736196959596910e-02,3.020133840124734556e-02,-1.019221956736780371e-01,-3.802695488618915709e-01
-8.138778613682721153e-01,-6.588294465523746313e-01,-5.448726592499347765e-01,-8.033414375753793468e-01,-5.314998092626470605e-01,-6.654818464289321556e-01,-3.466495465009147847e-01,-2.984343982512528415e-01,-9.758808492619114316e-02,3.143617573430369516e-01,-3.291158773125172354e-01,-6.724847208603788873e-02,-3.192522993012107679e-02,3.154246407293270771e-01,6.713790683052626995e-02,-2.112976283844474334e-01,1.100601216953565019e-02,-3.135823817923629186e-01,1.465789973147695047e-01,2.340760266450786498e-02,2.320086030689978429e-01,-3.652754887720210397e-01,-7.898128973706970007e-03,2.437386979995340153e-01,1.239465874690338920e-01,1.439875658762720112e-01,2.909574592622175548e-01,-2.400241933249513404e-01,1.175730859840429156e-03,-1.041538097941856478e-01,3.196623012883239023e-01,3.505870765108388132e-01,2.395686523201345699e-03,-1.572424033988504832e-01,2.037034169605921388e-02,-2.400606277784294029e-01,2.688367443926535927e-01,-2.745539340096510572e-01,-6.875250855240060133e-02,-4.437401679219160622e-02,3.773598131166657627e-02,-9.247043787335378073e-02,1.012506129403052402e-01,-2.159439759114008817e-01,-1.573844401394235981e-01,9.220013300952002028e-03,-2.551592383030835270e-02,-5.017007697906870900e-02,8.959601718960420735e-02,1.831196661961458916e-01,-1.170407253666447406e-01,7.646194019827849686e-02,-6.064170155041507387e-02,-1.428230382642511342e-01,7.709976978681776227e-02,1.155097341024547558e-01,-1.441475847285660639e-01,-8.709772266885613956e-02,3.630931021730341574e-02,3.197543069090115209e-01
-7.467774896371710547e-01,-6.756599827030536076e-01,-6.633634059292857765e-01,-6.114276354367470523e-01,-5.687437249121300997e-01,-3.596668611739625154e-01,-4.851825820934531630e-01,2.859881228495960229e-02,-8.365561628970816233e-02,3.244744319860521919e-01,7.805363448079336020e-02,3.446330846040286666e-02,-1.208094028742846826e-01,-1.829652885416284958e-01,-1.195623188853487812e-01,-2.866804150077605362e-01,2.907496698521029321e-01,2.291648047954040757e-01,1.851488884518984190e-01,9.413332886506071973e-02,5.258850559997859525e-02,2.184463956627462067e-01,-7.094415911325917534e-01,-5.207374560954384363e-02,-1.520441000018527278e-01,2.747753252270450641e-01,-5.152998641984407602e-02,-3.125420972885912252e-01,-2.261933043338554827e-01,1.786644947008850237e-01,-2.029983777960581715e-01,-1.563404747307768905e-01,-2.639380033668677350e-01,-1.437303637800204682e-02,-1.074564114257989395e-01,2.942731621413397503e-01,-3.497546745949308145e-01,2.040450015843965903e-01,1.344102985763752645e-01,-2.613300440560503701e-01,1.843975383306702687e-01,1.484624642631214575e-01,1.856572026543199250e-01,-2.090084447732392658e-01,-1.903691138188458309e-01,1.846042291117778456e-01,-2.182399060773484306e-02,2.803262954468573320e-01,-1.503187477643365411e-01,-1.967017691485098974e-01,-2.018652294620123799e-01,3.059961616558220035e-02,8.323122584864157958e-02,-1.390027414605260470e-02,-9.542562427539111325e-02,-2.210499936717481295e-01,3.193288239696572273e-01,2.051284834445039063e-01,1.855883734778872307e-01,9.832541240919422110e-02
-7.086211747437460851e-01,-7.752371357077371128e-01,-3.580380137586237632e-01,-4.854600651431802971e-01,-6.134518778944429984e-01,-3.023709088919089294e-01,1.362100868601929804e-01,-2.138536366362420171e-01,-1.031590797649130364e-01,-6.655790166744321446e-02,-3.105528483831856423e-01,-2.173661433576857260e-01,9.717956510644161494e-02,-8.673108723599050329e-02,-6.197207126783090686e-02,-1.935419828696115507e-01,-1.685660970043250662e-01,-1.398908520487958662e-01,-6.742694112811505047e-02,3.314016825267933342e-02,1.660994852377111197e-01,-1.155991672540932491e-01,-1.370314835301037447e-02,-2.860996105781544174e-01,2.505617973325396375e-01,8.276219513635897640e-02,1.026368819170987157e-01,2.382844419577825334e-01,4.236645974909705042e-02,-3.544945560796093353e-01,-2.143175622389530410e-01,-2.543275396156974202e-03,2.169918278107553777e-01,2.199603980207754661e-01,8.089381011710083513e-04,5.681568159117439398e-03,3.157391125785811992e-02,2.035370253198421839e-02,1.844647761516468865e-01,-1.068295712222950833e-01,7.993475772646470301e-02,-1.651017845783796789e-01,1.437431622340443714e-02,8.459506575861354405e-02,1.335531928419116977e-02,-1.326751844056036078e-01,-3.388225083714502262e-01,-8.798828624873565596e-02,1.064707907942946397e-01,-1.245045427572931407e-01,-2.441320297792571314e-01,2.551571140843563179e-01,-2.654284492967439180e-01,-2.095894046151220158e-01,2.684710660298917362e-01,-1.889910332227558998e-01,-3.351434618420382483e-01,-1.282616222536432093e-01,1.655078798028004616e-01,-9.024977441754072904e-02
-3.948157189565407177e-01,-4.235015574307032793e-01,-3.996211706571690669e-01,-2.517928918319870535e-01,-2.434050642800961728e-01,-3.225002224863603439e-01,-1.160507419592540918e-01,-1.629914304089214450e-01,-3.411671459931370221e-01,-1.426867738322120105e-01,-5.020146229721420550e-01,2.096688763068495914e-02,-9.506879239657331504e-02,-1.442730007263083869e-01,1.438255451933202755e-02,-7.387637193869754648e-02,1.351016226763947572e-02,1.376538894717770911e-01,3.633402992966801998e-02,-2.588719837867802798e-01,7.986320918117403855e-02,-3.277929015551338532e-01,-1.074354377893842749e-01,-1.024658307555699199e-01,-1.036680689955998408e-01,-1.203461524259048510e-01,1.489626315127235423e-01,-1.166821868392595718e-01,-3.886755232066593096e-02,1.718513881655868436e-01,3.708120082823945229e-01,6.161616557506136710e-02,-4.260676517327617596e-02,1.300580420643567547e-01,-1.772919250968973126e-01,-2.034391881237149757e-01,1.351340346621741628e-01,-1.842802357381080267e-02,-2.553586230514716116e-01,-1.316809849219059969e-01,3.508221584335431686e-02,2.180394682791907957e-01,-1.906436806928348271e-01,2.019598027158654163e-01,1.673708679637960772e-01,-5.475807494503072415e-02,3.595939003020820479e-02,9.928995796475058311e-02,-1.829845670761754417e-01,6.556376826438464755e-02,7.128368156895698027e-02,1.429867252424599500e-01,-2.434621498882431553e-02,-6.760772636066469943e-02,-3.249773871577970596e-01,-4.932541017102136383e-02,-7.512421202839289491e-02,2.292245975605739505e-01,1.641721327240626693e-01,-3.909004748473373647e-01
-2.620655778881494369e-01,-3.984731139331688654e-01,-1.973789822649793801e-01,-3.222930760135637729e-01,-1.941309978632100586e-01,-3.595383310204341987e-01,-3.386169238592964814e-02,-2.666358281712515321e-01,-4.921816247434677299e-02,4.356498329489490173e-02,5.909764702171704971e-03,1.144804368674724737e-01,4.684699797008486793e-02,-3.030367917727952443e-01,-6.134741446026337197e-02,-1.730115519524352552e-01,-6.357554172517168589e-02,-1.669016148462252047e-01,-2.404249990072349630e-01,-2.893905205888038790e-01,-1.387172480093127047e-01,1.263685719348569825e-01,1.140553903843735950e-01,-2.937043870957912750e-01,-2.853672963778352556e-01,2.496587236992494144e-02,4.857381111319367811e-02,9.045098502550508179e-02,-2.704672030754012302e-01,-2.051212399179513837e-03,-1.639086874583860765e-01,3.547247442302184917e-01,1.655433411004170741e-01,-1.652938121707903151e-03,3.194740086654697109e-01,-3.815386763615763455e-01,-1.782409369487718553e-01,8.496303220653506072e-03,-3.089636559203047250e-01,-3.538227322776802408e-01,-8.709641647754206781e-03,-1.905092254777371874e-01,1.557247817370921994e-01,-1.517732364249389510e-01,2.960851775689709031e-01,-1.084316953909789626e-02,3.333650833997796326e-02,1.372188753641979120e-01,4.719387691495441350e-02,5.834433235956894975e-02,3.279370341406057099e-01,-7.633334962441287730e-02,2.052322515951630066e-01,-5.405638160785127683e-02,1.705050159141707211e-01,-3.648792017601448223e-01,-1.479810767398914151e-01,2.399589726776812232e-02,-1.804310335222432948e-01,-1.209573235385559206e-02
-1.265794925081444866e-01,-3.117044913168748321e-01,-2.540844227270774303e-01,-2.247683789216251282e-01,-1.837921140529122921e-01,-3.021943216168866964e-01,-2.337497855450826056e-01,-2.309236030769694081e-01,2.226293929383634240e-01,-1.407630684332038806e-01,1.405071212742338427e-02,1.672527906537804032e-01,-1.874136969666659047e-01,-7.223093900025229219e-02,-5.338281811186258718e-02,-1.933153513132778445e-01,2.878258619237468730e-01,-9.079729442586015331e-02,2.631165191935898595e-01,1.524902963544672030e-01,-2.716002546542458651e-01,7.793017391255130377e-02,2.009605296338019473e-02,-2.661070514434094036e-03,6.612634479144616217e-02,-2.051788910238764863e-01,-1.302844113048454711e-01,2.436322109731968999e-01,3.395433198602034186e-01,-1.508323736826148731e-01,-4.278466103764100303e-01,8.420063356077948924e-02,-3.197293821564650140e-01,-2.842801920639340812e-02,3.464908952380226781e-01,-2.047338417667213528e-01,-1.831108923720511927e-01,-1.059600582160441923e-01,-4.132880150698876875e-02,-2.962363924243375246e-01,2.101251558546398390e-01,-3.458979301885540814e-01,-2.197027383411439272e-01,4.433769754227868953e-02,-1.211745338117024284e-01,5.865134661530100463e-02,1.487038836587384061e-01,-8.793084398388775758e-02,-3.269652695064504400e-01,1.996190013528439944e-01,-5.845315477487163930e-02,7.206771770600250981e-02,-3.005402990838154098e-01,2.138427698381830111e-01,-1.725768699168235831e-01,8.682551075640239369e-02,1.011330907990890537e-01,3.390415566317693530e-02,-8.267504529989018469e-02,-1.341607861512597588e-01
-1.122925641399505903e-01,-1.391325787374959322e-01,-1.152434429090933438e-01,-1.840020550078811656e-01,-6.694906683293988525e-02,-5.919705705893141268e-02,9.834216089644924955e-03,-8.464096898199521823e-02,-2.954306199029697599e-01,-2.665252617134948876e-01,-1.683906938750379945e-01,2.678712445636826159e-02,-2.790448632625354697e-01,3.512964029639337182e-01,-3.054152442527676148e-01,-1.942208444547002533e-01,-1.194950108196615457e-01,6.453364518964249674e-02,2.096568359297564660e-02,-1.026204003367360007e-01,-5.949997552118418964e-02,-1.028086802447559372e-01,2.743373689193966958e-01,-3.097204978549935039e-01,-1.283497892340725310e-01,-1.608797415124148256e-02,-8.973351498531978443e-02,2.168771859817209078e-03,1.171369011502632063e-01,-1.387291640438417517e-01,1.027291807688919673e-01,1.142406379087660684e-01,1.507410771792775106e-01,1.739370150631866507e-01,1.850351385174681951e-01,8.213080535356092129e-03,-2.004698326227228600e-01,1.685367960013382238e-01,-9.652267324519778202e-02,-2.778304987568547268e-01,1.727527456592169441e-01,-4.357395545060303022e-01,-2.960383285966396855e-02,-3.397885059780098027e-02,-2.233913321517135842e-01,-5.412271964474015817e-01,1.899610752326007512e-01,2.948500004449757794e-01,3.161043923455367777e-01,-1.293173092817106462e-01,6.517696648126161674e-02,-2.567855481833958287e-01,-1.360235522218857240e-01,-2.771083582048686766e-01,1.423747247026371232e-01,-1.435048097783138965e-01,-1.902616683428874356e-01,-1.166044927161550976e-01,-8.281989675220671754e-02,9.414973564912340609e-02
-6.741394594218783065e-02,5.709511830381644101e-03,-3.413588714018504777e-02,-1.669303353073243179e-01,6.080491423390373823e-02,-8.437400886589814519e-02,-3.628741957064030577e-01,3.014558874638122513e-02,1.197931794362461638e-01,6.836569611230358667e-02,-1.653094066402541473e-01,-1.267070044947679330e-01,2.110621210961870914e-02,-2.235451443736275468e-01,1.794820491753609804e-01,1.535504585122562382e-01,1.998939523077050973e-01,-8.273325193402573940e-02,1.134629976314783101e-01,1.518062613491102941e-01,2.883092168364709829e-01,1.859879932465480917e-02,7.776032115843890813e-02,3.044849825371531617e-03,1.510626051365231148e-01,-1.591126730075532181e-01,4.037286025076839563e-02,1.217859605882654073e-01,-9.556066561984760677e-02,-7.167995339642799224e-02,2.071224762379609563e-01,2.053020787997367202e-02,-2.139234221488796328e-01,-5.484233733341440514e-02,3.276394157681563613e-01,-8.461323051468096212e-02,-1.217751182182248149e-01,-2.365384399502987733e-01,-4.414712890671403933e-01,1.617758178518859391e-01,-7.805292901816890394e-02,-9.193014812974623085e-02,2.431884662312745402e-02,1.682959993103050247e-03,-1.315600050085524997e-01,1.134487543838782475e-01,-3.347076744302027868e-02,6.121604052971587467e-02,1.575278773764067775e-01,2.375795866540530987e-02,1.589124799246067199e-01,-1.921336755789576590e-03,2.465387476365406977e-02,4.049553439414960154e-02,2.339763216537329993e-01,2.597981524773882445e-01,-3.231470094140607985e-02,-1.524950181826065787e-01,-4.675563727257496527e-02,5.406263219730816916e-02
-3.195120050102797093e-01,-1.440245341433780413e-01,-1.128365813551860664e-01,-5.542993778748139810e-02,-1.851963361874481295e-02,-4.232043281137785884e-02,-1.778818905472921430e-01,-4.833093357864850365e-02,-6.092207170519724213e-02,-5.840310675958327105e-03,6.530857696212470642e-02,-7.259000378524242680e-02,4.110252267664009362e-02,1.214386852499347268e-02,-1.601634794018975128e-01,-1.848648379117514562e-01,9.394450841552352827e-02,-1.731302331104067338e-01,-2.441428072981194075e-01,-1.917734821922389421e-01,3.111914267072748430e-01,2.998356162417674733e-02,3.417475359260371826e-01,-1.807703771594754705e-01,-2.157265294933275734e-01,2.825891787085000884e-01,-2.929960481751357482e-01,-3.391090184680023434e-01,1.391470495447638678e-01,-2.634219875139174327e-01,-4.213694234615118495e-01,4.206640488053661753e-02,-2.884429269970740783e-01,-1.474116419070910511e-01,-2.826471690511851431e-01,3.053662681759178321e-01,1.976872869900257457e-01,-6.242697746463489461e-02,-1.965021606680222299e-01,2.742550771075337179e-01,-1.336361929105675007e-02,-1.521981995879194763e-02,1.022738465946095576e-01,-1.193083637873204594e-01,1.703868945947232261e-01,-9.334262530109387057e-02,-1.062660101225415543e-01,-3.252668054633602729e-02,1.407524596905159464e-01,-6.147765133339712085e-01,3.522509550162653685e-02,2.409307750494889822e-01,3.048870904472327781e-01,5.285243540665899437e-02,-3.454962930056246218e-01,-3.256823534495165706e-01,-1.499074859380964408e-01,-3.546657547756292689e-02,-2.928055983967889353e-01,-2.885668679425899552e-01
-9.855468154149563120e-02,-1.443542587160459491e-03,-8.383528300887933826e-02,9.002796911973758032e-02,1.369326114819247597e-01,-1.068975209569181795e-01,-2.149998112605603917e-01,2.934163213617306809e-01,4.673046708975660268e-02,-1.949521590432884977e-01,-2.191085847670578013e-01,9.599192234383142897e-02,3.562060526684050765e-02,1.060146297991547693e-01,-1.089783180412292884e-01,-9.620892184984247350e-03,1.993576947910817021e-01,2.018645705304950022e-02,2.390790563906677879e-02,3.843290164449951474e-02,-2.091236274204194834e-01,2.615977304842621587e-01,-2.676156181307585702e-01,3.761218598919838924e-02,-3.886230929284135716e-01,-1.040261820248183644e-01,-5.213343077068581521e-02,-3.462955092026603204e-02,-3.080336278798961325e-01,2.327423094437558737e-01,-9.836417863623020397e-02,1.659241239098137866e-01,1.451139093100031752e-01,-1.330317081879716645e-01,7.777873657098417770e-02,-9.540981424271137434e-02,1.411510691733277034e-01,-7.207120510268248681e-02,1.643893836618123827e-01,-3.538330748412837901e-01,3.093593801691008061e-01,8.936621993455455548e-02,3.919833926678147062e-02,4.554522310895238180e-01,9.041245455340142512e-02,-1.412647439696581575e-01,-4.523027457281032782e-02,1.856504144890489261e-01,-9.945769117307626250e-02,2.313373739753827873e-01,-1.645575676936766318e-01,1.523801394566802470e-01,2.066744550014384674e-01,-5.517524549311243753e-02,9.535538379293992395e-02,-1.984747211785193310e-01,-2.196530428589146822e-01,-4.533665581712355286e-02,7.355996120366259557e-03,-2.244237989136590450e-01
-4.200936541987054795e-05,-1.169746391282563969e-02,2.548113630226372939e-02,-2.321273821280459004e-01,-1.964507072926470199e-01,-9.490374302051100830e-02,-8.741481166586009821e-02,-1.086074318663768634e-01,-1.690395289770980081e-01,1.291528775774790638e-01,-1.572051055822592802e-01,1.075911628036100715e-01,-4.076608093383856657e-01,1.831402980827492866e-01,-2.001080823854511637e-01,-3.462280360903754461e-01,2.616291487659833104e-01,-2.551007210635620678e-02,-3.880294908417866034e-02,1.582056171376559350e-01,-7.745897054781225588e-02,4.676835518191994889e-02,-1.383958624644205382e-01,-3.934688632978057543e-02,1.522888635214742804e-02,-9.327362302908846770e-02,-3.619619847010153157e-01,2.006461224338257909e-01,-9.264484665705827182e-02,-1.598031014737618383e-01,-2.510379465179168879e-02,1.153033732671468609e-01,-3.212379911643218344e-01,1.374841273574865519e-01,-2.306021266732943553e-01,2.913433797425885041e-02,-2.587605069574356320e-01,-1.960086436699247370e-01,-1.915678604600007939e-01,1.096903873638440940e-01,2.173477075918259227e-01,1.180576394643211291e-01,4.609835327756298812e-02,-7.246497483064061329e-02,-1.287514933497471703e-01,7.974044691732737333e-02,2.583880272336453454e-01,-5.050310150565761810e-03,8.197531985256631404e-02,-3.017502869579317126e-01,2.816021472060598052e-01,2.777104949368772169e-01,1.522247698168900099e-01,1.423643369609202403e-02,5.707160897457906612e-02,4.863289915869716817e-01,-1.825505335522987216e-01,1.874896204626640417e-01,2.208132033305744701e-01,1.632324365831075430e-01
-5.145537631951776873e-03,-2.710976565959640205e-01,-6.838724154454371706e-02,-1.610009114622322490e-01,8.718789191383122250e-02,-9.728135453603484195e-02,-7.793440506341546559e-02,9.982756733253927983e-02,2.348049010064507947e-01,-1.259884729185118124e-01,-5.987818388964815872e-03,5.274242618118778203e-02,9.103569674097360120e-02,2.068490521518475123e-01,-2.803743261591660346e-02,4.174688356299266490e-02,-1.013837741785840602e-01,2.247982302468985449e-01,7.786594058194104551e-02,-1.375990317981780897e-01,-3.013247505721087238e-01,-2.530060587617085494e-02,-2.184446389154764967e-02,-2.786705681484895059e-01,2.915051969120249775e-01,3.060726799626650729e-01,-4.701916916731061630e-02,2.621553308917936587e-01,-2.962323327196247358e-01,-2.472636325321717621e-01,2.236382133147087059e-01,-3.668985923820023559e-02,-1.162660248132202090e-01,-7.136705633913142943e-02,2.720028284545217279e-02,-1.790991224851662955e-01,-5.659321573536134353e-02,3.737293105804432858e-01,-2.507772685038260341e-01,2.636289789439098113e-02,-1.442478919121136238e-01,-3.702896750496282863e-01,-1.028461986295825109e-01,-2.054709685951050524e-01,-3.521974558225476337e-01,1.151164502773024401e-01,-3.909905222758573717e-02,7.961219681162319539e-02,1.057725283059197940e-01,2.408222265960491271e-02,1.742318777955315090e-02,1.061740051248436477e-02,-2.563751918838313992e-01,-2.227861135552122729e-01,4.462789345772433802e-01,5.984448331471022703e-02,-3.226388361904246327e-02,2.417094136015406625e-01,-2.739805128552461611e-01,2.020887716041390725e-01
-7.309688545839224116e-02,-9.072984557972041397e-02,-8.406955903570062505e-02,7.844186487619702816e-03,-2.114185053521253077e-01,7.455336785399818873e-03,-3.899768991675908042e-02,1.579205261028889667e-02,-2.493748153259076616e-01,3.454132344394716947e-02,-1.047143085926759004e-01,-1.089563793345310339e-01,-2.056335806381698883e-01,8.001338931678617095e-02,-3.159985965479038261e-02,6.109159655055490523e-02,1.274021512977595860e-01,-2.703165646197024929e-01,-1.992899302572108955e-01,2.526652865087845590e-01,4.213567957959189481e-01,-1.267302866285124341e-01,-9.445536909064813913e-02,1.437148384749968311e-01,-2.229777361397932423e-01,1.847768217187240880e-01,-9.440630072326774980e-02,1.971756091356135945e-04,-1.631784241739551999e-01,1.022604624222688274e-01,-1.228345856615636195e-01,2.115384514120729198e-01,-2.541146219659736194e-01,-2.646997778060650175e-01,2.735253819413386786e-02,-3.339651726047696695e-02,-9.159789055812454783e-02,1.075391036898403624e-01,-4.893399354715970151e-02,-5.316034309337396013e-02,-1.173030250361519755e-01,8.925693838633251553e-02,-9.720287907075503275e-02,-2.532612326517503232e-01,-1.298097157568092463e-01,7.166525820607459740e-02,1.083232509916087355e-01,-5.832789104949531386e-03,-2.019447424558309945e-01,-5.562974749935263308e-01,8.320292595709712080e-02,5.085113085233498864e-02,1.266054195693369910e-01,3.452073716361268030e-01,2.838781250860631378e-01,-2.390878291553621970e-01,-4.060238390755416260e-02,-2.858548791994913740e-01,7.512220031525720931e-02,8.889555507945035018e-02
-2.280363007898395661e-02,-2.696630290693088211e-02,-2.424723444639522579e-02,9.891114672420769915e-02,-1.299712255343371814e-01,1.009234506052868879e-01,-2.114292482640394988e-01,-2.024367770372210162e-01,2.038610935035577720e-01,1.550565136452689008e-01,5.121980883744383511e-02,-8.696423058193561428e-02,-8.324965061322840698e-02,2.742385404979607588e-01,2.719325298570850480e-01,2.768223074815956974e-01,-3.117259319860863909e-01,3.512567949395266620e-01,3.850345310122296749e-01,3.264771656021746016e-01,1.054448121570779884e-01,-2.053552889289927408e-01,1.089835894446407050e-01,-2.165487918322632210e-01,-1.198052515602720039e-02,-1.971121137325789197e-01,-1.755973295230462555e-02,-7.029980140483774176e-02,7.726453666854025959e-02,-1.773512604906800627e-01,-1.152788105374835947e-01,-1.860321412360944338e-01,-1.829308887938560224e-01,-4.685061424312052247e-02,-7.828131035631057111e-02,3.034224881818035208e-02,-1.357305705587904254e-01,-4.911284135976290433e-02,2.594690985303057529e-01,-3.007600272128738844e-02,1.912024725515034107e-01,-1.113879925247329289e-01,-2.024870029272916871e-01,-5.696075699523998892e-02,-1.125649832075737572e-01,-4.761171586668368205e-02,2.046792048546198228e-01,-1.743772099763663819e-01,1.579293441610857829e-01,5.751586371338120174e-02,-1.551502692074523959e-01,1.038150619924562701e-01,2.746462958787897549e-02,-2.048512654497610108e-01,2.969132787684499730e-01,-2.947608388141797486e-01,-1.138441369040758475e-02,-1.546820376399405880e-02,5.975852432619182912e-03,4.533913863454093474e-02
5.012004125064908194e-02,-1.135664266755820849e-02,2.619384613438656764e-02,1.785036158688931701e-02,2.088467278845261219e-02,-1.617162674377392029e-01,-4.770667846280397806e-02,2.615216053945901287e-02,2.069432194613815557e-01,-2.632001144159518136e-02,2.081105949590608684e-01,6.985326494235842565e-02,4.514493835942776090e-02,2.780859614424774362e-01,-3.158593007181505208e-02,-1.262576966011024204e-01,4.724772332868260039e-02,1.969763603861398593e-01,2.367930762071449036e-02,2.609614785954199045e-01,7.229071518044923039e-02,-1.089523651154507625e-02,1.394582926633065600e-01,1.883781811934069628e-01,-1.261291143693986094e-01,9.387365568674022748e-03,-3.576123077768866843e-02,-4.872010596585197445e-02,1.654238441309657526e-01,4.011309654490355370e-02,-1.029201785015221304e-01,-7.829601418280329739e-02,4.164240649681955064e-01,-2.834252920752137195e-01,-2.654575725251605567e-01,1.576189767601691438e-01,5.038787808231932897e-02,1.410231262949941389e-01,1.767338426696169473e-01,2.089086454698676487e-01,1.055588893279743312e-01,-2.298315182223914788e-01,-2.723458599455250151e-01,1.687172805162687195e-01,-2.921466049587989056e-01,2.173664488426076125e-01,1.360273981795685413e-02,9.061827388081114543e-02,7.682544730287151069e-02,7.598054600553513782e-02,-1.402362975305161408e-01,-1.015023206917500670e-01,1.665354037278254096e-01,-3.739758899687672944e-01,-1.692881133870788868e-01,-5.969594983394160836e-02,2.041295456725509272e-01,1.336388748791704842e-02,-6.313700033193293815e-02,7.979615224181775546e-02
1.213780821117869946e-01,-1.214084755643458913e-01,5.244574837674640527e-02,-3.366860128988603817e-02,1.646261332388735121e-01,3.698090072881630302e-02,2.145376264245689168e-01,6.291311242584038399e-02,-8.947647269268044212e-02,2.223742282153575583e-02,1.642070927647948375e-01,1.059634556287830376e-01,4.567244073640336355e-02,1.500158977993492349e-01,-2.390447872059330708e-02,1.357031871314353655e-01,1.778801158442716024e-01,1.468293307475244946e-01,2.874662837826579831e-01,-6.349818485856192907e-02,-2.073076705405560785e-02,-1.065434666953228027e-01,4.863523691645582625e-02,1.968867790975924875e-02,6.312805328704358676e-02,-2.573161110382853889e-01,2.095512726936676062e-01,-3.364297548119607462e-01,-8.605934602926190724e-02,1.988869574206217627e-01,1.789503127357725681e-02,2.704956254444300101e-01,5.181670848752562356e-03,1.101265673180800569e-01,6.952197008181645876e-02,1.944528963534644939e-01,-5.800559440126203808e-02,8.913237430461738720e-02,-2.204858485436810012e-01,-4.782470394370523792e-01,-3.484262021489595296e-01,-4.658835308243475248e-01,8.571574081682935276e-02,-1.217760651082336054e-01,-2.681067071334385377e-01,4.145012748317389306e-02,-2.302685321638713312e-01,-3.761403372980476334e-02,2.612195369848934190e-01,2.060090914239229853e-01,1.486843664718514313e-01,-2.023516286108456019e-01,-1.170379804642793786e-01,2.118940151158140994e-01,-3.603360468184707479e-03,1.794903746562756530e-01,2.525127033617491357e-01,-9.195883756826145339e-02,-2.186368666924888016e-01,2.891846101382397616e-01
8.698681322613852074e-02,1.047648701724669673e-01,-3.848087492974536922e-02,-1.934229384632813464e-01,9.284631511338578558e-02,4.881301195647513858e-02,-1.675303603190810287e-01,1.693532787855632493e-01,1.572167130797864909e-03,5.878080770515777681e-02,-7.346822708530616197e-02,-2.994718454788509315e-02,2.410198383233996267e-01,1.547149246632305020e-01,1.308794631144990020e-02,1.602218267691883358e-01,2.394069481523166676e-01,1.734420160000365863e-01,-8.564916967675459403e-02,-1.317075724617179297e-02,-7.808301600093456307e-02,1.558473006086307788e-01,-3.089751000226409472e-02,8.595149914431614302e-02,1.590359428869025232e-02,3.211889834573992270e-02,-8.267794230694614638e-03,1.419649373974984363e-01,4.946691686419983636e-02,4.582012065406959600e-02,2.016213398605362639e-01,1.344129775788616187e-03,-1.850521178727319305e-01,-2.606092248429173752e-01,1.135118693195270312e-01,1.154484005603630126e-01,1.320750111874891275e-01,-1.115573189510674218e-01,-8.814756628343398126e-02,1.772712708778729773e-01,-2.290545090767603098e-01,1.460610696489112459e-01,2.682090580786118394e-01,-4.975619571906385319e-02,-2.249010142153606007e-01,2.364651732824327723e-01,-6.458920944413577836e-02,-9.781756516954517866e-02,3.277580064107451507e-01,-2.768580972281307617e-01,8.071325793158339035e-02,3.772282501008095840e-02,2.431360996529897608e-02,1.511658977496435630e-01,5.370119647161717413e-01,4.889545389498160116e-02,-1.308853447953490234e-01,-1.707786444851590590e-01,-5.364584732601938161e-02,-2.629760448871084622e-01
-8.521817647757279346e-02,-8.919556986106465246e-02,-1.098602113114079647e-02,-1.086932481747408391e-01,1.794747603417563009e-01,-5.764033225557352313e-02,-1.510188618695210150e-02,-4.508337979786462141e-02,-8.099832250263643008e-02,-1.424562731347883138e-01,3.962347110780713166e-02,-1.664135107698924421e-01,2.713339590050588557e-01,-3.403739703411505502e-02,4.763225614089464099e-02,-8.346159692809873576e-02,5.850217943636736029e-02,-7.289277135634861238e-03,-1.568666411390132742e-01,6.817786937010397730e-02,5.177020551173538987e-02,-2.135397533611280846e-02,-5.165558000219342555e-02,9.348764957690217092e-02,6.599772581497806434e-02,3.792705673033386349e-03,-2.952963531481609949e-01,7.239652497491691485e-02,-8.655184274313738879e-02,-1.512974793611182034e-01,3.597706642101285435e-01,-2.709002983710524434e-02,3.255539198568785375e-01,-1.730548010443936913e-01,1.709760004842821035e-01,1.988577722231275879e-01,-1.347125402408566319e-01,-9.452050063802858171e-02,-2.453551331820133241e-01,9.693421051931186416e-02,-1.868355230877061790e-01,1.947906910214089460e-01,4.271836934808220798e-02,-9.537895388714977274e-02,-2.418180859877033795e-02,-2.314821324115048928e-01,9.031561691539718995e-02,-9.139884382980138777e-02,-1.524885598473655346e-01,1.345545250289980899e-01,-2.135112696557424083e-01,1.952113311928828920e-01,-8.087455127011837497e-02,2.202629001208983028e-01,-2.460203540224128460e-01,-4.078957647799892894e-01,-6.357776915806925833e-02,-1.957454142618007820e-01,2.241171532132708033e-01,2.971357691240301621e-02
-9.756018495857880779e-02,-8.526898883455007183e-02,-7.764985512433596193e-02,-8.511298545370640789e-02,-2.098186054424604485e-01,-1.374275850154755285e-01,-6.021232694603857738e-02,6.427764154630854869e-03,1.075006897595415650e-01,-3.927680966309495675e-02,4.041748112722277214e-02,-7.356552029922969194e-02,-4.224530257854592491e-02,-3.373810660958250635e-02,1.468020470799178967e-01,1.986896485594748518e-01,8.451271904782635402e-02,7.835463051522337241e-02,1.300467293300931471e-01,-5.148626801220648058e-02,5.047234244212663729e-02,-6.324414873347088129e-02,1.398988702411403939e-01,4.371233330823064145e-02,-2.199177067868111624e-01,2.272265394171429920e-02,1.691494729878033620e-01,-2.571280321045560924e-01,2.903434929948954246e-01,-3.527316711119913434e-02,-1.286657390297532046e-02,-1.602847408684204278e-01,7.117396863725382328e-02,3.310631590729099516e-01,-6.869712565481592148e-02,-4.000219234919531741e-02,-1.447238899967828452e-01,1.219046119605649847e-01,9.169737525865415129e-02,-3.887998628914498545e-01,-6.037213733044851510e-02,-3.112475285933812702e-02,1.416733155574249024e-02,1.909478827469404116e-01,2.394345431915156919e-01,1.863907174088994673e-02,-1.060973245166107609e-01,1.826428435520392468e-01,-6.318992796042441351e-02,-6.673403298285122964e-02,-7.473309487329593548e-02,-1.209291033785274763e-02,-8.739606882826581047e-02,2.075207395086960671e-01,-4.645580868564447297e-02,1.132248738353581752e-01,-2.877797355085557479e-02,-2.981531689431926035e-01,-2.116525832829959097e-01,-2.934932985072319367e-01
-5.268369133475789626e-03,1.766247280172470735e-01,-1.876160259387062434e-01,-1.019191440487900169e-01,-8.124501094630649789e-02,1.137581241569475543e-01,8.613445122096419215e-02,1.691990209562003744e-01,-2.394912239597146719e-01,5.995676818431509153e-02,8.642207690094258488e-02,3.148149274369960171e-02,-1.869416778152372394e-01,-7.515587116315240734e-02,1.541357012046400965e-01,-1.562138550934658032e-01,-2.233231416083348297e-01,-4.225264437911055992e-01,1.611324860498236089e-01,-5.113935660901362118e-02,-3.220339518752637215e-02,-2.836687979339918564e-01,4.645139236516601655e-02,-1.371279246680996988e-01,1.275072071260422435e-01,8.062898093383150111e-02,-1.988974638800217187e-02,-2.085459487391533393e-03,3.338979456580329908e-01,1.189236741698972144e-01,3.133507768897056955e-01,1.074548855267579012e-01,2.085351721447697704e-01,-9.817440157570203607e-02,-8.279836900403218791e-02,-1.728167784913312577e-01,-8.871658791597107629e-02,3.366263109890510474e-02,2.404230186143242742e-01,-1.187834498286920518e-02,1.661419399255168600e-02,-1.736267027129282936e-01,-4.055705288612389964e-02,-2.713456651961735494e-02,-1.824393618974870235e-01,-2.142099614581379485e-01,1.295358554078315273e-02,7.548943630762409984e-02,-5.072430921592674391e-02,-2.178377539078344416e-01,1.932540846514727018e-01,1.263307147198492741e-01,1.603087976253844693e-01,1.127776471103968114e-01,-1.888839299894901026e-03,-9.186115838783359688e-02,2.903222905959528810e-01,-9.364575764390990764e-02,-5.590758526619363927e-02,-3.142135873717111783e-01
1.811724136328993762e-01,8.817718541389299447e-02,-5.574994913884086245e-02,-3.026487753792014845e-02,-9.031075424657208917e-02,-8.400731260044805304e-02,-1.426456971189460354e-01,-1.248257272652441296e-01,-1.705798318075387940e-02,3.545488499972976500e-03,7.555824386079874888e-02,-2.137901213933011135e-01,-1.198738366997242899e-02,1.791095466531808511e-01,-1.143684929179277499e-01,4.670521198317539174e-02,-2.422789975336160292e-02,1.139384657651290461e-01,2.372426264652310601e-01,8.833019200904819457e-02,-2.841540177189946087e-02,-3.089104527926839205e-01,-2.638222446796535947e-01,3.095133693368845029e-01,8.114963470532610135e-02,-2.036625037419662054e-01,6.001880767402965888e-02,-1.168755177556640018e-01,4.261896788674873933e-03,1.653238070196908216e-01,-5.975003117160369165e-02,-9.915989208355098505e-02,2.382799640087246706e-01,-1.661411897967140228e-01,4.472738142421950509e-03,-9.919399105997830923e-02,1.074824725695517069e-01,6.142313917410160279e-02,-2.007117058063834225e-03,-1.149394335708314313e-01,-1.487484283812219865e-01,-6.633188342292277440e-02,1.253054510989362047e-01,3.747714752643200448e-02,1.149887108549301484e-01,-1.316132481614085137e-01,-2.242320398763757439e-01,1.829651430762690156e-01,-4.240012258564668408e-03,2.921649897603084862e-03,1.086246535074557179e-01,-3.399831517167013761e-02,1.755385375848526330e-01,-2.317123471827505499e-01,-8.611662668092806561e-02,9.133243434310527042e-02,-5.523781917854390933e-02,-3.516217444871176656e-02,2.213745087613442075e-01,-1.372537474467397101e-01
1.588671053762489294e-01,3.192586319732364925e-02,5.000718549542100544e-02,-3.062101932857316799e-03,6.990705751119501155e-02,6.120758912706220078e-02,-8.162406717509836790e-03,-3.505194190768270990e-02,1.614105195957017680e-02,7.950777263006278406e-02,1.301149202972975705e-01,-1.253615811516306435e-03,-5.826200095668462170e-02,-1.393879079389502007e-01,3.753629956426041137e-02,2.036626100607734011e-02,8.770008683178956432e-02,-1.663250976001980352e-01,1.965980829587921919e-01,-3.728609024902879154e-03,1.632465154920072492e-01,-1.272466691293609731e-01,-7.592875450120570302e-02,-3.349052516167150273e-02,-1.974923465445433540e-02,-1.224936035492703856e-01,2.208697941993374436e-01,-6.292579077744234195e-02,2.237179737209273322e-01,-9.330055711309020658e-03,6.153057843026948914e-01,2.565330252113042775e-01,-7.910642172717481657e-02,-1.595430797599358685e-01,3.579310643872739284e-02,-2.838622350491123991e-01,-3.788723485438150185e-02,-2.346144229955833826e-01,4.763626213112667068e-02,1.348473095786319187e-01,1.693280292583467239e-01,-1.792942531361291780e-01,-8.067071789287064143e-02,-1.533170134072593671e-01,1.169117970322376410e-01,4.872402959694906166e-02,-5.638375562777610955e-02,-3.772800270938628797e-01,-4.609075930809278417e-03,1.840544697163395277e-02,-1.633473218191067722e-01,-1.292287800738430303e-01,-1.318763467234538023e-01,-2.851350034967570779e-01,-1.486758544404989668e-01,-8.378785290117193862e-02,-2.656790937738111036e-01,2.480302601644318317e-01,-7.054305239413646844e-02,-1.678477092318152730e-01
9.178113399512348447e-02,1.809038843360139676e-02,-3.042675960309185190e-02,2.104249109023356018e-02,-2.729806139903360324e-02,-1.222150998985602338e-01,3.619130397032767343e-02,1.913710381051361709e-02,6.885887375851396097e-02,4.146155016871105881e-02,1.093621831501343997e-02,-7.652007085271200770e-02,2.627334425560327175e-02,1.428600959205331422e-01,-5.089979059944475803e-02,8.614951445719713774e-02,1.667231987761415846e-01,-7.346615692756963689e-02,1.395913371718891516e-01,3.782423884270443293e-01,2.269491938499720030e-01,4.756673871934979925e-02,1.278071360696435566e-01,-5.091092509598357102e-02,-1.318574466332560480e-01,1.628862843307240238e-01,3.188401155397714293e-01,-5.885016638014410606e-02,-6.058684592128302931e-02,-1.583740093571795460e-01,-8.870670058741432495e-02,-1.876582750317297085e-02,1.337846065545807706e-01,2.940830886315940612e-02,-1.400456926990504003e-01,3.546517327305984679e-01,-2.567846328078092211e-01,-1.610447777414413806e-01,2.078891071453441430e-01,-1.440685513973330723e-01,-2.576745815636962145e-01,6.544186578624854034e-02,1.498253827136440397e-01,-1.110418338798627030e-01,-1.507703735340753526e-01,9.974769718776654859e-02,2.334135861328723860e-01,1.185695074244192959e-01,-1.589408250868820649e-01,5.844070081194765315e-02,-1.855351782705422503e-01,1.235973255743754162e-01,-1.933427137871356893e-01,6.235755889819243059e-02,1.455380804742581469e-02,1.131214268405601742e-01,-2.053079658599135104e-01,2.605149753522831985e-02,-1.111860931041894346e-01,-1.811739725759503872e-01
-2.394271144934384532e-02,2.163445530694955640e-02,1.156141979251750634e-01,-9.230686968722329883e-03,3.020593738633294695e-02,-6.960222979412578059e-02,-5.428159113061328117e-02,-6.597361822227594541e-03,-7.642189965647563921e-02,-1.641686100902193246e-01,-4.458451830494571805e-02,-1.168135933892552047e-01,9.447291322239816103e-02,-1.386960557339683708e-01,6.867467689601639003e-02,-1.365495810952335187e-01,2.253717037697748060e-01,-7.863968947837052595e-03,9.870133325188831797e-02,-2.246315277357579382e-02,2.277299240333419128e-02,1.652533401628038801e-01,-1.980661103330113304e-01,-7.812859065508576117e-02,3.956492961654406101e-03,1.663231365683720542e-01,-1.058342697935493321e-01,-1.772317071848701978e-02,-2.147944001328531277e-02,4.601263079124996436e-01,9.054223225433474798e-02,2.612634402538952655e-02,-3.906116246517657258e-03,-2.298500978942939477e-01,1.353808507544466688e-01,1.809586884853456659e-02,-5.710067853874315619e-02,6.281028996867037140e-02,-1.282988654388440009e-01,6.558060011980386406e-02,1.275017703169995242e-01,1.084154220721220419e-01,1.456010991350179251e-01,1.326185088087075137e-01,-2.555187620250927716e-01,1.158895514865389692e-01,2.764582227975237450e-02,-1.500779302245561740e-02,2.080902528784900896e-01,-2.944187010600992638e-01,-2.225927869215837129e-01,-1.495939202648868815e-01,1.273942830584148811e-01,1.016157814107878227e-01,-1.143567315010271014e-02,-1.684462244802250597e-01,-2.673430305338609855e-02,9.202302127092641670e-02,1.197301850583447208e-01,-3.674912973173966035e-01
-1.846029779285439029e-02,6.315573884317539355e-02,1.171569376247576059e-02,7.384536771493210860e-02,1.137275725822953264e-03,-5.049312849354516131e-02,-1.527398221682910173e-01,-9.220187311437141875e-02,3.942116843952604699e-02,-2.248954647269079954e-01,-1.766892496620387498e-01,3.965169402987004516e-02,2.159008934886425257e-01,-7.074707167120301843e-02,9.270574622529939579e-02,4.537458643801364766e-02,-5.053850359516122437e-02,-6.603996426899100269e-02,6.251114201046809038e-01,1.139421631889987740e-01,1.039455524400695746e-01,-1.772264816527827774e-02,-9.554287166494461470e-02,1.530191062723335882e-01,2.078652030085595404e-01,3.296765388407398301e-01,2.117412881147433604e-02,3.584575330432874796e-01,-6.401242384773916938e-02,5.540057424704829259e-02,-1.734044597363051943e-01,-3.635193747820416599e-01,7.526247733396854156e-02,-7.091072225381288285e-02,1.370194727465497142e-01,-3.782105901485183393e-03,-5.678967951483659959e-02,2.128485016922749273e-01,-1.862485542193453025e-01,3.297485235848433838e-02,-2.368968915781716200e-02,1.153926048843552099e-01,-4.071288801107419281e-02,-1.081642237516707884e-02,-2.060617760184809133e-01,1.722993908390863249e-01,-2.964257316854636559e-01,-1.066003921311676067e-01,-1.337483905935517303e-01,1.724252043759858799e-01,-1.086378319039710549e-01,-4.858105218443281581e-02,-2.371658855138746372e-02,4.756752107012453268e-02,-8.486462520026313849e-02,3.381008725719213959e-01,1.689985480204358737e-01,1.667844352737405944e-01,3.492491736082962706e-01,1.394153292747975573e-02
-9.483763309042218814e-02,1.026822592442541426e-01,-4.127173990110743866e-03,7.356429172865255883e-02,-1.124985041254876056e-01,-6.761413717820027869e-02,1.116127267187795591e-01,-5.721398327656725818e-02,-4.595380430453700760e-02,-8.324360468668084989e-02,1.425572993682123948e-03,2.151988736311638561e-01,-4.935219928527972283e-02,-7.374787029877501177e-02,8.152697741575347379e-02,6.092259167731189917e-02,-1.487872963282336480e-01,3.317701997398024572e-02,-3.205952450139515353e-02,-8.818122279621651294e-02,3.722595488296474575e-01,-1.081877267028395623e-01,4.087845513570704387e-02,1.266281433894344000e-01,-5.148201503882428309e-02,1.049620191199063940e-01,1.597622770486054056e-01,-2.534838813569839644e-01,3.041845547524739748e-02,-8.428879309943217157e-02,1.947028180039090534e-02,1.049113133416701427e-01,7.764110579880412200e-02,-3.204783196671569939e-02,-1.855391173366251478e-01,-6.950181498106441924e-02,1.594915902400827479e-01,-7.463011294666552220e-02,1.025801172564063946e-01,2.504944823038574575e-01,1.338580370184985213e-01,2.981676190071061439e-01,1.304862074446254960e-01,-1.096676193066216942e-01,-2.095296063420825153e-02,7.967249767433404184e-02,-2.556070428218193413e-01,-8.884843494199996805e-02,-1.571530716259368077e-01,-1.600216642778749809e-01,3.399181697612300157e-01,1.648097537613904540e-01,-1.892618492775046124e-01,-3.407754014394630271e-02,1.487427938506516445e-01,9.002252338860136649e-02,-2.765171047509525429e-02,-1.700347300628377578e-01,1.165056751697304549e-01,-2.518970975002096102e-01
-1.184948348138173541e-01,1.348274800985662172e-02,1.758131276455489680e-02,-3.551018459264036059e-02,-1.362548664358090023e-01,-6.569543727093588026e-02,-4.416326785167297431e-02,-4.265798373415358863e-02,8.244987739436873686e-02,-6.784527488033573195e-02,3.691401642639685621e-02,7.483867652417895699e-02,-1.785821103354280348e-01,-6.961054905995876785e-02,2.411852933603828714e-02,1.621515847830459212e-01,-4.454944738941805926e-02,1.596916305162522642e-01,-9.194754923359353682e-02,1.726359076639496018e-02,-6.016366734901501187e-03,1.838694086924538562e-01,3.058744638788505818e-02,-1.693298645267807545e-01,1.131229077572534769e-02,5.353583997407089512e-02,2.248373260710005359e-02,-8.303260119387309568e-02,-4.330579811000027229e-02,2.340273235212069203e-01,2.582461732053965564e-01,2.065948796028798939e-01,-7.250994261907256488e-02,-4.888902267195795182e-02,-2.511508523411077332e-01,-4.483268018523206555e-02,7.528811700203505430e-02,5.350015593270320696e-02,1.894644500464534934e-02,3.283362319076554847e-01,-3.252795244142293596e-01,-7.833197654011962718e-02,-1.671313388665112143e-01,6.164475054372943463e-02,-2.267398613424607967e-01,3.591883600481687866e-02,1.317723675089798110e-02,-1.310588409529770682e-01,-7.003351919836188488e-02,9.381151151148292566e-02,-9.853516258672972983e-02,-3.707813447206080582e-02,3.571327774600885352e-01,1.476830285617101168e-01,1.667617161491244393e-02,2.449691223411156193e-01,4.823100845779312307e-01,-8.088020654751211513e-02,-2.338202466503661314e-01,-1.488217656035975035e-02
-6.099525855108941727e-03,-1.159927239938712829e-02,-2.149914370929507240e-02,-6.546283683934688014e-02,7.802829428259847044e-02,9.441976616659551735e-02,-6.500814636097353161e-02,1.418111753322095492e-01,1.511254703164215119e-02,-1.100935293361751804e-01,8.503080002831593653e-02,-1.014252309941863495e-01,-1.417744060111257309e-01,-3.496703974652515257e-02,-1.888064412114700275e-01,-1.312481507294467886e-01,-1.137470089365071602e-01,-2.757663315830683609e-02,9.420474054779168216e-02,-5.569597788175804226e-02,-6.394432554283774328e-02,-2.248852945279901372e-01,-7.598961574434093258e-02,-1.639939663932606650e-01,1.618050312140600910e-03,1.459923230810484807e-01,1.490131382721941178e-01,-1.062901119000773803e-01,-2.572436277455119047e-01,-1.529451700119865143e-01,1.075984239759654876e-01,-3.356511382030561985e-01,-5.753617622103133350e-02,9.367180356416568432e-02,5.629518755460403978e-02,5.584865726066003122e-02,2.465419002555470362e-01,4.660895931527984926e-02,-1.139277593327208404e-01,1.899226387793361004e-01,2.545411632504456304e-02,1.000878525867839389e-02,2.550906947064727204e-01,2.036975966057953669e-01,-9.115554918400303741e-02,5.800968543678420089e-03,4.421128761500137117e-02,-2.290374423331911213e-01,1.193853940247085743e-01,-8.198913533896924621e-02,1.156205657299858441e-01,-3.500022865517104370e-02,1.275045754530871878e-01,-2.187592764953437963e-01,-3.634291222862851001e-02,2.886889861845017835e-01,-3.451743613155415780e-01,2.312254453909710211e-02,2.869103227643388793e-02,-1.441146815424473870e-01
-5.999863488769517639e-02,2.155948671749196577e-01,-3.622367678869610474e-02,-1.947900842424624135e-01,3.290130436491098265e-02,7.835618581075612377e-02,1.711582686373297468e-02,7.960713904980513955e-02,-3.493986832919693253e-02,-2.014027987679442300e-01,-1.147106501492288488e-01,1.719215674981491582e-01,-1.043908968784651725e-01,-1.649432303291091528e-01,-7.206670164024439607e-02,1.547734736189018689e-01,1.522308766021654713e-01,1.581377866676369343e-02,-1.124547519915266997e-01,1.653088863603034420e-01,4.658187487505455193e-02,9.435493541681339025e-02,-4.052813944686569150e-03,-4.310458280034012990e-03,-1.017125648537116483e-01,-6.824771882337918316e-02,-3.138210676076885058e-02,-1.739037045278516713e-01,6.269541743645562493e-02,2.228426901765051815e-01,-6.323128640026907943e-02,-2.805776261706057761e-01,-1.198837570328359775e-01,-4.770278487544706014e-02,-1.712893483488102386e-01,-9.675706053429597442e-02,1.993730117740502017e-01,-1.947782558821352095e-01,-1.527267656089660863e-01,-8.014079914639850311e-02,-1.639373623893896625e-01,6.370489369100199029e-02,-3.134287976263490649e-01,2.101419814015713095e-01,-3.474091551128086208e-03,-1.058057473776997069e-02,-6.069782279066728015e-02,3.144385716667999486e-02,3.973260456531707563e-01,-1.528765504412131215e-01,2.452134487815598243e-02,-1.755205995866308544e-01,3.673039939873438686e-01,-1.311756939526135535e-01,-1.131511956862662517e-02,1.629168454865643767e-01,2.002769151335204081e-03,2.901520841481883828e-01,2.580897260753688971e-01,2.017495346550576552e-01
-1.494816838254250102e-01,3.774134470880061241e-03,-6.773188593368850707e-02,-4.177872270977426444e-02,2.613204812520807455e-02,9.120911224498526315e-02,-1.177119419955458268e-01,1.780437439780066869e-02,-6.859903539259773475e-02,-5.134550805620018143e-02,-3.934490794483775505e-02,-1.132525350417094845e-01,1.584797272462296347e-01,5.532568196993912363e-02,2.020969075486101774e-01,-1.602745973435072135e-01,-1.535382403894050563e-01,-3.035660445405996728e-03,3.029645231250721604e-01,9.311867716961644281e-02,7.885769350767045383e-02,2.318983679287019706e-01,-2.407621400275582191e-01,1.525577811835459041e-01,3.063795290222230960e-01,-2.203133652836295475e-01,8.496514829221672380e-03,-6.306900686114426391e-02,8.712607545045270019e-02,-6.987797825234953958e-04,8.903112050121152199e-02,1.793357848681640943e-01,-1.869551398002188003e-01,-2.215082309907437375e-01,-6.882206442693884763e-02,1.087811642594850581e-01,1.212431059781785836e-01,3.146504184870305837e-02,-3.689713587325546551e-02,9.656008570687049652e-02,-2.198393691397211858e-01,8.270580534786706184e-02,6.410433979235158342e-02,-1.166407554968304505e-02,3.341447387565115723e-01,6.446792691542954645e-02,2.533338344706108636e-01,-1.255909604509439781e-01,-2.866869756042381701e-01,2.793721067392185287e-01,3.083438572953856038e-01,-1.015663400853682452e-01,-2.669712234680040597e-01,-1.255297228050004099e-01,1.479922952395945068e-01,-1.711545623909480340e-01,-3.124729450943174447e-01,-1.317171712750433155e-01,-6.389324753984942928e-02,5.863214576188391543e-03
-6.269338227629771276e-02,2.970002137937071199e-02,1.147635704788011052e-01,-2.996891184803288782e-02,-4.154750350789631480e-02,1.504478727449756192e-01,-1.741249657104410042e-01,-2.114504540628340049e-02,2.371869778382097727e-01,-9.108001371773703086e-03,6.045210082102697551e-03,6.059394318790706571e-03,-1.463197160830168042e-01,1.720657972751598597e-01,-6.442685232364919745e-02,-2.000826132330712492e-01,-1.592970098869557483e-01,3.530710349145288474e-01,-1.035230627919293961e-01,8.595564745794517791e-02,-4.685858292290428942e-04,5.519428640727216256e-02,-5.551093529443336394e-02,-1.436296838990666624e-01,-1.760577913999950006e-01,3.965149354010233385e-02,-1.857946080231466512e-01,-5.628841103356896358e-02,1.138781594629040550e-01,1.586390132173356171e-01,1.352628525337833988e-02,-1.803186606806334719e-02,2.628096720146534948e-01,-8.195556566741239723e-02,-4.102395081710908005e-03,-4.019955203573468555e-02,2.365269841656446326e-02,-1.338433525366529153e-01,-2.559010981626883563e-01,-8.350048977618577950e-02,-3.012118205732844944e-01,-1.156861722058433184e-01,-1.820882260417091419e-02,-6.821637528248923610e-02,1.699071251560403395e-01,1.126507770235759265e-01,-1.444958702334196432e-01,3.487722972519069486e-01,-8.186807994859457774e-03,1.155083438275636143e-01,-1.237313971430803183e-01,3.790895453389223069e-02,1.506456215600162074e-01,-5.179579956540748820e-02,-7.243543150531872414e-03,-1.793526943420873931e-01,1.471253218992275846e-01,-6.982442143527507750e-02,3.962841746730245696e-01,-1.457280421967103168e-01
-7.060893285099276162e-02,1.715914733085453781e-01,-1.937826802066144882e-01,1.477650055695796105e-01,-1.719837283792028521e-02,-5.721064864975888842e-02,1.375571408100524917e-01,-1.149580256515783522e-01,-1.075065925792074023e-01,2.585060138314335676e-01,8.029680582969827771e-03,3.694829742228243619e-02,-6.531956318786971694e-02,2.836841517801684878e-02,1.694879914788222919e-01,-2.703108213941508020e-01,-1.778138030213048948e-01,-2.668923159026613812e-01,-9.554537926112507962e-02,1.419434487092979535e-01,-5.581726280600596106e-03,-3.245350213311615217e-02,-1.788928762828922436e-01,2.625131056584191144e-02,-3.516922369767222500e-03,-3.235527967489134626e-01,6.356396444776341026e-03,1.702522411218157228e-01,-1.471451602043805096e-01,-1.093800755177323503e-01,1.446482657100121583e-01,-5.492149896432316908e-02,-3.079157071063047257e-01,-7.400062943825984341e-02,-1.371686837103947842e-01,-1.072055496306908162e-01,-8.186214369407714131e-02,8.635562939711471930e-02,-3.358348275324640753e-02,8.927755099703224562e-02,-2.887729339494792269e-01,2.810301542745900494e-01,1.882481496800703646e-01,3.101443646425302431e-02,-1.037395681483076204e-01,-1.963845419749307708e-01,2.360603367571421640e-01,-2.580587004922813010e-01,2.921345566864819721e-01,8.408877171813360779e-03,2.817376233120543264e-02,-3.091477712092992602e-01,1.595964221141198958e-01,5.377876351795831539e-02,1.312680750763799420e-01,5.714227956478155207e-02,-3.892569034345357282e-01,5.860230392339247502e-02,-1.011217547684244433e-01,-1.259476451923756957e-01
6.939948197623968529e-02,1.892297373639114100e-01,1.662707308784300564e-01,1.083600434129170093e-01,-1.286066164554302838e-01,-2.134878503403407277e-02,1.578352542532727165e-01,8.932855320872727656e-02,-6.985993183785157989e-02,-4.370055269693055161e-02,-8.627001293269060539e-03,5.871303505549465424e-02,1.079359713847350133e-01,1.720794910682047485e-01,7.678001885932157766e-02,7.964826386937184921e-02,-6.933186295552004608e-02,7.767415364243848708e-02,8.060930301603207171e-02,-1.745658731941512332e-01,9.662229905983607536e-02,1.196422742692763441e-01,-1.554284282709348930e-01,-1.545747427105838290e-02,-5.112405975221114701e-02,-2.362347912209485784e-02,-6.339365428119897450e-02,-8.614276574193864555e-02,-8.356072169236863911e-02,1.278132457832385771e-01,-1.380773218078225617e-01,1.388470622153308853e-01,1.725614481489281399e-02,-1.545315343258054919e-01,2.138585907180972912e-01,-4.903936770838528136e-02,-1.239834984974148846e-01,-4.289185765854906518e-01,-1.086181865884202624e-01,-2.556922017634981684e-02,-1.194036032493793059e-01,6.458307415949590680e-02,-2.967305535355507784e-01,-6.983119115270712551e-02,-2.375444169351104695e-01,-3.872230010207979300e-01,4.183653215820218318e-02,2.119909080390780520e-02,1.810695156863775801e-01,1.800978234663392352e-01,6.992106295297900384e-03,-4.216668119635820500e-02,1.583416677546682638e-02,1.651028625300574315e-01,-1.499235474628742883e-02,-2.952090350098432459e-01,-1.355743202387054980e-01,9.131484705568568283e-02,-3.503034964387661820e-01,9.963943838154468158e-02
-1.877033061259817948e-01,1.523586995437129811e-02,-2.387090717133158457e-02,2.745516741866767946e-02,-1.704589291535339446e-01,2.151589370782246505e-02,7.988502278096340503e-02,-9.250300000351439900e-02,-6.562133255989777147e-02,2.411210222999173314e-01,-4.888271853752605006e-02,1.634924555935361734e-01,1.213326707177948272e-01,-4.525874596245763742e-02,-1.832670416433133942e-01,8.918342870368733966e-02,1.124703633405424175e-01,1.091995958973470404e-01,2.694687020847707018e-02,-6.726577967431653093e-02,2.354058389106633009e-01,-1.300093945605922396e-01,-3.129775222491294751e-02,4.538444342148324762e-02,1.231319941555593100e-01,1.646581377660749079e-01,1.473443777215782402e-01,2.245246627741684375e-01,-5.941043703067765136e-02,-2.080965378072877764e-02,-1.141798406957488660e-01,3.033479286321234467e-02,-1.063646258737310502e-01,6.229624779385678490e-02,-2.004948621375223297e-02,6.433000269669164953e-03,-1.437640641015130449e-01,-2.582065472393595407e-01,2.317162949253165627e-01,-8.526186846101803385e-02,1.139508695606548522e-01,3.589724754768821025e-01,1.800485215997658928e-01,-2.799876795570973090e-02,1.460209550594805672e-01,-1.620932132289548411e-01,-5.464277585470602577e-02,1.462501082266524643e-01,1.031612133154612143e-01,-8.465981250502839506e-02,3.058436586182562977e-01,-4.128802003445959379e-01,1.259850759114511110e-01,2.287146983910990361e-01,8.583539531588793570e-02,-1.334413423404911050e-02,9.746956034266338054e-02,-1.786568824006929887e-02,3.147285886464405019e-02,8.804567727268697644e-03
7.346376273697056980e-02,-2.525497307483910991e-01,5.883686657836049300e-02,-3.528604167146007914e-02,2.284723619873453918e-02,-9.036845777155658177e-02,2.440161463802055231e-01,1.001534966277176641e-01,-6.283951976002841167e-02,-8.428220622357887604e-02,1.474053517374725453e-01,2.292055254054539692e-01,-2.131780708058719082e-02,-5.511337105673273090e-02,-2.513279138676572932e-01,2.463077536970240122e-01,-2.885382894688470756e-02,-1.664631753086388000e-01,-2.557253285779029130e-03,1.783038136773751892e-01,-1.760709910614000062e-01,-8.681154758084093370e-02,1.222456878082647247e-01,8.023137080601183690e-02,-5.652595825826255138e-02,-1.283504931524531711e-01,1.468916470405923769e-01,-2.605039533245802619e-01,-1.291574413425706225e-01,-2.622325376040706701e-01,6.908756452576921003e-02,1.759891716781411541e-01,-1.837990007237299550e-01,1.559999245676596258e-01,2.220493441550092650e-01,-1.504279768739901768e-01,8.111651093952818026e-02,1.349342958304284024e-01,-1.631940318795593592e-01,3.102986998390451154e-02,1.939481122222639145e-02,2.946310341491779061e-01,2.082604703944203328e-01,2.190797538052906557e-01,-3.510888683191477205e-02,-3.766138408987674407e-02,2.221424387892737828e-01,6.604296058217359877e-02,6.354540731232735662e-02,1.175169023039117910e-01,-3.358324689078876490e-01,-1.342388837428439285e-01,4.549729659434897933e-02,-3.498978182419521139e-03,-5.454216570167256389e-02,-3.518942803484925164e-01,2.266234908126057990e-02,-1.125896695499288419e-01,-1.863227051705484971e-01,1.130437349433554284e-01
-1.022354529135427459e-01,-1.345583463107451194e-01,-1.140870724128842523e-01,-1.437460123294456160e-01,-9.166608034137424532e-02,-1.833887260202563332e-02,-1.297792069049102937e-01,1.021998740499065195e-01,-1.542265285347116932e-01,-6.479157866510544539e-02,1.030435933075278532e-01,1.644675240604357713e-01,1.963251765310497221e-01,1.068156764672935494e-01,4.190713769541293265e-02,-5.633156459397671567e-02,3.868622552856691710e-02,9.552887657950070999e-02,8.302408014390461749e-03,-1.812252817909732749e-01,-2.670067701631861357e-01,-8.386268492284881804e-03,1.317696928117122190e-01,-3.737268705970303584e-02,6.459407358636257146e-02,-1.810444382464244384e-01,-5.826146740481173703e-02,-2.162144140219562638e-01,7.721396892188676919e-02,2.000516249701004001e-01,8.070272546382128986e-02,3.316832660553573620e-01,-4.390095521776017640e-02,9.139864356766605469e-02,-4.262301990650792932e-02,-2.184790041740049260e-01,-1.120111164520636998e-01,-1.397721358000621195e-01,-2.400838226394334026e-03,1.646421121644605079e-01,9.146514796894780752e-02,1.785385200650679892e-03,-9.890415498983010090e-02,-6.170707405483151498e-02,4.573698851216714129e-02,-9.254046954544299652e-02,2.382180404086633452e-01,1.173880820055297064e-01,2.192000683448699083e-01,-2.706514858387555345e-01,2.589099869832792861e-02,-4.488094140775290841e-02,2.709713115253237214e-01,-1.052080384516346501e-01,2.206655257747709362e-02,-9.994442729136705783e-02,2.648508787831925781e-01,3.869780027385266719e-01,1.805616143153782049e-01,-2.309677855074456221e-01
1.353389935548924561e-01,-8.653091390513794820e-03,1.188919916603654175e-01,-1.190364349033243146e-01,4.062459452637767580e-03,9.967277200648234914e-02,1.661953249326436899e-01,-8.663882995329871828e-02,-1.908549763522922049e-01,6.746895833852954716e-02,-1.045301021383088919e-01,-5.913068188408110437e-02,1.020656202989923544e-01,-5.544437546685261880e-04,8.280664580819331599e-02,3.226460705561603470e-01,-6.479430756048945583e-02,-9.304227953047251864e-02,-2.970888472492557719e-01,-7.432813067788125727e-02,-1.257720997854712974e-01,1.899860391336681831e-01,1.547780208243185185e-01,1.612203134213223768e-02,4.217484827455370011e-01,4.242026758272408188e-02,-8.994049580704710500e-03,-3.353075428467353764e-02,6.914491601296050838e-02,1.475492961751020959e-01,2.282236143242015181e-01,-9.731245476982100517e-02,4.539883215853530996e-02,5.253698010528605467e-02,-2.851982702457096439e-02,9.474110319887962817e-02,2.705383443293390977e-01,-2.001126795248771989e-02,-1.414386168048975545e-01,-1.805613732251738490e-01,-1.027727320873438044e-01,-1.015520586282380872e-01,6.326840259173070746e-02,-2.899801582544386802e-01,-3.149170613538330166e-01,-8.850353077257811299e-03,-2.388569468446986033e-01,-2.014579915044323322e-01,-2.709036733981325940e-01,-2.331582693492209590e-01,4.228710436974906367e-02,2.132313266629236037e-01,-2.178127885998765723e-01,-2.805868732848340596e-01,2.114979947611905775e-01,-1.850655158491119057e-01,1.471787957637825939e-01,2.203108499689624966e-01,2.114658390495766371e-01,-1.016908107633734126e-01
-8.642966006824739922e-02,3.308939964726606564e-02,-3.721933529826602916e-02,-2.074242956497742152e-01,1.744455771655599174e-01,1.785297387739614994e-01,3.058640554220380392e-01,5.405945766153410353e-02,4.439405087901502484e-02,1.216061492843483194e-01,-8.511960584182114153e-02,1.673912529371200386e-01,-8.730134057179898821e-02,1.522261495487267913e-01,1.157982118154354291e-02,1.525900088061869497e-01,1.099577613068303261e-02,1.784626504208346870e-02,9.686927778224930369e-03,3.541541547277641255e-01,1.151380718064403952e-01,5.545704089264867631e-02,-4.665810301664901488e-02,-6.704772707710365820e-02,2.145730825688874077e-01,1.825271524468944917e-01,-6.312660812352446915e-02,4.027862261807072658e-02,1.895749180138470991e-01,2.763443305931047589e-01,7.853556648819816355e-02,5.241953184807126437e-02,-9.451328449599896708e-02,1.077002899162103067e-01,3.504268110812192583e-01,-1.691087397420956012e-02,1.834317978392816240e-01,1.735738742658155531e-01,4.698021885820557325e-02,-3.177189012894616194e-01,6.239315589853674376e-02,2.793185891983925376e-02,1.224451027109342560e-01,1.341184952751780790e-01,1.112981968633109109e-01,1.528384178977988325e-02,-2.732749784463689990e-01,1.739875233387108422e-01,-3.105313604978525710e-01,4.679142149598058964e-02,-2.970394938389186446e-01,2.228002467212527316e-01,1.643518190606017559e-01,-2.664556475612678277e-01,1.104417673909184952e-02,1.369392826701323895e-02,3.984449768684127785e-02,-3.250133639523529183e-01,1.056119254456762135e-01,2.397707826735867576e-02
-9.530980802049485168e-02,1.842651212108660508e-01,1.638338328447393466e-01,1.417316987390682959e-01,-2.396089574568597835e-01,-5.850413181669215923e-02,1.026431279627848525e-01,7.013491421929663253e-03,-2.710196770450455997e-02,-6.838986416189157813e-02,1.224472364381139072e-01,-1.364904035391022452e-01,-1.022184449661311251e-01,1.461656306442165876e-01,1.119957261353892175e-01,3.013710984337875098e-01,9.417926745123199328e-02,-7.558923494841933433e-02,-1.748687861751125061e-01,3.188601388188107566e-01,-4.930695726760674080e-02,-1.699233060617127977e-02,7.929246520146601696e-02,3.112473159853912374e-03,-1.224694737646520870e-01,5.994443845792032238e-02,-3.761603540975442805e-01,1.174027704531658278e-01,-2.625899592088663109e-02,-1.403682826109063642e-01,-1.321242576097716448e-01,1.807590835061123058e-01,-7.877960039194817354e-02,-2.135313499002128856e-01,2.449641400005694580e-01,-4.099178552721427851e-03,1.738551542645664083e-01,1.219475732683658747e-01,-2.489613097927931978e-02,1.732325740037803444e-02,-9.613512155743968168e-02,-6.934910814470510165e-02,-9.174563795700510505e-02,-3.714091464412248855e-02,2.590643694447238854e-01,1.949096676046200849e-01,-4.423129017587996148e-01,5.400273884821210624e-02,1.438468520129597694e-01,1.175683053250480975e-01,-1.437018922685372180e-01,-2.414268083423543043e-02,3.421866755154231998e-01,1.027746493835641761e-01,1.609982796316629938e-01,2.621306421246056423e-02,1.568545794933441304e-02,-6.551517463240541517e-02,2.059602643446532544e-01,-1.288899185542800585e-01
7.187715425415236448e-02,1.664158083017615031e-01,1.690714125888043429e-01,-3.287499093771691083e-02,9.875148220368929960e-03,9.641851895952129048e-02,3.305902785254655890e-02,1.529919605745913569e-01,-2.549664302895251339e-02,3.108888827305733571e-02,3.340311142432076524e-02,-8.759128600238033635e-02,-4.700840395148320194e-02,-1.047766800035467571e-01,2.587468512109195040e-01,1.816401716323839911e-03,-7.038331070213060814e-02,1.719797860124506195e-01,-2.933856227403962014e-01,-9.166588622733656821e-02,1.483349230429428511e-01,-1.961489610115007554e-01,-7.080855337797758997e-02,1.168595232392266176e-01,1.060116814136468355e-01,-4.862679112178436291e-02,2.288640608226646389e-01,1.298757357106332944e-01,-6.403581831474824959e-02,1.898141911383491309e-01,-5.343524393130205663e-01,1.210168853285928520e-01,-1.625808331559809305e-01,-2.393723378208112429e-02,-1.233619910635268269e-01,-4.781030394758972041e-02,6.849746175669937931e-02,-3.003731018497045602e-01,-1.941316181424410647e-01,1.655610352456776402e-01,2.894678237124680420e-01,1.744983515970801036e-01,-1.109540232649099539e-01,-2.235963592133235339e-02,-5.419886609791590981e-02,4.853144436810064130e-04,1.712223622616781404e-01,-5.251096747497197015e-02,-2.913553003346406323e-01,-6.328551593076239823e-02,-1.906534424639273057e-02,-1.453356990077242505e-02,8.017337740613154906e-02,1.723562421439833181e-01,-2.367773910710682939e-01,-2.245550315376447156e-02,-1.378942082145973580e-01,-6.823614364365104823e-02,-1.751772527450456973e-01,6.562973585946457744e-02
1.585685677074571420e-01,-1.083455999750298632e-01,-4.151584909663602954e-03,-2.293777890851182999e-01,-5.510972463198797466e-02,-5.928410490546551920e-02,3.773325410374284150e-03,9.431170393336914259e-02,-1.405438657732749341e-01,2.553186622856941645e-01,-9.234871390109182510e-02,1.008171601322845889e-01,-3.943201184714135721e-01,-1.166114690998607123e-01,1.216306334805089540e-02,-9.522872279751563862e-02,2.509198815482396872e-01,5.302199039220647364e-02,6.466512987591084560e-02,7.128461310007834506e-02,9.197588895544878129e-02,6.546592808297803379e-02,-2.032470222482314903e-01,-2.434993777228754153e-01,-2.620363072656686082e-02,-2.765204928065422355e-02,-1.045100857949281120e-01,2.898064852971516878e-02,-9.788765329379896241e-02,1.874589678330338544e-02,-2.774159321413261978e-02,-1.286688848011992570e-01,-7.949432273040361874e-02,1.332824756268814193e-01,-1.604689106184174416e-02,1.044250993914726255e-01,-9.500672529131504174e-02,3.087068914351000573e-02,1.997184118891238147e-01,2.043138436085889520e-01,1.914646703520432036e-01,1.647707656864003389e-01,-2.045652570204783971e-01,2.789761658979230674e-01,-8.837615653203201305e-02,2.489548956288712700e-01,5.158784818231192115e-02,-2.977627510320979276e-01,2.559658626176654003e-02,1.613454919191708303e-01,-4.542087488743732498e-02,1.867915224831095400e-01,-1.324463334599995613e-03,2.950043141821351855e-01,-1.055858528801438129e-01,1.762885682946011001e-01,-2.251109090557890657e-01,8.590152518892106570e-02,4.690070849462159991e-02,2.908758768445512954e-01
-1.905737567592161175e-01,-9.790921454586963557e-02,1.489551542612755075e-01,1.620542979796039673e-01,-1.527942623808300482e-01,-2.110993357096500184e-02,-6.466530894328015311e-02,-1.215848228674113740e-01,9.702036375396139167e-02,1.772014845303421238e-01,-2.527462809466016758e-01,-1.568909693023239071e-01,-2.777586931875910495e-03,3.462424481450210312e-02,1.901334131520885651e-01,-1.289733565057001874e-01,1.069318699594068028e-01,2.355618927152912379e-01,-4.306782196008430152e-01,-1.570243027561808724e-01,8.546066577193611735e-02,-2.929467028293159525e-01,-5.599119814534168904e-02,-1.851378010715403755e-01,2.362340896999420292e-01,3.300498614765495775e-01,1.696231187419653674e-01,-2.959770537336172541e-02,-1.087275010995207014e-01,2.945743818909950518e-01,2.608560714630543953e-01,-6.871754652978676221e-03,-2.082684250018869074e-02,1.338951932239597353e-01,-3.140847050869044650e-03,2.763416026555284288e-01,1.126526084458140120e-01,-1.069487826887675769e-01,-1.899351524521180612e-01,-1.562978778264642321e-01,-1.288610759785878968e-01,1.264038505698251158e-01,-1.164705308083103102e-01,1.955267215037997386e-01,2.122298850081142940e-01,7.883130383535542907e-02,6.002871021377829963e-02,6.908379297466937449e-03,1.977880763566656486e-01,-1.728113542576494716e-02,-2.940521832573372851e-02,1.680615312072709921e-01,1.761648209366784099e-03,1.080321455278937803e-01,4.245158914223769175e-02,-3.030983484423319108e-01,2.776383391158741484e-02,-1.484157622496550810e-01,-8.463671536789518085e-03,-5.513450424930177451e-02
-9.313944353405163856e-02,-1.366114475002135342e-01,1.258328620715044033e-01,1.563912344885833305e-01,-1.144245440648721315e-02,-2.070483823953348304e-02,7.683985848093904947e-02,-7.941209713460975483e-02,3.182853965358523052e-02,1.192315237460980226e-01,-1.646103750381298914e-01,-2.324559148449769630e-01,7.899538277813382414e-02,-1.614647603966579414e-01,-1.723241348052271249e-01,-9.299304597029668662e-02,-3.030550590375135633e-01,-2.374154447665095466e-02,2.667602312091142958e-01,3.096495116035099526e-01,-1.004270942040467497e-02,3.089547949622840559e-02,2.370405210164277521e-01,-1.003706911841658195e-01,2.272062699395345151e-02,-1.608711666214055480e-01,1.417721040063724958e-01,-1.359232822320733391e-01,1.582895708585449202e-01,3.349198036092344843e-02,2.924416051711187237e-01,4.104032853919521023e-02,1.598880627208940086e-01,7.487816805678533527e-02,-1.244128185359942435e-01,1.395200290236336092e-02,-1.675562773979197978e-02,3.533059743654349411e-02,-3.307861021052039829e-01,5.422791632599373302e-02,-9.418030177990036056e-02,3.098155162127286255e-01,1.520393945750779865e-02,-5.726174420835923595e-02,3.820841351200321596e-03,6.702491181941369613e-02,1.504293170535833390e-01,3.400906213775869297e-02,1.123905727835479845e-01,-4.442253923295837181e-02,3.189824747314667919e-01,-2.707138833537146572e-01,-3.921721749146299396e-02,-1.269579814191473255e-01,2.777881078384796254e-01,-4.260055411267443110e-02,-2.481592591043494112e-01,-8.789776336565419124e-02,1.827421557423452095e-02,5.976399063003767775e-02
-3.073448446623320424e-02,-2.752853583683683714e-01,1.866190531342612480e-01,-5.037188960035433871e-02,8.451338813601191879e-02,2.255221897795366970e-01,9.640651707583450247e-02,-3.235127741210449409e-02,-2.744694840807175226e-02,1.469531527129737392e-01,6.119903343942758450e-02,-2.727890117944279380e-01,1.307583898919246201e-01,5.152720764607267995e-02,-4.764679478325868633e-02,2.007062079492111795e-01,-5.524178198489466951e-02,-4.842436221499978044e-02,-5.796850252573521045e-02,1.399255735341587426e-01,1.582817581574704480e-01,-1.473706795348478926e-01,2.929110949208324488e-02,-5.862184402071547729e-02,1.081621656736799497e-01,1.595497025065021335e-01,1.731991301694945501e-02,1.738286178825999284e-01,-5.566550003406345315e-02,-1.475033018918945060e-01,-5.520981700146052745e-02,1.315940183711205302e-01,1.172443434409143198e-01,3.109759004624131906e-01,2.455314302284916650e-01,2.566167990703538404e-01,2.201015155914199870e-02,3.482920393819444183e-01,2.297229986559067572e-01,-9.240021453759154901e-02,3.122933846254493176e-02,1.157591536833346979e-01,-1.256064901601441908e-01,-7.997116514380631092e-02,8.921173911348732888e-02,5.700656143790659020e-02,-2.104194984598955487e-01,-4.900735613734624740e-02,1.181631938979234436e-01,1.207744818207410614e-01,3.534588751304990062e-01,1.158076016927269206e-02,-5.966194391639232514e-02,1.323083816891914254e-02,-2.517358297067463502e-01,-9.872118953453931645e-02,-8.374396130384782755e-02,-1.823507568440093651e-01,1.122891350825066387e-01,2.016777833514551976e-01
-4.582195288543673695e-02,1.879669643337359974e-01,-1.552621501519323988e-01,-1.515549855837287352e-01,2.066255509845953409e-01,1.124003437866620408e-01,1.303891083230831749e-01,-1.781116676401726107e-01,1.471948793519714006e-02,1.388523619533896802e-01,-8.021751568681811939e-02,-1.912379078064452287e-01,8.215445449441868830e-02,-7.843078634738823163e-02,8.508035539741534703e-02,-1.528586320571923562e-01,-8.468063395740847710e-02,1.388296885926938451e-01,3.373453395921284514e-02,1.777828987413234141e-01,1.518046474466160090e-01,-1.656561352220454475e-01,-1.586029947349990032e-01,-2.428926007713048604e-02,-2.813004161012724186e-02,1.407160261293052550e-01,2.963486937923161535e-01,1.413029323346465804e-01,-9.225182794994515878e-02,2.769255900232226453e-01,2.491874110183824043e-01,-2.143010870863768305e-02,2.881038748105388958e-01,-2.255816360455366321e-01,-2.872781252605640656e-01,-1.520699642371495762e-02,-3.296810689898402313e-01,8.674643918141672350e-02,1.306409623264353781e-01,3.312426227522117291e-03,-2.181555470808837494e-01,5.369339299781953484e-02,1.692570187745518484e-01,-1.619371974370171496e-01,-1.961665818705348244e-02,-1.336098921672472795e-01,-3.342553404943900963e-01,-2.929850171894533006e-01,-6.863242339593206287e-02,-2.062551382924997581e-02,6.990347312561162596e-02,-1.381064909086811288e-01,1.107429356799241871e-01,1.754607971289873503e-01,1.397542594057009646e-01,-7.565121319213601037e-02,-1.607106698683036239e-02,9.601781836293385441e-02,-2.762495106483222468e-02,5.212265575924801770e-04
2.612878582289048235e-01,-8.302128234224956382e-02,1.648130225859770204e-01,8.959446933240589050e-02,-2.690492246233102541e-02,3.812995077514369502e-02,-6.122427238665541921e-02,-3.647228906731066200e-02,2.608736797459506040e-01,-2.721672429538961602e-01,8.682262536532950326e-02,2.222779524900783676e-02,1.710858172028716651e-01,2.764172566713746226e-02,-4.342707331842427659e-02,-1.355611034011737145e-02,-4.364300237240616859e-02,6.726724616444454408e-02,2.130614061088648321e-03,8.265367557877620341e-02,5.502460696973739823e-02,-7.145841082284293266e-02,2.663838110670174730e-01,-1.079599652724107239e-01,-1.091851905839341247e-01,7.446768813621443273e-02,-8.670640988567705765e-02,-4.698082914825121165e-02,7.006888531243099169e-03,2.167547308339323742e-01,1.979405737169647739e-01,-1.005364770569767974e-01,1.618865487056728170e-01,-1.619654623772407223e-02,4.559638068985479714e-02,3.138037378990902737e-01,2.066871789845023122e-01,-3.610363000020616608e-02,-1.072480932492648059e-01,2.112758543136369072e-01,9.076579999838841478e-03,-2.849293300359675984e-01,5.116049934625288564e-02,-1.561454103693400430e-01,2.557208920838092286e-02,1.033309695954977292e-01,2.287446506503709731e-01,1.231161491168643735e-01,8.582916599702553051e-02,1.497095765900587350e-01,-2.454911995763319268e-02,-1.105477548448544622e-01,-2.159057936793546406e-01,4.332244615814276334e-01,1.344553565917165905e-01,-3.378550367282510264e-02,1.917398577054650957e-02,7.607958884171142633e-02,-2.890210475828874359e-01,-7.746685277949601212e-02
2.081081804684040970e-01,3.628713131329127650e-01,1.050656442743487518e-01,-1.712794290878062176e-01,1.605781468174214133e-01,-4.825735185025896434e-02,-2.435036411568908821e-01,-2.765023604125217416e-01,3.163851693651591190e-02,-1.769464250568078545e-01,-1.122541159754401746e-01,-4.197908707093566671e-01,2.120742187436359602e-02,-9.675475316530013359e-02,-2.380725244714101407e-01,-4.899833960595201265e-02,7.142735872315617018e-02,-1.280255321651808664e-01,-3.250110206065944807e-01,6.643730742338116446e-02,-4.521815115370693416e-02,1.087971691614569580e-01,-1.021607155342642292e-02,1.790180545948188984e-01,1.534134212088088811e-01,1.087963973190159417e-01,2.341463072998469647e-02,-5.904156431890924400e-02,8.086266764580944677e-02,-3.650440482664170372e-02,-7.104213591193120347e-03,1.100190054597543956e-03,1.633568196545387343e-03,7.884512650802492917e-02,-2.338832972570740465e-01,-3.518604081645951981e-02,1.536276084351589355e-01,2.586372840769266546e-01,-5.752454684291521264e-02,4.021631455476486205e-02,-6.250294021819838286e-02,-2.199875878089666281e-01,-7.702095789435928035e-03,8.395832662601736274e-02,2.131096250179426721e-01,-1.554011731357482495e-01,-3.392672647077916992e-02,-6.511083537638470697e-02,-9.702693014490892942e-02,-1.585010128340199609e-01,-1.940726557580874090e-03,1.676677508488566004e-01,-1.432451195309299430e-01,-1.710830314399130747e-01,-8.705520472874092586e-02,1.336861562455411157e-01,-6.865721040879725623e-02,-3.058415560713377279e-01,7.219731233247859981e-02,-3.394409914246790394e-02
8.160297374542448134e-02,5.241845330433987649e-02,-2.321694067375734780e-03,7.454142573553909634e-02,2.329841614989117127e-01,-2.765641059907890734e-02,6.591974606147017746e-02,1.091257204949624970e-01,-3.040891671553861419e-01,-2.119308723268349334e-02,1.306110671491739483e-01,1.337263206310660701e-01,-1.990510507823558817e-01,-1.943527010214335105e-01,-7.437158238846400260e-02,1.605502453387670780e-01,1.047491719681227229e-01,2.361265297525297624e-01,-2.589795294622786459e-01,-1.937869699031546378e-01,-9.806797901135516637e-02,1.453027143635898452e-02,7.672854061824316285e-02,3.845387845086248313e-01,-2.168136926972895062e-01,-1.497076544055563896e-01,1.006504130275625436e-01,1.872080292193668560e-01,-1.819699748932393502e-01,-8.523728360356555567e-02,2.107880534930389044e-02,1.165995508563845151e-01,2.468362215223768481e-03,-1.493769615395489081e-01,-1.137558571906493315e-02,-2.884716643114682566e-01,3.069965712889964893e-01,-1.032135444729399970e-01,-1.101925276792058428e-01,-1.241243256492131353e-01,3.393703880612619801e-03,2.597548736538374259e-01,-2.920290470877362574e-03,-5.688160286110580804e-02,1.234830577006879038e-02,-4.510664884144958281e-02,-3.195735511372320703e-01,2.506026440405190736e-01,-1.277892085350786910e-01,-1.952034567266236476e-01,1.310772260116668531e-01,-1.353271295654508988e-01,-4.113110299033548856e-01,-2.173798598494016132e-01,-4.009385836741093390e-01,1.983067086101582971e-02,-2.972831526859243817e-02,-1.872741400498143527e-01,-1.429393498407238207e-02,2.349370826144928787e-02
-1.123807302960521393e-01,1.880864415289042191e-01,-1.253172969721553787e-01,-1.412786496528034286e-01,-7.457783010246250843e-02,6.611760233598885927e-02,2.385228530671146263e-01,-3.229537367169974665e-02,5.161083981278213537e-03,2.367104688277440333e-02,-1.195037458078547846e-02,1.115998191528468214e-01,-2.340314617072124584e-02,-2.799970998676802880e-01,1.915928837664132023e-01,-1.397086399278244517e-01,4.788777838504130330e-02,-1.527244240187775326e-01,4.340041341406056935e-02,1.936233500735680055e-02,7.616076770951120400e-02,-1.526413952094812232e-01,8.433197719815552218e-02,-2.138334571017394270e-01,3.501889093954548282e-01,1.179043513297469425e-01,1.961585818559866967e-01,-4.255640268248319091e-01,-1.928880004747077215e-01,-1.952757531868907770e-01,-8.707201647588300175e-02,1.021751742958116604e-01,8.005484276745530869e-02,2.265283388275467560e-02,-6.343734894738191354e-02,-8.732835979994335238e-03,-4.535511217812188134e-02,-1.273380390063913181e-01,1.229769427395897424e-01,1.493130612805527724e-01,5.780343407274099281e-03,4.168719297025244019e-01,2.947901509487850236e-01,1.669753326498455981e-01,1.806159885642816543e-01,1.989761650235312707e-01,-4.556395255313466092e-02,-9.416462229910553539e-02,-4.907817597731521653e-02,2.009642971424302760e-01,-2.775162410613828817e-02,-3.690224655464509340e-02,5.237601789028709653e-01,-1.675436259545007300e-01,1.935833839843829618e-01,-2.908471481126910854e-02,-2.892029679186465252e-01,-1.876063392277104724e-01,-1.599153287643287347e-01,-3.082981708970348178e-01
-7.719279929846385724e-02,4.415715121520806530e-02,-3.401064097059504077e-01,1.616207593371655205e-01,-2.489300498401682549e-01,-2.452054298295588963e-01,-1.913321721201239473e-02,1.975973953245001649e-02,-2.896076950871648292e-02,-4.794548711900009641e-02,5.758034949818345571e-02,1.834572825384772621e-01,-1.887784286558273072e-01,-2.491852281149675719e-01,-3.446525426192832697e-02,9.096158972405321216e-03,2.557434193488524188e-01,-2.604892144777131227e-02,-1.065697720546125160e-01,-7.237755923935561275e-02,1.146832292379915269e-01,-8.429677688928627344e-02,-1.984585446284880053e-02,3.143109790204881016e-01,2.279198428400250331e-01,6.988534697511075700e-02,1.349318930658252591e-02,-4.180388651971796155e-02,1.991653455927706040e-01,-2.138364520291503520e-02,5.075042142440457787e-02,-8.865895660439170739e-03,-2.927323005687842983e-01,7.845636746198615674e-02,2.006792102959195634e-01,2.657692714554052982e-01,-2.882347380686859917e-01,7.394638525558569486e-02,-1.427905468787485366e-01,2.885546204842102253e-02,4.222156615789953577e-02,1.154983811526186371e-01,-6.518702959159328181e-02,-7.917695723206033542e-02,-1.396836736304182813e-01,-1.272750029315918019e-01,4.543979777544756432e-02,2.926966974676643574e-01,-1.740695919108518896e-01,1.176272325054427415e-01,-1.337849523240163818e-01,1.254073165417819158e-01,1.738649310695418448e-01,1.000901545888227273e-01,-1.432793621875622925e-01,-9.445391899379693146e-02,1.916991368135923662e-02,8.354119264584958238e-03,-1.718750202440952057e-01,-2.015065378617458547e-01
-5.918604540240472722e-02,-6.999324969089086579e-02,-1.082466273142702537e-02,-4.565068130734760421e-02,3.236617842956535096e-02,1.372555429391066062e-01,-9.824370145659662434e-02,1.976259258842800459e-01,-3.073525391702653375e-01,1.264714984013830534e-01,1.474792936950902189e-01,-1.818183598103840226e-01,-2.434971551832603165e-01,-1.708374385153037522e-01,-3.991398417628123918e-02,-5.146315858062150417e-02,-1.749300433631752472e-01,8.302640959306847868e-02,-2.723641159460885031e-01,-1.499315814831996274e-01,-3.375767409758299170e-02,-2.197300422621717431e-02,6.291213616105326145e-02,-1.452453118763621931e-01,-1.070928347224093802e-01,-8.834804176893398808e-02,-6.862774059817064454e-02,-1.205712222325332761e-01,-1.925385020152958759e-01,-2.046883834079948894e-01,-2.020821408330983060e-01,-1.870712713082365863e-01,-1.715826907229351939e-01,7.858925332702645927e-02,6.516730121378053187e-02,2.045961722562099697e-02,5.816971726882167598e-02,2.035552848368449852e-01,-3.480690564183375191e-01,-1.320487798717402128e-01,2.227641187914741749e-01,-3.836022507508417001e-01,-2.893386507175663147e-01,1.704826648454903504e-01,-2.515848634483593416e-01,-6.691792768538570857e-02,2.076621856981961112e-01,-1.402508124578262239e-01,-1.263820495152159218e-01,-1.225697406228480890e-01,1.145096792434622951e-01,1.368704648414738878e-01,-2.038318606688794762e-02,-8.587262007205684333e-02,-4.902137094573386783e-02,1.044436038120537258e-01,1.655227550558938110e-01,2.134732992654893580e-01,4.923107941507589430e-02,1.140363492707221899e-01
1.175622577063664548e-01,-1.510888905330304011e-01,-6.346741932284605259e-02,-1.486308170104894411e-01,1.231606202925569910e-01,-4.171883038903975022e-02,9.910940788149975866e-02,1.940782988042256962e-01,-1.449170508810034876e-02,7.730581105798453589e-02,1.753413242748892362e-02,-2.846394511840818486e-01,-2.373490963215343919e-01,1.096865939491376007e-01,1.270744909647751053e-01,1.299543519906731781e-01,-4.299276544137270450e-02,2.604895163114851475e-01,2.402858279918050621e-01,1.441533953465682361e-01,-2.121890249797090955e-01,2.961554881350976220e-01,-2.693347638110236697e-01,1.599949991225891599e-01,2.759821306420680992e-02,2.092292391028261755e-01,3.221262227100638587e-01,-3.689162498113892491e-02,3.209217632572954060e-02,1.216748474318144757e-01,1.993024916240190847e-01,-3.443483930905911761e-01,3.092914004877866385e-01,1.475782688802225739e-01,4.065372727361434846e-01,9.915460727248792683e-02,-1.408186523074442774e-02,1.213894670269805437e-01,1.162690900764395130e-01,-1.977253316626312318e-01,-4.387445455406688982e-02,-3.309532144125971742e-01,-6.367395789253145477e-02,-3.850978294294772619e-02,-1.302489867132485268e-01,-1.068554911296670795e-02,-1.021703089206685011e-01,-9.624785523817826205e-02,-1.072742859892930889e-01,-3.165874785738090891e-01,-4.728950936460858678e-02,-1.124218269721761754e-01,2.825084772088464757e-01,1.386253767145840254e-01,1.393772648869537334e-01,-1.072967255864011593e-01,-6.724787685391678260e-02,-2.692511694249768994e-01,-1.189524634197752506e-01,1.301476337732125343e-01
-5.050773943268339894e-02,1.573371913660773502e-01,-1.773769055650743498e-01,-7.266660341316795446e-02,-8.346716441635985972e-02,1.185166723661812693e-01,-7.822125306888769170e-02,-3.614050921678471640e-01,-8.378275750624253337e-02,-6.390076922004166160e-02,-3.724960138789844277e-02,9.234351887513234103e-02,9.616632567425248412e-02,-3.539663105620020900e-02,2.251651242517215823e-01,2.640435421044134284e-02,1.361823675758247754e-01,1.108437387173015765e-01,-2.329148320129972305e-01,2.575322233826455309e-01,1.406558997135723410e-01,2.460370483644954420e-01,-1.311425489931131172e-01,-2.230886401241625738e-01,-1.086049290588891603e-01,2.497347626005438082e-01,-5.752742913417038112e-02,-2.790127253489117498e-01,-7.960854109250718735e-02,-6.253871108540040580e-02,-2.998122560425642291e-02,7.413576205027708199e-02,-5.358471930027627200e-02,6.695856523848016384e-02,3.473195631503490088e-01,9.192260315400120618e-02,-9.801001597547379096e-02,1.649426505851828983e-01,-1.436565810233945972e-01,-1.142648733607518202e-01,-3.766119816529968634e-01,-3.991484032707466600e-02,1.424972577181343181e-01,-4.434220323998400159e-01,5.981298598436619873e-02,3.497787561704499698e-02,1.798897339556572716e-01,1.770358288902149774e-02,-7.879858339131304290e-02,7.469715056154994925e-02,-2.531731867772119005e-01,-3.029314202413418422e-01,-2.469707767315579561e-01,2.951867277285871727e-01,-2.986321034892667758e-01,-2.458209254379410402e-01,1.679225957589859930e-01,-2.909500781969755479e-01,4.792129221357502994e-02,-2.975374774275021394e-01
