-3.172601984689416565e-01,-4.130803666693754761e-01,-4.512702767651057267e-01,-6.585412242761788937e-01,1.678931060126337416e-02,-4.830045905422371971e-02,-5.020740923494888819e-02,-3.416606169266411634e-03,6.894181280989394867e-02,7.377993835880099216e-02,-9.115897331492338329e-02,-1.569533128018240908e-01,-1.655226960731366326e-01,-3.866221528416636383e-02,3.480966600731601884e-02,1.111946833826333025e-01,-4.502582553842073704e-02,3.960598205767393992e-02,9.210649904966247692e-02,-1.177903933192989000e-01,5.139181471396982864e-02,-1.432643682111723049e-01,5.475088410095783203e-02,-1.676665154779709982e-02,-7.959026943965727408e-02,-8.672902299222155775e-02,-4.818643215482098369e-02,-1.190959556497174637e-01,-2.462472260446883499e-01,8.909671289912506065e-02,1.075594906695702957e-01,1.029097483936252805e-01,1.844999690279356397e-01,-9.110623239508267024e-02,1.298625166058528513e-01,2.290041005588950088e-02,1.891930183377312294e-02,1.537146760942282864e-01,-8.083419913033687565e-02,9.528150475100259642e-02,4.953000472332069054e-02,-1.272403227519923810e-02,-7.529249049702627095e-02,9.760217284331230980e-02,-5.880740083639977855e-02,-1.074081222990650453e-01,-1.870881884891763963e-02,1.929400427271027729e-01,9.671507077416599540e-02,8.023063189867488121e-02,-2.817458798617014093e-01,1.007036191531962555e-02,7.982002657791309463e-02,-9.852901444776791806e-02,1.716265521105150849e-01,-6.309925595190292447e-02,3.617422777583497590e-02,-2.217620786764281510e-02,-6.497368255543735371e-02,-3.628338084918266565e-02
-3.737413900119437304e-01,-4.941941077197406496e-01,-2.992950389881154361e-01,-2.628296792430689921e-01,-4.400252727035921518e-01,-3.389867199467274661e-01,-2.406635645373214893e-01,-2.386545522231183492e-01,-2.336400636312218476e-02,1.084683295176789991e-01,5.542011835952415089e-02,-7.056622192647468705e-02,-1.266810269274765144e-01,1.430117321254020524e-01,1.111268114436560206e-01,-2.936490434374430802e-02,-1.437624214405172629e-01,-1.270715340207976274e-01,6.446499366588413771e-02,-1.085586359272447399e-02,-1.365748433907096847e-02,-2.286348644337207053e-02,3.699973508378984373e-03,-5.589267520362475178e-02,1.756228631562956333e-01,1.021030242536886956e-01,1.835638021666693986e-01,3.429574117009406148e-02,-1.018236984073605245e-01,-1.177820857708955504e-01,1.063209270956593511e-01,-1.024161220234152542e-01,5.033547716822461826e-03,-9.498499949181854474e-02,-7.116221386409374294e-02,-2.513525294945045951e-01,-2.333166931515968587e-02,1.153643417185125503e-01,-1.614400788207846493e-01,-6.892929963438244878e-02,-1.317380406964430151e-02,4.221435081691145286e-02,8.054963716681687314e-02,-1.539003754550005709e-01,-1.021738685020579657e-01,-1.344139125536859269e-01,8.494221899646846319e-02,2.510586292712756531e-02,3.544251390260533090e-03,-3.365925625460601534e-02,4.575212085163010700e-02,9.446058212097484252e-02,4.411111989674193490e-02,-4.194802047535537426e-01,-1.703771485518789652e-01,1.525672594364775314e-01,-2.279939602124255171e-01,1.525435890475494438e-01,7.626689603272024387e-02,5.362053435884610308e-02
-2.150900794064681543e-01,-3.552038585489399880e-01,-4.677911599677397336e-01,-1.204276269534387406e-01,-1.822919293094649174e-01,1.173719867330832028e-01,-1.134033082410651760e-01,-1.390187787071701098e-01,1.734030423169076185e-01,-1.846479141611476749e-01,-6.750685360258765200e-02,-1.008450776198368537e-01,7.905087595706887516e-02,-2.313409712081974934e-02,1.477634299845301535e-01,5.632761535332486691e-03,9.333474290131846263e-02,-1.204720441141788195e-01,5.215304901334841953e-02,9.990006005233884046e-02,-7.191857652907011900e-02,6.656895937210660641e-02,1.364552677411439707e-01,-3.974746104008384379e-02,1.294364495864022968e-01,1.601736979952007520e-02,-5.480273489045006663e-02,8.482241299366648224e-02,-2.406940149573963406e-01,5.644003916232050166e-02,1.183228850983927272e-01,2.552899738992803896e-02,1.277004263078671542e-01,1.134684385484958646e-01,7.453766869859407285e-02,1.237295516697591857e-01,-1.020202046204614355e-01,4.680775922576362047e-02,-1.184417638324473526e-01,7.841868529399051435e-02,-1.034871343697841423e-01,2.295135451356650257e-04,-3.632052251479047505e-02,7.428029469421279507e-02,2.131854353894615528e-01,1.317389959972094515e-01,-4.320398539830790086e-02,-9.166440551589365854e-03,1.371084980022942990e-01,-2.144611097817901713e-01,1.209063667406130860e-01,-1.071012672276286659e-01,-5.865219483145250878e-03,-1.781183027161652721e-01,7.054509523717338026e-02,-4.205524461114559104e-02,1.012445097788475384e-01,1.902109367178843602e-01,-2.680404633727715424e-01,1.306157048168264390e-01
-1.663350504222289306e-01,-2.169692591479226995e-01,-4.452020269684103804e-01,-3.599851680980584168e-01,1.521576697479357643e-01,-2.300254610471513111e-02,1.471453784594912162e-01,-2.978971770560148030e-02,1.451759950895957496e-02,7.360741274057161498e-02,-6.144413535228195750e-02,-6.770888154151025184e-02,1.831829151916297138e-01,-3.715950995439749882e-02,-1.823546613594110855e-01,-2.277651405300860216e-02,-9.309965559878836949e-02,-4.585104863137857978e-02,3.960348339226618664e-02,2.027118908166729572e-01,-1.283138339710168663e-01,9.748299820418446227e-02,1.348135787425220125e-02,-1.254913180310469369e-02,-1.901340987124969240e-01,-8.141393072589983571e-02,1.455444517227681422e-01,6.917484528473513694e-02,-1.448371202884379816e-02,1.375079945853167340e-01,-1.746979341526117280e-01,-1.924838387266353812e-01,9.837009957872373811e-02,1.478366585611635628e-02,5.445192990891611906e-02,-1.780397466394845196e-01,1.721816888930503830e-01,9.071871765652646247e-02,1.821394393803712763e-01,-2.060217481250753435e-02,-7.007051713525011549e-02,1.510000601283346122e-01,-1.238681211509287949e-01,1.326715241140239976e-01,1.556021073535081289e-02,2.395668330146000502e-01,9.203923980305982189e-02,3.030066916612296143e-02,1.741955431515853636e-01,-7.015151987314570403e-02,8.296311048328890159e-02,-2.250467738693245623e-01,-8.046451547232483237e-02,-1.637637291210345403e-01,-1.306120963734087870e-01,5.515122904023942590e-02,1.603489162225181786e-01,-1.361662388213435715e-01,2.054437829123056114e-01,2.089942847321151209e-01
-1.225491947314886476e-01,-1.749945511481335869e-01,-1.378081860966927363e-01,-2.028224566617353730e-02,2.933732333362036870e-01,-1.493039820162987419e-01,2.681496792025296338e-01,2.125671067785526308e-02,1.002627825194580234e-02,-1.455044618287236469e-01,-5.193228941671555049e-02,1.650700319438146157e-01,1.205340896280540919e-01,-1.542171569114182406e-01,2.430410964720191441e-02,-1.830720284567274869e-01,1.199580206749348149e-01,7.002686640089346437e-02,-1.296297209060104649e-01,-1.275160903108117361e-01,2.174055977260542366e-02,8.689310368211863866e-02,1.337087837716715612e-02,4.917821652574116270e-02,1.059868390883051265e-01,-6.481064932327862405e-02,6.526828539111459437e-02,-5.690910815850871302e-02,-2.897229474164937299e-02,-8.072895852516315252e-02,4.293433773050955859e-02,1.801584516641964104e-02,-2.452865631540032676e-02,1.551090403063108136e-01,-1.141071573184209986e-01,-3.427043596215624544e-02,1.227700823876500397e-01,-4.387823520574152258e-03,-4.005720064218688814e-02,2.322228660622640412e-02,1.113266168151990643e-01,-2.177393468340515503e-01,-1.470840813645005463e-01,2.282868401982524609e-01,-1.216684824875373244e-01,1.491942940672242278e-02,-2.573846611035547349e-01,-1.508135934174741934e-02,-1.330311824168814959e-02,1.228469807757160692e-01,-8.280483272936338401e-02,-5.056693246546958148e-02,3.668660593606387632e-02,2.514200343080480460e-01,1.324070210841464257e-01,-4.301957800256772657e-05,2.682625934253373562e-02,2.538699447900458900e-02,-1.280717351896528966e-01,-1.836778516071198991e-02
1.245010409283153763e-01,3.798813799160830756e-02,4.474877954778272438e-02,1.516093486987502847e-01,3.634034944196890549e-01,-6.810131956622153537e-02,1.972295949325719722e-02,-2.894083506873789124e-01,-4.200693133055247858e-02,-2.323279682351752362e-01,-6.109966707513597717e-04,-5.444077382960913619e-02,8.545242280244944033e-02,1.227845636954230518e-01,-3.324851723599386161e-02,-7.077885282419678348e-02,-5.094556637752453015e-02,-2.352112438009189843e-01,-1.044659222776166130e-01,-7.143778998827172988e-02,6.926367989007112431e-03,9.466044925361245810e-02,-1.040648755936620928e-01,4.247680677479983430e-02,1.921761873352036687e-01,-2.318615966554988805e-01,-1.551369536786267878e-01,-8.025495914183924939e-02,2.000872876266596070e-03,-2.734418833929088549e-02,-3.039704520951307942e-01,-3.494455390724214572e-02,5.172002490066116703e-02,1.396145825869851698e-01,-7.823894973580237944e-02,-1.247379946207674839e-01,-7.198767814174192314e-02,-1.514034757250303787e-01,2.056150673168564702e-01,-5.229729114256351924e-02,2.172540487108320234e-02,-2.743278717896787677e-01,3.299657368804174984e-02,-1.184894898808511315e-01,1.084541139865145831e-02,-9.753233168731390013e-02,-1.144009662552315787e-01,1.633142450077638280e-02,-1.676318612131034169e-01,9.710430334409604625e-02,-1.637159113217968587e-01,-2.124960268607746158e-02,1.940958449491726745e-01,4.053796338371760954e-02,4.698832676193345770e-02,-4.074412321333198417e-02,-1.080873220765779658e-01,-3.367165454029216048e-02,-1.423835427113479546e-01,3.013133298787635805e-01
-2.178703265400635247e-01,-1.154531396357291462e-01,2.296006887970946167e-02,-1.351416390210786189e-01,6.158979329982072759e-02,6.406402832244498247e-02,3.700840809811793974e-01,-3.663492064123593517e-01,-1.200303206447392440e-01,-6.132186348239852119e-02,-2.741366183101706100e-01,-2.789928967000865345e-01,-3.832585328384389978e-02,6.128019558691477631e-02,-1.757400388920726253e-01,8.378358063930002597e-03,-1.081122968371624332e-01,3.796445598943037208e-02,8.607541610343924510e-02,-2.423019424212831743e-02,-3.549374626190159032e-02,-2.137794211154192825e-01,1.404864661473611553e-01,-1.508564287668534565e-02,4.496925606916329227e-02,1.718080689193257626e-02,9.428502448628103480e-03,5.937468647397810273e-03,-1.008313864150503225e-01,-2.062437532161784381e-01,1.319227510086199914e-02,-4.122375983612934502e-02,-2.130400386827560610e-02,1.813896062713697965e-01,1.778718934613665635e-03,9.346452984581314627e-02,-1.034547035795149450e-01,-1.843555613687394845e-01,8.550848305928634638e-03,-1.039488023615411372e-01,-3.898523513977572574e-02,-9.612757802024139708e-02,-1.721127028134924741e-01,4.646110824479537244e-02,2.728814371798270882e-02,-2.302268247994608205e-02,-1.236590151340336285e-01,-1.328357091801344869e-01,2.022501508169640139e-01,7.427708904719862448e-02,1.763129659722225198e-02,-1.219972131078461974e-01,1.850943595651559082e-01,6.493601981874359830e-02,-5.554118235399321118e-02,1.838712174954025003e-01,1.094600392456659133e-01,-1.175026035646318939e-01,8.639824535541651418e-02,-2.125715051915701426e-01
9.290571938485271686e-02,1.154360445589250467e-01,8.745433374343425381e-02,7.856235171509798332e-02,3.953486537699280601e-01,4.184232061049683038e-01,-1.289455462190698329e-02,-1.590787209206335762e-01,7.327023096398277598e-03,-3.226966895429468907e-01,1.330969472642972162e-01,-7.374636193987760269e-02,4.933681345599505268e-03,-5.787043521663366719e-02,-6.629035924936881041e-02,3.434735146267602068e-02,1.221078131774393921e-01,-2.832342902482465341e-02,4.428516719825207476e-02,-6.147458312544604869e-02,7.548486984150634682e-02,-1.139035298477726610e-01,2.625094949337652417e-01,2.043915851219146318e-01,-6.718246514064504793e-02,-1.168872550341564995e-02,-3.188429207840637325e-02,-2.151156784707058608e-02,-2.618689369860365684e-02,-2.353438912671482891e-02,1.416607779775198861e-01,2.931208840630770626e-02,3.600797605830481640e-02,4.904699854608560866e-02,5.382805203289778989e-02,-8.240080010671207988e-02,1.793201768981912692e-01,-1.275914425562812982e-01,1.652221473282726449e-01,1.214248956480820929e-01,1.327271166727004605e-02,3.460932475413568132e-02,1.901854773318576164e-01,3.982552108377954148e-02,-9.422817117296644618e-02,1.188167285919870669e-01,6.416810253162218147e-02,-3.381551365466924780e-02,-2.387291343007414690e-01,-1.465295934270240998e-02,-5.115190302298856795e-02,7.329951104910650394e-04,4.173442623458947093e-02,3.213916020584328126e-01,1.497654759309710870e-01,2.304071340979846061e-01,-6.980067231827910557e-02,1.883808720504420164e-01,-2.327359071230074294e-01,2.535900031028696100e-01
2.151958914223990327e-01,-1.454527769132142878e-01,4.616651221143500822e-02,-5.226998929426793922e-02,-1.259534751429658983e-01,-1.022781380654537858e-01,2.913803983152511989e-01,-3.077110881596976238e-02,-2.040305975455840581e-01,1.757807930189956847e-01,5.873022504523892767e-02,-3.895722671377487845e-01,1.146558040348143043e-01,-1.474601526411721264e-01,-1.664257928835055078e-01,-4.503978838296840426e-02,3.142248236482659274e-01,-9.735319704778692962e-02,1.499363207414534070e-02,-4.184210079540977290e-02,7.608342436298025369e-02,2.636504281140550354e-01,1.410881219163440670e-01,6.411336027912373225e-02,1.509245464832401594e-02,-1.105198605326092043e-01,1.534347671196469864e-01,-3.322083163051019472e-01,-5.305670028853182174e-02,8.638053054463369629e-02,9.301248266446340840e-02,-5.145357170831493625e-03,2.573414642384719200e-03,2.169677564972584682e-01,1.423197759367976489e-01,1.761649197156551355e-02,1.372050551527432272e-01,-8.462289496792697874e-02,1.237338562216180535e-02,1.647158067569787776e-01,2.174737429677033318e-01,-2.055447537598705660e-02,2.906249885107460296e-01,-7.394702871476135919e-02,9.355052498838541120e-02,1.454559628373214564e-01,-1.063685369469485609e-01,2.111141885738568591e-01,1.214977767751884430e-01,-2.878438692378322283e-01,-6.257728718164765058e-02,-6.107970223977628871e-02,1.496438642667466679e-01,7.455330742803545352e-02,1.104347742458006570e-01,-9.381124962229706044e-02,-1.280932448698192672e-01,-1.880619676936806650e-02,-6.575651801155706078e-02,7.764748130481635702e-02
-1.045655335252823892e-01,3.435609601720278627e-01,-3.516040408223014002e-01,2.568682355260391015e-01,2.777854107149994034e-01,-2.543881799454542625e-01,1.664911519620475011e-01,1.020453637643786993e-01,-4.090391758940407629e-01,8.419003116448589563e-02,1.120052194306199178e-01,4.065481726290749442e-01,-4.136768435655335807e-02,1.789698320851279556e-02,2.222106613988306112e-03,3.631895431859418766e-01,-2.138600398733245950e-02,-2.650448772086557228e-02,-9.878590366463135819e-02,4.223896969339056146e-02,9.854865443945708126e-02,-2.158657561658618995e-01,1.320518757535067145e-01,5.360307242050858095e-02,-6.820253603911152762e-02,-7.467016970763599992e-02,-1.575233326535097622e-01,-4.564737968837111366e-03,3.661643576420048340e-02,9.370889739878715541e-02,-1.917562133733536067e-01,9.851538134178837447e-02,1.109160936486546234e-01,1.661739774347713028e-01,2.137272228449677014e-02,3.500761836841033425e-02,2.985121141805219813e-01,3.307816204560631301e-01,2.935445156043877540e-02,8.899190589672074936e-02,2.341104958421886401e-02,4.569923659095330437e-02,-2.135582559716745765e-01,-5.460255418788671766e-02,1.656248649889394131e-01,-9.337192892554252097e-03,-2.118342447268740936e-01,-1.878555499711948573e-01,1.938433316272382689e-01,2.355288379991493598e-04,-3.308365401676953144e-01,5.788769839879219503e-02,-1.141098565154456540e-01,1.872103191544696454e-01,-1.619177402313707881e-01,4.415591512250899298e-01,1.709205035010169516e-01,7.919417287760263657e-02,-1.543458836968563674e-01,-3.012721692203369495e-01
3.133762005533256012e-01,2.911483742471842988e-03,3.183723946068909849e-01,-5.033195927135228898e-01,-3.647298239423222843e-01,-2.207699296210371698e-01,-1.584012109277222469e-01,-1.462887393956758264e-01,1.509606182508534400e-01,3.038630594458720593e-02,1.955550189570873232e-01,-8.681595471410183396e-02,1.195818515325219183e-01,8.894603302994916194e-02,-1.159307968918494858e-01,-1.015992041930252332e-01,-2.654981710962252550e-01,-2.190720488302588254e-01,-1.236207026179996227e-01,-6.533580692419228841e-02,1.302763183285006454e-01,1.098880815364021435e-01,-1.171633764318503468e-01,-4.430961257667078573e-02,-1.670632538050948745e-01,2.014316824341268186e-02,-1.419710272422260722e-01,-2.243869962619609026e-01,-2.427474660320275424e-01,6.207201333561092327e-02,8.858094999490787047e-02,1.069028967265164276e-01,1.460800749299842084e-02,-1.042648271104638369e-01,-2.593827072749753035e-02,-2.283665702583025647e-01,-1.043383734865948043e-01,5.035313712135626452e-02,4.132292085668613085e-02,-4.509155051171208350e-02,-1.604467435237708073e-02,-2.063420243934891707e-01,1.185385196517761142e-01,3.159460616733107685e-02,-1.104623007262408585e-01,-6.260143544851927422e-02,5.274146401137995432e-02,7.277952359028409812e-02,1.809316040580575824e-01,-2.833544779972224648e-01,-1.172310356228087880e-01,-8.569230101539601629e-02,-2.602766193173692427e-02,-5.004416794861584611e-02,6.714847771428342216e-02,-1.466506934179220567e-01,2.633022047682156887e-03,2.458965324525562990e-01,1.421007649674101980e-01,3.852146045479220016e-01
-4.645957509317993894e-02,-3.549106890697445449e-01,6.113599544240176931e-01,1.879014930047567256e-01,7.173639361982517282e-02,-5.683211610001111247e-02,-3.884576896276835667e-01,4.191108984353483086e-02,-1.128092221277448431e-01,-3.288058914654149595e-02,5.884280616473185066e-02,-9.072944591726217478e-02,-1.967997718579859723e-01,2.333437402609768729e-01,2.800356646202170063e-01,-5.224875421228861727e-01,-6.353821340010122887e-01,-1.561665301703507036e-01,8.665168768071496164e-02,5.614090784526324512e-02,-5.787832436619618631e-02,-4.164861688745342266e-02,-1.635662632404161904e-02,-2.019254147637446900e-02,-2.143997779019032879e-01,8.385655442095701906e-02,-5.829495310258769880e-02,6.482670065935149106e-02,-2.193728796654367125e-02,-9.658855277251850169e-02,-4.188755984553895612e-02,1.868377861151748753e-01,-1.110211326122417380e-01,3.737725498125375745e-02,1.359482179800214907e-01,-1.662973478533898430e-01,-1.511268825294845852e-01,-1.637977405779182105e-01,1.088089767473936487e-01,8.370541854028994144e-02,1.505651306919676968e-01,5.835163808435659544e-02,5.534063038067341816e-02,1.471689427067254252e-01,7.356916078024479388e-02,-1.481155146125444078e-01,3.070100347123843471e-02,-2.326631459741825350e-02,-5.289965854862717365e-02,2.449602005970632490e-01,-1.830589662822790231e-01,7.167326386432616714e-02,-2.279709431475191068e-03,1.555838214018092636e-01,-7.407872480108457225e-02,2.980882577779560977e-02,1.441080363808229861e-02,-2.353104999860779895e-02,1.788632186762869336e-01,-1.075841619333740978e-01
-1.507061475560838582e-01,3.269207887115543887e-03,1.818884348855371313e-01,1.149672680243988693e-01,-2.391093015990414239e-02,3.978672095058592983e-01,5.210677018652198900e-01,1.248575460463351439e-01,-3.211573558986945132e-02,-5.351705810289341114e-01,-1.603420829562959005e-01,-4.577909735604328567e-01,-1.488267344193776598e-01,1.260756186951062230e-01,-1.438216530643391111e-01,-8.821494282692821098e-02,-2.369368620272807036e-01,-2.360559908593510420e-02,5.665272052824593674e-01,-2.100739466302859737e-01,-2.825077410662161226e-01,8.288926126823469021e-02,1.876365913994012258e-01,-1.050791889156288406e-02,-1.556773514582569795e-02,3.157004482751615132e-02,-7.889344210891824360e-02,-2.002548638664686520e-01,1.518825098980125434e-03,1.606965860163482029e-01,-2.231027105365950836e-01,2.974786570860935564e-01,-5.593410346942202793e-02,-4.857610893339124603e-02,-9.733626366906203767e-03,-2.028793607168569435e-01,3.509564675311151183e-02,-3.936741514700881420e-03,6.649734543892357741e-02,-8.535939361603807340e-02,1.259749308565124015e-01,2.050510810073487844e-01,-4.995746121628862058e-02,-2.335016995809119644e-01,-2.084956199010087052e-01,-1.089968200295439796e-02,-8.804625099544306777e-02,6.707437225316012497e-02,-1.039404744589700613e-01,3.016566352900134085e-01,-1.512784618456577967e-01,1.927773066202521923e-01,-7.076814476941095666e-02,2.807002787265497346e-02,-1.087313300237124497e-01,2.062249919284191990e-01,7.424053316260884050e-02,-1.489626920595387150e-01,-1.678376932762435936e-01,1.221700973866829409e-02
-3.259347170875055016e-02,-2.929093519418324854e-01,2.054418141930930974e-01,2.526301200581791521e-03,-2.823768617563561234e-01,5.728469088270047443e-02,-1.982655333309174261e-01,-4.508185739642545098e-02,-7.664124921506462740e-02,-8.883707574926846817e-02,-2.947568132752065220e-03,-3.098105662474435751e-01,1.343150407161805282e-01,1.576825522017009651e-01,5.249271428951691743e-01,-3.032153469576930882e-01,5.336167614928218061e-02,-1.797877977833436947e-01,2.073061292643198217e-01,-1.955765923326491153e-03,3.176761788861460767e-01,1.629420673523875041e-01,-1.315750861992806831e-01,1.985504068896457031e-01,1.799164938171136235e-02,-5.730109471027736850e-02,5.925911889940069406e-03,1.085802860215844962e-01,2.761912594876877458e-01,-2.845820972083513284e-02,2.877026385819725918e-01,-1.326587878337398829e-01,2.482622437563093976e-01,-9.104239182737206004e-02,2.820949525181781856e-03,9.337476490844390242e-02,-5.458257812111162732e-02,1.317685470726379926e-01,-8.086536498726242667e-03,-1.617080673068438113e-01,-1.757680024672694796e-01,2.291339142539129958e-01,1.475289335130721413e-01,-1.262034912432993469e-02,-8.780032972344638253e-02,7.178236036063787018e-02,4.863347641289268719e-02,4.468540528149499147e-02,7.347088874378884804e-02,-5.425693377645701698e-02,1.262925998105119373e-02,-1.115986965764354799e-01,1.605574085192337241e-01,2.180845762714793690e-01,-1.305116201356139871e-01,2.018673829551201337e-01,8.662953334373031666e-02,-1.370089893441204243e-01,-4.334095311875216933e-02,-2.724157462372089888e-01
-1.143317828284152668e-02,1.527313080479807128e-01,3.195608286916197249e-01,-2.839240039198346888e-01,-2.052858734841338517e-01,2.368245707067334338e-01,1.524731071293348172e-01,-1.944931892101003090e-01,-1.248515543252363830e-01,1.324152598887062549e-01,6.556961668138072685e-03,9.369264965047216509e-02,2.225714850054281990e-01,4.991918870212753989e-02,-3.598805676967727768e-02,2.820352098322200796e-01,3.020851524565633661e-01,-3.490350668211211760e-01,-6.389529480362499125e-02,4.610731251712810730e-01,-1.223943155707576808e-01,-6.323551874405546336e-01,-8.588301461126973679e-02,1.288712559373526578e-01,3.610018568817934814e-01,-1.907443758651267696e-01,3.806337043289720334e-01,1.030512385900433647e-01,-3.379526340767111114e-02,3.559990943071469349e-01,1.545790153407033407e-01,3.086552467337792122e-02,-3.700092156501582075e-01,-8.077093209209079694e-02,1.414702110045364114e-01,5.745963700323851453e-02,-7.026385763971453036e-02,-5.429825315197981533e-02,-6.530777534659135131e-02,4.422416744698517421e-01,3.140337971078479007e-01,1.683931207094043203e-01,1.221838181370094121e-03,2.034626144878008414e-01,-3.000213372725292829e-02,-9.981886669999380512e-02,-6.623838534813805690e-02,-1.312384127143305726e-02,-7.431062577300603933e-02,1.848801398183007871e-01,-1.627438841383769541e-01,6.982134536104202260e-02,1.320159535315459098e-01,-1.435447490974047294e-02,-3.550918041379205747e-02,-1.465612216427343573e-01,5.603811678105331817e-02,1.360968569546728846e-01,1.006081907942730780e-01,-1.330970272138889410e-01
1.325879488051254773e-01,1.055257119889377593e-01,-1.203428476093535843e-01,1.229193025622852542e-01,-8.525293704607857237e-02,2.706710986136661723e-01,1.407025198720159020e-01,-3.212440078792527798e-01,3.488613667869414070e-01,3.035051670251752154e-01,1.738951049500744861e-01,3.123136922019265072e-03,-1.980344884140580047e-02,5.320051915747943116e-01,-9.707673500425620383e-02,4.123591769035489518e-01,1.240447169801289495e-01,-1.399488572697672184e-01,2.756969302517302545e-01,8.681492327328729774e-02,-6.963873137069442887e-02,5.737790977808983339e-02,1.000253841950477646e-01,-2.485264100217091099e-01,3.384234699317728579e-03,-4.707274016038176870e-03,2.487071013104773590e-02,-1.862796012161365977e-01,-2.499662741395763665e-01,-2.479298709265971290e-01,-3.089691921588521017e-01,1.133201854663182517e-01,-8.206668697933151846e-02,-1.623069671573319217e-01,-1.402219552361679278e-01,-1.700953683213853318e-01,-5.272584701872656820e-02,2.172254829660277831e-01,-3.462768300671404953e-01,-3.551832060993392187e-02,2.980862723514472457e-01,-1.704538675794187996e-01,1.503029023066772274e-01,-7.559259202552237600e-02,-2.102872757259251491e-01,-2.256672658667028541e-01,3.059303688294599116e-02,5.761886841616205290e-02,8.273929806249565033e-02,-3.156675459890644075e-02,-2.453781022945479562e-01,4.700675569218565157e-03,8.246944626613131324e-02,-1.505543883419314388e-01,2.593147841496319939e-01,2.116580484249725447e-01,1.210770150335538642e-01,5.550034395906041501e-02,-1.998871199164857226e-01,-1.036404903196126853e-01
-2.801912049895124296e-02,5.591716816194080009e-01,9.464208564604535689e-02,3.267958531839980640e-01,-1.244115452398734112e-01,-1.234598075762558499e-02,2.322952976415587900e-01,4.085967649588043704e-01,1.604473398982467491e-01,-1.223844309278186993e-01,4.605245090624721094e-02,2.153639767775811786e-01,6.253817227942429224e-02,2.172601288556195165e-01,-9.906127973191114489e-02,-2.860571582454097747e-02,2.038002890138819190e-01,3.920760417909477935e-01,-8.726293359565330532e-02,6.827892449913626483e-02,1.443139392014042566e-01,-1.223622570634208540e-01,-9.577554004335543658e-02,-9.353978216053127070e-02,-1.128325835365851793e-01,-2.704885404024879314e-01,-1.345822872265094727e-01,5.776642945662791018e-02,-9.937223088235498658e-02,2.133755905884614917e-02,1.680192604933632705e-01,-6.200811850343943693e-02,-6.825672735376056783e-04,-1.305740115896270592e-01,-9.031402069049843323e-04,1.179800004042978190e-01,-6.934531931353235534e-02,2.728525391481146922e-01,-1.264048947446143323e-01,1.647411697817718346e-01,3.242915888405949187e-02,-5.263056955436866413e-02,-2.021365653282681737e-02,-1.598538131841832077e-01,9.246813499702430383e-02,-1.793479407960373861e-01,1.279445839605556912e-01,1.999103112617347244e-01,2.386627994473720094e-01,-4.701926009272923423e-02,9.550489283472614332e-02,1.157700349678504326e-01,2.271776550553886165e-01,-3.583919076680196908e-02,-4.572989245034452810e-01,-1.699762113654474383e-01,-1.218269246219458452e-01,1.086568763068954946e-01,-1.356214465414301573e-02,-2.852418732749347208e-01
4.008245943298714697e-02,-1.665249156829946009e-01,-2.088013519293239750e-01,3.118872731738934756e-01,-1.067291347338740898e-01,1.393136271411470339e-01,9.507075678880025360e-02,1.338697815023827675e-01,-1.346636431985064608e-01,-4.565270731002260551e-01,-1.432775717815129857e-01,1.065996434505546570e-01,-2.254894505100969171e-01,-4.915551581736463810e-02,1.689304882016841036e-01,6.943880760660643692e-02,-7.952220346017416230e-02,-3.361327698735346314e-01,2.285874818207464243e-01,-7.440501864670706622e-02,-3.354466712156948249e-01,-1.649579513443189538e-01,1.148344335213670464e-01,7.414769353782224570e-02,2.025208309857535749e-01,-2.313733477738859623e-01,1.121459115872649459e-01,1.729267938326893295e-01,-1.553271464425690918e-01,6.084824979215273238e-02,-1.250301490614937339e-01,-5.293415174880911067e-02,-1.457538635206093447e-01,3.023392804879340146e-01,-1.645342673452469540e-01,-3.644399416145438497e-02,5.490163665364566556e-03,-1.384197112041281041e-01,-1.240130617454562600e-01,2.313216878536448196e-01,-5.032481903161908215e-02,1.244869534267208956e-02,-2.343032348748859753e-02,-1.358152555542179729e-01,-1.576373511614408973e-01,-6.019465044263514614e-02,5.098367042936190197e-02,-1.051554631453855138e-01,-2.479669006182106672e-01,8.236240473204713142e-02,-1.374701575733937309e-01,4.612770165189569171e-01,-2.758882138731545974e-01,-2.700839859285925071e-02,-7.037758040030402118e-02,-1.734125647561380323e-01,-6.790259124819354730e-02,-1.156625106714127549e-01,3.682252649421779295e-02,-1.369677069659562818e-01
3.794338409271355017e-01,-2.576858723853709399e-01,-1.691599031875034090e-02,-4.031063292085672600e-01,3.083488094544208427e-02,2.286858961968742943e-01,-2.525297824937844937e-01,-1.613099741329116488e-01,2.239299079692859684e-01,-7.175937639785688604e-02,5.689164639232235920e-02,-2.571464923593049789e-01,-3.480564415849712878e-01,3.660515530274795898e-02,6.300623820945330800e-02,-5.093541628168148094e-02,-1.393421182960463134e-01,-5.079644672954538587e-01,2.722433198568809457e-02,4.407770722048977990e-02,-2.964294486624497460e-01,-9.803578233327786551e-02,1.362162620554365766e-01,-3.752022468157008017e-01,2.036703780877629766e-01,5.729473751612061683e-02,-3.407194911571416740e-01,1.653344720739511886e-01,-3.403530844994257648e-02,1.936740657342312377e-01,-3.042160035037703159e-01,1.110026740820538593e-01,-3.289060378644214078e-01,1.144830765245101328e-01,-1.775143242395643972e-01,4.031929213057323241e-02,-3.721383779895063859e-01,3.948033498016416398e-02,-1.170541044608458623e-03,-1.408160321872054255e-01,2.253888147121223540e-01,3.025095635484004175e-03,-4.679155028025196866e-02,6.702408985120925089e-02,-3.180580474775926425e-01,-2.184173532668374357e-02,1.611985505290757237e-01,1.099698193746901503e-01,-1.119848227668294172e-01,1.763849571843038588e-01,-1.238146768134860964e-01,2.549591924133455811e-01,-7.680052954870908444e-02,1.361946606116822278e-01,8.271455614718273286e-02,-3.837454229310459375e-02,9.568839657957181610e-02,6.179069885135395068e-02,1.271667787178420994e-01,1.721030763332377922e-01
2.700075990431366479e-01,2.353635413869802906e-01,-1.159537098328111693e-01,8.848896199888814373e-02,7.067374731291697909e-02,-2.401295207419616440e-01,8.927405026116719267e-02,2.785405927402004322e-01,1.861032195823432989e-01,2.978839726288723955e-01,1.548980893957952742e-01,4.474467312526005935e-01,-2.363807385492698587e-01,-7.732983315691054071e-02,-2.463038717137353006e-01,7.016557343389889789e-01,4.200025145011959116e-01,2.126314202486693367e-02,2.951543936222478064e-03,1.875899381624415163e-01,2.386790175329321639e-01,-2.279274359829384644e-01,1.276167290128055465e-01,-2.093579125124981621e-01,2.394978635749411000e-01,2.382777832909226401e-01,-1.999656238287823018e-01,-1.843390690645127505e-01,1.146406189395137165e-01,-1.875972963013117223e-01,8.393988709134997395e-02,-3.389988217539078308e-01,1.817589029032963821e-01,-2.417802541351025680e-01,-4.668939640492604515e-02,9.939780294748537526e-02,-4.700371495210869943e-02,2.571080906178383474e-01,-1.269043498471907339e-01,1.094059215124518723e-02,2.124656638148013921e-01,4.226957793519309226e-02,9.548969921342123635e-02,1.470334629592276454e-02,9.613536745905564007e-02,-9.391552545826561960e-02,-9.587013848826486662e-02,-3.245541999111374587e-02,-1.059807879318032525e-01,1.018715561944554260e-01,8.531068699038540926e-02,2.291334227993386749e-02,-1.126296614668806650e-01,6.460026359998610572e-03,1.481463782997305134e-01,-3.409939390001621301e-02,-9.102339725063365861e-02,-9.577574892152894426e-02,-6.391951384143151893e-02,4.374540835153413465e-02
3.060298148632558113e-01,-6.073594036296048326e-02,5.812466787630696796e-01,-3.962633862015305652e-01,-9.729676575926965443e-03,1.679940758685981028e-01,-1.386179856741596994e-01,2.455667956551296771e-01,-2.293925764461755001e-01,-3.510273053644198393e-01,2.695400023089219443e-01,-2.150351196573646595e-02,-1.853583231844363743e-01,1.816182705160261646e-01,3.955266867741531467e-01,-6.104313485978010018e-02,2.590026119665516657e-01,-8.418814743422800562e-02,8.948060949098450567e-02,-1.692480279378658081e-01,-4.668604478844643468e-01,2.376504630557938098e-03,-4.162044523395286855e-01,2.935752359345943363e-01,8.163253141258604295e-02,2.299677840747906821e-01,-1.373721496282590548e-01,-3.513012918378935479e-01,1.368227853263592475e-01,5.143684539095206842e-01,-2.311530057090135926e-01,-4.903111870636241154e-02,1.815031645710087765e-02,2.157149066228328249e-02,-4.539573218249987052e-02,-6.587872527108078191e-02,-1.327197299435014521e-01,-4.612004520508722555e-04,2.886867086702779028e-01,1.893078874055857952e-01,-8.075066649485893033e-02,7.654737742254022481e-02,5.019000042698447406e-02,1.709904988580424057e-01,-1.761268266320913933e-01,-6.786400534976012866e-02,-7.476991419041027764e-02,-7.671333338317243289e-02,-2.323158947275286990e-01,-5.519386643725937569e-02,-8.781313369165819060e-02,2.667410875449516827e-01,-5.882029705420878385e-02,1.822750444685586335e-01,-6.747790706465225941e-02,-3.818387206184681304e-02,-5.326538264697320418e-02,-2.279832981205143043e-03,2.432636827376856714e-01,2.290796730567438433e-01
3.609749537147114440e-01,4.389784442367059003e-01,4.255327903999127637e-01,1.201186987663686728e-01,-3.460297462214478870e-01,-1.549007663971923299e-01,-6.691191460622067377e-02,-7.565922081416776024e-02,-1.610922000145309507e-02,2.152950307480789791e-02,1.182701219461814307e-01,9.419349508427746209e-02,1.071650666318705036e-01,2.734148427843793860e-01,1.555951329504035308e-01,1.511633218532507927e-01,-2.911802106602146556e-01,4.469720655549151711e-02,-3.499652975839771113e-02,2.964814344363670418e-01,1.179907112459157165e-01,-1.858294745960779593e-01,-1.544438161288596567e-01,-1.549806411420517806e-03,-2.648600615978932149e-01,-9.008915893213169379e-02,-1.553747688960264717e-01,5.225233466163525450e-03,-1.011308996048182057e-01,1.621595093719014335e-01,-1.241948524406334131e-01,-1.013441048287128804e-01,6.856795804966005214e-02,-3.210701552595401354e-01,-5.634673941450368817e-02,4.377991083241949966e-02,-1.290251566459500732e-01,-1.284129318988821711e-01,1.159440822630287693e-01,1.161879137998307332e-01,-1.010724662816109704e-01,1.895943292887271037e-01,-6.261664029192666459e-02,-8.360858736863489848e-02,-2.038122736150583536e-01,-1.808109239487517284e-01,9.123134309554944976e-02,-3.058150201332298090e-01,-7.792347001749796997e-02,-6.478187408513200185e-02,-6.230958619862465853e-02,2.505189180894117351e-01,-7.743600316670681827e-02,-7.017832983246198586e-02,8.626116063142707721e-03,-6.863135818662761956e-02,-9.449256568734183681e-02,-6.864487960578150028e-02,2.405021955273742296e-01,1.767038809171504465e-01
-7.509262164456742550e-03,-1.449832625499289096e-01,3.650672348398540379e-01,5.436936354384871439e-01,-1.078096466570319933e-01,-2.213395693895500449e-01,-4.180455789253064158e-01,-7.427857044587098112e-02,-1.215988312462145393e-01,-3.987374695152289261e-01,-1.012876757087498858e-01,-2.819552899538598778e-01,-2.439204157558788055e-01,5.344461162108794794e-02,-1.445888426754298253e-02,1.554050903005020634e-01,-1.387467388967046633e-01,-3.548414964193636334e-01,2.822146358829123458e-01,1.868712331813716099e-01,-2.210884134022157443e-01,-1.663111973051475123e-01,-1.418968126111628814e-01,4.363547679729851136e-02,8.435949859582252131e-02,-6.475571597064801177e-02,-2.888562794823831270e-01,1.463858387108444847e-01,-5.449290498857405074e-02,8.349143508171250061e-02,-1.644353122272541601e-01,-2.749200518004579763e-01,-6.002326060310618494e-02,-2.476711772654012766e-01,-1.450736790693991640e-01,-6.406977030823615693e-02,-8.843985688986449878e-02,2.460228205253181533e-01,1.864958478365187286e-02,-8.226735959453945757e-02,1.271050065237053217e-01,-7.037252377607636222e-02,3.297656079056830725e-02,1.884783406575312181e-01,7.491543926819601781e-03,2.507083293638860955e-01,-2.726304196759447018e-01,7.417369189886927061e-02,-7.464479504197223114e-02,-9.065753595310824253e-02,9.657576580030213798e-02,1.040955796200982164e-01,1.174845471053349161e-01,-3.412108814404858914e-01,-4.096909635506794656e-01,-2.450245341890481543e-01,-2.590376603576087233e-01,-6.358286924111812566e-02,1.245006159240709537e-01,1.498698639495636420e-01
-9.881407464432753751e-02,-8.880323027364669941e-02,1.543398920613766045e-01,-2.562882960290906453e-01,1.597602911146286109e-01,5.648356871647990107e-02,2.448302571903102076e-01,4.168869957652056035e-01,6.680312536698840634e-03,-5.691163613350458395e-01,-2.191212173035399571e-02,1.762306345139781627e-01,4.963968987696604218e-02,-4.759850033211128484e-02,3.929858556168822070e-01,-5.690218958200275040e-02,-1.556343852954711615e-01,-7.710101081875961326e-02,6.329552080673692127e-02,-1.636530998167235185e-01,4.998615360235229843e-02,-3.496188428913949986e-01,2.474819464047350957e-03,-2.462645191060908179e-01,1.195441381304045009e-01,-8.325131989503131713e-03,3.797836438412512949e-01,-1.006886191218589188e-01,-9.089984997414916890e-02,1.298313400448252164e-01,2.609308630981556007e-02,-1.657996358301047912e-01,1.787435289386987147e-01,-2.233069142367503090e-01,1.465949816150192431e-01,-8.471881360563546237e-02,1.015983578252070557e-01,-2.890253207841614325e-01,3.567885714821441567e-01,6.968334527899355813e-02,-1.752991456697921557e-01,-7.586417080444958494e-02,-6.570494630841001993e-02,-4.148247924854401442e-02,-8.081314937768917239e-02,2.437368427408864169e-01,-4.160431448143412508e-02,-2.800699996951319659e-01,2.911129850086405929e-02,3.025280621127289238e-01,-6.015290477225735538e-02,-3.282890247946249757e-02,2.078883890692827807e-01,-1.117773737899077115e-02,-1.482197185237217694e-03,-6.395649638476572085e-02,9.254272809456168258e-02,-2.191076886855095329e-01,1.058781614567090995e-01,-4.966353850481742827e-01
3.598784853097972691e-01,2.014953393815320862e-02,2.585417608410259804e-01,1.087750626530365611e-01,-3.919962431401191605e-02,2.751716044837707043e-01,-1.287155151654954532e-01,-1.347724880233836520e-01,8.629349790486878780e-02,3.253661870328812267e-01,-2.584222000045255374e-02,-1.107602080543877987e-01,-2.594789523790847485e-01,1.103448414110581519e-02,1.803286163620140548e-01,-1.594728360951263024e-01,4.995527886897042913e-02,-1.362916105076112383e-01,4.057576612658443660e-02,6.291188880864799493e-02,-1.762006896323622396e-01,-1.805087940234642585e-01,1.834178930959518838e-01,3.229132741351725460e-04,-1.811353194479175532e-01,9.749109446990870953e-02,-2.804755719851531603e-01,-3.227088903549227838e-01,-1.147182672389131380e-01,7.351443476533686683e-02,-1.018849230351003277e-01,1.141080676268425853e-01,-1.916718053278231859e-01,4.291598962086510261e-01,1.880163185986457042e-01,-4.177056256160697340e-02,1.795456789465782743e-01,1.918735469055216636e-01,-1.955288998958689128e-01,1.489859323805515709e-02,-1.118194326132532918e-01,-2.365256180016354348e-01,1.224380809832284756e-01,2.319211795535420784e-01,5.525295437145617827e-02,-2.348310400417877308e-01,-2.212545236560796089e-02,-4.658869797982075345e-01,-6.784450092747056071e-02,-3.769656759666839552e-02,-4.965097027124538154e-01,-3.066437261893978361e-01,1.414002116391977967e-02,2.636173712385719847e-01,1.320051209058279440e-01,1.738107815524814193e-02,1.161199161346144343e-01,-2.630618715130733642e-01,-6.108236690051220552e-02,-2.084751934563898457e-01
5.312981873215418677e-02,2.054151194136327185e-01,-8.128047587280565200e-02,3.955103777381202002e-01,-4.147212963801745755e-01,1.110013815434986728e-01,1.098931876327727125e-01,-1.419609525396671457e-01,-5.255978060113645350e-02,1.728799395625894575e-01,4.491894000043035462e-02,-3.045048354667128157e-02,-8.405215024761764075e-02,5.084536574733957703e-01,-3.322096636415211579e-01,-1.272684105851746295e-01,-1.717021690423262970e-01,2.602716347870248637e-01,2.233810378021491849e-01,-2.922899497297518773e-02,-4.113344697095788760e-01,-6.690988788993323510e-04,1.824075927540400044e-01,1.553719890942278394e-02,3.120664162555518151e-01,2.921749676477726210e-01,-2.137584769517269778e-01,-1.311509700694000191e-01,-1.885003602828075331e-01,-2.141498277111916759e-01,1.036951041059195611e-01,-9.878190179883714062e-02,2.049473655997649801e-01,2.100080272324779673e-01,-2.388955582745934392e-01,2.035993571905441168e-01,3.030525376946489047e-01,-6.519644095543583595e-02,3.037672903071541586e-01,-1.874660335900497077e-01,-2.754581751096140188e-02,1.340025734602153240e-01,-3.595386914459458572e-02,-1.102985703727497879e-01,-4.247242618514969481e-02,-9.214706728987862028e-02,-6.724414568157323358e-02,1.000035637172652925e-01,7.432166305859791433e-02,1.791519605860115993e-01,-9.618858516082831600e-02,-1.753304662638250841e-02,2.399439074042825637e-01,-9.942520844601964586e-03,1.449331303462749465e-01,1.900641941847385219e-01,1.367682480858693761e-01,-4.134790872269263756e-02,1.476252000949540011e-01,-2.573113313870803442e-02
4.295004563565374758e-03,3.769651862348544300e-03,-5.691370284468329210e-02,1.752897750532866061e-01,4.294069525378505503e-01,1.947429512445842392e-01,2.988596907657354793e-02,-7.401822579087072307e-02,-2.338592269497642984e-01,2.962938947383079169e-01,2.019985269940807737e-01,-2.942577354932532918e-01,2.994245865949572982e-01,1.925994665014764684e-01,-1.790774295492008061e-01,-6.311326599543473637e-02,-2.318301140611483402e-01,-5.231762811307485439e-01,-4.148512864568452280e-02,1.138101682709162787e-01,2.845896891965377096e-01,-2.403967324988266416e-02,1.251362847327657235e-01,1.484124252840826053e-01,5.216341111425114585e-01,1.163515451428818875e-01,6.278241688028136924e-02,-3.025047170463463497e-01,5.643058072048156779e-03,9.382661520836746427e-02,-7.555799680706196120e-02,1.135617424870002667e-01,1.897611979525501702e-01,2.594755219440739169e-01,-1.993621840401393341e-01,-1.438877848133525428e-01,2.633765501834280376e-01,-3.691949415711197335e-02,-3.657305906845280119e-01,2.977560997820532518e-01,-1.482013574188619787e-01,-4.417839721582669243e-01,-4.153729430711877724e-01,2.536797218206796739e-02,-4.479687962183988292e-02,-1.489027888083062912e-01,1.408105126638785620e-01,4.822214500003154519e-02,2.206501030053742984e-01,1.731021626183135986e-01,-9.181353605819125852e-02,-3.199802250907799461e-01,-2.241707710299751244e-01,-1.186131955615394168e-01,-1.070957481568477199e-01,-1.949983703469267693e-01,-1.667398753829947289e-01,7.377408579902153436e-03,-3.157512278388907578e-01,1.320376468421620153e-01
2.808941345284951541e-01,-1.435224637320181851e-01,-2.100950124115526785e-01,-2.927819482413246410e-01,1.578506503879217315e-01,5.824311408838757365e-02,1.156928571553942631e-01,2.385086940901912089e-01,8.475965872829878400e-02,1.461521747736702070e-01,1.647931747067803501e-02,2.918683507720676307e-02,1.291492979702236164e-02,-3.930701845603918332e-01,2.302164427240878664e-01,-4.694064740058111196e-02,2.120103823560532397e-01,1.344751562004441181e-01,1.505040567835813550e-03,-9.037792377840372926e-02,3.924600074609813083e-01,-1.883923956291767288e-01,-1.097512481013178248e-01,3.944158573453682148e-02,2.372628576941009371e-01,-6.455431202918571025e-03,3.810304092054392910e-01,4.033985455953105759e-01,-2.823011248135153251e-01,1.898587346570823620e-02,2.611856120112134722e-02,1.064432222381791505e-02,2.700275851698975479e-02,-1.157674158039806531e-03,3.052013646894268240e-01,4.644237850106314180e-03,1.047474604800884279e-01,2.913462968400661879e-01,5.373689296799762788e-02,1.578357195575320060e-01,2.991535423929205240e-01,1.994953608054657601e-01,1.091538297119862416e-01,1.687734691507275231e-01,2.308806070474833660e-01,2.554598605350469898e-01,-8.250203289273856655e-02,-1.052689459956499957e-01,7.296271326064907026e-02,4.429369881363483946e-02,3.596922151771207998e-01,7.596161369036209809e-02,-5.296260397870526659e-02,-2.661973981526968847e-01,1.352157543374544191e-01,1.437741106133804680e-01,3.659296037367043009e-01,-1.802996393065767755e-01,-4.814749890468354721e-02,1.407620585016530756e-01
-4.052574230200815114e-02,-2.653493644963634823e-01,-1.023633030674853204e-03,-3.082316693468101221e-01,-1.988664410463895638e-01,1.258932099951603489e-01,1.772604314281277585e-02,1.887081650927970727e-02,3.121298651017982012e-02,-4.781140865374263610e-02,-1.167737197230564183e-01,9.791926392472675988e-02,-3.649539529435447821e-02,9.417048246024473102e-02,-5.817826156182563657e-02,-1.044753879190766233e-01,1.717176682624032558e-01,1.053069456845119323e-01,-3.009298801135163945e-02,-5.733519501820290992e-02,-2.797272203358955878e-01,3.993466874834922936e-02,4.633777101513446989e-02,-4.185631033870072099e-02,6.254323916983772769e-03,1.114384243887204251e-01,1.537125631604903953e-01,5.643164855629116683e-02,-2.063571746844931332e-01,7.865509735294815008e-02,9.776464272003061728e-02,-3.828334534044200432e-01,1.388558708804545350e-01,1.180502863210351194e-01,-2.471098217493261084e-01,1.722170902813166538e-01,-1.625681069793666611e-01,-1.053446663188101901e-01,8.968314214942479934e-02,2.648552582068181005e-01,-2.114183345249271428e-01,-5.083848598038571975e-02,2.222922379515401003e-01,3.994675551914656508e-01,-2.361210553722593516e-02,-1.301039717798830320e-01,1.014851565263845262e-01,-5.062641601856367884e-02,3.599485754381739899e-01,2.201060937647696947e-01,1.150420541791635359e-01,2.041209440955194798e-01,3.101633871413993493e-01,8.600151501567124268e-02,-2.331967982992974933e-02,-2.702753811500130388e-01,4.948963158364219628e-02,5.897012931724789769e-02,-2.337002187841254464e-01,8.065778435016739134e-02
-2.075075136616385818e-01,1.661272187351958141e-01,-4.207804258457047419e-01,-2.878148140356067558e-02,-2.216692526258071810e-02,1.102698760080061124e-01,1.095676099642227674e-01,5.013622791444620752e-01,4.138416132230847144e-01,-6.333559347765534142e-02,-9.738378693615572235e-02,-3.101014782214208190e-02,-1.253037531994355136e-01,6.141572884182396053e-02,2.345756500893900198e-01,-1.945799134718143031e-01,-2.515503519422991260e-02,3.565650814823012604e-01,-3.639462408765040680e-01,-4.781040528483468388e-02,4.594662031707086314e-01,2.931673133919313057e-01,-2.367187072852915686e-01,3.187994354514165490e-02,-7.102294450592831765e-02,1.366001736156190541e-02,9.919693209571248116e-02,8.941976103113127849e-02,-2.289405051184134621e-01,1.121639841816525901e-01,-5.180114019748419812e-02,-2.513403108066735239e-02,-3.314121839164355654e-01,2.986049156770572144e-01,-4.853131544007873721e-01,3.207609473345579554e-01,-2.415362005649950849e-01,1.500727421567028264e-01,2.558994234953924085e-01,4.626501180090431681e-02,-7.146411631580264212e-02,8.851594371355664057e-03,7.857462658214213469e-02,1.039909017559401405e-01,-5.920631348126438598e-02,-7.799240476301497194e-02,1.134033389410383716e-02,8.301527218931922802e-02,-2.137786130332581247e-01,-2.313051671273642640e-01,3.656265026014273584e-02,3.097976809953344457e-01,2.538241068872826300e-01,-6.040040305256071107e-02,1.776493170526689258e-01,-3.136332971679034465e-01,6.780091695381648687e-02,-1.547804492125376685e-01,2.577535081473283918e-01,5.105638735209627570e-03
-6.041818059320778339e-02,-8.160538586168520139e-03,3.031490858821120904e-01,-2.543235875387179351e-02,2.798998176250263592e-01,3.717399286971654893e-01,-1.596860260014173472e-01,-2.447710873417700272e-01,5.857442710341147218e-02,-9.610948676887312581e-02,-4.171502707661134401e-02,1.218638552688550841e-01,-1.154881698083112251e-01,-1.402716041357939536e-01,1.806563963201872625e-01,4.159452459769078514e-01,-1.047428410473615415e-02,-3.002366280280092670e-01,-2.070391178430341372e-01,1.306298008530291065e-02,1.272440460858232925e-01,4.093245183664311893e-01,2.335322193139303601e-02,3.444969541763348575e-02,-1.311821987249887356e-01,1.986909946767371482e-01,9.478794754845742965e-02,-1.237228788067019636e-01,-4.887728574761792677e-01,8.925950967509729828e-02,1.146907599072638090e-01,-4.236978465101767233e-01,-2.856814186050548043e-01,-9.810888082022550458e-03,-3.099558921653294830e-01,-3.209319703672633972e-01,1.289292525357447761e-01,-4.892946929886455854e-01,-4.170121931824122274e-02,1.022314642726890738e-01,1.345016622661619199e-01,-1.025208407190056868e-02,-3.731185540122162192e-01,4.934507675259438425e-02,2.700324827764725641e-02,-9.363424330010336472e-02,3.003728802935706765e-01,3.268283270621712422e-01,1.724251934779746642e-01,-3.683123335458726721e-03,-7.893007838406559951e-02,-7.268718342018662404e-02,-1.211638230778590425e-01,8.454905966563332209e-02,-3.548812939567391189e-01,1.463870700480514875e-01,3.412152763370076419e-02,-1.423233489352535575e-01,4.255473699740049132e-02,-3.657598901130424962e-01
5.481500750391334886e-01,-2.207364552644116018e-01,3.354378638774303534e-01,1.486531041378479079e-01,-9.469107149843581164e-03,-3.265219869610501702e-01,-3.598364334306110301e-02,6.230108598783540286e-02,-5.905279059077896825e-02,-2.402201899877538516e-01,6.714484458307376502e-02,-6.810623181303945839e-02,2.469308500932568262e-01,-2.645512812707421224e-01,-1.765841236834506944e-01,-3.336453125380807738e-01,2.924247973687429392e-01,2.557911852960425003e-01,-8.755967917599184053e-03,6.018594404079100624e-01,-2.386860755285661884e-01,1.935624035165384215e-03,1.840565136838250848e-01,-3.593597088068322676e-01,1.728226064955486196e-01,-1.260302018005043656e-01,-3.451175111212924085e-01,-2.347886489577077906e-01,-1.688036694092351353e-01,1.772871237277383327e-01,-2.466506497278432020e-01,-1.316812550524849301e-01,2.520486392722672275e-01,7.816770030017967941e-02,-3.783334083727535324e-02,-4.154079233091511995e-03,1.751638756761977334e-01,1.469433294271553503e-01,-1.389470469108406714e-01,-1.613576520579068085e-01,-1.431668586901166940e-01,-5.369224224568518167e-02,-2.128976494032815692e-01,-1.008948149581319759e-01,1.125086242267345771e-01,1.499111288692254740e-01,2.886776801371178092e-01,1.157160685332602607e-01,-1.950536231477390525e-01,-2.382037721535622959e-02,-5.485009667861545646e-01,2.266529212735563653e-02,-1.076712446830905244e-02,-1.599802153682675088e-01,-2.939621028493437094e-01,1.953380349795613702e-01,3.000366224503787094e-01,1.573768198677923391e-01,9.567423017711582101e-02,2.323377788413540368e-01
2.539712459173514847e-01,-1.778219323550880859e-01,-2.549418112260990466e-01,1.540970505042019989e-01,-1.847632933704461133e-01,2.313454019087312352e-01,1.011887155470723859e-01,-1.495190655347110875e-01,5.618940432245968231e-02,-2.774585370250197691e-01,-2.395363468047063613e-02,4.428314431860858047e-02,-3.179567525004308171e-01,-3.229931246086004126e-01,-3.206239106781665904e-01,-2.313252228752710749e-01,2.560574282917637001e-01,-2.119070517465577730e-01,-4.339730827473219921e-01,2.368358810577055329e-01,9.792575704533026948e-02,-2.859242657171665730e-02,9.016727818874256672e-02,-2.809529593047788709e-01,-4.256746838193978810e-01,-3.376883073153501280e-02,-1.446484016037477560e-01,1.266196759370413760e-01,-3.903868438113255457e-01,8.544673606366275098e-02,2.595837798713789696e-02,-1.985929343872452207e-02,1.225897705577945890e-01,-2.051157000998926616e-01,1.953795031339916333e-01,-4.899350613193592489e-03,-4.230215319863998846e-02,-1.985060025907572356e-01,1.376697142355531867e-01,-2.387013938713404282e-01,3.351557666281472780e-01,1.054092357702541838e-01,2.487215116369127510e-01,-3.118771240433231284e-01,1.931586355838688651e-01,-1.174597815118238325e-01,-5.722047876136893141e-01,-5.367232820413592523e-03,-2.114927005359927004e-01,-2.035278128770872177e-02,1.896675212608562588e-01,-3.241624884485194147e-01,3.192947505510681516e-01,-1.253805228140265904e-01,2.504354403218865821e-01,-9.196644278339208278e-02,2.441797886829338848e-02,-6.976146827656952432e-02,1.560177536525754749e-01,-2.011274703907587613e-01
-2.494523081825109900e-01,7.073721262822013633e-02,1.533785402826888244e-01,-1.815372735888906575e-01,-1.839287174597371843e-01,-8.096592835850613401e-02,1.484941715546201357e-01,-5.780620379319532237e-02,-1.643236773630627756e-01,1.603248210369659366e-01,4.739753484116443483e-02,-3.495452810251928888e-01,6.890059145115563777e-02,2.491492224942160605e-01,4.886992619339948218e-01,-5.668847914749486523e-03,-4.992380127732252287e-02,1.520045785677648920e-01,-1.508163065089538901e-01,9.047891959473575857e-03,-4.425594098922511904e-02,7.105668605306528218e-02,9.873904687865964203e-02,1.066588160470793578e-01,5.028189289712916565e-01,5.898650175920807509e-02,6.341872234575956883e-03,-2.234893123385275349e-01,-2.208168894196903612e-02,3.588308949870942788e-02,2.022054801972412719e-01,-4.406140539212237139e-01,2.962279366023030103e-01,8.564953598465381568e-02,1.123255558059054887e-01,3.859157939033256435e-01,2.753126208714204992e-01,8.911578512783691064e-02,-4.871510914499105338e-02,-1.484229728084618394e-01,1.816172642031936846e-01,-3.569164468382506061e-02,-1.176783333626556932e-01,-2.100297540073638447e-01,3.421646371271200304e-01,2.088771248345244191e-01,3.400947528510799012e-02,2.291093869082665435e-01,1.879771016131372430e-01,-1.022170306422837821e-01,9.453363514193426076e-02,-1.476691051832146884e-01,-2.506094063544986317e-01,8.000938234931086901e-06,1.856017163951808047e-01,-6.427138128941692341e-02,-8.969567219560309335e-02,-3.000248512605566686e-01,1.726566436776808267e-01,-2.665625740084860418e-01
-1.120063543290562985e-01,-2.233456112700887286e-01,3.031683256984097838e-02,-1.684856263400522636e-01,-1.475063510199785266e-01,4.937351972636044861e-01,3.814471536460649348e-02,5.892453369178348582e-02,-6.110185213085363859e-02,-2.882196709793404255e-01,3.638577628573562428e-02,-1.616767393871011149e-01,-1.417252983137126665e-01,-8.413825446115844042e-02,3.435540952844041707e-01,6.851175199424330495e-03,-1.420588079995471487e-01,2.598995721156249945e-03,-1.102205666924183924e-01,5.623177077724482442e-02,-2.080125221591101400e-02,-1.477223548125080888e-01,-1.089726189344276397e-01,-8.859973262583749343e-02,-1.660846103403904317e-01,-1.535035064190683474e-01,3.145022332361890969e-03,1.778750817608763107e-02,-1.036949076329057862e-01,2.133163378598951776e-01,-2.468265760756106417e-02,1.211119755532137077e-01,-1.012706801654333494e-01,3.528621641483244975e-01,-2.779585835633781032e-01,1.691934588056122901e-01,4.642345565479033369e-03,1.846977087808618356e-01,-6.951494989267460733e-02,1.876534558403981090e-01,-2.669262360969995029e-01,-2.610351923628481674e-01,1.529388504090393730e-01,-4.364193849158608252e-02,6.019247727102319118e-02,5.706020507219268512e-02,-1.455983068815300263e-01,-2.773327740030454569e-01,1.039216718911048221e-01,2.936064139568352327e-01,2.308563340767933736e-01,-2.247344943881814383e-01,-3.942576722245257764e-02,-3.547274007052554357e-01,-3.297349229409513582e-01,1.612591384653614957e-01,1.629984087119883407e-01,-3.125479457341659995e-01,1.139619172963179106e-01,2.108535861135081846e-01
4.301096896727405472e-01,2.961045050798835065e-01,3.765493651624969573e-02,-2.049550658350530463e-01,-1.931369271298248314e-01,-2.605390559867989397e-01,2.068553922702316972e-01,1.023060132628450941e-01,-1.587047378380957718e-01,1.031336341655459884e-02,3.594863780698360212e-01,-1.674676550315083445e-01,-1.509745873934179028e-01,-2.683409172856267011e-01,1.756761404047875730e-01,-3.403461347612856125e-01,-1.206118667765196106e-01,4.698253946217656463e-02,-7.004114725305288225e-02,3.608115347737189116e-01,-1.395354741687589994e-01,-1.913956616071409988e-01,-2.682610265529422056e-01,3.281305064665206994e-01,1.627905081623061967e-01,-2.291476232893087384e-01,-5.545567317683108843e-01,-2.619946823700471383e-01,1.615132921168095925e-01,-1.687149296919507879e-01,-2.857306437998916593e-01,-1.062101317315887472e-01,7.769233875494228891e-02,-1.078726407968455536e-02,-2.323621857058496831e-01,-1.657232236461090857e-01,-2.427064102011144801e-03,-3.447397133292318672e-01,-3.892348051203354808e-01,-7.983318440093309376e-02,2.480582653893897427e-01,1.347002091741370498e-02,-6.607639301863868497e-02,1.825175724312056158e-01,-1.605721506299422063e-01,-2.653261722258967170e-01,8.961165346475234716e-02,4.175861965708764501e-02,3.000539626239455693e-01,3.582724042408091392e-01,1.099521892337351585e-02,-3.911918587512889373e-02,7.120563489584315342e-02,2.175263662294579618e-03,4.478786876322797539e-02,-8.998099503572433433e-02,-1.874013169396134548e-01,1.723860518330203873e-01,2.335008321369396178e-01,-3.433730417890016318e-01
-1.776914065269041276e-01,3.094917264663074041e-01,1.495788234626499180e-01,9.716917514718970833e-03,-3.721925123977210537e-01,1.373452247021690886e-01,-2.868534150808807470e-02,5.290538054916390370e-02,8.849624888483806351e-02,-1.495595374217107421e-01,3.216963162647664132e-01,-1.356120479952419022e-01,-6.443081959221438892e-02,3.375202732468224331e-01,6.012042016725904769e-02,-1.380806960043335918e-01,1.087387579397147280e-01,4.005955036203663611e-02,3.739177822742965982e-03,5.417129601579760700e-02,-1.475195714759733046e-01,2.056744842376397320e-01,3.429230964522315128e-01,5.155870593772060931e-03,-2.377678969840608114e-01,-1.680398914424125478e-01,2.011012928828360968e-01,5.855532579027039608e-02,-2.619051789943074166e-02,-1.356011899426592948e-01,-3.839609876766430507e-01,5.057280200297108175e-02,1.010679803472838562e-01,-2.832949864221456227e-01,1.781872281561626067e-02,-2.611430565825664796e-01,-3.441575359677519486e-01,3.443694294089737484e-01,-4.048516272245687025e-02,-2.364603071279492222e-02,6.246398749831233790e-03,-3.454809186481452299e-01,3.362226313460009441e-01,-2.555154604716047828e-02,4.218345754755643134e-02,-3.845639540861643946e-01,3.699453098499230208e-01,-1.684458630935591894e-01,5.006925754499593761e-01,-4.315042459067691683e-03,2.485599316812200643e-01,2.871360437892291895e-01,-3.095854151579778279e-01,-1.924540917802467638e-02,-2.939377100413781974e-01,1.994482248963495297e-01,2.637207771036311210e-01,-2.434433408277623667e-01,-4.741449795669288453e-02,2.987189471060792134e-01
1.175862030458532520e-01,2.298019644868913025e-01,4.707447188301959740e-01,7.607307606250315879e-02,-2.134804190497432419e-01,-6.896879449280821084e-02,3.354358175091139427e-01,-3.384155706579038136e-02,1.131750057381895047e-01,4.966323986372230825e-01,2.552539998462352022e-01,-2.799520563393927963e-01,-3.144913084042528229e-01,1.538198070271283302e-01,-5.640652608030124332e-02,2.846092090114374362e-01,-6.119899600671213635e-02,-1.644841526927958431e-01,4.776472788217197424e-02,-1.527586600092000479e-01,-1.156697171403178598e-01,-7.026064140769683330e-02,2.909863777445647059e-01,-2.743161569487316265e-01,8.663270404872121244e-02,-2.752138580938069401e-01,8.704087312762512352e-02,-4.008326911116236735e-01,-2.023082839738238603e-01,2.247857829328988311e-01,-1.554703907955428954e-01,-5.662069754460628823e-02,-1.277567705290926781e-01,2.082380148495523164e-01,1.175881665479945326e-01,-9.419065296830878009e-02,6.473915853936655640e-02,3.445785689667724694e-01,-1.588487977794536543e-01,-7.874777792596519832e-02,5.096706679585751715e-02,2.805590004133261539e-01,-4.171355608146583016e-01,-1.633805355585954411e-01,-1.614061378159001858e-01,2.114283327132916168e-01,1.310853020600810936e-01,1.469700440679518327e-01,-5.772353330244858055e-02,-9.247900144885476403e-02,3.270125940766638872e-01,-7.795090515485852967e-02,2.863057724262029619e-02,4.049936479849830517e-02,2.383414721026585747e-01,-8.448978269315320089e-02,-1.298661793515071827e-01,-1.395760248150526052e-02,3.397320857390161153e-02,3.140718635370413625e-01
-1.488441725797375326e-01,-3.763500858922513154e-02,1.750112485302549870e-01,3.877288199100997756e-01,-1.972490159245493813e-01,1.872292425960512818e-01,1.617005736164596752e-01,-5.954782860844273079e-02,7.925910671264822793e-02,3.230972892423082388e-01,-1.046306158980168100e-01,3.216310444587332507e-01,2.622129249316044186e-01,-1.193623980370572407e-01,-2.985005335855299147e-01,5.822068854123792214e-02,-1.788128777237557865e-01,-6.039787105500304953e-02,-4.460924834005892958e-02,-2.262510541417052032e-02,1.529089045521128953e-01,-3.003905639805469208e-01,-1.255827006769079934e-01,5.196900937542843213e-01,-6.745306086432831250e-02,2.198983697520323459e-03,-8.661335597140426557e-02,-2.027937152482126026e-01,9.363992788752851029e-03,7.033332997550235943e-02,7.534815254658966052e-03,3.454666830797686883e-01,2.752309334450265266e-01,3.348361672320171456e-01,2.337390714191261709e-01,1.659481286425912860e-01,-7.528938805555010494e-03,-1.787174492747162780e-01,4.307376296937907023e-01,1.599998210294886758e-01,-4.287520417364112935e-01,-1.377338390130344870e-01,2.206350352102037782e-01,1.875646975413082784e-01,-5.181775459815544244e-02,1.061800860976837291e-01,-1.194283129266601462e-01,-1.005391906544118863e-02,1.097757650983022248e-02,4.186559612679861819e-02,-3.883514200084350193e-02,-1.468739333711179852e-02,2.383986452209747517e-02,8.730339741590890934e-02,-4.232225588625785490e-02,1.988767732675501484e-02,-5.789475983088032511e-03,5.658167126022693033e-02,1.398568103976096377e-01,-5.962789532937358417e-02
-2.711527130444685851e-01,8.330458366129175896e-02,2.279990159498932606e-02,2.033241265506685325e-01,-2.531559203493651822e-01,4.832045770903533044e-01,-3.868617400088320002e-01,1.548478783046925988e-01,2.171549549808171053e-01,-1.176912276612627171e-02,-5.972431728775340690e-03,1.570930933005510732e-01,1.158182957243256983e-01,-1.418017654439827357e-01,1.788089584698277501e-01,-8.912016729926316994e-02,-1.148876866428695173e-02,-2.500750142241835450e-01,5.317604133408831979e-02,1.185748354772266921e-01,-1.074326341260273682e-01,5.723770224242711452e-02,6.495960849441469176e-02,-1.414600199016513016e-01,5.701386056117015849e-02,1.020429493270197663e-01,-6.834088539402131124e-01,5.219740713356931655e-02,3.689383903435605738e-02,-2.372975038801616310e-01,7.492846986598655779e-02,-2.437989620977767391e-01,5.334802181211868721e-02,5.395734549028797788e-01,1.706448239015308788e-01,-3.949153940790376544e-02,-1.436632557326290027e-01,1.911629795829948922e-02,-2.237174455500702541e-01,-9.124293769250869934e-02,-3.585801129716801872e-01,6.061725015903939029e-02,-2.017744244408167797e-01,-2.352996923613434321e-01,-6.907298893085700095e-03,-2.762520513078950968e-01,-1.541293466520964606e-01,6.709889249799101674e-02,1.014163451665949511e-01,2.380194363273421820e-01,4.237962822442314925e-02,2.214276376204342700e-01,6.901624864214575550e-02,3.542305750818243171e-01,6.490213345522159727e-02,-1.641818402417672407e-01,-2.697153204224834178e-01,-2.275681582832612404e-01,7.946105021817420622e-02,3.931483925241649469e-01
5.802511939013814402e-02,-1.217731053132690422e-01,3.235176951808994839e-02,-3.073215946376935404e-01,-2.481564540714860656e-01,4.160209906724349031e-03,1.691624276653409253e-01,1.309634847710405281e-01,1.983460196356965632e-01,1.795627191870919348e-01,-2.853558229693043957e-01,1.858970579882119820e-02,-7.649469826077311477e-03,-1.667524004539704674e-01,-3.799004582204694169e-01,1.750010033626993311e-01,-1.360797480810446713e-01,-5.212224302370999096e-02,-3.519400271273955827e-01,-2.575166291018585740e-01,-1.083459455097365021e-01,-9.959604271881690452e-02,-2.966150620716879738e-01,-1.970882263900446407e-01,1.814490638472566197e-01,1.022080842700779091e-01,-1.506437572186937815e-02,1.365400007885105571e-01,8.933046096108754330e-02,1.256554743369037441e-01,-1.475669166857748738e-01,-8.870154253214161677e-02,1.168166273641817188e-01,2.299060945399456976e-02,-1.050374461424762595e-01,1.717780503607827247e-01,-5.404119170478734191e-02,1.025371210269301336e-01,-1.843950086135183186e-01,-3.739132511507227141e-01,-3.651807010097686546e-02,-2.117560743229352782e-01,6.054837992310593137e-02,-2.261622418547012126e-01,-6.553890403569814782e-02,-1.022856019539403888e-01,1.077136883817822188e-01,-7.937798032857798503e-02,9.679876782084298470e-02,-1.305852022697829296e-01,-1.300927690801569059e-01,1.339643727556957264e-01,2.593296497708817427e-01,-1.970924399378570779e-01,-3.144045879506239261e-01,2.204217276480875953e-01,-3.641437346174086764e-02,3.916515359561120735e-01,2.060447544586926916e-01,-9.206062817893763406e-02
3.198156446401597131e-01,-1.250403624850616457e-01,3.059206953735237322e-01,-2.918663096981712335e-01,4.023694875910065472e-01,2.922417752576506045e-01,-8.759008232498891044e-02,-5.252089903104663338e-02,3.595522721045804060e-01,1.528789179424126510e-01,-6.693241664619620571e-03,2.183053848102856076e-01,-9.025229875271398305e-02,-3.057750934168511625e-01,1.359651633312746744e-01,-3.896466249738347321e-01,3.974058478825821111e-02,-5.236616098901791631e-03,1.246986494556172609e-01,-8.921971795714771225e-02,7.046372269264776500e-02,-6.020307692539326322e-02,-6.395510122954976839e-02,3.265100840347840427e-01,-2.718323840598403374e-01,1.961552444682442276e-01,-1.738126853806658823e-01,1.875689157870965573e-01,-8.501661880785771341e-02,7.744701298544640067e-02,6.611716891678978691e-02,-2.409536036619677746e-01,9.660594548694248496e-02,-4.707255903312462797e-02,-8.683601030777127194e-02,8.906983285035693920e-02,1.388833256041447639e-01,-1.387526357445104108e-01,1.278266127029890620e-01,-2.176909736864846567e-01,-6.421122672685837529e-02,-3.034550303501863389e-01,4.399006678404824427e-02,8.942839981784041214e-02,9.552251536083186667e-02,-3.875902727083394700e-02,-4.453619258018977345e-02,-7.961379168885671098e-02,9.501315093396275890e-02,1.276725484499847615e-02,-2.983861763568157466e-02,-1.102496977422213753e-01,2.404019799027617976e-02,1.800590539939121437e-01,-1.828725020972237283e-02,2.999495482048791795e-02,-6.039179177105298557e-02,-1.833671543520546537e-02,-1.166822206111871180e-01,-1.606542120475125679e-01
1.125470149675067005e-01,-5.228389110677554574e-02,-2.870882695167883414e-01,-4.696342727632917269e-01,6.112168413534661143e-02,-2.720942084625754265e-01,2.608549770451232264e-01,-1.789257689148187561e-03,1.222651487420020749e-01,1.093403331166809822e-01,9.131599437360880811e-02,-8.507484779294521848e-02,5.331736937157305345e-01,-1.508443528446826165e-02,-3.382599075015922940e-01,-1.898530780609590796e-01,9.529829176131376922e-03,1.523428113009530627e-01,-3.598727327696037426e-01,-1.240534814643033251e-01,-1.038480640701323898e-01,-1.408029394028408043e-02,3.848606306468903560e-01,1.999967943026054740e-01,2.421136476421743497e-02,5.004871607023333308e-02,1.002460651411245934e-01,1.351592793081364818e-01,1.683541384087877402e-01,1.688324058248445725e-01,2.335245895218238665e-01,-4.409913345017646424e-02,-1.429370456300039227e-01,-1.252418336634688600e-01,-4.444050036569383716e-02,-1.912828102287861820e-01,-1.328300929788829299e-01,2.942131952542589163e-02,-5.828752436969528855e-02,3.733993410290716020e-02,3.151969419488277468e-01,-3.765791535953383340e-01,-1.766734925944211249e-02,-3.770374366421520573e-01,-1.785067404170417871e-01,-8.262600268118217017e-02,1.423863680850269708e-01,-9.796887264756065639e-02,-9.850991559315681358e-04,1.645841385398420231e-01,1.922183147847288109e-01,-1.671389994676492352e-01,-2.978010953542471473e-01,1.076007975254590354e-01,-1.521212684210987709e-01,9.432688161590382925e-02,-2.343659033147577619e-01,3.524945567192488971e-01,-4.687755031389496951e-02,-1.175101455200361633e-01
1.582401477903331855e-01,-2.376066185025426380e-01,2.814171335081877556e-01,2.560860258785630506e-01,-2.065540494689193166e-02,-1.158236717366150081e-01,3.362882596075136843e-01,1.601449406888285909e-01,-3.523355409412675110e-01,1.344590054782819344e-01,1.477532208246928602e-01,2.470042454000778986e-01,1.652351715966193790e-01,-9.544267339783876758e-02,1.592206575874711705e-01,-6.444569187432487578e-02,4.158317371517016026e-02,-3.695720272212933005e-02,-1.202521395343564281e-02,2.433843852028713672e-01,-8.873886540096555253e-02,-4.125346842466812158e-01,-5.605970989235895680e-02,1.653874724010007957e-01,2.054923272177890392e-01,-4.529736376848829127e-01,-9.088635267334782553e-02,-3.189598517388623350e-02,-1.295582179021426417e-01,3.219471835514764371e-03,2.883437204363137329e-01,-3.874038252798303050e-01,-7.827229494402858367e-02,-9.346225368085764318e-02,-2.415272131910222997e-01,2.186464487418975436e-02,1.383350961389611389e-01,-3.926418931352704256e-01,-6.554344460048858179e-02,-1.854899325406280108e-01,1.649640889842844127e-01,1.051106648612742944e-01,-1.232418105376127324e-02,-1.972101942405834474e-01,-1.124028658895646765e-01,4.848161893611600132e-02,-1.564899776374983342e-01,-1.745147311632208598e-01,2.510002005266436242e-01,-1.113777608564023858e-01,-2.980315668244727934e-01,1.590902475203553879e-02,-2.574649356655329610e-02,2.334730517717804044e-01,1.145784339641002375e-01,3.709945804353116661e-02,-8.448046255605139165e-02,-4.140488046900910879e-01,-7.218631353909311932e-02,-2.639782088711440933e-01
1.319136259647826492e-01,3.865039272975252516e-01,-5.053350549069772768e-01,-2.106958744464621641e-02,1.527247157152259414e-02,8.269334448891994815e-02,-3.502246132374389753e-01,5.245247305196172605e-02,-6.609491754835497557e-02,3.894816841011590480e-02,1.965845022895255645e-01,7.907165982804373328e-02,-1.095187812910848602e-01,-2.061751533219405574e-01,-9.842010421691070599e-02,8.936812248024092464e-02,1.680959146073009725e-01,7.076419928779985324e-02,-1.565183079702615332e-01,-4.738961729681081397e-02,1.499990439310641133e-01,-1.838102445453508038e-01,2.410704335102936968e-01,-2.583636052073222736e-02,-1.537244146704460357e-01,-3.436462221742533907e-01,-7.647164007428150501e-02,1.172548158940960039e-01,2.224071804760952096e-03,-1.310290913788293987e-01,-3.523203695190048057e-01,-1.517762192865049729e-02,-3.480684372347224720e-01,3.056736365997784199e-01,-4.910060131660629740e-02,1.896833307900079590e-01,-1.292157502507745304e-01,-2.539355488892078294e-01,-1.021736463437166176e-01,-8.635523108231291101e-02,-2.724321970774706836e-02,-1.556315385061354528e-01,-9.112696576328913056e-02,2.635640164288879927e-01,8.091505219241476587e-02,-2.435666336194931836e-01,-8.575127315820847695e-02,-1.578405559678262571e-01,-2.458266071374143880e-01,-1.739073576863328918e-01,4.458773687504023753e-02,2.728420657066640137e-02,1.211028016983849154e-01,4.730805555159142001e-02,9.721111823314346201e-02,2.499110629907101422e-01,-8.835712400102368677e-03,-4.676008198992011311e-02,-9.651748519357075673e-02,-1.455659491965270447e-01
2.921560327428308623e-01,3.643148371971841049e-01,-2.597854612125823914e-01,-8.410975212162252745e-02,-1.918340920206589861e-01,1.638673717638612637e-01,-1.908343466390701598e-02,-8.253641960795184140e-02,4.116804474263428548e-01,-5.012491465956302461e-01,4.416493553638180247e-02,3.778555488445963784e-01,1.035813328799436439e-01,-8.072695959409320610e-02,1.611338291921016741e-01,-1.710515572265260131e-01,1.059088112444556834e-01,2.021716425150799634e-01,-1.848366206703473333e-02,2.356023271018755916e-01,-2.294977037879776527e-01,4.768621797688076813e-01,-2.379797929188422201e-01,-1.210668468089732830e-01,-2.812517242873750489e-01,-1.675440397430244810e-01,1.766826850487542289e-01,1.820583245818881146e-01,1.909533087586246236e-01,3.236716961384759617e-01,-3.093972896941845491e-02,-2.172564221769588411e-01,3.805638311732923440e-01,-2.910000111076131435e-01,3.672427114683737143e-02,-3.609664952796870496e-01,6.036521333326462235e-01,-1.806520058323712319e-01,-2.276925835127681097e-01,-9.601646446914838262e-02,-2.604681659140056782e-02,1.084960819373094465e-01,-3.621319327414803668e-01,-3.992295899874975795e-01,9.880987076045980033e-02,6.121988662170352313e-02,2.731395375492441380e-01,-3.050049559724073503e-02,-5.235213165217635772e-02,3.308639891782834408e-02,-2.425230795943468173e-02,-9.456883857980913008e-03,-8.390083083935048758e-02,2.685138798511098671e-02,-1.738879337181279960e-01,-1.752266525091719651e-01,9.492531721494408548e-02,1.353269708839736352e-01,-5.213416010327218686e-01,-1.625597616472576612e-01
4.774709827023919384e-02,4.038908375083078428e-01,1.703932467713283605e-01,1.833635278288473225e-01,7.223329503519065886e-02,-1.410274977448298106e-01,-9.834357504294569119e-02,-2.948641096267017384e-02,2.605413352163694629e-01,-5.012371848310333000e-01,1.893880832256682190e-01,2.190845721944451319e-01,-2.735124751493768214e-01,-4.875500210318371996e-01,3.171184184011856949e-02,-1.124883045424515393e-01,5.845008190384515245e-02,2.516907440203851043e-01,-1.595859336514673377e-01,-4.175178963630076789e-01,4.373666528271953624e-02,2.489563701807356311e-01,-6.553402828907631261e-02,-1.065973402409280679e-01,-1.880306859760268734e-01,-1.174789197251641104e-01,-7.359228571195272628e-02,4.369671814013161709e-02,3.702391059726641009e-02,-2.194485002482264302e-01,-2.813843197728838064e-02,5.666021444291398368e-02,-2.176236291039393422e-02,1.370882422599744299e-01,1.797266326230280153e-01,-2.938959966766816478e-01,-3.408369060569743734e-03,-1.426594920324694704e-01,-1.807953562187963326e-01,-2.832493175742455405e-01,-6.047467493863319804e-02,-1.303775538716342441e-01,8.342635003883690226e-02,1.528204539523337901e-01,-2.993275337573032546e-01,1.438916669668957593e-01,7.944337142988265599e-02,-2.663475555529325467e-01,-1.372605515034998336e-01,6.920842160455012090e-03,6.478228135142058419e-02,-1.554494247475729507e-01,1.607753758673734212e-01,7.956481954508754645e-03,-3.932587322185920886e-02,1.157897557067704558e-01,1.131810731206982779e-01,-1.962194158321398096e-01,-3.884602646497817974e-02,-9.564848152176511076e-02
-8.565103416569505579e-02,9.999277151138173669e-02,9.843594349363131435e-02,2.431786781031864408e-01,1.907328557827920879e-01,1.692311711018777698e-01,-4.159876555530322984e-01,-2.665288909897608471e-01,2.342276407723783704e-01,-3.798852525072356490e-01,-1.656938689879881577e-01,9.153931983241123116e-02,-2.044113850129959109e-01,-2.802487587132351798e-01,-5.569500668675612942e-02,-3.039339658556806101e-01,3.123949825706752725e-01,2.900995435416618973e-01,-1.861495118942946836e-01,3.205810162109739569e-01,-1.415536042555786411e-01,-8.515679372586186513e-02,1.296542163597736441e-01,1.885561533550150770e-01,-7.579816983836110134e-02,3.128400567974397584e-01,4.385478831094219432e-02,-1.085167535939848306e-02,-9.337106015457707908e-02,-1.987898175912188869e-01,-1.685739044689693322e-01,1.965778124359288392e-01,6.344079816536942092e-03,9.306680631375471857e-02,-7.793644788496542630e-02,-3.240652033851064429e-02,2.627482102451037527e-01,1.047852633253221893e-01,-3.134962208653905291e-01,-4.471678130887095370e-02,-2.168238032854269137e-01,9.207758043055246089e-02,-4.385842872154868330e-03,1.038553646514901174e-01,-1.046183152819464279e-01,-1.056132333324834305e-01,-1.106708858504044379e-01,3.893611122804947755e-02,8.012566912272336972e-02,2.888908628654933766e-02,-5.988296425886156793e-02,7.677836450255295930e-02,-3.882377244475497813e-01,-1.372952451689150311e-01,-1.078767020665721416e-01,-5.480798512179087950e-02,2.863170429254633526e-02,9.900812925388149943e-02,-3.742766669542448021e-02,7.063503214364161287e-02
-1.150542113475891970e-01,4.798422170751845961e-01,-1.859930381949102818e-01,1.179925421083987958e-01,-1.561577138801397702e-01,-1.085844260907589121e-01,2.814975728750532258e-01,-8.071169487627130601e-02,3.079813232085031882e-01,1.494056958099563258e-02,8.787068717705071030e-03,-6.153524987820804121e-02,-2.651236195186982281e-01,-1.619148910926931362e-01,1.359486807287841326e-01,1.295227048562389016e-01,2.487000210797862734e-03,-4.273909069527043192e-01,-2.268873742319163223e-01,-2.900443166846802812e-01,-3.831796463625138094e-02,-2.275981897261198372e-01,1.098815729216766346e-01,-2.912342650894403917e-01,-9.153769798539360125e-02,3.176092233889755978e-02,1.123045610506679531e-01,-3.454715742089710107e-01,-1.456716675097310953e-01,-4.209012573431376858e-02,-1.645602449356723118e-01,-1.827003160000790216e-01,9.104426908951647468e-02,1.762182185894693442e-01,-4.653961797379024823e-02,1.042561943839180050e-01,-2.364250498909773734e-01,1.628528665146575238e-01,-8.720668467863371132e-02,6.511932922936572443e-02,1.185343622264487112e-01,-3.202670776425559085e-01,6.345706011120735845e-02,-3.272259281441878415e-02,-2.185033102055382592e-01,5.314419147911997321e-02,-4.403813457597950398e-01,5.687780051441328893e-02,-1.210394574188032174e-01,-1.694356485018962966e-01,-9.227364477900115713e-02,-3.850666402588261428e-01,2.715759955863358138e-02,1.532793974848089269e-01,6.350347326887494093e-02,3.391696557409625695e-02,-4.620042970292243534e-01,5.803945290046197587e-03,5.891441057232932321e-02,-6.173333870743959867e-02
-2.676507259329239385e-01,8.939920410089924330e-02,1.704690721423111344e-01,1.183049820223633503e-01,-2.179008467617761513e-01,-6.919313830751219752e-02,-1.206913366350816641e-01,3.423250863402891447e-02,2.237078301222300281e-01,-7.993729417609678201e-02,9.929067398559521251e-02,1.053410806043040687e-01,-5.790448779306550664e-02,5.138137637051134465e-01,1.129341017259651372e-02,2.792517477412072013e-01,7.057518156518860497e-02,-1.687279990140130026e-01,1.971452583345701948e-01,-9.551735880995148795e-03,2.079268817975571670e-01,2.657164202639903383e-01,-2.559682216843374158e-01,1.114356234213697699e-01,-2.669745557144196368e-01,1.001988194503766333e-01,-1.331794340417718492e-01,2.276614872130529599e-01,-4.791058764163116379e-01,2.169613945327720228e-01,-2.323878306771291202e-01,7.665034015743399376e-02,1.371731693746787717e-01,-1.006435202451294586e-01,3.095596357147856192e-02,4.363738993232746735e-03,-4.006066717284778589e-01,-2.971243802042343174e-01,-6.191962301808462410e-03,3.898135763409871224e-01,-5.590926543056551346e-02,9.819110823783697151e-02,1.623835905424017567e-01,3.663802545156068513e-01,-1.068841078791262084e-01,-8.281908734774399983e-02,1.201847666689257431e-02,-6.696971525811967751e-02,-1.138477264959489449e-01,1.054805549406214737e-01,-2.754267982705645990e-01,1.215612138461764635e-01,1.543828761533075911e-01,3.654328922432152627e-02,1.839042892194093712e-02,-1.111053712239437330e-01,2.752894902615428130e-01,8.536095308342690410e-03,7.712702849304889363e-02,7.802258260304179016e-02
-2.127120880430550739e-02,2.250083684471646667e-02,-2.852963675519358255e-01,-4.604247688663916371e-02,2.434536850543887743e-01,2.098662716214424739e-01,1.129938773088670079e-01,7.921494143502662288e-02,2.376315138746792621e-01,-1.291475087238464492e-01,1.182566994282948647e-01,6.889902566683578367e-02,-3.925574030246409274e-02,2.835021711511894749e-01,2.057975648204423413e-01,2.537020289774184478e-01,5.291843973927381345e-02,-1.898365229131793131e-03,-1.656430162555632413e-01,1.371968283253029719e-01,1.984945581954690730e-01,4.111858064562340931e-01,3.931713784731473704e-01,-1.985494210356997802e-01,9.381316186641602134e-03,1.001556794014815538e-01,1.628019274664755378e-01,-1.036690213709458713e-01,-2.945683753814355432e-01,2.272425826938724233e-02,2.028357597996042760e-01,-2.366145770234377999e-01,2.238051265126938527e-01,2.369736168988675062e-01,-4.303983057298867432e-01,1.074264726319227592e-01,1.686259929215265171e-02,-5.687338866147809840e-02,6.692776348434284484e-02,-1.929826256538701504e-02,-1.803670298085102708e-01,-5.447779252170348654e-03,4.116906547925123228e-01,-1.307988894193227447e-01,-2.421010443956551350e-01,7.874537738180271973e-02,-3.038695397311654278e-01,-1.897675804482712360e-03,6.183259053524470250e-02,-1.405685478532583965e-01,-1.349238725558922491e-01,3.103287339937587097e-01,3.700615509339395121e-02,-1.052827137840595118e-02,-1.932426937307705206e-01,-1.646789371517631828e-01,4.852097882952310232e-02,-4.119889032885423186e-01,5.243407399130711743e-02,1.550852128018536114e-01
-6.314369495025633217e-02,-1.891796120760645405e-01,-5.604051466647921309e-01,7.696197223793604936e-02,6.107234293391743118e-02,3.233053266786817259e-01,-1.237032609060047805e-01,-8.232088769101371384e-02,-2.030183404315784867e-01,2.131242256813214164e-01,-2.660583301152102953e-01,1.491845759211766174e-02,-5.950826312835169052e-01,1.565983827693272212e-01,1.647787279892040380e-01,1.124389420739405343e-01,4.041263058922837104e-01,1.538090072849079282e-01,1.205937219220702683e-01,-5.850557733219395595e-02,8.548504809475063193e-02,-6.797016227866168117e-03,-3.798869167861565477e-01,-1.433939846551586239e-01,-3.497556217822813673e-01,-3.497083794763589104e-01,-7.485066799134866555e-02,2.787591208829857253e-02,-4.392867602172392805e-01,2.874118332014533594e-01,-3.089932016021917915e-01,-2.854730517073115759e-01,3.121080577254030652e-01,-1.746929061771604341e-01,-1.806930655841210709e-01,1.210770974293695901e-01,-1.616366658202389728e-01,3.933728715551595978e-01,-7.074461712790659773e-02,-2.139886205633306226e-01,1.596671555218714122e-01,2.358281463172021142e-01,1.263852196786252602e-01,1.646541425331922992e-01,3.131664104674921623e-01,-2.469801558702008210e-02,3.864921094092661075e-02,-2.974495327522216903e-02,-1.991825604060548649e-01,-6.149244308649263330e-02,-2.563315995902387123e-01,1.650359413701360523e-02,6.881363345908919626e-02,-1.631071091457310662e-01,-3.468231506046496465e-02,-4.621593555434051759e-02,2.551860936191222562e-01,-2.535078991263491344e-01,-4.603929783876746784e-01,-2.120572781756510372e-01
1.081727393544113236e-01,-1.173419047073624363e-02,1.772601201988603936e-01,2.790038023392101343e-02,7.742364728204588487e-02,-4.358164959504189362e-01,-1.358479871101318792e-01,4.840240688750820086e-02,-9.399906266976676417e-02,4.390521867341649065e-01,1.287867266782491138e-01,-2.049291643982149580e-01,3.547992310217577550e-01,-2.708898682731786245e-01,-1.046518811391185660e-01,2.772260366040623161e-02,1.873241276241132680e-01,-1.921384433527480173e-01,-8.703313942699536510e-02,-1.015837211346009850e-01,8.512941203776662469e-02,-5.296360906919432565e-02,-2.365540680416119701e-01,-6.383445319542738194e-02,1.741679440409341084e-01,2.120209052278612671e-01,4.781472089028519085e-02,-1.528674227044642397e-01,-9.053043420095299720e-02,-4.489067587125412928e-02,2.702929373374621802e-01,-2.188513523962821172e-01,2.189594340217402846e-01,-2.943791378675625348e-01,-1.251708014552437020e-01,-1.960765795943225920e-01,-3.858387471278913738e-02,-6.559794518871736591e-02,5.019115843217096806e-01,2.648582526427316064e-01,-2.067421665530360941e-01,4.089300393011720269e-02,-4.534846973770755019e-02,-2.803277564902306729e-01,1.958583689742441902e-01,1.960505759519283742e-01,-1.848018821082881777e-02,-4.159793496881816210e-01,5.937268580580908756e-02,2.558754075270306960e-01,-1.417507809411372999e-01,-1.256206718834789737e-01,2.038930174971263082e-02,-4.661577859640675565e-03,-2.311631362584124771e-01,2.273679023888661721e-01,-1.703984855094638762e-01,-1.439607567679847266e-01,3.922704325864118102e-01,-4.276287676498872342e-02
2.107094726492725056e-01,-3.533430427107929761e-01,-3.244880046508536453e-01,-6.152621902783996649e-02,-1.094766555093204252e-01,1.965412201206508946e-01,1.770092247652024497e-01,1.327561774433898625e-02,-2.567327307010822679e-01,1.235593864140857728e-01,-1.480917636837391638e-01,5.128287212189204525e-02,-1.051405563274154797e-01,1.297147444159986174e-01,-6.979871043984337345e-03,1.225141447199711714e-01,-3.804626057697090280e-01,9.500782894428921876e-02,-2.110667457222922538e-01,-2.937334967744230016e-02,2.893253297120318979e-01,9.586845745027880450e-02,-3.880136906691147858e-01,-4.532009522720060329e-02,-1.208892760355083917e-01,9.502158774968459676e-02,2.764272177448430859e-02,1.103763381867316207e-01,-3.758162427305652420e-01,1.512199930456061270e-01,3.316881070431577649e-01,-3.002779170132765518e-01,-1.134103407739304181e-01,3.902856047151605917e-02,1.044706580874444624e-01,2.596677002981799820e-01,1.346287582092457191e-01,-3.123591736156030030e-01,-1.747284428507120124e-01,-1.183122154781286184e-01,2.625506608174094092e-01,3.348743348027806155e-01,4.399019851839235384e-01,-2.560060218569693014e-02,5.321067175651503778e-01,-3.531878686240933485e-01,-1.096207222806769022e-01,1.021462630990520870e-01,-4.524022260400604317e-02,2.491922102865098410e-01,5.066480425691948231e-01,3.620066427924222008e-02,3.320502505767045781e-02,8.928904061999370922e-02,8.466544406481439633e-02,1.822974709658956721e-02,-1.566068899726966168e-01,-2.303188259828246598e-01,-7.516482526701528943e-02,1.416773123266872603e-01
8.001850815413522056e-02,2.456827669621877985e-01,2.376503849174837202e-01,-2.158548427799909519e-01,1.573397743629644518e-01,-4.573850316383432646e-01,3.390503203790455611e-02,-2.671063190774005114e-01,7.438292540271698727e-02,-1.961728312529717466e-01,-2.206608564997007971e-01,-3.218337537819929706e-01,1.651185864367434308e-01,1.374574473079404613e-01,9.446015760856911470e-02,-8.047342477356825285e-02,-2.633827869103697039e-04,5.253335433536733545e-02,2.768033698047082103e-01,-1.448290295239904046e-01,-6.766446953469931747e-02,2.727851617178428389e-01,5.078091029107850707e-01,2.010995700060157765e-01,-2.189374121014624475e-01,-1.344080879773848214e-01,-1.731047323091374768e-01,-2.247177205182218918e-01,-5.842049573194032369e-02,-2.282068766549505967e-01,-1.142298474742530490e-01,-1.063575296134729314e-01,-2.470214144557882352e-01,-3.804629446013151894e-01,1.819848196276114272e-01,5.489601751275188096e-02,-5.039376398584831385e-02,2.808164244182181357e-01,-1.589894978880140308e-01,2.381313473877739659e-02,1.894324694979520607e-01,-1.549894852124997745e-02,-6.256818574001057898e-02,-2.992031860540100147e-02,1.235242453059222020e-02,-4.988705703633322663e-02,-7.738900295166528318e-03,1.936086171660992283e-01,-2.044301304111725837e-01,2.691820299175422537e-01,-1.137061317332326293e-01,-6.129712464267646904e-02,2.851737866557979006e-01,-1.880664651188642400e-01,-2.850201261109880368e-02,-1.314647241656857202e-01,3.690573210222546363e-01,9.318850579559971592e-02,-4.166575176603004582e-02,-3.993873978583885598e-01
2.123029880681168158e-01,-6.450676457178264878e-01,-1.527714201460841914e-01,-5.589139081226886935e-02,9.884092683021873660e-02,-3.661429504730828646e-03,1.652306456003881652e-01,1.195952172375963352e-01,-1.286270254104595889e-01,1.844450118329002755e-02,-3.062898439753817398e-02,-1.518053006919338477e-01,1.025311295747102260e-02,1.042901333251724932e-01,2.286889390533271005e-01,2.012952885917194679e-01,-1.969024101119573322e-01,-4.563189099231527990e-02,-6.072491690826005428e-02,-2.877268463915421126e-01,1.402665068298193304e-02,2.741097354693923238e-01,2.397653878638740521e-01,1.795754457246530877e-01,-2.001153497925746427e-01,3.336057469259069014e-02,-3.064213006184037802e-01,-1.244295974591345944e-01,2.209441251833998976e-01,-1.507507162604191098e-01,-1.541556263037678898e-01,-4.995654430158574799e-02,-2.222096915694394548e-01,-3.006818164043503772e-01,-4.599444623728596998e-02,1.117724781036758125e-01,1.026590061352621319e-01,-2.613737368728014654e-01,-3.593077589179692610e-02,5.682770415792304415e-03,1.166921843614579651e-01,6.050305823864609960e-03,3.667617189074891260e-02,3.220863833952074540e-01,-9.995727787882219273e-02,-1.779774101949554432e-01,-2.355616498877683429e-01,-1.485567424559115501e-01,2.423292536808754893e-02,1.159769890661207503e-01,-3.982940440985174163e-02,-1.445366055365092384e-01,1.688164873359215279e-01,-1.646313870995900694e-02,-8.607438299848305108e-02,2.506109568539608423e-01,9.380692802184203982e-03,-2.363917870736546301e-01,-9.924749448240155481e-02,2.131594162568518080e-01
1.749927998677647256e-01,-4.578350638770515291e-01,-3.142084809288520630e-01,8.632254441771942954e-02,5.854896578851392919e-02,-1.160098072390402801e-01,2.729168535614137636e-01,-2.631331644682749493e-01,1.850171191116560809e-01,-1.769409672401681122e-01,-1.886781887462877505e-01,2.814010935211265219e-01,2.869336578628929255e-02,4.402638749390304362e-02,-2.604445757926094340e-01,3.958988339401020400e-03,-3.637597613304356936e-01,-1.942200809599177735e-01,-9.885997727754221309e-02,1.623937177729445347e-01,-3.804101085247839353e-02,9.199067116453513160e-02,2.950538045740213611e-01,-4.043665173834342860e-03,-2.420750330254984595e-01,9.286227996315433997e-02,2.003121245553254187e-02,-1.328637448905251039e-02,2.199118633212880369e-01,-1.194428254892415248e-01,1.250878108556236212e-01,-7.241204859456465415e-02,1.945978331820739649e-01,1.883454000887799518e-01,3.131047208312072727e-01,-3.521937612209613544e-01,3.115270985062862930e-01,2.642810149235986228e-01,1.535566599015876776e-01,5.675168720522938415e-02,-5.159695339359918892e-02,-7.410482282822826450e-02,1.588155888035577834e-01,-9.220261268645731090e-02,6.089500300962732288e-02,-1.090425801666584926e-01,-5.324806228868927960e-02,-1.598718586098714367e-01,-1.506046303251158125e-01,-3.288417174101807700e-02,-6.212743079855618383e-02,1.379262802470214988e-01,-1.481082834822642635e-01,-2.834128737573338164e-02,-2.949308005223743590e-01,-1.722929421954422224e-02,-1.043776678726582724e-01,4.659967922423990383e-01,-9.898916062192130577e-03,-1.052933250015116728e-01
-2.678816766929435489e-01,-6.927029091226652446e-02,2.046086565901696075e-01,-2.342696251515910821e-01,-3.310494383954573072e-01,5.159471916383606693e-01,-3.608177425988360887e-01,-6.230400707671666233e-02,2.565231685819832075e-01,2.433773424585340961e-01,-9.624944728749855460e-02,6.802780645304928875e-02,-2.418918672596265529e-01,1.528866165844132152e-01,-2.558359823063904859e-03,-1.612964383415031733e-01,-3.831906247565132762e-01,2.445020798962812825e-01,3.247868311115609807e-01,-2.287824608704246976e-01,-1.351592209511186804e-01,1.611966395716271927e-01,-3.157496861376805630e-01,6.005722132320252815e-02,1.848999515995017372e-03,1.670224884139167032e-01,-4.483021107027715391e-01,-1.752199432286634662e-01,-1.152307650408576079e-01,1.626516062346519964e-01,-1.036072402106177071e-01,1.073671560509662781e-01,-8.906093863174770198e-02,4.005512809517311479e-01,-7.350408196409659312e-02,6.090972499804052365e-02,-9.658834015793037187e-02,3.147395434553118543e-01,4.020499720331498494e-01,3.643593645758056998e-01,-6.965780113875527646e-02,-1.748931492564625156e-01,-2.507298330480150494e-01,-8.836309981573835237e-02,4.364176739872016597e-02,-1.455506771824527923e-01,1.873508818659705422e-01,-8.674556534871100122e-02,3.243136631770947298e-02,1.063747911556824077e-01,-1.990976720983246295e-01,7.523180319659225623e-02,2.610600548824131284e-01,2.209297343177295606e-02,-1.183394667787752638e-02,1.409722204758355468e-01,1.937523187464014474e-01,2.170419207759103630e-01,-3.568233663350565132e-01,-9.815628823387587132e-03
2.517447722603619598e-01,1.982618884967234374e-01,2.958199687971617697e-01,-1.473650976740014662e-01,-4.590995967088450092e-02,-1.554730626199120683e-02,2.719023288040497977e-01,-1.385050912243913912e-01,6.516832320145217461e-02,-1.283628940824580456e-01,-2.280343757315763525e-02,5.473320571008390839e-02,-3.589284543657569881e-01,-2.508074166629013502e-01,-4.033341964164924298e-02,7.494684986281123507e-02,1.386013728554429392e-01,-1.285525333363713163e-01,-3.288514465830757461e-01,-8.276324344235494457e-02,-6.172999092929554177e-02,4.197136244252418491e-01,1.915953098179758868e-02,3.801045260444410046e-01,2.241673893866570622e-01,-1.182248809663124789e-01,-3.788530550044363343e-01,8.314843896991938599e-02,-1.581102248764613694e-01,6.642427337929991682e-02,6.411224283642669337e-03,9.612296054357075126e-02,2.252253406283190665e-02,-8.798953267769320241e-02,-4.088523869334923511e-01,1.438604518055257298e-01,9.292395910102840828e-02,-1.004138137559890953e-01,1.320547865492781581e-01,-9.104067477169474482e-03,-2.240429205846921623e-01,-3.527420401846509401e-01,1.145792650729368922e-01,1.329465604950458846e-01,3.527261044641648580e-01,-2.193924914949327842e-01,1.515224363109902994e-01,3.456120317974341605e-01,1.303999431441638657e-01,1.519920720905075795e-01,1.857604386790124296e-01,-2.191236072674874469e-01,2.128140373515784167e-01,-9.328805751422625248e-02,-1.311456297949643579e-01,2.693994589727732314e-01,-1.400048569819385968e-01,-1.930345242483396118e-01,-7.372049456269950951e-02,-2.482271330044155400e-01
2.446073776683789502e-01,1.981632218068137552e-01,1.708351385377770426e-01,-1.300543042215304181e-02,-2.397235157685198015e-01,1.011026526665921021e-01,-2.060384927387541032e-01,1.233784445950176778e-01,-2.787996630005230569e-01,3.464528997655872411e-01,-1.496110544107115692e-01,-2.917550913068840956e-01,-6.803820774499738655e-02,6.609327090240288416e-02,3.009542882810422038e-01,2.344273848989494591e-01,-1.396121713118215202e-01,-3.380715286594461189e-01,2.088080209720858949e-01,1.908377757090210514e-01,6.774661093971315329e-02,-2.424929457298813651e-01,-1.626244021419263608e-01,-1.227224882866622957e-01,1.009416265710346983e-01,-1.483488579372326810e-01,-2.133959441614630970e-01,-5.201292498231897821e-02,1.661107903028205589e-03,1.839550430992185348e-01,-3.098693823679050108e-01,-3.765491291163948762e-01,-2.416961084880612370e-02,2.985900417353993808e-01,3.896045257663522388e-01,-7.523969996465161569e-02,5.617455759712347563e-02,5.182530541388992440e-02,-1.444738636002584620e-01,-1.406444915990017752e-01,-3.951960312408252518e-01,4.396311633170374433e-01,-1.416486118908984737e-01,-3.653824134757266504e-03,8.034859615950411260e-02,-1.267747673769279403e-02,-2.083187549591086485e-01,2.481086920790196992e-01,8.691067766990551169e-02,-3.835938904460156618e-02,1.535387831799400471e-01,-3.403553136995010608e-02,3.827898249955725696e-01,-1.083305950093909481e-01,3.180135630565370519e-01,-1.010705717768976275e-01,-6.285485408386182020e-03,2.978148314239549288e-01,-2.416717844390534609e-01,2.502799967690373384e-01
