-5.233184856168239252e-01,-2.470591570658111635e-01,-5.388154308259427566e-02,3.179498408655948710e-02,1.808928904173747187e-01,-5.507554723777181860e-02,-1.375211131794674968e-01,2.352246712602922840e-01,-2.081304544124438702e-02,5.708193821518263433e-02,-1.076309701185848011e-01,3.355277565741489332e-02,1.006282591835882673e-01,-5.738820784102108968e-02,1.489367543171832842e-01,-1.117754981001474815e-02,9.126218081048462216e-02,1.180209662886873012e-01,9.199935295345389175e-02,-7.766510690392233740e-02,-1.857436853008632149e-01,-9.908164004780098399e-02,1.346118963545767620e-02,8.337681561593332513e-02,-1.840408769920099386e-01,1.014936688133802611e-01,-1.654993942995407474e-01,1.047546314620801666e-01,-1.570176014841461465e-01,-9.708993467694224111e-02,6.480595659121758667e-02,-1.063040644153782771e-01,-1.615359239212734721e-01,-3.149776962355269050e-02,-3.144799152826697336e-02,6.406281520550345665e-02,5.579443901971280206e-02,-3.007604815340869098e-01,1.515369815230248052e-01,-4.505114581578778359e-03,1.267548795312242738e-01,-6.300971604019042771e-02,8.064605005132037541e-02,-1.883185095268671144e-02,-2.628619275192238189e-02,4.043665064006905785e-02,2.089184189421955939e-01,-1.515421867817733914e-01,4.203334097510720568e-02,-1.292799466156872579e-01,1.001460204930566117e-01,-1.147271553262563248e-02,-3.594539756115045503e-01,2.499178095889950657e-01,-1.424349780414540800e-01,-3.439480603459928870e-02,1.159887340781508708e-01,2.395786751002147025e-02,1.866901057325825453e-01,-5.634296685527606478e-03
-3.550772200284186830e-01,-2.922520516611362695e-01,-1.900027882264579415e-01,-5.999739466682933731e-02,2.491230137174170467e-01,1.815602507983582192e-01,-1.690748846829211172e-01,1.649277388776320685e-01,-7.693635078162436303e-02,-1.353423526996938298e-01,-1.337270431904674095e-01,-1.451841789326056495e-02,4.512051439992098567e-02,-8.747550953365916537e-02,-1.365090630609955280e-02,3.705780758283636761e-02,1.850139696170989834e-01,-1.528371954438937086e-01,1.446716308619999669e-01,1.603765840785327870e-02,-3.584129323531594358e-02,1.397696729699352824e-01,-1.461575668016760476e-01,7.894692023217709034e-03,-1.837655019667233103e-01,7.010422594102104499e-02,-1.127054183826135814e-01,1.992039081341392126e-01,6.344914843716371877e-02,-2.554369386842353928e-01,1.895889509467540979e-01,4.773197035406842592e-02,1.068589129218706357e-01,1.807903499070417364e-01,-6.724265052146903565e-02,-6.618123385069391018e-02,3.309803244534161720e-02,-4.887866763290447947e-02,1.526255112442751471e-01,-9.566699134897903301e-02,-1.828162674200571047e-01,8.252362897875653580e-02,-1.303806055223310501e-01,1.499189450296721515e-01,-1.252693973659633198e-01,-9.071388076938152745e-02,-1.688550492725498786e-01,-1.090186606658397062e-02,-5.507621427105972856e-02,-1.387080542151475637e-01,-7.536806431719407506e-02,-2.031054579461955001e-01,-7.326907651016738299e-02,6.668159624487020321e-02,1.875147316073094150e-01,-5.339510675693724673e-02,-2.004903707663703294e-01,-3.044942453386322301e-01,-1.493518075933516487e-01,1.331047304109022333e-01
-5.094508488792185569e-02,-2.296467137976191120e-01,-3.361577082429585972e-01,-2.750580711328490247e-01,-1.954225649817427357e-01,2.019977570792509114e-01,1.752036895157989271e-01,1.222161987036099323e-01,7.262984240166839300e-02,7.868499570953328692e-02,1.015502270155625164e-01,5.744893197445433315e-03,-7.430597793918305993e-02,7.778080146333589406e-02,4.206042600945761323e-02,1.054256196611778051e-01,-5.030038045632030663e-02,1.239272725972088898e-03,1.845263929133286740e-01,1.652068721358107006e-01,1.296635636138265824e-01,-2.439162723212993239e-02,3.032441026153458521e-02,-7.041696115307316539e-02,2.070636035252606533e-01,-2.255640711389077582e-02,6.696187774064975458e-03,1.126400063326370021e-01,9.490658525955072977e-02,5.554058191352294338e-02,-1.494589807269867676e-01,-2.479788645208908515e-01,-4.899899050168204755e-03,4.909963456499390894e-02,-1.622725102608124637e-01,-6.417187246390528010e-02,1.463558197138584704e-01,-2.427691544449017136e-01,4.830962918166969988e-02,4.254014750846956544e-02,1.013766551281999606e-01,1.139795435403682111e-01,-4.565530851224394032e-02,7.063142128102525841e-02,2.506581004134141866e-01,1.724875768916635521e-01,-7.268869547218584359e-02,-7.133042172352183075e-02,7.623600688121467961e-02,-2.040852278669846864e-03,-7.450032702619120706e-02,2.280123585115318915e-02,2.042280394373304220e-01,-7.174351634338119177e-02,-2.275496084426869847e-01,1.108706393018165370e-01,2.757679355700180107e-02,-5.254011724852074468e-03,-1.196932802210481060e-02,-2.711240289894256694e-01
-2.213623200459371443e-01,-3.455923590130819956e-01,-1.462369065390978218e-01,-9.498484115969779706e-02,-3.504880261944335329e-01,-7.478347148215429285e-02,-5.631520261900745117e-02,-4.004447117382392562e-02,-1.300129318478166207e-01,2.209428027507163161e-01,1.675223427323425593e-02,-2.179418353357504001e-02,3.402867455728485480e-01,9.539035820345993788e-02,-5.788936642811019079e-02,2.472796422583590226e-01,1.859737960942070556e-02,3.046524156983412140e-02,1.149711106993442089e-01,9.710745885564493751e-02,-1.258147297031891321e-01,-8.058578725345841298e-02,1.529427601333537348e-02,-4.203174352569712807e-02,-3.367086522749257547e-03,8.403549721736600087e-02,-7.787293535357776852e-02,4.274618806787546660e-02,6.984829793760556627e-02,7.112500212506306721e-03,-4.356821013875587095e-02,-6.549362020834626104e-03,4.820726829439057198e-02,-9.646122137000870400e-02,-2.676282516948984627e-02,-6.505412299363030892e-02,-4.552052298452559376e-02,1.160170255010743723e-01,1.159796484681533679e-01,6.394685920009814117e-02,-1.043930184679042056e-01,1.472634186986158666e-01,1.406425903475969630e-01,1.133377032052040601e-01,-2.777014969677543132e-01,6.104117308728575914e-02,3.050139415810990823e-02,5.463036586265353212e-02,-2.677845109870295032e-02,-8.506347776897617285e-02,-3.243188562660620500e-02,-7.025921480110795814e-02,-5.684179877135200204e-02,1.224009808593545384e-01,1.008500578000598447e-01,-1.362989814094878183e-01,-2.031267811140114073e-03,1.982378692268870271e-02,-9.514966643444368322e-02,-7.367729911906577278e-02
-7.452664012277196437e-02,-2.715180011977324503e-01,-2.389280792509775320e-01,-1.784487580146666141e-01,-1.999931354758553159e-01,-4.203009131013943356e-01,1.800429572737484996e-01,-5.148112110192208657e-02,-2.545094730510417125e-01,5.646886189685259433e-02,1.186142005827226474e-02,3.126269785140654012e-01,4.824148774830153141e-01,2.372475935311992856e-01,-2.254379829706378846e-01,-6.945378864435705624e-02,-1.374409307433034633e-01,3.299452271110409063e-02,-1.094262662569955441e-01,-9.273713752892696893e-02,-5.590454256363552865e-02,2.198524406842707890e-01,-2.051688466834289404e-01,-1.909550946537200422e-01,-1.275710592534748944e-01,4.172773953467200092e-02,2.471364583733967613e-01,1.884214703757359499e-01,2.245928269285429324e-01,4.042929782003497619e-01,-3.853791170794679255e-01,1.855764329447033845e-01,2.594152686433300742e-02,5.499779978397727198e-02,-5.339859929501496183e-02,-2.188089823273368234e-02,-4.360537595267850730e-02,-1.533036382152827559e-01,-1.529593616952795998e-01,-1.805598562297948753e-02,-1.096121846824055224e-01,-8.109262649371706821e-02,1.320387073955278656e-01,9.487398494402009275e-02,-1.307098079085685684e-02,-2.369230844486954479e-01,6.072706040215603181e-03,-2.321473720027247833e-01,-1.686623225862609876e-01,2.817035916023825082e-01,-2.195699179731163547e-02,-2.601544406335264403e-01,1.052638528404670482e-01,8.702604052679678570e-02,-3.132714087695822464e-02,5.246824416806906977e-02,2.869440661798641767e-01,1.649043276950664938e-01,5.088929477522683570e-02,2.087672798257693696e-01
-3.440164858967000028e-02,-7.464429958840890222e-02,-1.428663530609915744e-01,-4.866309992829624675e-02,-3.278111663771506867e-01,-2.599677280372953980e-01,-2.674639051106855181e-01,-3.186146555337845965e-01,1.533850735514210029e-01,-3.811154678703928544e-01,-2.274625912661866478e-01,5.420194967358484689e-02,7.216354401249033823e-02,-2.547518727983972830e-01,-9.843137589127871900e-02,-3.100337248198390891e-02,1.357098898274582133e-01,1.127118090946071655e-01,-6.660256078525386703e-02,-1.431933618937864805e-01,3.025097832728318448e-02,-1.133318048277393436e-01,-2.737937555867609937e-02,9.609781341191534626e-03,-1.915168074900820694e-01,-5.585641687242461767e-02,2.191392914514065926e-01,-7.659109104480144037e-02,-2.109630666452435438e-02,1.109143127216309227e-01,3.054409212607004515e-02,-2.110182398872944565e-01,3.574437155177821734e-02,1.428351763007320620e-02,1.157279955065633609e-01,-2.074301103929072562e-02,-1.159335430071016526e-01,1.180135629040604678e-01,9.075840490395889470e-02,-1.176165301204594449e-01,2.113294611497031350e-01,-8.522118911420782650e-02,-3.976330632348749200e-02,6.929891027101724166e-02,1.610006582005455572e-02,-1.498238511434236142e-01,-4.151300351060351751e-02,-9.751440195416380408e-02,5.584520937960617271e-02,1.586170375704388236e-01,6.723267478159847266e-02,-6.104655152492534376e-02,9.111250537660879611e-02,-1.048497572703869507e-01,-1.331139119244417190e-01,2.122264852294369619e-01,-2.846490686598162623e-01,-2.007430673963646883e-01,4.576758793185560503e-02,7.805945281999240870e-02
-3.613844172409614447e-02,8.250504037690221948e-02,-1.212859913185396349e-01,-6.446750466028590143e-01,-5.213320104503545854e-02,-1.564088778236005783e-02,2.816689340800463959e-01,-3.086251030808715989e-01,1.026284512308397873e-01,-3.302892921383808467e-02,7.833371157721757960e-03,3.106990449168917090e-01,-6.655944148797088289e-02,1.242909312313127818e-01,1.798926213938965568e-01,-4.605597456907346843e-02,-1.353688361786426972e-02,-1.059322350016633774e-02,-1.947852970002617312e-01,-4.988239769152464503e-02,1.500604048615893360e-01,-9.469136545767910251e-02,1.149015998376221315e-01,-3.914410171505533498e-02,-3.742090622147200007e-01,-1.726734009092348310e-01,-7.698477123293112623e-02,-4.589751583573196958e-02,1.708521619825180693e-01,6.318992827487560082e-02,-1.122075900466132925e-01,2.311074998292019234e-01,-1.151566174315368229e-01,-7.108701357780793095e-02,1.252623826381347137e-02,5.605276473457261599e-02,-1.041598993683504615e-01,1.833619138617223476e-01,1.545441665315561708e-01,-1.931029188538621599e-01,-1.198592736520797120e-01,7.890941201763809754e-02,1.803031934384334012e-01,1.771641701724639417e-01,9.002780386520645162e-02,-9.531235415927427623e-02,-1.920989643432620131e-01,1.723686244134143009e-01,1.354264243673606802e-02,1.145198002591959197e-01,-1.845602756767653341e-01,7.614862867974185601e-02,-3.837110904659261218e-02,2.599577814968191403e-01,1.476752240226140989e-01,7.335208876994599170e-02,-9.627477116809123048e-02,2.807417903378868207e-01,6.622868692757149893e-03,-2.258140514004549626e-01
-1.224491651731909742e-01,1.518495022053978072e-01,-1.449460831367843094e-01,-4.831746138518928924e-02,-2.195150693745998721e-02,1.045895915239467532e-02,-9.923437673158649885e-02,-5.967274559587797123e-02,2.457615068987814289e-01,-3.426343650251931772e-01,1.374845284150046643e-01,1.838370107553936594e-01,3.571784719744292014e-02,-2.970530210795689907e-01,-1.034946313250431488e-01,-1.562967247967202711e-01,1.933658832074671152e-01,1.925873393359524288e-01,9.522968253123154092e-02,-2.013474455661111440e-01,1.455565194502243254e-01,-2.698584868066611353e-02,6.506572502966594118e-02,-1.497238664930741238e-02,1.880941523354143496e-01,-1.837347706471032793e-01,-1.488066004075306314e-01,-6.223239203007402409e-02,1.604381731243964548e-01,1.044771864282283413e-01,5.261411181286457239e-02,1.322707669325420311e-02,-9.253121863195692964e-02,-8.564274941273290753e-02,1.552531597793028462e-01,-2.136454231871066090e-01,4.265313206588840222e-02,-6.672601474588261972e-02,-8.165392349812540529e-02,-5.501368438003543387e-02,-1.890813546370043452e-01,1.880512138352338075e-02,-7.814462039174094321e-02,-7.149765771417460059e-02,2.313792087920164831e-01,1.108491997656836092e-01,-7.072789171367878380e-02,1.481434883743119046e-01,1.149063815090676233e-01,3.749894751777763796e-02,-8.936874121876955956e-02,-2.472464954878710319e-01,-6.540193205402966906e-03,-9.867535760943674239e-02,1.007016587441450090e-01,1.781922520595110859e-01,-2.939004295534266009e-01,-1.956672747479844265e-01,-3.870899982910652043e-02,-4.508529738918408414e-02
4.589511674869150570e-01,-5.733390190039586859e-02,6.687384526050457745e-02,4.294661480226713013e-01,5.791345796929445872e-02,-1.599672162762299510e-01,4.058954209479846975e-01,-2.410775868720417547e-01,-4.984650467431969018e-02,1.877421005964388656e-01,3.650609989697758268e-02,-2.598702249061108360e-01,8.833592603160841938e-02,-2.293444152356062526e-01,-1.298025642691170156e-01,-9.972873328194865883e-02,3.504582811710086898e-01,1.043658252273967912e-01,1.899494054310773561e-01,8.717607194366430723e-02,8.019772235445368769e-02,-2.627786175159880708e-02,1.389200340439777914e-01,2.157145592266376810e-01,5.369860094669520745e-02,1.031356850588191210e-01,-1.393819623599218925e-02,-2.899106216687761806e-01,-8.163652802418312759e-02,1.484602889601643883e-02,1.325223633079690155e-01,-4.486363293179601586e-02,6.922486715191093765e-02,1.920503207045717864e-01,1.878437972396047526e-02,2.986151070746597552e-02,3.129573743925258972e-02,1.742141227017765803e-01,2.450064892811520262e-02,3.670368587825295625e-02,-3.764657382305662547e-02,2.884669446096295720e-01,9.261205875016273459e-02,-2.207008654677306281e-01,-1.912623571561661018e-01,-2.380753085511610329e-02,1.279579586352163900e-01,-1.490517616186351757e-01,-7.181232916704774483e-02,-1.334231802120730559e-01,2.240556337848075841e-01,-7.932971523256152069e-02,-2.988116863263792777e-01,2.416660906694888949e-02,1.526440419534314530e-01,6.339089072163631156e-02,-2.150678310966707696e-01,6.477567734215408657e-02,9.112295585506537121e-02,1.748265099199794448e-01
3.200406596488496180e-02,-3.289500869798374361e-02,-2.856668074376899069e-01,-1.931980279597310113e-01,2.161309841032517942e-01,-2.996824541570840550e-01,6.388768850139636690e-02,1.765152772317243046e-01,2.038843025741080839e-01,-2.139447394006090131e-01,1.978710019586060187e-01,1.535556684481393930e-01,-1.136688675168515267e-01,-5.729571734433923369e-02,-1.715342801078938509e-02,3.096443449541396165e-01,2.920637733078831344e-01,1.590628690215911689e-02,7.023310752774714061e-02,-8.677692377801568546e-02,-4.025938274068698031e-02,-8.817805509941530062e-02,2.988329224135848339e-01,9.586063704051764334e-02,1.332017378174178979e-01,1.516343586019424927e-01,-9.454134205743493224e-02,-7.257978160342704044e-02,-1.894707658937594685e-01,-7.180302793433027131e-02,1.194213871719852216e-01,7.442834184923022289e-02,-1.064476531191320269e-01,-9.262634646189837895e-02,1.473874861759595090e-01,1.454341941723849008e-01,-1.019552170162731086e-01,-3.050493898590563718e-02,-2.814465966640422590e-03,1.060393297095796744e-01,8.539058592783657642e-02,-2.715698225271086924e-02,1.713330501268927331e-01,2.273055986264796088e-02,6.664191845032946260e-02,1.652197295885257378e-01,-1.042403837256139776e-01,-1.378883308624292148e-01,5.976381266577204115e-02,2.705997104179025566e-03,-1.444837515159094754e-01,8.955283344851709681e-02,2.625935010895105726e-01,1.907592446977152967e-01,-3.671086105412748601e-01,1.944867182542673323e-01,6.904317190874091625e-02,2.883819325296649305e-01,2.827496185028374048e-02,1.118564097652648137e-01
1.867256163161344351e-01,-3.956066651618259655e-01,3.075724142718830878e-01,-3.532269588609618371e-01,-1.599371038688893187e-01,-2.137916291071748631e-01,-2.449891562868755646e-01,-2.903642344467454173e-01,1.122189636746291977e-02,-1.297579826293469019e-01,1.380787229772735825e-01,-2.472864356366235028e-01,-5.512803983422744081e-02,-8.951418603319805101e-02,-1.971473404773837201e-01,-2.222748834991797595e-01,-3.864846036960550846e-01,-1.719209935227732911e-01,2.460193656074470547e-01,2.628609568656191664e-01,-2.223123801941289945e-01,7.760090627714125167e-02,-1.104755555981209447e-01,-5.789929926422955619e-02,2.135115282481037935e-01,-2.757228629174848789e-02,-6.599550417207533312e-03,1.007695551495595004e-01,-2.728631470151886562e-01,-2.999601341385752518e-01,4.036411928727397236e-02,-9.556368884295360355e-02,-1.862908389044459490e-01,-1.660567420157352814e-01,1.446652029714813881e-01,1.985582941569707383e-01,-2.051520810414093551e-02,-1.139778511927191972e-03,-3.123476058255560406e-01,-1.517500891960096576e-01,-2.413600435627242802e-01,5.340102196611964253e-02,2.766898952989521772e-03,-2.434941550182517962e-03,2.281919644394045932e-01,-8.487212054270568129e-02,1.435633803180126067e-01,-1.041387116063338808e-01,-1.553577926912200480e-01,2.329624903194245644e-01,8.237604430652564758e-02,1.117692544255963344e-01,1.168711252816467859e-03,-1.024283066634316432e-02,-2.955789012437642915e-02,2.906049779892065990e-02,1.070181372503819783e-01,2.128980781173528403e-02,-1.272338042927614321e-01,4.700885375210363260e-02
1.629659670425891438e-01,-1.298223600721183091e-01,1.129352055488999779e-01,-5.233325619674009804e-02,-9.615078871364901233e-03,-2.735462552497179289e-01,-8.587838812889594942e-02,-1.517203495382125067e-01,-4.615876014761751550e-02,-1.450744435379276998e-01,-1.346544677066836490e-02,-5.470769768181469317e-01,4.068929650270562692e-02,7.086888346964054231e-02,2.640416992161956911e-01,-2.126103892907992843e-01,-4.186425590176289235e-01,-1.248676558399997027e-02,2.324236620144159160e-01,-7.161971515658061005e-02,-2.714178702149645447e-02,3.070359926903121206e-01,-2.284425674909891790e-01,-6.795369564237249693e-02,2.854954488951476632e-01,1.052480814248986513e-01,-1.424762623832661890e-01,-1.165743880535741184e-01,-5.279999255238683464e-02,-6.968334325434955012e-02,3.951791152031525756e-01,2.188247910525963624e-01,2.081435501733939208e-01,4.194617243137892248e-02,-1.496766823147726577e-01,1.906513607207306893e-01,2.707445917031192084e-01,-2.582007584039982540e-01,-2.557291243156815108e-01,-5.601816511040469621e-04,1.735615753076332757e-01,5.870015213729573231e-03,-1.574817474839584619e-01,-6.960475448573363866e-02,-7.350512504405000425e-02,2.218216813579178270e-01,-1.528779210159247892e-01,1.402600452658841991e-03,-3.813197990502019408e-02,-6.798995350555020294e-03,-2.436319529486238866e-01,-2.709749581443808841e-01,-1.481417490506121148e-01,1.650522718206093864e-01,-9.372223342872877672e-02,8.435533035528469670e-02,-1.269072980390435201e-01,1.805008561372803411e-02,-1.534359634579477993e-01,-5.094152600642328638e-02
3.175395121473841009e-02,1.271280762662402031e-01,-1.124297148154889542e-01,5.506946223598040147e-02,-5.065248502377295292e-01,-1.185200614553844345e-01,3.678565017019076455e-01,-8.436738501355341147e-02,1.868883570407427475e-01,-2.175817284225919912e-01,-1.067051027655004508e-01,-2.421242575989437928e-01,-3.285299923381369558e-01,2.578309624553117296e-01,-5.024305099042823686e-02,-1.053952108285957923e-01,-3.602719226506827244e-02,-3.033468981732937580e-02,3.880072876602628784e-01,-2.538746476392403917e-01,-7.217159498533284312e-01,-2.260030647275189375e-01,-6.786465652802201043e-02,-2.603965821881381593e-01,1.633844269820263276e-02,-4.465889538958113247e-01,2.144458854874828346e-01,-2.885425976826260300e-02,3.780020078362700264e-02,9.387357879384412851e-02,-2.076413214020614573e-01,-1.153021576485671468e-01,1.782339463623287545e-01,-4.333222336241424749e-02,2.977958654126476937e-02,1.550076513693807168e-02,3.092834703555021741e-02,-1.255230385446308439e-01,4.056823493508551759e-01,-8.582589248904684553e-02,5.585182241652231379e-03,1.267287057509205485e-02,-1.517955030486698442e-01,-1.112322980654575633e-01,8.516499030846240437e-02,-1.929754617370614822e-01,-3.810238736576923579e-01,-2.236671076242381928e-01,2.856147464000884928e-01,-5.570301498604481732e-02,-1.885105547507964219e-01,1.644245481535063502e-01,-6.051363003858034606e-02,2.274398303855434678e-01,-2.030904680820083685e-02,2.283316877217287932e-01,6.539411678352027857e-02,2.704365763525894972e-01,2.509328142742507997e-02,6.638377208306538158e-02
1.701468218384390510e-02,5.679333863591358444e-02,-4.747424927001123868e-02,1.817112022208174082e-01,-3.121511330217306979e-01,1.741654844136077129e-01,-6.115507652246230524e-02,-4.554704676292185006e-01,-2.077958403119055109e-01,-4.136699505534194854e-01,-4.360057117174543154e-03,6.654654894672998311e-02,1.879903804229040298e-01,-1.617072363426554776e-02,2.249838786596926599e-01,-1.858010991583001689e-02,-1.602483483215766669e-01,-1.076504745336032132e-01,1.244161033544526930e-02,-1.316838399191823661e-01,1.189814925594910172e-01,1.093346913357379629e-01,1.920398663031270270e-01,-8.910395518954498939e-02,-1.216633127709146611e-01,3.240015471555333093e-01,-8.296509021527558037e-02,2.956254402512933366e-01,5.829760059794290850e-02,1.209728671383455412e-01,-1.714712317701682157e-02,-5.795041528016886545e-02,2.742626093000656920e-02,-3.370281807629166293e-01,-4.668106804546739430e-01,3.810863815843212703e-03,7.080918102383260138e-02,-1.377892146025784248e-01,-3.667308000391648892e-02,4.144725273457712522e-02,2.123468020999158268e-01,-1.310549042114571572e-01,-4.145177777708464184e-02,-3.308848500142529125e-02,6.809163670432713533e-02,-9.649273275933806238e-02,1.194481641096638985e-02,1.289167113061150671e-01,2.487034094795938510e-01,-1.209654517838869847e-01,-1.839522702904628493e-01,2.768067010535620875e-01,2.349722700356030730e-02,1.030463817763176415e-01,-2.066463692738583213e-01,-7.412579809733939318e-02,-1.155877838896374465e-01,-1.941955989537109267e-02,-8.781619441255619773e-02,-4.541313831309346655e-02
4.218708029152541950e-01,-2.703847026080353211e-01,3.530475663162248035e-01,-2.469403110008325936e-02,2.725000114392699402e-01,6.310456227123062423e-03,2.386583413903523021e-01,-4.929486556332040581e-01,-6.212587944687382457e-02,2.577361174997235826e-01,-1.591105302252752707e-01,-5.501261839932072156e-02,-3.137296924144796634e-02,1.011279352594824515e-01,9.409904513129171977e-02,-1.604073910274309567e-01,-1.163322814922137932e-01,-3.682121476283352624e-01,8.437306367241700911e-02,3.173210214968242848e-01,-2.982925819349916408e-01,-5.723278224079690890e-01,-2.210287005507247660e-01,9.444874574051513594e-02,2.895547097243015289e-01,2.344017029568779172e-03,-1.034026715618614756e-01,4.359027177939772679e-01,-3.358438886646295668e-02,9.920716423548514573e-02,-1.335534062835791180e-01,1.945156822976661093e-01,2.228130088640941919e-01,2.507780017241084680e-01,1.937223477224233464e-02,-2.140093458373866220e-01,-1.882223262121219542e-01,3.263546125552736765e-02,1.924396117286031882e-01,6.379782238099555858e-02,4.914191664332381165e-02,3.904168486876936905e-02,8.722119131053311658e-02,9.073687302463469273e-02,-3.008516325286888504e-01,-7.898773356521838086e-04,1.937543309743081088e-01,-3.122485695525448191e-01,4.108369000449334230e-02,1.490441983477827359e-01,1.022050763899130799e-01,1.143962176233194461e-01,-1.149842807656956262e-01,-1.281285921286038076e-01,1.175425557639232788e-01,-1.089161654332842372e-01,1.313958358861092579e-01,-5.410489700217728515e-02,-3.603716359915819512e-01,2.364828862470833570e-01
-1.794320045983599510e-01,-8.879680279170853573e-04,-1.838589212099304704e-01,1.326345468799192406e-01,8.334660443840466448e-02,-4.983063307976411810e-02,1.315757927685138329e-01,-2.177649041441798716e-01,2.023455228855286503e-02,1.220480305631295170e-01,1.652370253946103262e-01,1.475490419944826825e-01,-1.174632329608736175e-01,4.925758285858159585e-02,1.995484793028783899e-01,4.754914763633807939e-01,8.072685827068032394e-02,-1.322332120394745514e-01,3.826556581274837554e-01,5.778476332247258623e-02,-1.059500102795295218e-01,1.074890966183649210e-01,-6.081053535430118451e-02,-3.322073668328827667e-01,-1.377370025065332015e-01,-1.665899825329083539e-01,8.116498480085232448e-02,-4.860849889836234283e-02,-1.401747549420933603e-01,2.933243806391007125e-01,1.698390821414769158e-01,7.335112239095434306e-02,-9.850724340464585282e-03,-6.710630635971800984e-02,-1.564928900092689978e-01,-1.227496921613120823e-01,-1.724144445733827302e-01,4.570693420346260138e-01,8.893881918345107607e-02,1.252779373966469989e-01,-1.652659116173229026e-01,1.253664277309964048e-01,-1.114606541135624573e-01,-3.237681009474581428e-02,-3.053663975130268549e-01,-2.111132561832336774e-01,-3.643542022961683835e-01,1.111041326788025224e-01,-2.628001201901358948e-03,-2.445596719964764423e-02,7.487642870268070017e-02,1.522019996705085143e-01,2.131226293471175648e-01,1.502241828845450322e-01,3.832986479411713832e-02,9.743717227503116696e-02,1.473463034437949050e-02,-1.983935248466388995e-02,-1.315320778788701683e-01,-1.398612697142643732e-02
4.443429901267931942e-02,-1.796730010570232391e-02,4.867223446772658280e-01,5.124746721253466974e-01,-2.086697964927880233e-01,-8.958929351995247037e-02,1.776395506410999347e-03,-9.394577841780464567e-02,2.379786148746062258e-01,7.704843533127767041e-02,7.655010446024435034e-02,4.387695317922757181e-03,8.782953912770340155e-02,7.800176142509114563e-02,-1.533218536016812128e-01,-2.073777619973459496e-01,3.616651477580327262e-02,1.262134480871126008e-01,-6.385885551636158453e-02,2.514355191807987611e-01,3.270034095160704313e-01,7.691400877289210347e-02,-1.236386462094979377e-01,-1.537599662206980411e-01,9.887925440215303285e-02,-2.474150961343588029e-01,1.384467093492506851e-01,6.519488871603645874e-02,-1.015740451162148450e-01,3.274638719244143403e-01,1.574296459422772632e-01,5.287334312660232211e-02,-8.734787549959538433e-02,9.186689429044761490e-02,7.479972402055504177e-02,-2.719590443814240421e-01,-5.443642909325561302e-02,-1.065190756794245769e-01,1.597165775217202488e-01,-2.853124621388190563e-01,1.087143947494628310e-01,-3.082911253043756905e-01,-2.926367204029717284e-02,-6.616623067454749374e-02,-1.085297152338593821e-02,3.455592700634024239e-01,1.474484872859066764e-01,-3.214809023743737670e-01,-1.320587237719970386e-01,-1.238399110828400096e-01,3.289234935589175485e-02,2.047963795678421628e-01,1.070019025749692626e-01,-1.307149709581461594e-01,-2.950929769907080155e-02,-2.110276131668637201e-01,1.133328277474181522e-01,-1.040555324679800012e-02,2.545493291467188501e-01,1.082532256067969267e-01
-3.857418074475704173e-01,1.565795897725219543e-01,-2.176086590597149095e-01,3.438727599939671586e-01,-6.374220635796622458e-01,1.661747568871334846e-01,4.542115077564490289e-02,-2.357001263572806038e-01,4.360829793195452470e-02,-1.021037158210631873e-01,-1.290213907139041161e-01,1.080830136677666670e-01,-1.578829697900851203e-01,-1.195507368995068764e-01,-1.924230566156736322e-01,-1.938151708776632287e-01,3.321505156374342516e-01,-2.327100859993681270e-01,-5.076577889982573227e-02,-6.014396901563238973e-02,1.500351468197792457e-02,8.563183473101818044e-02,-1.853401339199833766e-03,3.076345081453671360e-01,9.580616644120357184e-02,-2.073840862687762188e-01,-1.921245578845848234e-02,-6.487324081469916792e-02,-2.125937320924987592e-02,4.783892479779908169e-02,-3.032759208811396934e-01,6.281214760868128466e-02,-3.431320644772625772e-01,1.852483881855220005e-01,-2.536871642899897195e-01,1.923277300746257246e-01,1.410921914970194868e-01,-1.719011476911398439e-01,1.774109889237428933e-02,-2.879694128607757642e-01,6.772878084543229593e-02,-2.275329845010833768e-02,-3.568476543904639670e-02,-2.185530385741036863e-01,-1.972268537019235615e-02,-1.114514933743979974e-01,3.211947932918018944e-01,-1.596445770216743387e-01,-1.598103578660847457e-01,1.559370218034569246e-02,-3.077772676183967993e-01,3.855675011693747434e-02,2.205682602053283536e-01,3.404647202069414624e-01,-2.188790646627044312e-01,-1.931966062851544486e-01,-4.999236127935778595e-02,2.024613962386535015e-01,1.090777461725626341e-01,-2.399990693456987081e-02
3.918561770725635940e-01,4.492548789313494106e-01,-3.818921229939429840e-01,-1.302828439837319385e-01,2.461933755180532868e-01,-6.000525050553591477e-02,-2.346597222925231596e-01,-3.895373142397162702e-01,-4.450097189270794257e-02,-2.003276890361967710e-01,-2.315116023591859695e-01,-3.624755080736256074e-01,-2.938066451765662945e-01,-9.940291825609229304e-02,1.648777357105347674e-01,-4.396335463186912262e-01,1.446907215657929624e-01,-1.480040260259362639e-01,3.357167845656986588e-02,1.003995734054359684e-01,-6.253249740519369049e-02,-2.467704696551847598e-01,-3.826517476570701071e-02,-2.553508191758414592e-01,4.484647430835860260e-01,-4.459557714946806861e-01,-3.194845144106250867e-01,-2.429592271863288688e-01,3.499858937683223981e-01,-2.056521088082269022e-01,-1.052301764640873882e-01,2.007954777409823033e-01,-2.643187812751224830e-01,7.371592695803674822e-03,-1.773322359558773542e-01,1.347278771417468879e-01,-5.253906161320685830e-02,-2.716928332135996604e-01,3.528440033437769963e-02,-1.147438148517218731e-01,1.179229568260748567e-01,-5.319156603154804458e-02,1.479445752474311815e-01,7.268938585479464698e-02,-9.629900258086934728e-02,1.220698468333333009e-01,3.446688037333625609e-01,2.003105825399578988e-01,-4.971345306614644022e-02,-2.476211894048075401e-01,-9.033452247429492321e-02,4.825367188658615664e-02,-1.073798979486535049e-01,-1.271573296684146426e-01,9.843298700015030989e-02,1.208426530466289728e-01,7.974678145706090571e-02,3.047203259092595012e-02,-1.640946057048620621e-01,5.181627511357356046e-03
-4.858836708026079143e-02,1.610693436149593372e-01,-3.434120295431788289e-02,-1.845989181178055993e-01,7.522270055997624938e-02,-4.299404519384567580e-01,-5.409403186511167055e-02,3.592021659661137709e-03,2.474618277507332209e-01,-1.245639885376061268e-01,3.095327314185681855e-01,9.897824109312117202e-02,-2.151676930212270134e-01,-3.369093139479292787e-01,-3.282317996841677132e-01,3.472898029295935496e-01,-2.836532992347941540e-01,1.986308097275857505e-03,-4.439148540131911957e-01,2.554917431636988256e-01,1.732906969228751315e-01,-1.250296774675719036e-01,-1.270629819457032850e-01,-1.937712741037143915e-01,3.852100050843434431e-01,1.178455733673110239e-01,4.302956226839322468e-02,-2.530312462613728414e-02,-2.234028595095870207e-01,-2.353419106904353075e-01,1.982498989459890726e-01,-2.274832860081249797e-01,-1.831782091099289911e-01,-1.964943878423585366e-01,-2.588153672114839599e-01,-1.256172004196614012e-01,-1.413850186336971237e-01,1.241313169872617361e-01,5.018174983154879282e-02,-1.764109310253565988e-01,-1.867638401722680475e-01,-1.744247863916499053e-01,5.657106445732671546e-02,1.625087359060675141e-01,3.345715127485711649e-01,1.491976670415149329e-02,2.136431182713778854e-01,-1.978190415771798882e-01,-1.037108328614596980e-01,-1.502136566142289742e-01,-8.247671853507565487e-02,-4.685467056036408257e-02,2.920939966404767409e-03,-1.237376758148244632e-01,3.347890335805465134e-01,4.067044321208531515e-02,1.138690768454431179e-01,2.184278132088660063e-01,-3.806232716473523237e-02,-1.035032841095385042e-01
7.795618803096018845e-02,2.712684482118262255e-02,2.058933117506427934e-01,-3.277983967539294108e-01,-9.128841942546562019e-03,4.891794992809367359e-02,-1.052848677323925397e-02,-2.216589534450200405e-01,2.191814576230491363e-01,-6.309276622632882525e-02,2.390438850117783676e-01,2.084798993139382051e-01,-4.050457523140732485e-01,-1.209492943654054686e-01,3.618972340653192066e-01,-1.731442651860177692e-02,1.039668258102551118e-01,-9.976910781294755226e-02,-1.594942540312142554e-01,-3.341950563596064461e-01,-3.257966162792533260e-01,2.192057525662710060e-01,-7.170184792031106258e-02,2.111891540594096339e-02,1.268325797149935930e-01,2.495454256023053596e-01,-4.358565348364377978e-02,-1.411221508151727644e-01,1.732983886555261588e-01,2.043879322113038022e-01,-3.369317609330789720e-01,1.698354744044515974e-01,1.204755873817454220e-01,1.403454874506127048e-01,6.497222896592885419e-03,6.797879769118844728e-02,-8.320342528580035313e-02,-1.597609030370506500e-01,2.966731515366554661e-01,-4.792115662838267731e-01,-2.228235867842949802e-01,1.606605943697919647e-01,-2.347846307691002221e-01,-6.239351131358361613e-02,4.143243684824607920e-01,-2.032348937123457655e-01,5.379702899560169505e-02,-1.604365863400930570e-01,-2.128354175822846917e-01,2.348767043857076797e-01,-6.229974414259509263e-02,-1.707699224223973578e-01,-2.444675293703230667e-01,1.451040230892554628e-01,1.548751540408919124e-02,1.387076842083913020e-01,2.863299262987782923e-01,7.041188816649768083e-03,-2.402168818847694731e-01,-9.425724778784971836e-02
-8.893772103955530084e-02,-2.452985176423435124e-02,7.418905320784283108e-02,9.638314905389136489e-02,-4.002123691753357027e-01,-2.389795156084841277e-01,2.753017612989434593e-01,1.337267141942931892e-01,-1.834210078430496479e-02,6.167833705045377979e-02,-1.295473683063402270e-01,-2.342013006614870885e-01,1.157389768000437053e-01,2.440881604432253715e-01,-1.444630753093037456e-01,4.407368018282311478e-02,-3.742172388721233811e-01,-2.401713257695367587e-01,-1.920040906724739260e-01,2.044404543659931739e-01,2.543970508003911557e-01,-4.679184671919538185e-02,-1.147723630458310218e-01,-3.266193372342638540e-02,-2.145630434598850278e-01,1.072119477503329088e-01,-1.435128719338900072e-01,1.786539633654618195e-02,2.727675359848784689e-02,-8.798632961843659561e-02,-3.322100799139623417e-01,-1.704038200811034409e-01,-1.180744094695333340e-01,1.098014454766485654e-01,8.371135908025038874e-02,2.113773902056127196e-01,2.997495127856811270e-01,1.288655204836177126e-01,3.272387382386475752e-01,-7.334797466077290495e-02,-1.294022702745720732e-01,2.000309294156560058e-01,-1.989852123614402335e-01,1.345064204191851465e-01,-4.036692635857071221e-02,7.472629539437400381e-02,-3.371790941515404039e-01,1.077837317806890072e-02,2.429718860194812063e-02,1.127086223861698266e-01,5.668139818220883919e-02,1.705992614009027020e-01,5.088678650083185151e-02,-2.373498836475557705e-01,-1.476118452278231061e-02,1.776618796707932213e-01,1.851096533497276764e-01,1.834997592565201230e-01,-1.391264302572139400e-01,-3.512723463263749402e-01
-8.202581496161323593e-02,1.711464359825492776e-01,-9.629987321104326037e-02,4.966691899786324638e-01,-3.262964781608815867e-01,1.313825185758366598e-01,-5.196219467363396571e-01,-2.947899678361434652e-03,-2.450261252730264183e-01,-3.607952843727441072e-01,2.323056429871001305e-01,-4.279985535908392355e-03,-1.247422803807669150e-01,-6.438368894263349351e-02,-8.804456891140802210e-02,-3.981771586208691233e-02,5.880628324688681741e-02,1.165492630833374343e-01,1.092432990226998302e-01,2.372642377969690075e-02,8.355060374707863613e-02,-1.967565809847294789e-01,-3.722185091556462488e-02,-6.658934524391062204e-02,-2.890127666569960452e-01,-1.845600237555716505e-01,-2.914214335204680095e-01,1.967440428305979316e-01,-1.282706603347601726e-01,6.945157721502269454e-02,-1.291145890711054012e-01,2.123241566805111058e-01,-2.026800868261533495e-01,-1.064362622572420508e-01,1.166060210256422147e-01,7.167568627582427028e-03,1.097854901541649164e-01,1.980734907210748852e-01,-1.707502968270464133e-02,-2.465432753734214111e-01,-3.712850055928550164e-02,-2.083252884720567244e-01,-2.434206853626183220e-01,6.771266243024529063e-02,1.600702939473804820e-01,-2.648222381318358631e-01,-5.371067401603469849e-01,-2.206473651309642237e-01,-3.459821289113448328e-01,-2.012694722087019217e-01,8.263485200068083902e-02,-1.651931225014169058e-01,1.452649443515063865e-02,1.859121255951159263e-02,-3.261308291679415605e-01,-9.045128582485856272e-02,-1.809189665042583717e-01,-1.476304611286443635e-01,5.558302927438246721e-02,-1.526045280569202911e-01
-2.447018133847766314e-02,2.509820561456654886e-03,4.880901213501721014e-01,-1.774163611890188508e-01,2.716135540321625297e-01,-1.785646973170852969e-01,1.175692071890295648e-01,4.688875111316516409e-02,-9.433902494193488475e-02,-1.082002065245514510e-01,2.728676804123253202e-04,-1.391133083275857552e-01,2.015409713360714616e-01,-2.514843451111086273e-02,5.233456496668291436e-02,-7.418311705004869416e-02,-2.656631469789430544e-01,-5.400893943128128039e-02,1.795398728294457513e-01,-3.173596899546005656e-01,7.775183120039319377e-03,-2.200265078998753787e-01,2.344692100830051695e-01,-3.128022720556228233e-03,-1.018268598643437411e-01,-2.802402190614746158e-01,2.311354816263647416e-01,1.116399699001955070e-01,-1.634138903132437426e-01,-5.163112211975628540e-04,6.340552237443038142e-02,-2.242753752523076738e-01,1.156026358324054176e-01,8.094103092890478357e-02,1.632845019660631725e-01,-4.388890852716571117e-02,-1.107357523173532476e-01,-3.463300119617726547e-01,-2.984927376025590592e-02,-7.175282501100155308e-02,-2.509374832884472134e-02,-2.281645341606169664e-01,1.841376130473086903e-01,-5.233336395010392689e-02,-1.875661322137018444e-02,-6.055257976248020618e-02,6.363712787029784934e-02,-1.320699398414816039e-01,-2.551539716702461713e-01,-5.289939080212489875e-02,-1.504530219986685013e-01,-2.264858355926707423e-01,9.717359856452978048e-03,1.480646706838117388e-01,-8.968654479054413708e-02,3.241113370989584519e-01,1.935218010953116130e-01,2.097341254590241455e-01,-2.570194595546642508e-02,-1.068034252368979808e-01
-1.376742215962826477e-01,-6.484380579342310935e-02,4.403034105096038653e-01,1.144142938198680348e-01,-2.377792295102346409e-01,2.772113449472658475e-01,2.698215916938455083e-01,-2.110168861020193520e-01,1.861086498756135132e-01,5.389343533279727927e-02,-1.956981650171879250e-01,-5.021732511387682063e-01,1.040404913116339952e-01,1.273263896604731049e-01,7.808254346809176405e-02,-5.334942655838503800e-03,2.176152578362353096e-02,4.526523028647116975e-02,-1.322119263004336021e-01,5.135607518722861906e-03,1.755082730819635395e-01,-2.131379028440959778e-01,-7.098752215641548728e-03,1.382909132282814091e-01,-3.767321595161249315e-02,-1.817665426913419036e-01,8.272288686063732771e-03,4.698572199168038650e-03,-3.490964485509254200e-01,-2.807878242144338232e-01,8.149980758357439070e-02,2.525615036162653371e-01,1.558788565892301747e-01,2.029794228292973179e-01,-2.447078382451284284e-01,-4.494942130003705683e-01,4.498619721772813967e-02,7.680696282862217728e-02,-5.436161843394484577e-02,1.462924970516791233e-02,8.844148543851851341e-02,2.482885775998744729e-02,1.040578735243838093e-01,-3.078417518064300445e-02,8.040826307472290213e-02,6.957798176673310464e-02,1.155223261293203407e-02,-2.070347716154970485e-01,-2.077938600414179215e-01,-1.015460259458622339e-01,-1.260126368676827702e-01,-3.601103292056223593e-01,-2.747145578318860130e-03,7.044626945707624377e-02,-2.279583715133250976e-01,2.042132504336971466e-01,1.478806276768536709e-01,-7.583811330444896470e-02,-1.089881194421661315e-01,-7.770517589068492992e-03
3.059159184615874438e-01,2.743539190084146595e-01,-2.468259410365424567e-01,6.361463461063136815e-02,-4.499840000166167170e-02,-2.123764179565733878e-01,-3.528824320425710814e-02,-2.412220308307796712e-01,-4.321373871122666799e-01,4.676033135435044841e-01,-8.369724784603446710e-02,-5.053629918955952066e-02,1.983187217233793320e-01,4.420174036417464092e-01,-2.542486363526255677e-01,-1.711746132910705459e-02,-3.165617863553155109e-02,1.326907955066899680e-01,-7.917825411548434777e-02,-1.125032809468713424e-01,-7.732822733653828273e-02,-3.854584808549416791e-02,2.154572517620273742e-01,-1.051137334076302776e-01,5.596639090782197512e-02,2.370701862150332018e-01,-2.293226319915274425e-01,-2.615711899310390054e-01,-1.028491235599476583e-01,-3.330761664341475581e-01,-3.758087175472692165e-02,5.104771437734341444e-02,-1.277956914673325506e-01,2.342486358776232902e-01,-1.821324573427227783e-02,1.896266550448406918e-01,-5.269599559975603892e-02,-1.908255909010779239e-01,3.907560445551007122e-01,4.306350776883303977e-02,2.744917614044429799e-01,-2.743793617173116428e-01,1.100898786141554266e-02,-1.712152299564261848e-01,-3.253988099566317849e-01,-5.470723329645817146e-02,1.373829174766374728e-01,-6.184750591252084068e-02,1.310217925250228566e-01,-4.423795804422993999e-02,-2.494769030177378666e-01,-2.207269676075525044e-01,-2.434473621517780906e-01,-1.107359713592446643e-01,1.296351074479243082e-01,2.429710624745905212e-01,-4.229165558435761529e-02,-2.984676024447270246e-02,-1.045551234550764069e-01,-1.923789758838853337e-01
2.141192241762846504e-01,-1.197104689867018422e-02,5.072125649560595972e-01,2.247133742625597175e-01,-2.095833943555534817e-01,-1.211275979916434375e-01,-1.311412949697262909e-01,-4.947543574588908477e-02,-9.101148498957800648e-02,-1.532719405811464597e-01,-3.420460795993569003e-01,-8.048487029428903761e-02,1.990257192206754122e-01,-1.634043183467534521e-01,-2.270027449406697984e-01,-2.843743471155340541e-01,2.020279593795837325e-01,-2.935891281251083451e-01,-3.098176175290151546e-01,2.084591031664012606e-02,2.041329362241450229e-01,-2.890535571218063593e-01,-3.320926399570160725e-02,-1.506643025415121441e-02,3.071286755187085937e-01,2.337580730096640025e-01,2.424512229811856268e-01,-4.017155926255512322e-01,-2.171212717558368976e-01,4.440506634548806175e-02,-8.294607611929138979e-02,-1.409260167707313514e-02,4.585783823269989901e-01,1.185603039065366293e-01,-2.484221144473513776e-01,1.545805895733330382e-01,1.327880659851160550e-01,-2.007594048327397684e-01,1.157011527268145545e-01,-1.752077128080620216e-03,3.226845178384461776e-02,-1.577508894882134471e-01,2.944791187383354394e-02,-3.639691585519685968e-01,-4.093301140604548027e-02,-1.372629995154319715e-01,-3.687366859993559398e-01,2.186509144407866034e-01,2.359943122393801107e-01,-8.111329297158176993e-03,-1.948815872976843999e-01,1.228793500792703802e-01,-5.676340361910936320e-03,-1.411099747930703308e-01,-5.350934041389489304e-02,1.435715987206289714e-02,-3.833384331584958199e-02,-1.909493152029460850e-01,-1.989624910376706912e-01,7.220754160517739439e-02
-6.163901951728500972e-02,-1.593565821512057251e-02,-1.227688573149731122e-01,-2.735071015794835469e-01,-8.014812095333345016e-03,-1.324125587943493221e-01,2.581617071765772778e-02,1.665567468926992811e-02,8.737584879350177025e-02,4.903575018889845538e-02,-7.604328729233633677e-02,4.395992635726200248e-01,1.498300543904697579e-01,-2.090219679496660432e-01,3.239072379310583335e-03,1.116386343832399819e-01,4.856145844160638658e-01,1.174916522682743214e-01,4.045560092632793925e-01,-1.057747195226195203e-01,2.515749537580589945e-01,-3.137269390708961048e-01,-4.196806867301338673e-01,-1.019999265801716931e-01,-2.455511906212833606e-01,-1.064074239216128946e-02,6.066800492868171801e-01,-2.125095074068842071e-01,5.891635040962528436e-02,4.082597483463727694e-02,-1.807251523974700846e-01,4.193169895222372684e-02,-3.149678371223610940e-01,2.733175729578546376e-01,3.128605631720217106e-01,1.679311664670392057e-01,2.330494703376631560e-01,1.634688289516283977e-01,-1.144130015739997647e-01,3.224978463479770407e-02,1.933218352983462063e-01,2.807157500529238181e-01,-2.730495174937849212e-01,-2.153305634180633921e-01,1.947408471990271991e-02,-7.766266124533978410e-02,-6.611656425629683018e-03,-1.308848303637352717e-01,1.486715371615205394e-01,5.260433525162015733e-02,1.719105055409722582e-01,-1.129972004840527761e-01,1.450156446215971895e-01,-1.568660139575234203e-02,-8.861223270784296391e-02,-6.073859024059970191e-02,7.550254896445969532e-02,2.026870744086070320e-01,1.108424250869874672e-01,-3.923159954293435614e-02
2.565883143366580188e-01,-2.148652983357517421e-01,-1.255428805765558820e-01,-2.340080283348810464e-01,9.289996121099089454e-02,1.215357827602423779e-01,3.481354555851836480e-02,-1.285972787465222700e-02,5.270034961238184712e-02,-3.666218822663031562e-01,-6.175193083696929597e-02,3.638394207611049813e-01,-1.204314227269811105e-01,6.934329267830097177e-02,1.815660366271557857e-01,1.440516137704041244e-01,2.693178721776394793e-02,-2.722012861732637790e-01,4.390780787995103296e-01,-3.998652029332570162e-02,-1.965730409377953458e-01,-9.826960157777393789e-02,5.669657336994278485e-02,-5.787113169590375750e-02,2.066648865602726051e-02,-3.090387958177199731e-02,-1.019632688051206049e-01,7.695489198946131593e-02,1.373344483890985290e-01,-7.461387156275176014e-02,-8.803559180106575177e-02,-2.053782573613640028e-01,-3.276314819696299341e-02,2.376330467749165898e-01,-2.990897965639950362e-01,-1.079493438490387869e-01,-3.385635275114561027e-02,-1.513824987420021514e-02,2.749471285826358136e-01,2.860928135582078147e-01,1.293575233999370577e-01,-3.144926431780512704e-02,4.369089454722192151e-02,-3.349474340623916774e-02,4.268763833605437874e-01,-1.363630218467013766e-01,1.583253149254467973e-01,-3.093359512035011027e-01,-5.825882395602810515e-02,-2.780591252621886222e-01,-8.036439301753964259e-02,2.609698895057807055e-01,-1.523251604226076930e-02,-4.202779929884122717e-02,1.361420911131445144e-01,8.626284312499046814e-02,-1.228620871809369686e-01,9.916722606800640327e-02,-1.471080269431433996e-01,2.050441751197901452e-01
-2.699498566485750151e-01,-6.045129180255574136e-02,-2.383866396615587635e-01,-1.245896032445980295e-01,6.216081096163269537e-01,1.306349511781852366e-02,2.465163284596946502e-01,5.299039223460343395e-01,-2.125738624683293776e-01,-3.120538272581654948e-02,4.800214737205612398e-02,-4.076506430395759883e-01,7.330770488747936908e-02,1.034513209978590344e-02,-1.602229111639308645e-01,-1.257556582168093406e-01,3.499067177309211907e-01,6.051880455431603301e-02,1.156989500476627263e-02,1.037653277890937531e-01,3.839402625688465021e-01,-8.911128779744760531e-02,-1.301025322688567631e-01,2.406624600679897405e-02,-4.684742926163021348e-02,-5.731889118102306835e-02,-6.319440334022689842e-02,1.495468441333410170e-01,-3.114749170972753722e-01,3.383577846844108006e-01,-4.015352481914263860e-01,-1.716350772158661275e-01,3.216604073920083934e-02,2.534334433205556181e-01,-2.855440891445967105e-02,2.046986504977106255e-02,3.465691078904605260e-01,-2.272369947813290131e-02,-1.241656269996236073e-01,1.759810448505237310e-02,3.193079824184849036e-01,-2.040326517490658187e-01,-1.643138863993564291e-01,5.742995883784828004e-02,5.947219387795937839e-02,9.244151530770607084e-02,1.892303368229689836e-02,-1.688661947926129933e-02,-1.703136819640901356e-01,-3.662111780738630529e-01,1.442738291594690136e-01,-1.215742934541820947e-01,8.788644408809162534e-02,-1.095527341845516645e-01,-2.356735897563629611e-01,1.330864603365457532e-01,1.832036372061426888e-02,-9.057856945684629457e-02,8.903114013984775744e-04,1.565706650318733073e-01
2.338279764598553412e-01,-8.842809623978727107e-02,-1.838868474946371845e-01,3.331543766102736948e-01,4.911844183186022117e-01,1.170928661994115744e-01,7.253562192013715548e-02,-6.651623665548316022e-02,5.361086324878559101e-02,2.671314085402468064e-02,1.138976157526049582e-01,9.446950284354237171e-02,-1.513965564269550146e-01,-1.056894608281770676e-01,1.677932504219909471e-01,1.564253368751644668e-01,-1.238440471186714326e-01,5.140527452391815272e-02,-1.948323116670298838e-01,-3.591478600069461513e-01,-4.442506878198586306e-02,2.401230617581121829e-01,1.736386443393447138e-02,-1.081556101283110694e-01,-3.988054470418933399e-03,-2.213707891265682959e-01,-1.158565968980520555e-01,9.274819257405511608e-02,-2.300147903635836252e-02,-1.633891997615838365e-01,1.184867072583161429e-01,-2.141031181069560918e-01,1.566104038756974126e-01,1.745216033152466595e-01,4.992188236957888214e-02,8.015007941786984891e-02,-3.909363181995684222e-01,7.556253081542829535e-03,-3.146615297855222260e-02,1.589922856469388746e-01,9.366677888165061971e-02,3.437660920348531990e-01,-2.089698193445208574e-01,1.678713232588348592e-01,7.830351600277563051e-03,-7.495328098579151499e-02,8.217157723583821960e-02,-1.057473854981901551e-01,2.629092744365326695e-01,-1.054424537433821946e-01,2.148992496150372022e-01,-3.178725714564445415e-02,4.120575873044385502e-03,1.988918386008793615e-01,2.486867366651565603e-02,3.473964026321121890e-01,9.206555395567568231e-03,1.633565486855528132e-02,1.966752358268491485e-01,-1.850464301260384414e-01
4.784145734940986050e-01,5.991699598315532171e-02,2.672992821110791728e-01,2.204997978544294968e-01,-9.583577805494487845e-02,-4.612255453859554488e-01,-1.361198224120102052e-01,-1.070650271680483739e-01,1.818315632662924342e-01,1.980379515489112952e-01,-2.839349824595718275e-01,2.306721940436971541e-01,3.253445692400087630e-01,-4.146116901914007613e-01,1.237485877959446229e-01,3.521489528375989497e-01,-1.096640924488585245e-01,2.634832106376858857e-02,2.578323334143135526e-01,2.986899169134383802e-01,-1.823204722249443799e-01,-3.702284736230961742e-02,1.215982825976229531e-01,-4.124488282514672532e-02,-6.219678559773302723e-02,1.520782177555211334e-01,-1.506686409492213330e-01,-1.015630604137503779e-01,-2.513065627954471637e-01,2.739849460961656796e-02,-3.187610719727843045e-01,-1.324396576023398331e-01,3.271599117694203723e-02,2.068573855189087818e-01,-1.961965504353562761e-01,8.223371835524276308e-02,-3.817732509068077953e-03,-4.792201956304507210e-02,4.172729670484539577e-01,-7.563814509036301259e-02,-3.970786779213018036e-01,-2.669472185300619804e-01,1.056762468822156215e-01,9.605202707301842280e-03,8.073578719569121653e-02,3.092380828597159903e-01,-1.476664532384789064e-01,-8.560498930290519337e-02,-8.983342637904416506e-02,2.273365975142077888e-01,1.574231898770903915e-01,2.375283693902237037e-01,3.328018972596442082e-01,8.055560540890872867e-02,-1.271844671763364132e-01,1.208174041848135774e-02,2.622785642032557374e-01,7.539731563004763160e-02,1.204698167131019321e-01,-3.324728740273220073e-01
2.183680519196870284e-01,-1.154659400255945573e-01,1.345559063785461973e-02,-7.658426792121934834e-02,3.504036852933674340e-02,1.855918421380172989e-01,1.700063260461542325e-01,-1.583047815789059287e-01,-7.771810955659702938e-03,-6.327584766885760437e-02,8.719285219191821867e-02,1.464626702577984108e-01,1.437472729786954950e-01,3.367850226227300237e-01,1.701967425640705522e-01,3.778149375235563268e-01,3.061131628953738248e-01,1.860364571733874040e-01,-1.608302887965745998e-01,7.871400686398324908e-02,5.302600078816784024e-02,-5.252593341508821068e-01,-3.340300616672676748e-01,-2.416902487719818637e-01,-2.664661610265991465e-01,3.008957637943369678e-01,-4.397365579842207883e-01,1.556030476862302614e-01,3.878571767807565962e-01,2.841978364539224922e-01,1.328282462894253557e-01,1.317719131320730097e-01,-5.690369004435983508e-02,-3.676482989362613724e-02,2.966298351673209988e-01,-1.316792440363194761e-01,1.680825956442857927e-01,1.147543073741182224e-01,6.993200722410153163e-03,-3.423188829312203696e-01,-1.773475156962905086e-01,-4.744883593270829425e-02,4.103413581851083486e-02,-1.621317720419125086e-01,-1.749793676825298766e-02,-8.862188001848134156e-02,8.328845886850634594e-02,-9.289113917403160614e-02,1.744172080337658970e-01,1.012521929142764093e-01,-5.424338033614730659e-01,8.503787096142623181e-02,-2.064532977979111616e-01,-2.863254003154425131e-01,2.246017595150752444e-01,3.515288586755670464e-01,-5.669649472700877268e-02,-1.116455208947149946e-01,-6.055467473190893901e-02,8.139419442990669662e-02
-1.471898375667052838e-01,-2.452154145441932942e-01,4.128418359711809593e-01,-1.381159714587032739e-01,4.294564096205797515e-02,-9.675854091501345788e-02,3.555394189596979837e-01,-2.490925796141625348e-01,-2.754473540758530237e-01,1.351033191878427964e-01,-3.889993327826862801e-02,2.699940586526815012e-01,9.996926759266933082e-02,-1.448829436289964523e-01,4.940589235816902208e-02,4.701646483670912646e-01,3.114551227921897869e-01,-7.681563401304428162e-02,-1.302151880035374021e-01,5.715766133985444863e-02,2.386226545218628758e-01,3.617028677917831225e-01,2.258111924126655554e-02,-3.374739784435500795e-02,-9.651262465386747924e-02,1.154775765717645786e-01,1.184449040322567981e-01,1.543570851404404143e-01,6.273340209617195296e-02,5.246461563373992082e-02,1.515607036337447422e-01,8.965422533745244504e-02,3.711724174955583627e-02,1.249147572701847465e-03,7.213278614486884170e-03,-4.685224029261298578e-02,1.173604526043775520e-01,-2.086439889333473185e-02,2.582285525183686259e-02,3.498312672657076516e-02,3.550653439970134495e-01,2.314417495780617118e-01,5.407395047725709059e-02,2.826144901261834486e-01,-3.100800861767475380e-01,-5.616173106416966210e-02,2.520692785430706517e-01,1.040098335712727612e-01,-9.607141781567876682e-02,8.076439139759733488e-02,-6.450707378647742296e-02,-1.448118748916237541e-01,1.252651200427349343e-01,-2.199250481410195968e-01,8.017624881128185277e-02,-1.117507104856410444e-01,-3.142003108207379047e-01,-6.850765243705625451e-02,1.388568589938987408e-01,7.475888501724943513e-02
1.624914562589304112e-01,-3.142542241822655069e-01,2.081679491947071303e-01,-1.601358807083264613e-01,-2.596203069140444741e-01,-1.118484969058430450e-01,1.807340143502384477e-01,2.641456251226945162e-01,-1.204804479733444234e-01,-1.849553779481392657e-01,3.475162332417759403e-01,5.925815939215080264e-02,-1.069553536160834095e-01,1.404565782462580681e-01,7.750866531046245178e-02,2.405705743170977184e-02,-1.983467289756230545e-01,-2.226280675041484025e-01,-3.141740082292528990e-01,2.919688515105479595e-02,2.663160609511527888e-01,-1.717954433584323592e-01,1.187581373730683953e-01,-2.747604590831822027e-02,2.483365970020712157e-03,2.575210406474444033e-02,-2.088462104841040667e-01,1.863207161442321791e-01,-6.247115393640993719e-02,-2.715106688899493470e-02,-3.605287775202009604e-01,-1.442854502280352391e-01,-3.624558744149887768e-01,7.855923892033767064e-02,2.348001323038322319e-01,6.055090380257277874e-03,1.121806606580410259e-01,4.016080504228686232e-02,2.182135371206193192e-02,-4.289575496532595927e-02,6.885387684447552559e-02,1.790522056802360262e-01,4.319689920368766645e-01,-1.332947164238711402e-01,1.206725898650881507e-01,-1.366478001042262247e-01,-9.901352865520035573e-02,-6.520964967970024895e-02,-7.781994898423261198e-02,4.376589958803872582e-01,-1.192257547840218888e-02,-2.053521215477198125e-01,-3.112705445087626810e-01,2.522515978026423911e-01,-4.593285751177409587e-02,3.445460048684806376e-01,-2.526885776398551248e-02,2.713592482361879693e-02,-9.158804360466181460e-02,-9.209856655804427028e-03
-1.690248844205080592e-02,7.335873189741348721e-02,1.695762876760107396e-01,-1.494300840958779630e-01,-3.254832364180746396e-01,1.373865918569376274e-02,-1.062994454804532529e-01,-1.338832156955781227e-01,1.780003999561048655e-01,3.862494822599976674e-02,9.706586490005230522e-03,3.367471184729040751e-02,-3.472824894871269219e-01,5.936551566420913278e-02,-1.000682645358487166e-01,1.158774532839494109e-01,-3.587450979919536431e-01,-1.190388697409258956e-01,-3.734135958341721073e-01,6.625248887307831624e-02,5.167003829384497759e-02,2.424987655452048030e-01,-1.427560456325898675e-01,3.621552510408786452e-01,-5.236610780273711491e-02,-3.807133358515275567e-01,-5.970968313675116546e-02,2.326278773301812541e-01,1.693055202499728004e-02,-1.201235303760314448e-02,-5.345823391355171428e-02,-1.533546779780458648e-02,-3.490490697404937115e-01,-1.843924111508233044e-01,1.171307362974619848e-01,-1.183178088736292211e-01,-4.562028781756240214e-02,2.680519858549123557e-01,2.875575097016539014e-04,-2.407212887571327509e-01,7.473971493653885911e-02,-8.043951258674628124e-02,3.154795128703071633e-02,9.738408018352882889e-02,-1.862468054723880884e-01,-8.715480720667187486e-02,1.899291058349125705e-01,-5.985730435479297284e-02,-1.403962038218987407e-01,5.447277355003010690e-02,2.204757308008561123e-01,1.007132259998079621e-01,-2.078095622472131421e-01,-1.359926132023336343e-01,3.245901302990623211e-02,-6.120008442443548857e-02,1.196212485788580027e-01,-2.775479969321440477e-01,1.900720372467802274e-02,-8.566873903431884707e-02
-2.704837496953713810e-02,1.816061492511644726e-01,1.412506716329061385e-01,-2.267732899424912962e-01,-8.767975563421367968e-02,-8.520316467945134031e-02,-1.308192428445896227e-01,-2.707544321568712831e-01,2.012429248039916685e-01,-2.255645345355339892e-01,8.706480558892376598e-02,3.412540291577644824e-01,2.081532091894799097e-01,9.902352462712846193e-02,-8.808092822969853727e-03,1.768251033495047975e-01,1.729646436582164548e-01,1.737139617987711604e-01,-2.501663514373337338e-01,-1.316465320651548088e-01,2.194628536208470815e-01,-1.104488097238937733e-01,5.336554764598761338e-03,3.586965334596152744e-01,2.192648050672650964e-02,4.123487807007243655e-02,-1.073439194551637985e-02,-2.527375721754596821e-02,4.007377599759277820e-02,-1.467067724739197221e-01,-3.973189657517176010e-01,2.021399069231734624e-01,-1.125353187690735501e-01,-1.210194049299102154e-01,1.911596191887689478e-01,1.091298855865300566e-01,3.025016340059325046e-03,-1.466932594489141206e-01,1.261793013744320624e-01,5.623339933532839341e-02,-4.184577377637909157e-01,-3.500911221096453252e-01,1.488807377391082321e-01,1.869552337987607782e-01,4.955598766691192425e-02,5.922353484292895709e-02,2.691249908144735525e-01,-3.494463894010434446e-01,-3.741738798767646479e-02,-1.689169549029989892e-01,6.758430441409969680e-02,-2.006824406149288476e-01,-3.772561241586372405e-01,1.307812431345179993e-01,2.186814970491314861e-02,-2.675622257983563679e-01,1.409549416857983073e-01,-4.975059015527854428e-02,-1.224694440185993410e-01,3.191818497470236271e-01
5.872183351042739030e-01,1.502049614134713384e-01,-1.062725671956384621e-01,-9.449247290650100717e-02,-9.432662960271570238e-03,2.122262465847823132e-01,2.202727536319290524e-01,-3.688990262628965566e-01,3.353895884018393003e-01,2.248606583228150435e-01,-6.852977463191119167e-02,-8.828263040887057711e-02,-8.932948295556293605e-02,5.735701135552027236e-02,-1.138436475679619198e-01,5.254115994125747868e-02,9.169511158200871481e-02,7.364675562848051193e-02,1.017971743721325303e-02,-2.403205086546661151e-01,1.103414335810701113e-01,2.000688984839817802e-02,1.594900006772637935e-01,3.147060533274457228e-01,1.139879549350717447e-01,-1.789681054457189779e-01,-5.185243305294414545e-02,2.568103334506832147e-01,-1.938590670143097994e-01,-8.812056117892133611e-02,-6.207122698865905758e-02,1.281023946413342995e-01,-1.078510712911402852e-01,2.149701732283848532e-03,1.727832779862757406e-01,9.815578429695752394e-02,-2.002206793048574573e-01,1.129792947270979592e-01,2.450487757733525174e-01,-3.840024474041990876e-01,8.059282573193203569e-02,2.775558760991145846e-01,2.410133175733850282e-03,2.401582569923678065e-02,2.013320660646817084e-01,2.684951193320498919e-01,-2.722023546347714790e-02,-6.232151678762448688e-02,-9.737387083884201100e-02,1.880095412432361557e-01,-3.088507728116688389e-01,-9.206419661108281027e-02,4.093741910391417993e-01,1.302504772406323230e-01,1.104782787956921225e-01,-1.710110353534829986e-01,-8.970127555166186595e-02,-2.309838514589117042e-01,4.504824069205090042e-01,1.674803485108411439e-03
2.173745102043527291e-02,-5.523526084083072579e-02,1.290534207463761018e-01,-8.252030102762678010e-02,4.070400242214165798e-02,3.359175754873485187e-01,2.158535750636045303e-01,4.636438749419638516e-01,4.343024972198043787e-02,3.706169901249324883e-01,-5.363342628927914024e-02,-8.344517900422306067e-02,-5.278910906199139191e-02,4.667238359147054400e-02,1.365228298240138971e-01,-3.870396348397023983e-02,2.435226393526785937e-01,6.768448102154328572e-02,2.079653500566322200e-01,1.099703612240694045e-01,1.730952439107230068e-01,-3.362187363339559920e-01,-1.482173897321807376e-01,1.731128769249637156e-01,-1.815739931554132824e-01,-2.967060434558617121e-01,7.046396613503276563e-02,-4.348668319391764681e-01,2.243782138676095328e-01,2.317526379271543924e-01,2.633483455317956953e-02,1.968797788191179454e-01,1.614068877314841222e-01,1.257534634297115539e-01,3.802475459596158514e-01,1.234582120910780317e-01,-2.536138292918284631e-01,6.348976438752418176e-03,3.375392978681533429e-01,4.603625350598411492e-01,-1.113987832675969319e-01,-2.001795153833921259e-01,-5.427875026034005568e-02,-1.496722740972040167e-01,-3.336252915508181593e-01,8.733522132915441660e-02,4.176014497926500146e-02,-2.830227682156526425e-01,-2.080607630226281174e-02,1.765287978284841297e-01,-2.637180513942961047e-01,2.962654329057679004e-01,-1.328222450439789371e-01,2.140581845939568302e-03,1.116642851725074825e-01,3.532628075493120245e-02,-1.394315691568071003e-01,2.989587276733161603e-01,-2.320555512718801838e-01,6.490083925443926316e-02
-1.773059874566034477e-01,1.119879933400727036e-02,-1.053311459039995707e-01,3.353427501956854906e-01,-2.982566980249279354e-02,3.707954016815570020e-01,-8.977742690584775143e-02,-3.768727836295379663e-01,1.213090382876852030e-01,-1.138387271884285373e-01,-4.596411014331865386e-01,5.033262707614884202e-02,1.082641132325737610e-01,6.695517816386160892e-02,2.017837452313965552e-01,1.357378800566916843e-01,-2.173040850223588727e-01,-9.085672170518185875e-02,2.406617939637790138e-01,-1.493059636018005953e-01,1.223283577946995548e-01,-1.651826449825913312e-01,-5.613963699312200101e-02,-2.652293200862933520e-01,-2.923598715121136782e-02,3.532237945976707261e-02,-7.852888297950397223e-02,1.191939439566285924e-01,4.308140443465040270e-02,-3.418021510618200476e-01,-2.447037761336848249e-01,-1.016695076067546388e-01,-1.881508331662698763e-01,-1.579163401198850070e-01,2.967936764799115196e-02,-1.457757546677154736e-01,-2.033816538051921030e-01,1.645368942190629791e-01,-2.114308979186893533e-02,1.672584174604972371e-02,8.591934677847877511e-02,4.797722893318755177e-02,1.455280701614619643e-01,-1.984695188903813912e-01,9.143847724868169047e-02,1.635145263412937644e-01,-2.284009075798920096e-01,-5.393529244902236369e-02,-1.954200164674073925e-01,-1.097744706735447329e-01,2.193922179415762896e-01,-7.789947390895399226e-02,3.766654723049556348e-03,1.115636284468813841e-02,2.585713742856453612e-01,1.052586351489900318e-01,1.434798892986776930e-01,1.642499818700858538e-01,1.256307682888377353e-01,4.540810727432213062e-02
2.102388418648516721e-01,-1.091370353214464461e-01,1.614370113371390025e-01,1.365068961305665740e-01,-3.924685073654293199e-01,-1.009395482056856946e-01,3.674091525066328634e-01,-1.919738232388438492e-01,-3.674164029358218952e-01,2.926847279763654663e-01,2.767082046633213485e-02,-3.325225035650550970e-02,-6.106276578570182106e-02,-2.691724224137838628e-01,-2.149054386535083072e-01,1.652248706988221627e-01,-2.663815218064929935e-01,-2.766085713865008566e-01,-2.200553574350330721e-01,-1.100576181688755761e-01,-3.137817051480474295e-01,-1.014214081201815637e-01,-6.257182132456418251e-03,-6.813440761209771379e-02,1.693452968729311225e-01,4.296704630273553288e-02,-3.855709157339284876e-02,-6.890887878939581934e-02,3.013537340015419175e-01,-4.725088679502322669e-02,2.980977629828013842e-01,3.274350079746559117e-01,-1.987399745757235381e-01,8.003236630769225424e-02,-1.880778539026217999e-01,-1.061617690092040711e-01,-1.060690679738154341e-01,-3.132076198993225535e-01,-8.373863765961576944e-02,-2.053082258337838792e-02,1.059657320897114674e-01,1.698895491043019707e-02,-8.639696604155192028e-02,-3.896044699764058539e-01,-1.515458322998170515e-01,1.693481709562557058e-01,-2.373558598436790734e-01,1.660309784324323912e-01,-1.784707110716792500e-01,-6.618516973203512899e-02,-2.550565064607444171e-02,5.057194917865686090e-01,1.553998587516090824e-01,-1.079343177838534007e-01,3.003768582646341168e-01,-9.815426462162088472e-02,-2.655184526424805153e-02,5.461754438290090941e-02,-4.248448991672419406e-01,-2.316204194506035208e-01
2.812785802223571885e-01,-2.435814495589967987e-01,2.615213262206966816e-01,-3.197093374321811066e-01,4.998892656378118096e-03,2.539505550017771007e-01,8.707783425788055698e-02,6.933219406381459227e-02,1.997415716370415928e-01,1.164801640730931398e-01,8.961969909681644086e-02,1.894379293119008434e-01,-3.658973463641899126e-01,1.697817578249368742e-01,-8.525448616964818871e-02,2.081382290257477174e-01,-9.718353940150567527e-02,1.695044038599605452e-01,2.179310512234796937e-01,1.397115135391134855e-01,1.211257216593259745e-01,-1.872868417463594698e-02,-1.212628655788416665e-01,-2.449319334803511938e-01,-4.806017434960846435e-02,-6.964765545071276154e-02,-3.683761068203855564e-03,3.590103764598487901e-01,-1.232436613257910513e-01,4.790520486366920544e-02,-3.628006657469508012e-01,-1.377684614809417396e-01,1.610312922893297749e-01,-1.412443568128486648e-01,1.366303369799792278e-01,9.692161884162781016e-02,1.619033645256467424e-01,1.375723738582056987e-01,3.914806186463517523e-01,-8.901497493221208201e-02,4.089201207261402016e-01,-2.086056231048833975e-01,-1.304767028697176590e-01,-4.066532983572058724e-01,-1.431067505192006040e-01,1.849630709537612439e-01,1.515390962868089220e-01,6.320266585983876084e-02,-6.782253907751448208e-02,-1.865513870292955650e-02,-4.499510384736264690e-02,-1.695112330858165317e-01,-2.085874577329509955e-02,-2.125940571082594599e-01,-2.369390436131954270e-01,-3.975905389777936727e-01,-9.251727684423591280e-02,-2.630747750249680661e-01,-4.337092128331281049e-02,1.520293229660958367e-01
-1.951146234747170582e-01,3.672937076909417731e-01,-3.722798623395479622e-01,-2.943199983060377223e-01,-7.133497234599044112e-02,-3.585782486544006886e-01,3.365389989139443983e-01,1.190662613348281162e-01,3.071353438818011372e-01,1.345004494073020473e-01,-3.317151496577076808e-02,6.969314245512990558e-02,5.225287111027706599e-01,-3.427869876340422506e-01,2.825646855508579525e-01,-1.302630793721103741e-01,8.928561664640426165e-02,2.867617705018353780e-01,-5.525186897399980701e-02,-2.563240783469332706e-01,-4.146741818545164604e-02,-8.963856489067371924e-02,-3.971666936703303619e-01,2.539696738411400534e-01,-6.010844608540710787e-02,8.778699462023052680e-02,1.515944598595014292e-01,-1.237248619156210427e-01,1.656117130616859556e-01,1.390103511810021619e-01,1.524820951077658915e-01,3.557339427769637408e-01,-1.385324811805175027e-01,2.051231949613358252e-01,-1.454657096243709979e-01,-1.898317353852281564e-01,2.503542735948968700e-01,-3.004183934167548031e-01,-6.146767141529686784e-02,-1.673066767235951713e-01,-4.802478637453476418e-02,7.450113772077285312e-02,-2.892959159334264063e-01,4.545527090719812119e-02,-1.131074428694320011e-01,-7.179690959234093228e-02,1.526721813981788689e-01,1.737398938860443276e-01,6.187989956833273020e-02,-2.102192785623112903e-01,3.847231528929937611e-02,-2.598013307097456551e-02,-1.213874548810310178e-01,5.412713762110874655e-02,-1.190891556814518137e-01,1.721577924064514875e-01,-3.350827045541257543e-01,6.125252423141500785e-02,-1.366218300483061365e-01,2.967603567509291551e-01
4.050463886538254177e-01,-4.834335708552332800e-02,-4.984355472471312803e-02,2.670343511568053496e-01,2.982435565511979414e-01,5.699453030789143615e-02,3.623944131668094815e-01,4.628916171594076728e-02,-1.729883463846172698e-01,7.434996195772738958e-02,1.629290160375427288e-01,-1.229309622883563990e-01,1.260398021902987276e-01,2.461597245566806147e-01,6.822049198377549972e-02,1.424452061748610610e-01,9.185939854789135217e-02,-3.862118670712605950e-01,-7.346159716373794335e-02,-1.025159994330882528e-02,-1.009285237741326391e-01,-2.328472139572499572e-02,1.482970895811886736e-01,1.272754396100918839e-01,3.577292667441133167e-01,1.115249098760304064e-01,5.642549578931232990e-02,-5.381275675348924648e-02,-1.218172919359104822e-01,-1.347021310863725230e-01,1.557591609202921279e-03,5.542756599689080410e-02,2.642411409924938503e-01,-2.233473342329757860e-01,-1.656060452702824148e-01,9.259773669340405633e-02,-1.021380136670547722e-01,-1.673916529669231545e-01,-2.471725383508011353e-01,1.898655907991320113e-01,6.638679872339847687e-02,-2.468826865804822981e-02,5.696186133431534182e-02,1.426021898896842055e-01,-2.593867314630822207e-01,5.763672325678772385e-02,-3.067673405712064150e-01,5.184645637048319877e-02,-3.719001289790186404e-01,1.127290495528310982e-01,-1.915257657148531911e-01,2.110622297266808167e-01,-1.548371726848464525e-01,-1.991468503044715177e-01,1.179058605286574524e-01,-1.209303531058974514e-02,-8.357900868664749905e-02,-2.853749844149388037e-01,1.783337134391333456e-01,1.737996882229528861e-01
-7.899152006396246983e-02,5.691402551153434963e-02,8.454493135909588175e-02,1.217105650630221775e-01,3.168383948458584620e-01,-1.079804031591687641e-01,4.497931705802082902e-02,-1.757399700325202319e-01,-2.017005972684685899e-01,2.854082984824862779e-01,-1.249071790848435004e-01,-2.910216996046839921e-01,-1.725221712609435742e-01,1.294003761235031080e-01,2.390176221066921958e-01,6.169024869136684186e-02,-1.870179218263585963e-01,-2.442165714002603183e-02,-2.624221378894878165e-01,2.407375609046846221e-01,-2.106168518379626931e-01,1.737934217967775086e-01,3.899562954131968739e-01,2.874381039995391740e-01,3.960838260973002789e-02,-1.302430339699145456e-01,-1.515907595543554420e-01,7.327785004353612464e-02,-2.818117295165309955e-01,1.412699070079005137e-01,9.086986492940239690e-02,2.481224981461431223e-01,-3.347497422565168940e-02,1.740875358389634142e-01,1.740799210160398069e-01,2.191573134221642682e-01,1.802204734188484966e-02,1.550079523608231535e-01,2.941270951007596279e-01,1.357570083389723903e-01,-8.610636618819199339e-02,-3.586123200023224045e-01,1.777127187000016040e-01,3.404789169054865672e-02,1.622599171370860405e-01,-1.422752213255864262e-01,1.470745102252486169e-01,8.644236085247961054e-02,-1.931960453378312459e-01,7.017988999318729160e-02,7.794118433047496353e-02,2.267369496613139968e-01,-1.929797992550578711e-01,-2.608891917611190769e-01,1.024135691876160992e-01,-1.754091947874460433e-01,-4.246378608192615672e-02,5.404935568710544924e-02,2.274093908624751428e-02,1.343822143256636070e-01
2.001378208899390054e-01,3.663353777874859413e-02,1.035008695966529724e-01,1.777575160663568410e-01,1.676184992258384632e-01,-1.101916624860128230e-01,-1.323611852877059070e-01,-1.654600508855481045e-01,-1.319514512108352355e-01,-3.301366653244348082e-01,2.254633147187083131e-01,2.411675297021514675e-01,3.155091917850502137e-01,-1.729414263021777920e-01,-2.050286322069238554e-01,4.048339776902367543e-02,-1.592686264338044055e-01,-9.897407772179603325e-02,1.035810611189870861e-01,-1.900909784993018992e-01,-3.025561440080221098e-01,2.636170094801403851e-01,2.224615830643147663e-01,3.563528859713799291e-02,1.333090879873491674e-01,-3.167305930667144859e-02,-9.162776980592894638e-02,6.952229850610666673e-02,-3.191342405767791934e-01,-1.005076252358267502e-01,1.727366899042672571e-02,-5.233569255144560409e-03,-5.736372011609573718e-02,-9.988253154482745755e-02,-4.579977592272518327e-01,6.368653991760109268e-02,-1.592838473125715582e-01,-2.874864886573295086e-01,2.385887909163470488e-01,-2.074855324236775933e-01,2.751989636933577787e-01,-2.695329091342822947e-01,2.457077370663331845e-02,2.463087724486313218e-02,4.864597398981770210e-02,-2.608900693533141579e-01,1.279798550435657378e-01,9.715813752851078580e-03,-2.571242035959316330e-01,3.572507306103687302e-02,1.842409501315100950e-02,1.692533002594086566e-01,1.483974494151033274e-01,-4.381213099636906833e-02,-1.171359065146438949e-01,5.574890620458718138e-02,-1.444540498925493688e-01,1.081210754130764728e-01,-2.371071685621782207e-02,6.665988453038999839e-02
-6.963997083520527542e-02,-5.171590170937621078e-01,1.720118861894550377e-01,-6.024299869610309083e-02,1.440873615761537885e-01,1.698310595768375841e-01,-3.870990303213615036e-01,3.146550673853954483e-01,2.729436273813884983e-01,-1.162474497484301122e-01,-4.205462265952573664e-01,3.738747305740651727e-01,4.529751274761850688e-01,-2.558741715817681173e-01,-1.205321550377319861e-01,2.783585438594547989e-01,-3.425214254932285596e-01,1.333330886318995212e-01,5.441296289621133653e-02,-1.431189574898854289e-01,-2.575102339877449742e-01,-2.575933962733870791e-02,-9.485415226394917909e-02,2.752547444987057945e-01,-2.076110507174857567e-01,1.006230451014068494e-01,1.273460019950714561e-01,2.962685728479186875e-01,-7.032210410349351831e-04,-3.843701747434132704e-02,-1.123235185616348747e-01,-3.500946887563207571e-02,1.754893775941739412e-02,-3.692956331236217637e-02,-8.084886056284502909e-02,1.768332606745787738e-01,3.878994494123225723e-01,-3.482732351898834011e-01,-8.026587531433532208e-02,5.167358484083861905e-03,-2.321918859738625329e-01,-1.591517953567875843e-01,-2.960629782190311587e-01,-6.008624267428569476e-02,-1.216616172802584134e-01,-1.938793859143279549e-02,-1.439092294294196106e-01,-3.789832246805938665e-01,1.083712025376921684e-01,-1.007933993204015860e-01,-1.564728246375717280e-01,-9.218792794423164016e-02,5.690237120020491535e-02,-2.355929239636699590e-01,2.471109157811902587e-02,-1.867563495557073572e-01,1.595750469512760839e-01,-3.032025719470516911e-01,-2.012477735917893862e-01,9.043756743378267293e-02
-2.320426338535421795e-01,3.705190310626346045e-02,4.293357248056625108e-01,-1.859325723531111696e-01,-1.378683373177410076e-01,-8.262307532566282031e-02,8.369152857591659334e-02,-6.121038773791683679e-02,1.825890642781278494e-01,-9.126628203265138572e-02,-2.366307965815108577e-02,1.138183505730504530e-01,2.595549638721293961e-01,-2.973700799891614843e-01,-2.694985014562371051e-01,9.762489180291547552e-02,-7.181109774791295808e-02,2.284597594508729068e-01,1.306114436025924697e-01,-2.269646361121611944e-01,6.151980052962335507e-03,4.729244521212113556e-02,-3.515941574895993238e-01,1.586599815442205075e-01,-4.912141624167591369e-01,-1.161832461938619998e-01,-1.906945425893629698e-01,3.401504710826360189e-01,-4.232454488325867459e-01,-2.357185753970592879e-01,-5.784214661965433185e-02,-1.954075922479382166e-01,6.052783485953742992e-02,2.093472852813614560e-01,2.845649014195392873e-02,-2.691128132716215093e-01,-6.564650745302127999e-02,8.099105302251993072e-03,-1.216677403684918168e-01,-5.902639802150788650e-02,3.141051629638858672e-02,-2.206452803790226458e-03,2.357415718028649798e-01,8.042074149859679277e-02,-1.570902349009942189e-01,-2.405705921950023196e-01,8.712482731413444259e-02,-2.454798011093375920e-01,1.174254664561533296e-01,3.100837876105966284e-01,-3.954318779626813662e-01,2.083377882175274642e-01,5.070848052165447678e-02,-2.151182272852485422e-01,5.918496666883303614e-02,4.878602336236340653e-01,2.265974958647421766e-01,2.061567002543269744e-01,3.673395651190129035e-02,2.384729884955709769e-02
3.016265853308973746e-02,-4.779700347871570359e-02,-8.914003109317598927e-02,-3.804168997230138460e-01,-1.437805661407454139e-01,1.979477936820577821e-01,-1.793858080841496949e-01,3.940316539519150285e-01,1.503735038224492393e-01,7.624722940341767397e-02,5.722330109497590633e-02,1.646615182226980334e-01,-1.895666924261645292e-01,-1.014420244779651592e-01,-1.784667002849279205e-01,5.236298024700036802e-01,4.338659278533633923e-02,-2.411582570814301829e-01,-3.830029997459508673e-01,1.862304224337806013e-01,1.652226071112556927e-01,-2.536142835849631294e-01,-1.949510121604134880e-02,-2.735091049690873688e-01,-2.369229016260942511e-01,6.837151526615750652e-02,-1.456179139661291644e-01,4.756526338609671778e-01,-1.850668166951307259e-01,6.804937643619206333e-02,-1.094668978071668686e-01,-3.702170671492215348e-01,-2.646536024647239225e-03,-2.638670933394856033e-01,-2.947770238888642869e-01,2.402733815890335245e-01,-3.212097462897213762e-01,2.641636994255527199e-02,4.031692010300538115e-02,1.649843110334702490e-01,3.755308533392646142e-01,-8.058470766675387975e-02,-4.194669973002496666e-01,-4.816333083539507676e-02,2.064925766348258696e-01,-1.906481722031455606e-01,-3.092168534404374225e-01,-2.702647367485061514e-01,2.207925053313685437e-01,-3.941838274617422144e-02,9.146591078421992260e-02,-8.503246658612194364e-02,-2.187087090382101029e-01,-9.838769745810560519e-02,-4.036724168018980541e-02,2.575061296990911464e-01,-1.165456874290503181e-01,-1.775294027832597932e-01,-1.658486614610391319e-01,2.406857914042272867e-02
9.892659514986736069e-02,-2.726144476271010197e-01,-4.790631161349289541e-02,4.893871022286835903e-02,4.524878008215588165e-01,-4.907088712416846424e-03,-3.288956341396636063e-01,-3.080960866826176203e-01,3.053034417653967617e-02,1.193069653123866036e-01,1.983695721188398764e-01,1.312065365638564463e-01,9.413672552940699489e-02,3.733767093520976021e-01,5.154334184613984515e-01,-1.597502155747193286e-01,1.063106221009606916e-01,-1.688357183300513431e-01,7.595498314817139551e-02,-4.428348586840423484e-02,4.336100091821757374e-01,-3.121832544923424657e-01,-4.348277408914474895e-01,-7.288861384437753110e-02,-2.418513835416787605e-01,1.437304604554485443e-01,1.133256211463743723e-01,1.137727852424495201e-01,2.971632682465429887e-01,1.207803860389258244e-01,-3.409147918117312881e-01,-9.346473360603824165e-02,-2.627448309068015561e-02,2.171831017926887097e-01,-9.269459430043300308e-02,-3.646835868800391185e-03,-3.602367997343129957e-01,6.863938806513952828e-02,8.282340470402575761e-02,2.151682735929389412e-01,-1.148610943918239868e-01,8.672454074104229971e-02,3.881300282915470801e-01,-3.013661198181948400e-02,-1.155634429915001482e-01,-2.882748279132748420e-02,3.637638529470308413e-01,1.456234238874539177e-01,3.967380652139622099e-01,3.623202083686410946e-01,-2.035083530548591549e-02,3.656869967580893277e-02,4.050596967768607115e-01,-7.808904391017390317e-04,-9.827794202440954131e-04,-1.051231824333061782e-01,-2.777425737382541865e-02,1.654719475341729917e-01,-4.306226951706586259e-02,-5.497453887276644580e-02
-1.444911104644869548e-01,-1.613887984480449067e-01,2.186927434739538434e-01,2.988654152543765430e-01,-2.948723044334015247e-02,-3.115584499182155742e-01,-3.565142066716319169e-01,3.076767974307619349e-02,3.008556102656746445e-01,-2.238173987407660603e-01,1.359309099284135292e-01,-3.414824472412160417e-02,3.474866728815034778e-01,1.849794341069167514e-01,-1.429164233943822360e-01,1.111746891259034892e-01,1.898111358209235711e-01,-4.288186923678564966e-02,2.335502041074379309e-01,7.224308259999208393e-02,-1.282093426088202204e-01,1.678962016428051096e-01,-1.894341798825342066e-02,2.070131568474389491e-02,-3.323957362448094477e-01,-3.562401504345111825e-01,4.394054558044431791e-01,-1.120117907077544245e-01,-1.028308103876469648e-01,-9.272421388346707705e-02,-6.860835616379698521e-02,4.660432184639536901e-01,1.321171992784663796e-01,-1.325706754974063650e-01,-5.786258821420050408e-02,6.368731221586085289e-02,9.590633817597052357e-02,-1.884216416662010396e-01,4.954890463119566990e-02,3.667414772372613180e-02,-2.523865673289804046e-01,3.260918217825859999e-01,-1.580286651859720837e-01,-4.392456551487254612e-02,-1.428091211739615785e-01,2.311595031679293810e-01,2.620973848412021592e-02,-8.031122884407031204e-02,4.045673059705282570e-01,4.227727465821141672e-01,-1.379842513500271692e-02,-3.450804907658021059e-01,4.001005635937096017e-01,-2.477023813662090623e-01,1.429261014758609893e-01,2.017594439989970900e-01,6.884594599512494639e-02,-1.379762980608443823e-01,1.192707137042350318e-01,-1.656972793218572382e-01
-3.118672476092553270e-01,3.723530978871891599e-03,-3.973290483471917933e-01,-3.007083413611084666e-01,6.391510773446486271e-02,1.942554295157856437e-01,-6.585038992925708323e-02,-1.231407620224501953e-01,-9.391512566848147711e-03,-1.731529166678328069e-01,-9.172292923803496145e-02,1.104227527663261405e-01,-1.574845299908727569e-01,-1.049083557312146045e-02,2.489483010183150130e-02,-1.296496342241566513e-01,2.515757520713767653e-02,-1.418665851468921546e-01,-1.787415792947499860e-01,1.919660726511873139e-01,3.758262128212009334e-01,1.599913549083010200e-01,-2.604310451800212478e-01,-4.878925982795556671e-01,1.868113394392498516e-01,1.618052396320138475e-01,-1.634606262038468816e-01,7.974742883881083544e-02,-9.444948161029306788e-02,-6.959417541673626473e-02,2.013544448022831432e-02,-6.791637204124302551e-02,-1.989608465404503201e-01,2.940263220270121769e-01,-2.233308805402237363e-01,4.480212103810326529e-01,3.960205328525524537e-01,3.954182953838639714e-01,9.757803350088744675e-04,-3.231710352703679595e-02,4.018843748482215034e-04,1.788670148234754731e-01,3.088558239129425217e-02,4.889319574144460750e-02,-2.793338963548887000e-01,-6.809016626230506020e-02,-1.335763963339902660e-01,7.531120545485847639e-02,7.899631312399735261e-02,1.979238602949836001e-01,-9.345005131271619248e-02,7.219855367961565580e-03,-1.082015669337603042e-01,-2.003183154018057244e-01,1.446463941991151803e-01,1.423681500168015590e-01,1.838115408914913762e-01,2.265242947715738198e-01,9.602555265271112139e-02,-8.949496336879840530e-02
-3.735686639281052268e-01,1.451419970808832394e-01,3.884752796152853710e-02,3.505399893572533898e-01,-1.716601202335031606e-01,3.706165281912623261e-02,2.151631170004787708e-01,1.713877320405204352e-01,-1.188089752085677436e-01,-4.110192724969549127e-01,4.414100595864442478e-01,5.265292191708990099e-01,1.605014907647285549e-01,9.733182244279056650e-02,5.296350293999929452e-03,1.177202500003941416e-01,2.681020483683332345e-01,1.015706120389150702e-01,3.871008570895480005e-01,1.325682216525483348e-01,-1.166438641942794119e-01,-4.469898354063766427e-02,3.161191534384184820e-02,-2.259744766979849828e-01,1.611858223226949605e-01,-1.999688556246891069e-01,2.252424253489362233e-02,3.197344607280614565e-02,2.857320226941701888e-02,-2.326416093703033428e-01,5.263632315412722917e-01,-1.992659636472518536e-01,-1.956986993900939331e-01,-7.781513107750978597e-02,1.167354399684756849e-01,4.052779393566401100e-02,-2.469868863220892885e-01,1.322051154709264487e-01,1.958654698324976684e-01,5.244689511227825646e-02,-7.625043823855949532e-02,2.920813930143276171e-01,2.983658681280452751e-01,1.176467963722171927e-05,1.055518146338247087e-01,4.008086364685185116e-02,-4.229649960871461056e-01,3.073882809895283064e-01,6.764026541938822183e-03,9.558793147811503466e-02,-2.971712037480279262e-02,-4.309542071956036502e-02,-1.020214628430139436e-01,-4.123524435241215924e-01,-8.422352684673352352e-02,-7.655847235951607557e-03,-2.561323722728038876e-01,2.118177918012794925e-01,1.076855082429993143e-01,1.201045347759538418e-01
3.132185280684617323e-01,-3.420822880983113157e-01,-1.116466106908484274e-01,1.238542482598754130e-01,-2.686428542341263159e-01,7.947658593793659881e-03,2.609765206773703161e-01,7.878862458339810915e-02,1.172062634920462421e-01,-3.629545479849785039e-01,-2.853009972988662102e-01,1.261487822555662497e-01,8.975308605812314100e-02,1.075633796235848649e-01,-3.803347439768824806e-02,-1.007915357897982284e-01,-6.609657461570830894e-02,-1.770543693749396241e-01,9.296685571659821234e-02,4.754495683078724388e-02,1.581044348473270023e-01,5.224755062615856621e-02,-1.344155074892373902e-01,-3.645423092452750036e-02,2.151232120894114863e-01,5.116786973537410660e-02,2.700724430176023594e-01,1.127832709275375933e-01,-9.377171750758273375e-03,-1.228439413675364023e-01,6.433982621864693663e-02,-1.497542159484867019e-01,1.517726826379644026e-02,7.772606707227663891e-02,1.980261643278840578e-01,-2.978421379923020806e-01,-2.653499413633390036e-01,1.948201669661855651e-01,-1.028598267602629512e-01,1.341055975252868904e-01,3.326289467816016532e-01,9.414017366630629546e-02,-2.470556183147497309e-01,-2.588658069759505742e-01,-2.058298236559754080e-01,-2.193156982559917867e-01,-6.277456544705703467e-02,-2.012580874254689400e-01,5.513489213408120232e-02,-2.293022597969716636e-01,1.247432032485110143e-02,1.953986876751179769e-01,7.598854968533544363e-02,-1.026390805939703527e-01,-3.256132714266709582e-01,-2.768504875355707884e-01,-3.545139779762961074e-02,2.299439137038970793e-01,-1.089447357045480180e-01,1.040183021126137169e-01
1.214167512538115723e-01,1.153833903940351124e-01,-2.261411631491171137e-01,2.550376881989337985e-01,1.159332255545827695e-01,-1.758577702827144318e-01,-4.113149097620299455e-01,-9.338762250544888066e-02,1.595371031948546875e-02,7.910272185398303790e-02,1.504999084180923263e-01,1.637357718245102123e-01,-5.753806375515291283e-02,2.788084453129210244e-02,5.759857735695174397e-02,-7.014086497556859534e-03,-9.129339168992455650e-03,-2.443670690443273674e-01,-6.669300599340148572e-02,1.179849734518617632e-02,-4.123344379491058337e-02,4.878117718457064544e-02,-2.683606791703474492e-01,1.097419247440430540e-01,4.302821829882159943e-02,-7.981621308416771143e-02,1.859693906092609872e-01,-2.398982042088741162e-01,-5.735133670341249074e-02,-1.914464885927634821e-02,-6.693813540229354153e-03,-4.213639637017141219e-03,-1.473527361710790795e-01,3.915855029206913307e-02,2.571348386734328972e-01,3.476137332343213343e-02,-2.694946143202588962e-01,2.408439020448973067e-01,-2.471581981394375266e-02,-5.390921537922325202e-01,3.195726545939872598e-01,1.805362892328388289e-03,3.054513288406022209e-01,1.763730409704440116e-01,6.911521130673684010e-02,-5.090562118886911985e-02,-1.186373058043933282e-01,1.751652458316865779e-01,-1.174943977151843705e-01,1.762511846349616440e-01,-1.429890167129007073e-01,-2.619004701206747443e-01,8.317519719206951934e-02,-1.094669673169983148e-01,1.333363898834116490e-01,2.413823962604795259e-01,1.724597081739133453e-01,6.271150077336286321e-02,-3.142862422303883962e-02,-1.568014021370898736e-01
7.944098563965858173e-02,5.013316957421796310e-02,7.387674390322698792e-02,4.971518782491331917e-02,1.361986358108382145e-01,3.993723471992803864e-01,1.975434194891584339e-01,-3.724141704343787718e-02,-4.075885345072626231e-01,1.275120128269836284e-01,-1.261115908791856921e-01,8.819966744746739196e-02,1.422210671613818034e-01,3.918856870137082948e-01,2.170473527733733365e-01,8.098865646066320811e-02,7.761027792014951743e-02,-3.120296919256162482e-01,2.646490540593757906e-02,4.590427571715544747e-02,1.095124662297156382e-01,1.430346313383873136e-01,-4.921491306033822649e-02,-3.236306753914625634e-01,7.723274708584321191e-02,3.410330509144919864e-01,3.589525857997401259e-02,-1.142183414771974770e-01,-1.694009244699629380e-01,-1.878763228551090791e-01,-5.480014905781787071e-01,2.736686321669656950e-03,2.647712288224933763e-01,-1.201608829646890059e-01,1.508500354401111354e-01,2.626409651172033066e-01,3.915482461950373777e-02,-1.254060826360106073e-01,-1.735867238306490756e-01,-1.023494671881743923e-01,-8.111287701197886224e-02,2.166851683498243197e-01,-2.625086272733115900e-01,-7.105074785328649445e-02,2.398615432998501829e-01,-1.949262223091943191e-01,-1.308661737073677500e-01,-1.676007679904552017e-01,2.942313166112040523e-01,-3.133472832797255109e-02,3.255004187833820395e-01,-1.139878661889709155e-01,4.706501784380056480e-02,1.427090643952300120e-01,2.157913172443484962e-01,1.816779823312206499e-01,-8.227888277516084981e-02,2.111574652527138107e-01,-8.981736757651126446e-04,2.787005062362478691e-01
-5.328449478405932194e-01,3.957712325336280867e-02,1.647548989452836954e-01,-2.660693115488790839e-01,2.633290464173543982e-02,-3.599982866027408024e-01,-3.372500787163493774e-01,1.617369158681243035e-01,2.715458035590138652e-01,-5.310370506727046802e-02,2.256013899299732783e-01,7.358080102667018119e-02,-3.194487332849768602e-01,8.739469175694854208e-02,-2.335457164580579392e-01,1.686980921692837199e-01,-1.198654935410840838e-01,-1.913530772375450495e-01,7.903407948740488742e-02,-1.414800763973152464e-01,2.118571648535555185e-01,3.524360777087015648e-03,2.016341696253425853e-01,6.631466914499155318e-02,7.198464126409273578e-02,1.831882830216114907e-02,-2.897067536453455938e-01,3.448320315161662042e-01,9.128493666141075658e-02,1.223801485126129462e-01,-1.686375146369410161e-01,-3.019375085529541480e-01,1.971107206926656641e-01,-4.138069308030604271e-02,-1.426254296741195360e-01,2.218417889527204423e-01,2.176214373105881672e-01,1.257031344273056295e-01,-2.739183507515897675e-01,-2.522049129410193838e-02,9.538085285422495674e-02,-3.208941506173203229e-02,-1.816173653532919541e-01,1.921207232374962659e-01,-1.694688784640154822e-01,2.663150933958692845e-01,-4.092801842551677671e-01,-4.403011335425724426e-02,6.509188357064452091e-02,9.320240217964824436e-02,1.169849170250664844e-01,1.987972418512357342e-01,-6.825253072653196529e-02,1.535166134125864846e-03,7.297318486416071170e-02,-3.021457851363574809e-01,4.936372007885399538e-01,-1.936386979628504645e-01,-7.422315549711999520e-03,-1.261743520509913119e-01
-1.366654147596350344e-01,-4.270707805906558407e-01,1.114858116362322099e-01,-1.926364303292079361e-01,-1.235891709839882086e-01,-3.370677255645927461e-01,-1.283347107378198237e-01,-9.572768295869303612e-02,-1.657734236454642129e-01,5.673316120626951953e-02,2.829313258393603009e-02,2.524476497084190280e-02,-2.659967582940196973e-01,2.526324352037304655e-01,1.719296532427732893e-01,-2.066537575297875962e-01,-4.686521565245737042e-01,3.763599698668746579e-02,-1.302249423992873911e-01,2.220568309910430360e-01,1.498970601413038006e-01,-3.552765757359661047e-01,-2.061182640746591355e-01,-1.308242314234168702e-01,-6.782372706159028874e-02,4.141468333984412165e-01,3.255545838173869166e-02,-2.980254061441721669e-01,1.038171456490817046e-01,-2.054766811131215343e-01,1.794477357097994455e-02,1.255120130058456074e-01,8.875807548438137407e-02,-1.911141703955713811e-01,3.686512404031940249e-01,-5.160740220916191362e-02,-2.249558832075463644e-01,1.118887139592368712e-01,2.347315142205264882e-01,-1.146517446883634807e-02,1.125871039270494728e-01,-2.640108949478640055e-01,-8.505455895131301680e-02,2.419982356594971296e-01,-3.102298909082142342e-01,1.474393145829502871e-01,1.129118348493627355e-01,2.648764104966516153e-01,-4.344499559035458480e-01,-3.934669452784647636e-02,2.957615167012398599e-02,-7.544832845769544258e-03,3.505180010139626046e-02,7.076126864176238151e-02,2.529981306357618684e-02,-1.463497043499156769e-01,1.411262623686941331e-01,4.936921412885504623e-02,-1.335740156041270998e-01,2.110311983578086470e-01
5.674573812327492195e-02,-3.026043908057059473e-01,-4.259514479030259149e-01,-1.547701078801715369e-01,2.202731407375297101e-01,5.733191503165977615e-02,7.725023001839384507e-02,6.005692791488703546e-03,1.655335254141327705e-01,-1.284443385159142470e-01,1.390915397080985140e-02,9.207491186989659460e-02,6.493572523415513595e-03,9.501711353557337758e-02,1.075069221991256790e-01,2.977184936862222187e-01,2.299782944771839865e-01,-9.622602565188387302e-02,5.902865784515472225e-02,1.691288014353842240e-01,2.600611472557290416e-01,1.268172609447393018e-01,-6.678325173623671229e-02,-3.206256286520249577e-02,5.061411968756866081e-02,1.597538638187677440e-01,1.568746562565613289e-01,-1.024946693895868177e-01,7.890016806286272166e-02,-3.445063097717908085e-01,4.667513724056469165e-02,-1.573214120852948761e-01,-1.993770183014580977e-01,1.975295224015264639e-01,-8.696698284899775921e-02,-5.098114893015272264e-02,-7.488411040402376262e-02,-3.836308593859838554e-03,2.012117953998625863e-01,-1.763976891731340313e-01,-1.562665195847281752e-01,2.667375204510077230e-02,1.682242882142167412e-02,-2.801067592487592739e-01,1.737211774091238503e-01,-1.078401914247633098e-01,-1.649976830763115188e-01,3.560516843116355301e-01,3.997136844336655198e-02,-2.340485283832327654e-03,1.493994465285257769e-02,-4.959276133267544878e-02,-5.743784293611752245e-01,6.154205604956958231e-02,3.108222467255823962e-01,2.820045159120206785e-02,-1.134529430115439330e-01,2.540092557440629673e-01,-1.326205891958852079e-01,-1.567900865240063335e-01
2.857896341544777785e-01,-3.335691221529103467e-01,-1.435265413328662976e-01,1.285748137435381022e-01,-4.700398009024218254e-02,2.597843885669652852e-01,-8.696669907058543481e-02,3.800913775465666888e-01,4.786050290498845006e-01,5.859312700132227741e-02,-1.183140891124879468e-01,6.626875899818181204e-02,1.566747850291491384e-01,2.841674555456939477e-01,1.803588779717106294e-01,1.953739132684182422e-01,-2.222034596834744080e-01,4.309384573906868132e-01,2.304107645104431223e-01,-3.335000082716498004e-02,-2.520118683700541817e-01,1.213000801439738929e-01,-3.512842391847781354e-02,-3.346346943185936063e-01,-2.380441443181601727e-03,-1.085045976625203662e-01,-1.543702590092777037e-03,-1.777806322949027767e-02,-4.181794686968116070e-01,1.141923952453935687e-01,-2.061473586022743165e-01,-7.091849139778402811e-02,6.692691152870934579e-02,3.751646027227051317e-02,8.764317782478017738e-02,1.428748122810525600e-01,1.541217008107670094e-01,2.595201504086076527e-01,1.435947609491636245e-01,-7.173360452768491602e-02,5.882955461859987883e-02,-1.478378553955726760e-01,2.331087763760121556e-01,8.004111587131781946e-02,-3.058262045410435337e-01,-3.502506230522006159e-01,-2.679038287933096507e-01,-1.607451876420410986e-01,-1.153436169771830146e-02,-2.149488492985385333e-03,-3.779416459228471803e-01,1.977046053497400480e-01,-1.102625499652968993e-01,-1.451913860070714879e-01,-7.727023577201296012e-02,1.968247541757051911e-01,6.172573936086599156e-02,-1.906225510017435856e-02,-2.361750394319744872e-02,-1.115590573594750917e-01
