-4.758631727834923275e-01,-8.238616020772202564e-01,-8.668988239051133027e-01,-4.703989686605725140e-01,-3.861001067467810521e-02,-2.704764551184221655e-01,3.912586864594956582e-02,-1.114754158764030417e-01,2.833016391559378677e-02,-2.210520437370215863e-01,7.763834432552528531e-02,-7.868654260698812464e-02,2.149240431677824359e-01,-2.463157835707281973e-01,-1.793412873810230554e-02,-2.238570695030618896e-01,-1.262675468304045312e-01,7.852709066713186442e-03,2.551433771761059052e-02,-2.647153950550750201e-01,-2.261629979130714285e-01,1.765017422240535705e-01,-6.839611868867355449e-02,-1.766871451142148219e-01,1.296018277024542087e-01,1.794168561744981794e-01,-1.420713232057838893e-01,-1.359421273404217700e-01,1.130281776741456634e-01,-1.176384019913099266e-01,-2.194345970571753845e-02,1.678060383264000643e-01,-8.583864468791838759e-03,-1.454403206991507214e-01,-4.602596624525828739e-02,-7.449644750733735998e-02,3.889818608583461151e-02,2.813115354185162856e-02,-2.121279730669724528e-01,-3.507821680587047599e-03,1.378611484692111033e-01,1.458010411100928161e-01,1.280093235081002437e-02,9.820378024493448335e-03,1.444786201943876192e-01,-1.545602190700132161e-01,5.867233724214132584e-02,7.891681331851231607e-02,-3.808919615892856353e-02,-8.825998462214365570e-02,-2.859498980088210351e-01,-7.399478887984464737e-02,-1.196687396973425965e-01,1.289492908761065704e-01,-1.418266906236570479e-01,-9.828711697225153698e-02,6.746158124719123239e-02,-2.805199948454327810e-02,2.240931078949715827e-01,8.399489858440666035e-02
-6.144080083551073379e-01,-7.471209114546423224e-01,-8.112694649609577535e-01,-5.691614719253658139e-01,-3.194013062439289286e-01,-8.007607182579203065e-02,-2.427211951875968832e-01,-4.164003870591317241e-02,7.695794500996185061e-02,-7.605325062786709445e-02,-2.997005676905001859e-01,2.482789091132103082e-02,-7.443001134776663918e-02,1.066687843892550197e-01,8.680725519137685864e-02,3.347184000388205016e-02,7.613614715571000169e-02,-2.688489754134604362e-05,-7.092223739607844517e-03,1.911657163230734979e-01,-1.394484830314320634e-01,-1.323568992854478876e-01,2.779733171716362167e-02,-2.131544017278019787e-01,1.353158240273911184e-01,-7.724829775279158650e-02,-4.337702122293120299e-02,1.301382406852726603e-01,3.063934810643131196e-02,7.243512735049184581e-02,7.729663218886981269e-02,-4.592308785762824405e-03,-2.162316289071307060e-02,-2.124958731393931932e-01,8.430977632879199657e-03,8.231178830160137960e-02,7.877242216054980428e-02,1.436451234077330552e-01,1.167234295733240862e-01,1.189312460232453406e-01,-4.102383597437051638e-02,-3.205450587883799246e-02,-1.520559979409957518e-01,7.808600910915972082e-02,-8.628419731313674568e-03,8.150236252420635374e-02,-1.125522611027045539e-01,-1.074956368980568844e-02,-7.350581721324777815e-03,-5.341457239117386457e-02,3.143842497837179839e-01,-9.757394272701901128e-02,2.287466687048423861e-02,-3.742725035389560806e-01,-2.661093167525291348e-02,9.406832734198443402e-02,-3.257185561759803893e-01,-3.340905862634295231e-01,3.198719022463245715e-02,1.460933047839206578e-01
-8.441046680721541184e-01,-7.339404894931182977e-01,-6.339956080187063581e-01,-4.195516680223271844e-01,-4.573554425110727406e-01,-3.052227185756334893e-01,-4.413646845438640859e-02,-8.482006791895134457e-02,-1.475942168027635781e-01,-5.566541155496984583e-03,-1.217424185431455752e-01,-2.740218876157595740e-01,5.066187193689009050e-02,-3.979322584087784109e-02,-1.757164917268558280e-02,-2.307880343022710723e-01,2.252806348163419459e-01,5.020956635353333863e-02,-4.432480517248511137e-02,-1.964341360617476995e-01,3.118029205772935436e-02,-2.794804879765466071e-02,8.957842531168921929e-02,-5.028175522209356318e-02,-5.506152863267458480e-02,7.082879522680045337e-02,-3.841683067441096361e-02,-2.834464805166348467e-01,-4.543511235105071773e-03,4.633103995090247229e-02,1.002339749882473069e-01,-1.085889073385746251e-01,-2.768076347965776618e-01,4.805828847215348927e-03,7.925718995779744425e-02,1.540292959398843198e-01,-3.658530246391379637e-02,-7.407456324179217955e-03,-1.747629851945828316e-01,5.320085146415012151e-02,-1.995019424143956721e-01,5.382981649024086435e-02,-7.193471787117784733e-02,-2.699379601062891210e-01,-5.696747008071323393e-02,-1.347430021506989539e-01,5.917198737635798178e-03,1.971700053643105632e-01,1.424889572806702087e-01,3.360877724042688475e-01,1.541324769795162156e-02,-3.991123725344379314e-01,2.456477427274809666e-01,-3.594379237734073029e-02,9.114907121619138242e-02,5.990027962446549739e-03,3.741505054322111917e-02,6.418557414889369470e-03,4.382598994935697767e-02,6.763183140307528485e-02
-7.811427710388137990e-01,-7.208733388106184359e-01,-3.217885116519723643e-01,-5.143721925645742266e-01,-3.275713917963700150e-01,-2.403343077775724479e-01,-1.835824971570563235e-01,-1.683117429355985295e-01,-1.011173761875341637e-01,-1.122584669943412494e-01,-1.337527923925775353e-01,-4.896703428124034307e-02,-4.755912401625755903e-02,6.332163249394336113e-02,3.456907424494235631e-02,-2.648240313392502543e-02,-7.067683609691596813e-02,-9.180104163741606427e-02,5.023623644116102099e-02,1.184459445238905256e-01,-8.070143646071065158e-02,5.895253016535017751e-03,-3.470387264734912935e-02,-1.558519248784402678e-02,1.231707790314760451e-02,1.736397862824332061e-01,1.698526858500764430e-02,-1.359815996737905874e-01,-9.544079118646950355e-02,7.987458014336989293e-03,9.482577628552316118e-02,-1.328273631772392827e-01,7.088863876239763495e-02,-7.467400993003152354e-02,-1.980139039747976296e-02,4.720798777215817754e-03,-6.703095583654192224e-02,-5.050800236792137021e-02,-2.282370310403281088e-01,-2.036765799030021973e-01,3.083944509652503663e-01,1.480538093378801212e-01,1.824709686054965530e-01,-5.661399620408730585e-03,3.151920287667746290e-02,2.450131793989077100e-01,-1.848667270488890679e-01,-4.190908049819681153e-02,-1.518134814268113641e-01,2.050047735333223042e-01,6.621714625825537992e-02,6.739916161260528678e-03,-1.459415184190195058e-01,-1.525971645260985610e-01,-2.746460964693650530e-02,1.106492229664534366e-01,-2.018215948906499149e-02,-9.243873058565170442e-02,-2.786607623082863056e-02,-5.480158836512446369e-02
-7.975944773736233229e-01,-7.216303209208461134e-01,-6.781473682429063343e-01,-4.241204548054046120e-01,-2.860097789937156021e-01,-3.576876616603665016e-02,-3.356564193484211089e-01,-9.314544181867047412e-02,1.257971802626904334e-01,-1.683038569495260428e-01,1.302564298681093968e-01,9.752079262383944736e-02,-5.519098521049827649e-02,-1.462643414292348343e-01,5.739666567542182907e-02,-7.493880674053027442e-03,-2.228199414761471986e-01,-9.813245055112056192e-02,1.419045096262346317e-01,-1.239600392741304347e-01,-5.331990594467937716e-02,-1.037837353770142135e-01,-2.836363598879493297e-02,1.400228904405167486e-02,-1.100186403000289054e-01,-3.652135691925140204e-02,8.669705420478014679e-02,-9.426904908998789967e-02,2.121537951998645199e-01,-9.551017411707690696e-02,6.548463514909758088e-03,3.378339055623978682e-02,-1.766323589924861659e-01,-4.609612748453741915e-01,2.198924459176068019e-02,-2.936037599463401510e-02,3.134259712119895347e-02,6.003898499293215674e-02,-1.000245109679639144e-01,-5.183550341535829442e-02,8.439441431529411120e-02,6.482422080878202930e-02,-1.113922636723803788e-01,-1.331817571868389172e-01,-3.455181388952196508e-01,1.312640223657325633e-01,-5.509510192892907998e-02,7.974625195132920008e-02,-1.553544871996301313e-01,4.619412462503142969e-01,-1.113163093909527862e-01,-3.297202241864484185e-01,-8.522777923869738481e-02,-1.795810348001095902e-01,-8.547803878444756864e-02,1.098987086223547766e-01,1.648648668842183640e-01,-1.126200217194508885e-01,-9.677522824203857454e-02,1.900356088738188176e-01
-6.505449693512384002e-01,-6.372713593657599596e-01,-4.783231078931962088e-01,-4.638759511304869632e-01,-1.750570769494264600e-01,-8.826491696535962439e-02,-2.341019780472705647e-01,3.354345297646992019e-02,-2.213045604746338713e-02,-1.086751885184709387e-01,-1.512227667256972885e-01,-1.482642017899363229e-01,-1.693304331029710785e-01,1.251858335626004626e-01,-4.004589373577901318e-02,1.543403288644097371e-01,2.303960710754281854e-02,-8.664632723708723394e-02,-4.894735681645977915e-02,5.272261235630470999e-02,-7.506192162727942652e-02,1.718894140002646606e-02,-2.056775696629492001e-01,-1.516772324359653978e-01,5.583826386643726825e-02,2.150625804548220166e-02,6.352629005276723417e-02,-1.003172595123736840e-02,-1.332422442072336843e-01,-5.114515256408849048e-02,-7.386893758563570223e-02,1.116847373381385511e-01,1.165179238318433674e-01,1.680905216191356799e-01,-2.463055584935504999e-02,1.458321166872648608e-02,3.050585378348697474e-01,5.282364575952737396e-02,-1.087451466644874659e-01,2.618011611990821441e-01,2.074789300492574373e-01,-1.049275076152765551e-01,2.796698459866227629e-02,-6.728813696066340833e-02,9.081168086772613279e-02,1.095344389482027711e-02,2.101995188557789496e-01,-6.856792236955450148e-02,4.325411659982765500e-02,-8.613375330085040749e-02,-9.412844325008770663e-02,-2.425978028939472855e-02,1.539213956803501815e-01,4.069859422414151551e-02,-2.441037360543515111e-01,-1.401147310409626978e-01,-5.598821393301356419e-02,-1.917094647023544207e-01,-1.823037347928913587e-01,-6.376961107007372842e-02
-6.490550290718090087e-01,-3.770583298717533616e-01,-3.899113113605926495e-01,-1.177180670668758200e-01,-1.867765080312969173e-01,-1.563841021369472006e-01,-2.168265698422534860e-01,-3.473972048925764999e-02,-1.071086480347192421e-01,-6.556234912956256100e-02,2.818656762821080200e-02,1.258217309383159732e-01,4.895724274971834100e-03,5.823162902320491545e-03,-2.055706667458351202e-03,-2.795066954624830236e-01,-1.065286674948055790e-01,-6.083384869250542393e-02,-6.936397052967527288e-02,1.120412749215501658e-01,8.808636827547521725e-03,4.685718896303131716e-03,-3.387588367668857847e-01,-5.079792523235593382e-02,3.948297549008195073e-02,6.742483040616831236e-02,1.347480532682538978e-01,3.428909664088576614e-02,-6.192751250106338923e-02,9.931085022373626475e-03,8.337257145813870007e-02,-1.981514572882663305e-01,5.625075190942085968e-02,-2.462640239078344589e-02,6.400975006662482092e-02,-5.858358639420169212e-02,4.529827214315719497e-02,3.125443931172869338e-02,-8.944867207138193499e-02,1.144055189083398490e-02,1.656269607222931595e-01,-6.114759550692612511e-02,-1.149014122831913121e-01,3.522832781318017276e-02,-9.148933761628400690e-03,2.520154280771390656e-02,1.401005955174625395e-01,-2.878435159332686233e-01,2.941228990001322138e-02,1.490852793784116503e-01,-9.160850075067936138e-02,-3.166536764869072873e-01,-3.972668941386660324e-02,-1.916583841810407252e-01,-1.964582603117325799e-01,-9.927049663929408962e-02,-9.497185075963466422e-03,-1.348497754175948804e-01,-1.401281720213243785e-02,2.636841922798622770e-02
-3.326538900886233385e-01,-2.037125935347647021e-01,-4.059259079613309895e-01,-8.695877366479919102e-02,-6.463116599481080748e-02,-5.611843786907851073e-02,5.523817586130581880e-02,-1.484649332439091874e-03,-3.528360794107312515e-01,-6.005107847906678703e-02,-2.239004663311194021e-01,-1.248345181874834370e-01,3.119389985960822551e-02,-1.112135192457127664e-01,-2.585823765140088382e-02,8.087551741376616463e-03,-1.891622081161935254e-01,-7.862780668123811600e-02,1.115306321665058067e-02,-6.292085998172020078e-03,-1.000401970761572584e-01,-2.363841759131566911e-01,-1.281157652351742060e-01,8.287240752700988922e-02,-3.100405446286740863e-01,-6.119560648015662935e-02,1.524443950815666526e-01,-3.893505906947032635e-02,-8.299049587559149954e-02,4.225033447497217320e-02,-3.356494545174665278e-02,-7.647206475603733622e-02,1.607649257514773625e-02,1.788627602029425057e-01,-6.433782853903267929e-02,3.498112314289925084e-02,-7.635094100921210880e-02,1.349988766792267203e-01,-3.974266174162674470e-02,1.055225203479382284e-01,-3.491899435889871117e-02,3.231442171993298418e-01,-2.278192787636565131e-01,3.150346443876184122e-02,-1.570432621601910717e-01,3.692503762298369324e-02,9.728516652605095905e-02,6.153392802328657568e-02,-1.387030621289395693e-01,2.596028115573519313e-01,-2.899839614809274213e-02,2.852918648888097541e-01,1.485861974890854420e-01,1.231374849624236739e-01,-4.250314731577566063e-02,3.019836030907206009e-02,-6.901968894280099964e-02,5.301289164950140353e-02,6.058692748989519261e-01,2.449700017027628407e-02
-3.680475632681809439e-01,-3.910487760168109839e-01,-2.554924916123291756e-01,-2.369585558144386428e-01,-2.703858220954026281e-01,-1.002551990902500467e-02,-1.626301131365796571e-01,1.327182701235572748e-01,-1.304632630212009536e-01,-2.439169168928577436e-01,-3.436665780222999955e-02,7.529891842508369681e-02,-1.186084047007624626e-01,9.228862645716091884e-02,1.335621655140536712e-01,1.393325638722621718e-01,-9.693492350138196989e-02,-1.116285335805359547e-01,2.639820509619739825e-02,5.475429731060225957e-02,2.212780120878340279e-02,-1.318974581439298285e-02,-8.332789766313213053e-02,-6.582413078325184685e-02,-2.260232078807725975e-01,-1.126525998768482806e-01,1.184286758246814591e-01,1.362715560107010671e-01,1.443848069369276510e-01,2.032587113395870893e-01,6.764339977150339578e-02,-4.037748481113330457e-02,-4.552774577766117992e-02,8.169686088249868139e-02,-4.620613865859864861e-02,2.560638981573765127e-01,-5.281904165177042643e-02,5.629661012798055364e-02,-4.129440112245896105e-02,-4.295376895849102594e-02,2.969250271318605444e-02,-7.262448404303498140e-02,-2.197661295984803531e-01,-1.606865243894872687e-03,-6.600663383352251001e-02,-1.203187108768870306e-01,-1.774754992551544619e-01,3.528062868138502339e-01,-2.915484387242760489e-01,-7.952148854396469402e-02,5.138769903594621324e-02,-4.661524118093932773e-02,5.510604329422093967e-02,1.612515615421477033e-01,1.069777446505716309e-02,-2.258784433826583130e-02,-1.741558237322009955e-02,-2.495622898872280615e-01,-2.560304304136443720e-01,2.412181863593420572e-01
-1.617446848972980411e-01,-1.817819406750454114e-01,-2.576168573080261925e-01,-1.105776493026993795e-01,-3.332078738658085237e-01,1.385040312377450178e-01,6.508422980021906501e-02,-8.292021556956755135e-02,-3.390311576420969031e-01,9.004769907565626785e-02,-2.982031682726932198e-02,-1.969041564058837679e-01,4.625391986656467169e-02,-6.876381653822122297e-02,6.926456578280004934e-04,-1.461449740550508358e-01,1.259160882469907428e-01,-1.702849187511820406e-01,9.846341668419489324e-02,7.838412385384085912e-02,-3.727897009818519070e-02,9.752672972265746809e-02,1.838125997192660288e-01,5.977492536706654341e-02,3.869139919076066553e-02,7.113350908362628400e-02,3.820541734377092685e-02,-1.003383160450518757e-01,1.685284287196526232e-01,1.380599484130396945e-02,2.113174551141789037e-01,-1.314656820244881376e-02,-7.724020887537830400e-03,7.000615030470067057e-02,-2.133870357163740183e-01,-1.545575552069954409e-02,-1.251029292314339292e-01,7.632803822958289519e-02,1.952186679203442021e-01,9.826771568610438712e-02,8.434621842508316369e-02,-5.902835694025147795e-02,-1.820920696456531096e-01,-4.700099362158950689e-02,1.048896449735325920e-02,6.019474042020837856e-02,2.143073234747940314e-01,2.089414156493094379e-02,-2.155546569585805039e-01,-1.277740558929626180e-01,9.093681441800186005e-02,-5.205213559949924129e-02,6.431563060749367726e-03,-1.022281352048299841e-01,9.375499244544516220e-02,-6.151607534496734975e-02,1.235586477504563713e-01,-9.563206663469762947e-02,2.792587901841043357e-02,-2.158919973377539936e-01
-2.762953268176284727e-01,-6.783641293081626999e-02,-2.113716646318421211e-01,1.143485665704282866e-01,1.167700577931949785e-01,-6.487518933859877379e-02,1.389575679612103376e-01,-1.081830449215525347e-01,-3.898424777281594283e-02,-4.281581367773647923e-02,-1.668203513935967441e-01,-7.301959269870957059e-02,-4.343163391046796218e-02,1.502537332033172801e-01,-2.390902266329900799e-02,8.556398952117659495e-02,1.436242138507263510e-01,1.903975742236488633e-01,-1.201108562960288492e-02,-7.061135172353608103e-02,-5.857438143953743598e-02,-3.071600927543769594e-02,2.443038582364564365e-02,7.919635664762261773e-02,8.211560293815087230e-02,-4.964624477317806928e-02,-1.139408287943704384e-01,-1.032275040457666659e-01,7.218272740586192948e-02,-1.858687596839369571e-01,1.684501200938730014e-01,-1.366971387551646488e-01,-2.565492190942695455e-02,3.082919841039623021e-01,6.953989873206242733e-02,1.138350427466822135e-01,-9.076786336767143915e-02,-9.846536372331387427e-03,-3.770119748349500671e-02,5.019663110614941415e-03,-8.030171634872559916e-02,1.787223744763459243e-01,5.120472122788366325e-03,-1.399880237852716980e-01,7.411006688887304683e-02,1.666999739281031512e-01,4.913625568289353707e-02,2.641512689063056987e-02,5.821571314160842864e-02,-6.372564469396763132e-02,-2.509018048457936634e-02,1.056390737123552859e-01,-2.348264435296358935e-02,-1.615608692632253349e-03,8.989280944379392235e-02,-1.675818151393516087e-01,3.051680597769624304e-01,3.710793596231150016e-01,-1.784235976908601223e-02,2.213450450664899427e-01
-1.679164760554171798e-01,-5.117181569835875521e-02,-3.495953333180394640e-02,-2.940205944969378343e-02,-1.448995153428997429e-01,7.762125934322580689e-02,2.713669280551666077e-02,-6.952418815235224259e-02,-1.573736285393877998e-01,1.151704032819083484e-01,-4.337860092812548252e-02,3.462803847745291597e-01,-2.750358334426226264e-02,-2.106695530789190474e-01,-2.067008099474264837e-01,2.782447638088154235e-02,7.686534467607504528e-02,-1.185035362263507502e-01,-1.314803163702604194e-01,1.351326611856614179e-01,-1.820157525836864632e-01,2.132835499612473207e-01,1.296700534501718238e-01,1.232468370017298642e-01,1.428036639688053666e-01,1.535891802862820454e-01,1.566065955768037865e-01,1.394298446173487249e-01,-2.078321924880593696e-01,3.320437829309003108e-02,-1.010605252719226910e-01,-1.354312856270445398e-01,-7.030358128017463737e-02,-3.301419245480473608e-01,-2.962749305026363134e-02,-1.970730456751302317e-01,3.023607705120679931e-02,5.727440899811893360e-02,5.747612181955965432e-02,2.497139840112171938e-01,-1.520423519349581309e-01,-7.241325664953600361e-02,1.067410818800055561e-01,1.270694693209339365e-01,2.787459929295832504e-03,-2.446210490490328682e-01,1.725474938694118721e-01,-9.182531571545080040e-02,-1.420817127705178984e-01,5.355730600991458201e-02,2.909894977075127565e-01,5.962058988690911721e-02,1.609717674485815486e-01,1.037592368709439467e-01,-2.057453391281788835e-01,8.331834421896426590e-02,-1.021095647635363451e-01,2.467052737914493254e-01,-3.198563462282548453e-02,2.672835957395276463e-01
-1.587557477520495641e-01,-1.888029395588979586e-01,-3.980943680507390003e-02,-1.283962977853005984e-02,-1.547027925607964358e-02,-6.052809625438143257e-03,-1.561338337714859859e-01,8.126092270112686422e-02,-1.828847997398894143e-01,-7.770441259573604431e-02,6.652711872515204572e-02,1.424761716875293516e-01,-3.311688314107085612e-02,-1.459816731864582162e-01,2.000163254178300570e-02,6.675186908415219056e-02,1.145393686741054129e-01,-1.811284005047705814e-01,-2.747385513133914769e-01,2.821719955802620694e-01,1.609715237248085795e-01,-9.939317464972421967e-02,5.688188604829787220e-02,1.369624507006206859e-01,-1.081646235667143019e-01,8.135608176361427968e-02,2.161878583853604208e-01,-2.093561526287087138e-01,6.627710239755220389e-02,6.040020610512972926e-02,5.786407452072708096e-02,1.014245476810899521e-01,-1.796876824150095975e-01,5.007835390196174741e-02,-6.432518572410042546e-02,1.787839203474533845e-02,2.511885186960431393e-01,-1.798877942604478267e-02,2.911117148826320930e-02,-1.653889591365039213e-01,-7.114471596611700310e-02,3.480640551916220488e-02,1.277681019660334982e-01,3.615393687161060909e-01,3.493061022401434124e-01,1.635101644910233465e-01,1.328192360614835754e-01,8.743640123125161201e-02,1.688551071111032420e-01,1.207863136499717910e-01,2.160996545869404151e-01,2.972542833989676517e-02,-3.019269619222225143e-01,-4.774029105257051597e-01,-5.595987469794432012e-02,2.595774826274387936e-01,-8.258790326772739998e-02,-1.079950416665308721e-01,-3.812407587200015296e-02,-3.038289880220874234e-02
-3.556148227052911143e-02,-1.491781454248334859e-01,-5.855205406341679533e-03,3.667192712040755198e-02,9.904699179285376964e-02,-1.352910473222988796e-01,-2.615194976569568119e-01,7.367856677954390254e-02,-2.412619256205506685e-02,7.657029698181450073e-02,-3.608012017862770315e-02,-1.104153799617088316e-01,-1.994671040540796358e-01,-1.465389934430005869e-01,-1.507577739035360909e-01,2.821009215131076164e-02,-2.339527457810084976e-01,3.612483020232445247e-02,-2.347629997698471860e-01,1.022501033498802309e-01,-2.167889277683837934e-01,-2.147678212104451867e-01,-1.594862215934471084e-01,1.948955892688882807e-01,8.244301546888446741e-02,-1.696093109940072508e-01,-9.842138457554761716e-03,-1.405387080417170309e-01,-5.707207708616938990e-02,2.743981766795611319e-03,1.655372946749766039e-01,9.309640484152800766e-02,2.955743479141643149e-01,2.032376790854061588e-01,-1.118043791602688908e-01,-3.469746907691630133e-02,1.489916084080224745e-01,1.643663218230991818e-01,1.499423845982355841e-01,-1.050826754339466707e-01,-6.099325978846877744e-02,7.995355536524788309e-02,-9.384204012757621505e-02,1.562241374743440492e-01,5.497078094201467147e-02,2.130088077826584603e-01,6.990115973580925124e-02,-2.849294492210464602e-01,2.265625978109216399e-01,-1.321227896150677927e-01,2.557712972903721238e-01,1.738660480819749221e-01,-6.657349095912919179e-02,-4.586783785723354268e-02,1.265628180614798703e-01,-5.607271123813143548e-02,-1.419009963401007268e-01,-1.050285812469045482e-01,8.509842744562991224e-02,-1.195504705015244945e-01
-7.414861130813477086e-02,-3.859627290234061980e-02,-6.771937167165789639e-02,7.761551967121071982e-02,4.954541539791788851e-02,-8.564307842177634744e-02,1.260049124444097626e-02,4.168404866330068653e-02,-2.728830413194054463e-02,-8.643068396842443213e-02,5.155077297496354904e-03,-3.218808234843441307e-02,-5.643182714784683585e-02,5.432220011713222163e-02,9.139206054679174795e-02,-3.538993708218245160e-02,5.895247595713865030e-02,1.679821370420982451e-01,-8.477783575644967651e-02,-9.969167235375855918e-02,1.125838066878085686e-01,1.028486313574322325e-01,2.658042913693345888e-01,-9.193308882866331466e-02,-3.445759580589131676e-01,-1.447729571835391360e-01,-2.833268197523322596e-01,-2.512801834449135963e-01,-5.926678222703287563e-02,8.703054515641510391e-02,-9.884806696219484989e-02,1.258889070119428577e-01,-2.324057050554655390e-01,-6.112660009391075733e-02,-7.717400178024240442e-02,1.213678145077656395e-01,1.711686400127022945e-01,-6.433892540297576901e-02,6.764432292987154760e-02,-2.144730048415091905e-01,-8.216239467252746398e-02,-9.231014290205427630e-02,1.114317522228718688e-01,5.495975093008746010e-02,5.328508795182801405e-02,-1.921675427548543147e-01,-1.155832767622312074e-01,-9.544585119613748989e-03,-2.508078935846556612e-01,-5.481412883488399196e-02,3.200213784135503836e-01,8.861671569060278197e-02,2.161850714123625949e-01,2.242406312968769078e-01,-2.340607880322649881e-01,4.832347037413906726e-02,-1.880559394391595474e-02,6.567732270718962262e-02,7.486018052952288226e-02,1.386853666324650014e-01
-6.646217348091142119e-02,1.602838981955826692e-01,1.766424522783416329e-01,-1.241119097803565080e-01,-1.034734762116543000e-01,1.335279066879947740e-01,-9.254149690945683016e-02,-2.146947319840403212e-02,-1.359040960499543760e-01,6.192922012268285009e-02,6.531776669994364404e-02,-1.345500365540290011e-01,3.291416734472944056e-02,-1.512195952814796018e-01,-2.376423408648638547e-01,-4.120884176883037320e-01,-1.812745724004424797e-02,6.105880596271599792e-02,2.435307853298094433e-02,2.005604590316996672e-01,3.732996064432925754e-01,-1.516025803020806251e-01,1.895357294534202042e-01,-5.081173988747177128e-02,9.608751591617711862e-02,1.393821200692841600e-01,-6.588256241125384216e-02,2.009821404392510280e-01,-5.541123226367694610e-02,-1.004151816105134376e-01,-2.651419129549705076e-03,5.060190453103950020e-02,3.197657727335527500e-02,2.137300151330836506e-01,-1.435562706750525552e-01,1.724751185227573202e-01,8.654301130340950887e-02,3.236260253082737931e-02,-9.783773511194411576e-02,-3.493179502661392100e-02,2.886784878844302349e-01,-1.646712556384281323e-01,1.482202227437285844e-02,6.237687352392984330e-02,1.408426819341506986e-01,1.036734933145808668e-01,5.319847221104909846e-02,-2.013774643967023437e-01,1.598991723369842244e-01,-7.334017241500603856e-02,-1.832571069329682611e-01,4.285829813369315677e-02,1.375485566767786771e-02,2.604851521488159988e-02,1.407549182662028997e-01,-1.862654363929069634e-01,-8.971642288305579221e-03,-1.346373471102508546e-01,2.026603617641195565e-01,-3.515288491844390517e-01
2.197529189355078988e-02,-1.756251628802705245e-01,-3.273519342359186568e-02,-1.738993036875566556e-01,-9.930469451557591420e-02,-6.429874163163282197e-02,4.876840499069824697e-02,3.703616669940616030e-02,-4.516949973190192980e-02,-1.054322900124079060e-01,-2.970577492799261060e-02,1.349671052603614307e-01,-1.441981922335822952e-01,-3.696044643209595026e-02,2.471743454349079744e-02,7.040147653374181913e-02,-5.552119032058990683e-02,-1.352087026052646579e-01,2.298683374040463856e-02,2.899015025764280565e-02,-1.935722437609244118e-01,9.084056510468067891e-02,2.771244445340719231e-01,1.269260328543659333e-01,8.831148812852372687e-02,-1.436333663460682142e-01,-5.298165344238892072e-02,-9.595224120972933868e-02,9.595291192716644268e-02,-2.385405593958669357e-01,8.637737552838628541e-02,7.092562680294971222e-02,5.895707147177664531e-02,-1.639362541056330891e-01,-6.990682670333545068e-02,2.269708962554316256e-01,1.824562289434824569e-01,-1.655585433317902644e-01,-1.046098163119577595e-01,-1.278269917351714802e-01,-3.047366943457799349e-01,1.328393618448363844e-01,2.070930132942341295e-01,-9.346084757610106930e-02,-2.392634245542309412e-01,2.084862452631275689e-02,1.136917015099401240e-01,7.709615243616786684e-02,2.329846683906327542e-01,3.890087766144863929e-02,-1.874757703720656143e-01,-2.280403985448429746e-02,3.019781028392454908e-02,6.408269499029467520e-02,1.052465271195595492e-01,1.046766355351130134e-01,7.723566401366122047e-02,1.233938092089778282e-01,2.952820494261844120e-01,-5.827605018788808294e-02
-5.222750534868939726e-02,3.448805130373239214e-03,1.403279793224932737e-01,-1.903798391564478013e-02,1.955459837121996947e-01,-1.199427330951244597e-01,-2.216617944358315051e-01,4.645796889583562322e-02,3.256130445178208321e-02,-6.209791273454786514e-02,-1.016853395602515808e-01,-9.639499103235289745e-02,-2.493080969241270959e-03,-2.929063831253161249e-02,1.157931556177241028e-01,-3.639836127745689487e-02,-1.167894005000947866e-01,1.086113563011035649e-01,-6.796117657783369570e-02,-4.017978798136042501e-02,3.565301236599577317e-02,-1.486079946079916780e-01,-1.301983685591985851e-01,-3.802295704784924846e-01,2.374467341241329361e-03,-1.166194250795669074e-01,3.144533072373717486e-01,8.430946298995700694e-02,-1.039746566026569265e-02,2.859591104130941308e-01,6.007099969061811123e-02,6.801606591104900068e-02,2.104125887245304471e-01,1.740257953088282239e-01,1.299064999110022822e-01,-4.345636772521567492e-02,-4.987852290325892751e-02,-1.301956396626660351e-01,1.813969455733137337e-01,7.725610940826083128e-02,-3.411379258046665173e-03,-1.434028672844515628e-01,-1.213639466177520027e-01,7.440670131122066600e-02,2.972543670295913973e-02,-1.418427290365719129e-01,-1.948084654216752087e-01,1.746622292842454072e-01,-4.927795816454987043e-02,1.200468040332158814e-02,-1.940218217085723507e-02,4.891845501103928712e-02,-5.988155490912474427e-02,-9.008166613048916582e-02,-1.244658781180467237e-02,1.577622794526714056e-01,-1.921630505198388406e-01,-9.761773792868833066e-02,-4.795012098308481380e-02,-1.232978237448312253e-02
-5.792181635466538310e-03,-1.582145889528021043e-01,-6.843030437558497714e-02,6.916654718900412668e-02,-3.744996906069464337e-02,-1.413392668489658888e-02,-4.101741627857704436e-02,2.236806597637623073e-01,1.083799122771593806e-02,3.175992477348155846e-02,4.422393936582731666e-02,3.544881387137911732e-02,3.227872969016722104e-02,4.797756029756326812e-02,-1.506876527359304330e-01,2.957923281684087247e-01,2.500032509287645338e-02,1.282942683807891948e-01,-8.042161195453342848e-02,-4.655841453732942337e-02,-2.061125351962497104e-02,-4.701016923692569877e-02,1.032738508702701983e-03,9.230977159039030489e-02,-2.325873122099438584e-01,-9.399566012379603763e-02,5.489193482612446384e-02,9.015261938277474921e-03,1.563307708065303503e-01,3.311567486069000310e-01,1.145195550226858761e-01,8.755507593185311854e-02,1.088005242388809801e-01,-4.717230652787814810e-02,8.011576838915793197e-02,-6.561329086915326791e-02,5.849319440615676630e-02,-9.368773540162722568e-02,5.990371474693251264e-02,-1.525598450477244107e-02,9.845271422900506164e-02,1.029878877983849729e-02,-1.714353548766646695e-01,-7.244349863365417974e-03,1.915972934756809687e-01,-4.853854675386855277e-02,-1.827519548661577509e-01,-1.418961936793053380e-01,-1.365020960471897971e-01,-9.103985847551952781e-02,1.373833268297165178e-01,-1.681946932373937498e-01,9.253956828469431239e-02,1.921142539265215665e-01,-1.582224141857343780e-01,8.443483851014169095e-02,1.292073845459116854e-01,-8.016993681323977827e-02,1.852107928920093682e-01,3.652746347815194299e-03
-9.068379712207899623e-02,-2.112044515761321295e-01,6.991342562744680411e-02,-7.224758507690250131e-02,-1.202553283951825341e-01,7.590747115305118871e-03,-1.517932072242629271e-01,-8.579114190084172198e-02,-9.894489628835471950e-02,2.051976073817594892e-01,-5.909971115376475709e-02,-1.356715818335262891e-01,-1.741826328311708904e-03,9.365054163552359590e-02,6.004552297901950830e-02,-1.274159826187991895e-01,1.823153595478429201e-01,-1.290033632042797973e-01,1.707849376342708836e-01,-1.751427406500305484e-01,-1.843016886435294988e-01,1.616399622205224873e-01,-1.388847261308971126e-01,-9.784390730361886002e-02,-1.737520435152556386e-01,-1.181282070748868041e-02,2.560253273214482261e-01,1.113426316316827869e-01,-1.217416680682995855e-01,7.256845286716763488e-02,-3.604816801711113183e-01,-1.818123997815757065e-02,-4.076708807958150105e-02,1.698598925584179076e-01,7.769502243423623278e-02,2.237049923677917884e-01,9.100955610350394687e-02,6.829538597110632048e-02,-2.627032135731157680e-01,-1.365516342493463819e-01,9.810811854433861001e-02,8.200461565878164327e-02,1.002460269370957224e-01,-6.465290759567111911e-02,-2.072129810491279422e-01,-2.292397155789554775e-01,-4.183427362535564742e-02,8.062299533415999420e-02,-1.249025193324135030e-01,-1.460195693864550781e-01,1.558674141789871681e-02,1.947924522380035661e-01,-1.394502981198866322e-02,5.705037274986035634e-02,-1.419688523445016351e-02,2.702732983011435497e-03,-2.254024440926089001e-02,-1.955375370054616146e-01,-2.420035876794668361e-01,3.170111858421343909e-01
-6.973204330395582629e-02,-1.173250001946508914e-01,-2.674818990136402785e-01,-6.091992484143760045e-02,6.564925220886336232e-02,-3.524562402638644482e-02,9.998563399814580643e-02,2.678164193753045444e-02,-9.086562711408244231e-02,9.477831479750239985e-02,-1.276198154760273540e-01,-2.068206939465186411e-01,2.497538388253613406e-01,4.999754921244338457e-02,-8.625685879032526926e-02,1.312358124345907595e-01,-2.239629299331468704e-01,1.578649838943835260e-01,3.865809150264501361e-03,6.912888205316151946e-02,4.954485010958016578e-02,-1.704854198564463297e-01,-6.476437655521301295e-02,-2.009693780940573563e-02,-2.540555399462044450e-01,-1.635647194784117797e-01,2.618109185334299704e-01,-3.135465755396868448e-02,-4.958039881166187782e-03,-2.476880315132051757e-02,6.247094495691735139e-02,-1.080708775741396621e-01,5.348666392265973707e-02,-3.319157501761582467e-03,-1.554626950190421408e-02,1.811633650557806785e-01,-2.700791069568730940e-02,9.235685908815585710e-02,3.982561209207995112e-02,1.179554518204251751e-01,2.159170487911989955e-01,-1.385301036359680160e-01,5.265402590352979972e-02,-2.455884733111154614e-02,-3.343190321616902883e-01,-4.117648269213446816e-02,-1.613718239974316071e-01,-2.568635499204242612e-01,-2.191861080666829276e-02,1.964323777974560925e-01,5.357842519295989703e-02,2.161275217124224157e-01,-2.748814275983462174e-01,-2.349625312662845800e-01,1.348605565224493819e-01,1.156830701642217046e-01,-3.811305087818406961e-02,-6.111768261486365608e-03,-1.438089077397392279e-01,2.060375940173650167e-01
4.185733875954960465e-02,-9.403866229245778918e-02,-1.675217544608371412e-01,-5.689883005797628790e-02,-1.933970296752653834e-02,1.262872264866274265e-03,-3.870849678530267901e-02,-4.342867408906494336e-02,-1.879312722496606358e-01,7.416159189923561545e-02,3.690864021109546700e-02,1.035372325904455604e-01,-2.131694924828149706e-01,-1.856388826585470553e-01,2.552766896820646107e-03,6.333763692212136809e-02,1.286093974021358111e-01,5.772790730606314202e-02,-7.240888811905692168e-02,-1.491155854563150640e-01,-2.284044318858814704e-01,-2.083904153231808942e-01,1.962957030714946316e-01,1.359682356358438704e-01,2.689270372538613008e-01,-1.083941362761161632e-02,1.022654764151955664e-01,1.304706091590717744e-02,1.375155083545531731e-01,9.371334177187234937e-02,1.535055010657092323e-01,-1.115253652511474236e-01,2.598426288233841031e-01,-9.976602571463521682e-03,4.916934880234261757e-02,-1.194284602429042802e-01,2.737156914131056995e-01,-1.773536955706263574e-01,-3.476805321229171075e-01,-1.188705615009454097e-01,3.131538658726497337e-02,3.612326589488395936e-03,2.893657250585648377e-01,-5.586858292230251211e-02,3.956297689115484406e-03,-2.354438828942585216e-01,7.956338544679555924e-02,-1.063065618048256687e-02,9.577965126302620535e-02,-3.442377680712425947e-02,-2.942546021506769333e-02,7.391002238669776292e-02,-1.707276684650652354e-01,2.769983532628912323e-02,-1.016086009601969119e-02,-4.959127711149945855e-02,8.383893807742824611e-02,-2.026594021888222519e-01,-1.321608464191545707e-01,4.411441627859982728e-01
-1.765170617844571965e-01,-1.433978930807973395e-01,-6.309415515403216275e-03,-2.257653693901340297e-01,-1.427049825604377042e-01,-4.808095711995219457e-02,1.655191391440297144e-01,-1.808251877463804835e-01,1.493638605074865122e-01,-1.167199721305042792e-02,-1.278728029785090037e-01,9.987670235209791803e-02,7.250052737742798681e-02,-2.203999567675834353e-02,1.905693697755062865e-01,-9.869045439555225452e-02,2.823967740643520269e-02,-1.664450039119496627e-01,1.074714534060922100e-02,-2.481877110897565686e-01,8.847948127949614716e-02,-1.399798111024918301e-01,-2.169287802874757948e-02,-6.327595296397101055e-02,1.417443587577436048e-01,1.722943010418768739e-01,1.551940513650447440e-01,6.717943340445889366e-02,-7.464204577201050302e-03,-2.180107400304909793e-01,1.943135292073522868e-01,4.111455339543282350e-02,4.394276501123685064e-01,-1.747327806625270097e-01,-2.269929814008835867e-01,-1.272667394351601478e-01,-9.531380573383826937e-02,6.669998771297194762e-02,1.573537038121442053e-03,2.452663796749845471e-01,3.937215077290810716e-02,5.714016682232090499e-02,1.194481699339948327e-01,3.966231943064092713e-02,8.713216912718592388e-02,-1.249187864885442367e-01,-2.686544524208914902e-03,8.042553832839929862e-02,-5.443930525968332726e-03,-8.866761030151233680e-02,-2.107949949396062395e-01,9.373196784713604124e-02,-1.962084669173279339e-01,1.902587935644961536e-02,5.341222683333259058e-02,3.694197912425484925e-02,5.433887365146944370e-02,3.373621524472465438e-01,-1.724705292198557005e-02,-1.271066798276864196e-01
7.369377626030071404e-03,-1.343256650015863321e-02,5.821359649802628627e-02,6.963153260305303405e-02,7.667432489828962527e-02,-1.448852143710394891e-01,-1.750604510656860735e-01,-5.659625185961529581e-02,-4.312801372709437059e-02,1.356289478352008457e-02,6.991867354226874443e-02,-4.208507771047340085e-02,-1.771798885526789172e-02,7.182974263880811949e-02,4.734567178535815934e-02,-4.316984256536449474e-03,2.302554371574688612e-03,7.532251228309141955e-02,6.531360682843970547e-03,1.449590928704882209e-01,-1.445720658702877824e-02,2.922427668762354533e-02,-1.612571912999881119e-01,-2.689202392820746468e-01,9.001527867023557949e-02,-1.177692275583019088e-01,-2.677160601365977111e-01,-1.935737576547335095e-02,1.707461610688725331e-02,-1.378724838766636485e-01,-2.827430110234223637e-01,-1.480292710502172926e-01,-1.134309363330500420e-01,7.812430214760834879e-02,-4.015047023958643463e-02,2.344607374503543118e-01,4.903249933631016744e-02,2.353525925428566826e-02,-8.838015072371960268e-02,-1.322866212129928942e-01,-1.235469693058271756e-01,2.250806459017854200e-01,-1.619762948371911704e-01,7.354568869149552546e-02,1.819209669328413770e-01,-1.952394727407989750e-01,3.745851197043299496e-01,-6.213130680040081233e-02,-1.447016830397454545e-02,2.291291102170616989e-01,1.024389851337536711e-01,2.240896216770255078e-02,2.934440973177851464e-02,-1.634673562699206495e-01,-3.770604976777847117e-02,5.115130634268322610e-03,6.763496151695766456e-02,1.280604469848705684e-01,-1.288587398728109346e-01,-8.634595506134504217e-02
-1.385875305877535268e-01,1.132685458887653096e-01,-1.434414657523732095e-01,-7.011347199560180599e-02,-2.356727959795120592e-02,-7.353081689316837144e-02,-3.514736037956114195e-02,-5.226871103994897710e-02,-2.696927913256564474e-02,1.632287768893793400e-01,-3.694638990341463092e-02,1.845532488952261463e-01,-1.069930610877734001e-01,4.784799440634924378e-02,2.648809771725874063e-02,1.421007158696807604e-01,1.245094914365761467e-02,-6.446108674432754482e-02,3.231277532323263008e-02,8.792977753335826097e-02,-1.957923834664219709e-01,-1.478614806361321643e-01,-1.289154383234257517e-01,-1.446484544877325307e-01,7.155987607011288221e-02,3.362566155804882356e-02,1.241093194908360255e-03,2.721263016064094376e-01,4.162519748007014186e-01,1.854629015613305509e-01,-8.751076866306464752e-02,1.094888438956544974e-01,-8.781616384449224266e-02,-3.337801467389429066e-01,1.375720021518451741e-01,1.129408880623479910e-01,-2.221295147001505210e-01,3.526497266317214080e-02,4.986311077083523113e-02,6.352665676880447920e-03,-6.517706507235090929e-02,3.454355335275323402e-02,-1.642340927904757941e-01,-6.664417853926929425e-02,-1.257427057593256126e-01,-1.858292091439479599e-01,-2.132894346403388375e-01,1.883300010645126144e-01,-4.101273730423932173e-02,1.947790002326763303e-01,3.305309688497837239e-01,-1.965362615777991456e-02,-1.879043461145109839e-01,1.768683533763694693e-01,-1.279422003348684167e-01,-1.576782873949676422e-01,-9.361573560260885718e-02,-2.254968118116444376e-01,-2.459402762751718846e-02,-4.137408139534372309e-02
3.925499893204698748e-02,-1.482240376975110796e-02,1.193060242347027816e-01,8.498494772244648277e-02,1.647633262293695944e-01,8.181772651628922699e-02,-2.993481719535247970e-02,9.889723524457963433e-02,9.803384220466201948e-02,-2.613177770958721724e-02,1.001368391469283220e-01,-3.722810073975195422e-02,-6.609715822216000181e-02,-1.757873858116552612e-01,7.476834082170055393e-03,1.187741687715209993e-01,-7.005144340874722153e-02,1.391726206138217334e-02,2.317709186770710098e-02,-3.025507593769849674e-04,2.554444985795095713e-02,-7.539559844389691345e-02,-6.947969471996112353e-03,9.604940799040810606e-02,-2.898411099390615919e-02,-3.454718532444204238e-01,1.752074181049483731e-02,1.656129264301838822e-01,7.078534923726653716e-02,3.110430598713048722e-01,-4.376146079886997914e-02,-9.746791491194484180e-02,-4.160453744978158397e-02,-1.004578841794710603e-01,5.552872365543267547e-02,-5.373986653892556115e-02,1.212605043921000519e-01,2.022028522115680294e-01,1.944241193454147171e-02,1.862947272600453952e-01,-6.049922956411098868e-02,4.818228368344600401e-03,-1.112773903670217085e-01,8.103031101442484396e-02,1.374392016857043930e-01,8.352974420587691573e-02,-1.338055641484587333e-01,-1.862086916953727689e-01,-3.775602758948389676e-02,-2.449172306082851025e-01,1.842785161113123793e-01,-7.866030030420899377e-02,6.685055760215668705e-03,1.800712785066411192e-01,2.512368912720104319e-01,-2.134553209379810856e-02,-4.196309102681568953e-02,-1.715486648209367249e-01,1.136519602735492490e-01,-4.122584017928354605e-02
-2.053708984156594336e-02,6.786164697781967015e-02,-4.874562146297632681e-02,-1.210243427401126864e-01,1.219920927475850042e-01,5.725541318043751715e-02,6.426538174431092876e-02,5.471892447170624563e-02,1.140986939910828141e-01,1.647709731123755406e-01,-7.962326523263721367e-02,-1.127026641717962380e-01,-2.874066066405489388e-03,1.422182937834054473e-01,2.512772475455692447e-02,1.320777900864149312e-01,-6.875792767958605056e-02,5.396328020428094174e-02,5.583339252493011579e-02,-2.573434267069444337e-01,-3.133946749514477520e-02,3.267766542725580176e-02,1.150188894025929720e-01,9.614360573954816797e-04,-1.013734852399134079e-01,4.219289286226485941e-02,-1.799945113474782088e-01,3.827370599526385142e-01,4.054686826519852128e-01,-1.434237550043948040e-01,1.956649237956623738e-02,-2.981873267064777400e-01,-4.921865525865087680e-03,7.517210154309839076e-03,1.077717059170487934e-01,8.873196398641232385e-02,9.106395202363978814e-02,1.284179194899978671e-01,-1.244103502941848738e-01,-8.452021600126791157e-02,-8.815871948509237943e-02,1.147476413707041454e-01,-2.824601658651060276e-02,-1.273153758658367996e-01,-1.156638131792551427e-01,-3.937178008926595085e-02,1.489511653359897603e-01,3.041171651911240767e-02,4.793985007394032521e-02,1.873803820717838964e-01,2.268396707757260322e-01,-1.086683909240776930e-01,1.868438000613416305e-01,2.748478559151706357e-01,-5.905853435042927174e-02,6.135635418293805543e-02,-1.264913040850952630e-01,-1.004576020752412785e-01,3.416110855096602013e-03,3.591838655193041463e-01
7.517062633488037771e-02,1.075898347106390984e-04,4.687443177241365500e-02,-1.360657678586515706e-01,-9.184238450556758693e-02,1.534417756831057134e-01,1.245396626835616749e-02,-3.682362907701001997e-02,-3.087565185876411933e-03,8.507852771222134541e-03,-2.007967093194404709e-02,-1.221861977130279386e-01,-2.899433109148625426e-02,7.720566965294725637e-02,3.204382259701538116e-02,-8.730686750875560342e-02,-2.718636754340297834e-01,-2.159642164947609549e-02,8.197104264710514121e-03,-8.013163395520986332e-02,-1.395594235466161570e-01,-1.660808819139790449e-01,2.015165341726567472e-01,2.808953997743422401e-02,1.275182534359824427e-01,-2.709864375189611208e-01,-2.010446149788562842e-01,-2.682410270398624674e-01,-9.607953518667855866e-03,2.079853451782865403e-01,-1.575190497467401640e-01,1.389625834698740570e-01,4.196346245871734187e-02,-2.918480074249143463e-01,-7.406523281964796923e-02,-3.658662014439748589e-01,-1.245611269064072213e-01,3.687712005315352259e-02,1.732048158010555672e-01,1.596068621832674173e-01,3.504569313722183561e-03,3.365755864250895291e-02,5.186662861568164251e-02,-1.113616223027963283e-03,2.012655033279111411e-02,-7.273302600891261294e-02,6.459966541159389841e-02,-3.848773108713806068e-01,-7.849794958955237656e-02,-8.452464199505366899e-03,1.468478801306430381e-01,7.516937889756709901e-02,2.779497274609609055e-03,-1.410749822257515718e-01,1.391559205898333373e-01,-1.938540045756553254e-01,-8.241996347039418080e-02,-7.001180220300251555e-02,-2.165175446910457269e-01,-4.635789296634574078e-03
8.225057282229469857e-03,3.001481001346980454e-02,-1.153344047321625074e-03,9.265875935748957076e-04,-1.130470107343250624e-01,-5.084261891266024513e-02,-5.808029688862453854e-02,-2.228196477627783847e-02,7.527585518699964062e-02,9.980069896464702217e-02,-1.502927555851818996e-02,-6.144698225291300719e-02,6.063122364270998738e-02,-5.574685160868952938e-02,-5.715179527157310257e-02,-1.064114467895886651e-01,-1.020127494792950201e-01,1.241734131844343947e-01,-2.170671340094165180e-01,-6.687780935514150982e-02,1.770832496168467385e-02,-2.034955236702025161e-01,-2.599045793991293721e-02,-4.090240165928480526e-02,1.241619580979864967e-01,-9.931952165761721851e-02,3.921440283401415039e-01,5.175604041674755976e-03,-3.365502166225881747e-02,7.447886261243094608e-02,-1.114609539707927394e-01,1.889352997345004614e-01,-1.852871652421045900e-01,-1.185247609665178448e-01,1.986791956076090770e-01,1.704567166121022728e-02,-2.316325800335413895e-02,3.134316354253289250e-01,-2.585634671863780154e-01,-2.940449832788293305e-01,-1.233817178994085079e-01,2.684371178490437687e-02,5.563498136943854228e-02,1.057985127030038469e-01,-1.725937950839556145e-01,-1.512363732590648602e-01,-2.152452552777547601e-01,1.224962292983945850e-01,3.043548097061618551e-01,-8.346126493797581536e-02,2.727277406921055358e-01,-2.419452613704363431e-02,1.652179659144899782e-01,-1.104018882853907008e-01,1.351808405635306354e-01,1.086610486989172120e-01,1.653078850387220966e-01,-1.406235693173882861e-01,-9.222430304545674307e-02,-8.665082845667725076e-02
1.016786749670786916e-01,8.190240883568200569e-02,-7.039666179252179919e-03,-2.341436542747106497e-02,-5.606931542727437018e-02,-1.129585139817847333e-01,3.980650174595278673e-02,-3.414585529852003781e-02,-3.914172440124170232e-02,-2.764719268250034889e-02,-2.091341351386429293e-01,2.907711604986166209e-01,2.092437841737697021e-02,-2.461792077065592249e-02,-3.779474274577865117e-04,-2.273489486843738305e-02,-2.360088125338396375e-02,4.502911610906804030e-02,1.209511482488569989e-01,-7.330185400106033200e-02,-6.616917744036505955e-02,3.173775416532324811e-02,1.039592774683899129e-01,-1.341404143050406728e-01,6.821089174601550897e-02,-1.880834584328892611e-01,-2.688835754050478699e-01,-6.257452131076506052e-02,1.727103483904624537e-01,-6.896702901073531455e-02,2.615928313545264339e-01,6.345147048084702479e-02,5.137894971059244614e-02,-2.033288675149670099e-01,-1.123416602273109161e-01,-1.862890258984947062e-02,4.414048936633591103e-02,3.211648849572797115e-02,-2.553425251188566336e-01,-2.419813245957491699e-01,-8.104283416018306929e-02,-5.990700736923628561e-02,-2.151543480031167521e-01,-1.111488681515184762e-01,1.042284212042559749e-01,-2.008262243244929215e-03,-1.955735844909861354e-01,-1.207538867812583960e-01,1.860728318896553990e-03,-2.739483164243300406e-02,-6.169550465612365364e-02,1.550823502894682071e-01,-1.334389861257024579e-01,1.645756728981080108e-01,9.924688134120070171e-02,-2.176672399981035289e-01,-6.975859129055167474e-02,1.316876710161995201e-01,4.201227655354011770e-02,1.379825810052887625e-01
9.121194570060758844e-02,-8.881756423230123543e-02,2.590671485757115033e-01,8.042200652702971575e-02,-2.316785806243290280e-01,-1.199365327825211436e-01,5.797551248790137890e-02,7.539584217794745302e-02,-6.727351184275867646e-02,-9.879380179597682665e-02,-1.930969246468754175e-01,1.737440387209117365e-02,-1.898530048935976461e-02,-3.981480227037002828e-03,-1.643629935891923258e-02,-2.061021417555304325e-01,2.498277613861790980e-01,-7.605957673398083818e-02,-4.471962140207947148e-03,1.535310422433260324e-01,-8.982458757536348343e-03,6.222463129288317157e-02,2.349268651883013037e-02,1.779363766494796439e-01,1.728146381222850636e-01,1.031936527769924429e-02,1.299634918523187299e-01,-2.301436807727009481e-01,-1.536958345796419767e-01,7.310508467096922536e-02,1.212005461966562114e-01,8.202651355556063451e-02,2.495771069375014029e-01,6.432138910798472498e-02,2.841196855391462522e-02,7.650330779681588367e-02,1.528823074814607552e-01,2.202304778121505768e-01,-8.525888575131817734e-03,-4.202102531415402575e-02,1.762430054294866211e-01,5.759249655201461454e-02,-7.156140049575490658e-02,-1.178567229580093079e-01,-1.790477107758791167e-02,-5.771386079590808821e-02,-4.918907679199637645e-02,-2.984962413840735462e-01,1.024943633193235726e-01,-1.495496643097909695e-01,-4.101481187485512062e-03,-6.426918702007208828e-02,3.790723304225031981e-02,-2.783993765541418197e-01,-2.061854706462285802e-01,-2.334059325889428771e-01,-2.685217841311863252e-01,-2.161567758318178323e-01,-1.941638475485274462e-01,-8.802044941783278287e-02
-1.244942908315203045e-01,-1.936549994439425854e-02,-6.622938624285669429e-02,-3.862440246891427065e-02,1.318832035353070462e-02,1.350145781976307413e-01,-1.272189879256173470e-03,-1.798887955126809157e-01,2.745741432919665721e-03,-1.630498220733946416e-02,9.213653407414972019e-02,-1.223209310219665474e-01,-1.826518029133155641e-01,3.281047351851776317e-01,9.497948150097230979e-02,-1.316008166506524579e-01,-3.159892289305273050e-02,5.087803654405642639e-03,-2.214497105698597923e-01,-2.503722933548212515e-01,3.913883070627145050e-02,-1.094676502548788330e-02,3.410262914480065299e-02,-9.698774661624351423e-02,1.508579000595178521e-01,1.425652148599195479e-01,1.729804430696965656e-01,-1.001433447745977701e-01,3.277682774022314116e-01,9.359431916790378336e-02,2.477931706872102957e-01,2.200509006228049125e-01,-7.403833159198380809e-02,-7.990220086244274877e-02,1.319449047211231907e-01,1.300355192223102418e-01,-2.041522428075893125e-01,1.962605640314642463e-01,-5.038530465989412427e-02,-6.642976119686505587e-03,1.161397693130235831e-01,2.058949638389717118e-01,1.157756680841013630e-01,1.121760685781979794e-01,5.268952474729182711e-02,-1.489045391971585697e-01,-1.046647196328418516e-01,3.787837388231413138e-01,1.047171862643592466e-01,-1.675072166847624833e-01,-2.355039882023005904e-01,-1.144968606624072738e-01,3.930171850180870508e-02,-2.415167304829921591e-01,-2.497265471229859757e-01,-1.744627108825562781e-02,-1.203020036859361874e-02,9.330297375731337606e-02,-1.316561942477154634e-01,-9.464153407673021878e-02
5.026817846175759413e-02,5.897163540137371346e-02,4.290017947325711067e-03,1.808800432318387677e-02,1.513069189803712411e-01,-5.142505337741687388e-02,-6.678635176096395232e-02,4.138686500579794730e-02,2.556957075931179206e-03,8.273631132895145623e-02,-8.887829978802826159e-02,-2.550948209960695601e-01,8.301555196199095557e-03,-8.088921302407674208e-02,-4.289917483448713736e-02,-2.568068188176967359e-01,2.296351256120366391e-01,2.896458969103725758e-02,-3.486485489091003392e-02,4.712448202826816090e-02,-2.184183182947128932e-01,1.147658647221538181e-01,-4.281962723531380910e-02,-9.037771531896110922e-04,2.370964408549107172e-01,-1.134484469831362474e-01,1.591742766422351851e-01,-2.401427579894625242e-01,-2.803128309066157398e-01,-2.124935478302723557e-01,1.333283556780122114e-01,6.868312042333753198e-02,-1.163002838122719762e-01,5.284530172875757936e-02,-7.360722755500369308e-02,1.174631037731735106e-01,1.267847447331898747e-01,-7.103080349648942249e-02,6.312096175673351239e-02,2.826767713692103223e-01,-1.799565568045702335e-01,-1.884523891511299676e-01,-2.986018866904691267e-03,-1.978257402958907007e-01,3.187909238394422834e-02,-6.305038351615648018e-02,2.156678363222166994e-01,-2.423050545178686080e-02,-1.459187134697435551e-01,-1.435591938220756071e-02,1.825854464600740745e-01,-2.349973235919738945e-02,1.126849395226693085e-01,-1.521973037661911443e-01,-7.981437817180567218e-02,-2.049141449394026038e-01,-1.943237241357315126e-02,9.741369940666997143e-03,-1.981637996705044313e-01,1.661159323765959983e-01
-1.710325091553357990e-01,-1.619646606125713789e-02,1.047798004749378366e-03,7.126348056666584330e-02,-7.177433530966201292e-02,3.526826952258505649e-02,-9.412888022927685949e-02,-2.671445840945303046e-02,1.177501457733361734e-01,-4.655424075001499129e-02,3.533005963746409239e-02,-2.411804453827425671e-02,-9.093823480471219679e-04,1.897506944438805826e-02,-8.009212744018740643e-03,-2.861287427818409723e-01,-2.553096004255077656e-01,6.138601515837893707e-03,-7.991070693738887287e-02,9.585086101371788347e-02,-1.937493699976954725e-02,-1.135757544226157628e-01,-4.527423490835774840e-03,1.764733822570434263e-01,7.808990285800507247e-02,1.104990495899474540e-01,-1.704524131680778265e-01,-1.528948079495862644e-01,-5.399818023309745779e-02,2.265709639206855142e-01,-6.887222221946125156e-02,2.065219218590129135e-01,-2.658201007725553011e-01,-1.436487308706391186e-01,1.688303148232100925e-02,-2.671428603467217514e-02,-2.319794333543918619e-01,-1.443334342527156644e-01,-1.821735680035179994e-01,1.350242810688363770e-01,-1.602079374488311614e-01,-1.355280975935382881e-01,-2.126784510887782739e-02,-2.620269306126262188e-01,-7.362677687800164850e-02,2.807613036629295553e-02,9.837373087364202628e-02,-1.258220779132933898e-01,-4.228788606382535148e-02,1.367108460670060366e-01,6.742266865065611736e-02,-2.516598508623628730e-02,-1.489755836594033322e-01,2.138649388417762920e-01,2.418224079578422045e-02,-3.968385980701724311e-03,1.672335326030344876e-02,-1.223722483786896520e-01,-1.216817314894515570e-02,-2.334720690834891921e-01
-1.713791580025448291e-01,-1.022529307251505842e-01,5.218871815670568515e-02,3.384631012900029406e-02,1.600650582570905811e-01,4.491442624576094667e-02,1.910610170396286403e-02,-2.273563742203320026e-01,4.800269378686274763e-02,6.602428454676334373e-03,-2.355567133931652235e-01,-7.295487973766649759e-02,-1.216293118962073240e-02,-9.359282153840142726e-02,-7.091524336246268767e-03,-1.100462767999572239e-01,2.071130641481138679e-01,-1.329954475825664839e-01,1.339415682078174130e-01,-1.905815020317193353e-01,-2.092130750860295707e-01,8.873761629207102541e-02,1.124807905361730753e-01,-8.016998518435651533e-02,9.672454284878461567e-03,6.425402742409166978e-02,-2.444268318111553762e-01,-1.128506463354270739e-01,7.694385148639268368e-02,2.861104267822702635e-02,7.121544175262481402e-02,-1.166517236339383867e-01,-3.233322712754664874e-01,-2.333701413963760324e-02,-1.446950172170778370e-01,9.305590472931785095e-02,1.306775082213146311e-01,1.994617766097296907e-01,2.208171881900271583e-01,1.593970447759820164e-01,8.798675328630223280e-02,-5.486744637285906334e-02,-3.709204600991457962e-02,1.002782022666386802e-01,2.456996428670672403e-02,3.750122987772059324e-01,-7.606703439467515579e-03,-1.159006983660933188e-01,1.911823414728355125e-02,-1.244892897548776495e-01,-2.376809850370042443e-01,-5.528479181979876339e-02,1.522424407575345973e-01,-1.088575645253040403e-01,1.879302151841570068e-01,-1.977189630488287442e-01,3.391973112969350890e-01,-5.130010455748688220e-02,-1.797586002400504146e-01,2.860151482011997690e-02
9.365691866742298366e-02,8.149734799981801781e-02,-1.868559785261197370e-01,-6.928455851440104563e-02,9.046720245194368737e-02,-4.196128958060318936e-02,-1.095719524292646102e-01,3.824262191645737968e-02,-8.354510461452549497e-02,-1.089208403910070511e-01,-2.305752313657609756e-02,5.671387481950986714e-02,1.467144058142532126e-01,1.939566597793621339e-01,1.722376267668882660e-02,-7.166210467232794756e-02,2.125286306916346624e-01,-3.696975996807549264e-02,1.285597976350074945e-01,-9.243650386831724075e-02,1.061045313900210452e-01,-1.124890292013014381e-01,-5.944182452709460135e-02,-8.074630959540093911e-02,1.145225614551285409e-01,3.041233946388584575e-01,7.966753605016194117e-02,-2.845362088488676555e-01,-2.146788399659116942e-01,8.439606091816330424e-02,-7.139321733944499482e-02,-1.265592048841209516e-01,8.372627260361420465e-02,-6.903769045863669684e-02,-2.113637091687826930e-01,2.853701973273581882e-01,-1.153692864035840565e-01,2.702720270283901632e-02,1.118398729249219514e-01,-2.474990854156854936e-01,-1.022195362649035016e-01,-6.403680198792120748e-02,1.670651084948582832e-01,3.057282258021937205e-02,3.313588657397293497e-02,-5.641349688821831534e-03,-1.005738772947236404e-01,-5.983541703643583537e-02,1.024387468528757117e-01,-5.929730601144531793e-02,5.790444760490630338e-02,9.655320765133736105e-02,1.485370553422694084e-01,-7.527350341605472395e-02,-1.075552976969457869e-01,1.270246138284851500e-01,-1.998500171925319813e-01,-2.928451865497287004e-02,-2.230226191974490207e-02,2.420295466101037296e-01
-2.251765329234341889e-02,-4.369630982694487631e-02,-1.845317895577675005e-02,6.789219990917520764e-02,7.866982290696425406e-02,1.224299755667939971e-01,1.588787114528769639e-01,-1.380292195846390081e-03,1.003521130109763515e-01,2.352903781651565288e-02,4.005074486744202023e-02,-2.348952417882529675e-01,-3.406469594046026561e-01,-2.351516995116916323e-02,-1.806181267173722627e-01,-1.147885812005979139e-01,-9.387715500429423543e-02,-6.434534604770678068e-02,2.142010194997251149e-01,-1.583842992620813628e-01,6.180941821845150480e-02,-6.007597754756557190e-02,-1.287267101524542101e-01,-2.898763418736183262e-01,-1.629056919987259544e-01,1.796618874501182406e-02,-1.669778224449632309e-01,-1.528308611185435206e-01,1.475899277362115181e-01,1.523162562347213922e-01,8.969597028456297028e-02,2.136278307268756407e-02,2.666897033625760249e-01,1.531484561499289465e-01,-3.530314971900901100e-02,-7.727657579944033350e-02,5.127824430628996621e-02,3.372750962708213202e-02,-1.144337222287352684e-01,-5.795130809796818910e-02,1.176867411679051872e-01,-5.054464443841140409e-02,-4.008749325386852524e-02,-2.137495128369935604e-01,-3.397544659925093302e-02,-5.864515013003294280e-02,2.009710402758327630e-01,2.025605428781900863e-01,-1.621962620254632087e-02,-8.998705536465517740e-02,1.529674523239387685e-01,2.533679616786677080e-01,-1.259586519233612256e-01,-1.325543901485162213e-01,-1.568605531751523507e-01,3.365385888730992869e-01,-1.367445205786628828e-02,7.597355953002385420e-02,2.876063378353067024e-01,5.004566309102633642e-02
-4.634341833587487386e-02,-1.036547105203057886e-02,5.573085641218607222e-02,3.171487937271581792e-02,-3.575874126198279324e-02,-4.934104673826070209e-02,-1.409345297508260153e-01,2.006036946954886102e-01,-1.997759917625425152e-01,-7.744915516469884353e-02,-6.259940309322664653e-02,-3.019500090829281905e-02,3.526226217766922910e-02,-6.938779926671138909e-02,1.180722028381934671e-02,-7.657627582653774023e-02,-3.555840729367749226e-02,-6.409999773383082133e-02,-1.378708383046591268e-01,1.870403364259832502e-01,-6.063089640383288043e-02,-5.042900932235068467e-02,2.002279115791426659e-02,-1.680389259090406262e-01,1.841485335992848471e-03,2.322717162147664993e-01,-9.706226878572164762e-02,-2.862925426711916341e-02,-9.730110402351638266e-03,2.161582565967967162e-01,1.157876660159066484e-01,2.132727186449675030e-02,-4.956167629532300112e-02,-1.247763492305345723e-01,3.976047327916140683e-02,-3.412189316123400568e-02,2.916216934366840929e-01,-9.842970116154639570e-02,1.258589589321155999e-01,2.728573275389892805e-01,-8.268507004912437064e-02,-6.378894966607234762e-02,1.776218683029065493e-01,1.372927779100559520e-01,-2.192922228580935773e-01,-1.027358435536414316e-01,1.512604629009603463e-01,1.647003775252524616e-01,3.652658676502918977e-01,-8.413736380945220639e-02,9.480409025921185395e-02,5.896993015038762970e-02,-1.176584249799489112e-01,-2.678909352260839261e-01,-2.746311471848603691e-01,8.189642295113594428e-02,-2.014915448729135555e-02,1.704982171172368111e-01,-2.552155525319760865e-01,2.804679540459359965e-01
-1.247012428216620616e-01,1.662485944859130871e-02,-1.781467281534103719e-01,-3.665262826373309052e-02,-6.465791790993474786e-02,-1.060020896864407869e-01,5.094651584376309883e-02,-1.104565011367889260e-01,4.963516462740458213e-02,1.359629432147111128e-01,1.175977342799091642e-02,-7.597374617270073738e-02,-5.121033942966246588e-02,1.435309259168663920e-01,-2.436601531815517710e-02,1.447508027086121807e-01,7.267666155338903256e-02,-2.319684001052707834e-01,-2.048249115651779861e-01,8.337207163718281244e-02,-4.864165857725569198e-02,-8.287391223089453363e-02,2.998657801137800671e-01,-3.457719503333861466e-02,4.315551637980805794e-02,2.371716906175172501e-01,-2.338932571408140065e-02,2.429654107650041917e-01,-1.074212382482392092e-01,-2.815938594121093486e-01,1.570011195972535745e-01,-1.907237630576754106e-01,-2.477991449616458453e-01,2.525753280338537046e-03,4.475800663635917317e-03,-2.136238360401428449e-01,6.524092686797260121e-02,6.236119822224689413e-02,5.083143810478816388e-02,-2.062343617167537446e-01,-1.066706902240272398e-01,2.947912363704566219e-01,-3.691403143921229146e-02,2.198691143021901107e-01,1.522053619402151114e-01,2.305606265007409048e-02,3.906810149238506419e-02,1.446240110520985722e-01,-1.853780270429020854e-02,1.423527610692461309e-01,6.584829617064935983e-03,-7.977413226194048079e-02,8.113726195124990048e-02,9.565890884402303285e-02,2.220259940967403978e-01,3.256326131189643536e-01,7.646016338710082128e-02,2.146779940139144638e-01,5.106274430676523146e-02,4.378590515686998641e-01
7.550953424354658883e-02,-7.606285489032804659e-02,1.148969612115145617e-01,-1.854375600623244247e-01,-8.407829492244046909e-02,-1.852799650757577243e-01,6.563770567538297629e-02,9.499806684311384863e-03,-5.797837894230882527e-02,1.873894308717664187e-02,1.639604619525311113e-01,-4.903523913004389362e-02,-5.858772987598916127e-02,-2.812514620576259117e-01,1.611169874979588024e-01,1.230562610898995740e-01,1.173930311826868189e-01,-3.137132670241261911e-02,-4.925232969363122632e-02,-5.742095867703682355e-02,1.326485496588039603e-01,8.374947195705977065e-02,-6.147254579799554808e-02,6.109815211689124947e-02,-1.441763588056245160e-01,-8.594745281236207401e-02,1.765664761563866259e-01,1.222092017802663966e-01,-1.880021625370094651e-01,1.884785186069303509e-01,-7.915518747887959061e-02,1.493817144598632018e-01,-8.806750935998472474e-02,6.765194489732270777e-02,1.611692787033543461e-01,7.489140017960637784e-04,4.821690535095605329e-02,1.707433989269691076e-03,2.427411694784168128e-01,3.301655975405241861e-02,-1.619867112137864940e-01,1.754969854305062638e-01,2.598792390005809083e-01,1.229357645626897033e-01,-1.981813820209659682e-01,-3.118407360696345276e-01,-1.796927186655492698e-02,2.070777359905374426e-01,2.447566797976646197e-02,1.188652103319431108e-01,-1.518433807570826188e-01,5.286673907252061738e-02,1.856169033611700381e-01,-3.690820325314692063e-02,9.884465374371984026e-02,-5.030032333305124725e-02,1.096225381039042934e-01,-3.384086847750552018e-01,-1.417884567238297533e-01,-1.486900566169893634e-01
1.647480316756976815e-01,9.527086926526275035e-02,-1.473403890057798926e-01,9.800387711920641176e-02,1.883934691657499633e-02,-3.935813987478498088e-03,-1.185084635468194314e-01,-7.952362128661848162e-02,1.017102804477343359e-01,-1.516106567726658860e-01,9.050972095966065833e-02,1.742338612323768993e-02,1.937227458452003004e-01,1.371938633039819777e-01,9.725346580988486478e-02,-2.427898715800182183e-01,1.928673131806315222e-01,1.194061567159219461e-01,5.289714852845262341e-03,9.075079821228482224e-02,1.637192959987377738e-01,1.423341931266587368e-01,6.330828020224646413e-02,1.935663675357099378e-01,1.240386532299811960e-02,-2.246156939217223703e-01,5.481900437065358178e-02,1.814297445706446535e-02,-1.821849002869203524e-02,-1.769605386040412065e-01,-3.443820951091337845e-02,-1.668835625931880395e-01,2.211313470615215437e-01,-4.369621133300328336e-02,3.402827501283011147e-01,-1.599009372067724047e-02,6.993558467429469849e-02,2.296470119126842735e-01,3.123761885007065794e-02,1.364548393220822373e-02,-4.806526850944924795e-02,1.185733703908117276e-01,-1.124862611235495358e-01,1.358030623880553678e-01,-8.257184492464367254e-02,-7.423970928035763910e-03,4.004899981199797065e-01,-4.797467100074608026e-02,9.239893642194313417e-02,-1.283579968245441294e-01,1.470730534597018691e-01,-2.496002953832510973e-01,1.183081693564532466e-01,2.725128341509462926e-01,-1.184002692134955154e-01,-5.840384650507862707e-02,-1.003793093139975640e-01,4.646551076667378988e-01,1.939710842877256924e-01,5.446605450217535671e-02
5.210661652626672607e-02,7.826869347737727689e-02,1.560205724888423170e-02,6.923784861112272648e-02,1.099560958029677932e-01,-1.357809228207602636e-01,-2.040839509378949979e-02,3.602699599015446452e-02,-5.613524178549091775e-02,-2.780565469689472245e-03,1.063896175042550879e-01,-6.973453084937611401e-02,2.572889669817657321e-01,-8.628619595397268860e-02,3.265610806259679200e-02,-2.995860855307112477e-02,1.761774371269484440e-01,-1.005826504148828737e-01,-4.312445132181926682e-02,-1.080161467326606201e-01,8.735837656556157127e-02,-6.144242099109389205e-02,-1.207760199404827317e-01,-7.694223201364998321e-02,1.859924434012985017e-01,2.926529104804217463e-01,-4.340751366519270821e-02,-1.095181123984582949e-01,7.045002676180396606e-02,-9.649377477276038784e-03,2.105538868220362472e-02,8.246881574339445797e-02,6.893647809912899216e-02,1.800614214439542615e-01,4.127513099284363038e-03,1.697444612623968258e-02,-1.664859620416260511e-02,2.306484249570932635e-02,-1.421683227823958839e-01,6.603650848888839575e-02,2.290855390429372973e-01,3.096579343758997238e-01,1.082693850522938595e-01,-9.700660435165150974e-02,8.108665865510175652e-02,3.654120998695485623e-02,-2.068776204546883546e-01,-2.182447356777405915e-03,-2.086444141618144441e-02,-2.233344210152032328e-01,-1.265687227128365067e-01,1.137914140370797911e-01,3.039422314941397918e-02,3.979229815508517065e-02,-5.430667163032132372e-02,3.343090812438402892e-01,1.738946306529302599e-01,1.318895388751477327e-01,4.430809702834446855e-03,-8.494756561480779067e-02
-1.469570629589718735e-01,-9.940205307599042639e-02,1.770047833494211853e-01,-2.724171882635962813e-02,-2.774158083736203567e-02,1.006017469032368938e-01,-5.450612148240056160e-02,-1.439820619489630693e-01,-1.348728457124063751e-01,2.592159173772373790e-03,6.359277674394918367e-02,4.995199349565250524e-02,-1.135167004621207287e-01,1.383200067068136307e-01,-1.722638050729245751e-01,-6.895912704693543671e-02,1.517033149094990097e-01,1.276040788335313682e-02,-1.231738861982524941e-01,6.566146902462120793e-02,6.995929224228783494e-02,6.514841949448848916e-03,7.910342037041055707e-02,1.339380055152617488e-01,1.013851897611900699e-01,7.341721188429453648e-02,2.702647005581759188e-01,-2.439576694131734454e-03,-2.126136830020060875e-01,-1.805737300544333832e-02,-1.123989269696595572e-01,1.048652065055409172e-01,2.072287901608256266e-01,-2.667134142898615057e-01,3.776135938626794530e-01,2.346310478708752978e-01,1.173638496940892367e-01,1.957234065869155326e-01,-5.849747198680060878e-03,9.607487862909183662e-02,-1.291010727321610652e-02,1.713245120251161713e-01,-1.433815187017684623e-01,-1.142762121719402210e-02,1.501362369107976311e-02,1.776036596594469663e-01,5.224617479617309213e-02,-1.585024975353917231e-01,5.916728973857827978e-02,-1.240540975419314809e-02,1.518745223565833857e-01,-1.139547921918551143e-01,9.187027241806637601e-02,-1.544121380805240640e-01,-1.078121011592958062e-01,-7.895972737699398503e-02,5.172209854619604086e-02,4.722148853471064278e-02,-9.319394258069024772e-02,-2.364262001973627958e-01
9.659073607770374617e-03,-1.456244332423074217e-01,3.134318036938069010e-03,1.984482837708070879e-02,-2.017455131632600249e-02,-1.181357392840282072e-01,6.022377538262807528e-02,-6.369160335655150995e-02,1.538840007442310309e-05,-1.250394560899739105e-01,-1.189222819929425246e-01,4.083057280337475115e-02,-8.316174074192096005e-03,-1.087504851935468669e-01,-2.054289253115691438e-01,-2.449682081309871931e-02,3.714205213918908566e-02,2.751460635535832311e-01,-6.929735207410622766e-02,4.232125952952460468e-02,7.331989758793736045e-02,-1.750113058351210893e-01,2.701144013164610280e-01,-8.835897297899140967e-02,-2.840735739345762179e-02,2.270016367330375193e-02,4.830051077821397032e-02,1.662181125672916870e-01,-1.570331192406943799e-01,1.035703214754197382e-01,1.118396622173966348e-01,5.392526931066414508e-02,-4.710352594088596141e-03,2.074259262158795279e-03,7.186948972684932546e-02,1.428105602062837431e-01,1.421956059968462194e-01,-1.845498286420314479e-02,-1.224171758954160777e-01,-9.768698566297218111e-02,1.574407550208473672e-01,3.418223639693946381e-01,1.557418759302724998e-01,-2.368825970738070996e-01,8.494217913187038227e-02,-1.092526975760511887e-01,-1.320222588346290082e-01,-2.084580780516764875e-01,1.374656812418248164e-01,3.709175143299960065e-02,2.035775474251134629e-02,-2.086817931404794102e-02,-3.735036344075238351e-02,1.439209084012130491e-01,-3.300639560783438231e-01,-1.201847044100107231e-02,-8.615346126552121675e-02,-2.765552915948384788e-02,1.068613589722180041e-01,-6.452900559700025518e-02
-4.828446427223647558e-02,-1.388415664208025348e-02,-1.157268020138540326e-01,3.387247412398915192e-02,-8.738942957765080677e-02,-9.255349443645269347e-02,-1.210705444105937001e-01,5.683083851502777201e-02,-2.868328887776788565e-03,-4.959227555130103424e-03,1.324755736065138523e-01,-1.068640081937040180e-02,2.134982248783163887e-03,-9.670393831610182844e-03,-1.095740969889873462e-01,-1.106302437750890794e-01,9.245300239543342846e-02,-1.243562236331143545e-01,9.496542582136084654e-02,1.241531734445349214e-02,7.496507159653884034e-02,-8.253200767273335958e-02,-9.742241904923140683e-02,4.401282891627576743e-02,-2.687109091332748334e-02,-2.358166103767119978e-02,2.841264481844951728e-02,1.612009124174341654e-02,1.895388237114719598e-01,-2.154892815068523981e-01,9.236426197013099249e-02,-1.339914574580681472e-01,-1.365550865365558995e-02,-1.594805385282480059e-02,-1.584260058190518627e-01,2.312117366718840772e-01,-2.643497784709165632e-01,1.025891939532110886e-01,-1.688718392915783406e-01,-1.082536246094025351e-01,2.699507264836796885e-02,2.744940929102045457e-01,-2.361930684492514754e-01,1.383966718080869573e-01,4.051536758653770387e-02,2.281608776423831864e-01,6.896456900652352118e-02,3.199405871201591589e-01,-2.593412267737255639e-01,-2.425991879591758368e-02,-8.474335401061955722e-03,1.425190898032178966e-01,-6.309011117631078969e-02,3.250847205832030906e-01,-7.281876071464699063e-02,-1.581422544695410687e-02,-1.111695890820617871e-01,5.337115432878684895e-02,1.007307367905324325e-01,4.707930887502834866e-02
-1.092206746815815588e-01,1.899876829090065833e-01,-1.839444149053596350e-02,5.003250822495960287e-02,1.261811332402049957e-01,-5.719174359790599876e-02,8.788574825914438615e-02,4.622845775056146772e-02,-1.348548982730385093e-01,-7.510768769118940369e-02,-1.346160206090442069e-01,-8.165793051775167843e-02,-2.324814818227666779e-01,1.506205685943172445e-01,2.474075690562781496e-02,-1.849785526196375679e-02,-1.060222892714528589e-02,5.262703985539801677e-02,-9.988197407166669872e-02,1.548622718947553212e-01,-1.407327625456889983e-02,-1.563338769888685253e-01,-2.176821043325552485e-01,1.425486726970803253e-01,4.841690514837128714e-03,1.017076717800164537e-01,-1.813457432057789115e-02,-2.434192561373209607e-01,5.797042151506984903e-02,-1.048837523976601724e-02,-8.299597685454965235e-02,-8.364650448659471937e-03,3.213986341620872489e-01,-4.988990017410088046e-02,-1.163513800456118796e-01,9.247940802605250643e-02,1.003996543897221344e-01,-1.132560753005918686e-01,5.525755323936508423e-02,7.461894505607470640e-02,-9.469438960196106814e-02,-8.379440748592137389e-02,-9.152124199297307153e-03,4.934748348063329459e-02,-1.768254172731696661e-01,-3.084469013384388836e-02,9.342769292311875473e-02,2.371201212718929835e-02,-2.802853465955587042e-01,-1.933934128549381071e-01,-3.184664491163000100e-02,9.171545701511378546e-02,1.866095725748122269e-01,7.034993775628234358e-02,8.709739673699620766e-02,1.840430141444984735e-01,2.716186349848153658e-01,1.897464939833473918e-01,-8.538743854054887256e-03,2.375943501818199854e-01
-1.461945990121237826e-01,1.010112837324432800e-01,-8.819875113657300175e-03,-7.056625806269370416e-02,-1.147625422775454263e-01,3.591609246837175473e-02,6.807102844414567033e-02,-2.292510534995300109e-01,6.676782569862611816e-02,-7.194769987264593158e-04,5.781430161962464176e-02,-7.520024184442859749e-02,-1.581815902755163705e-01,1.873798413751672637e-02,9.190904048839264318e-02,-1.069840359213001663e-01,3.121372040065769071e-01,-1.656875576058446931e-01,-4.003667023365289207e-02,-6.318155152115670359e-02,9.660028650913446424e-02,2.319229110472377509e-01,1.971338466243361121e-01,-4.878377301405926320e-02,1.545610476088895568e-01,-2.554040914817964358e-01,-2.486334758362931385e-01,-1.611091646985481352e-01,1.461604673620587810e-02,-8.716425291152855859e-02,2.166427162609989299e-02,1.179452327574432025e-01,7.894429080008332975e-03,-9.030615221016100036e-02,-7.148723598660754186e-02,7.656536640960982798e-02,1.414252166808353528e-01,1.964534245290025238e-01,-7.715048222770173880e-02,-1.142340375183617807e-01,2.714954145973884070e-01,-2.843895514420401865e-02,5.419191569454241686e-02,1.551516227968720253e-03,1.367074377162861253e-02,-4.679419736971585086e-03,3.437102895366811461e-01,2.738243903313525851e-01,8.580745821427498976e-02,1.293470211227217004e-01,-1.485234251437538532e-02,-2.587308239821272671e-01,2.200277402110877856e-01,1.389312464452646112e-01,1.716793132884216477e-01,2.664751606400307324e-02,8.220032378617968954e-03,1.300598158318345410e-01,2.382190565810334559e-01,-7.514428150352026048e-03
-7.451903031131965061e-02,-1.000293382634290518e-01,-4.476255579232650550e-02,-2.390664480787672158e-02,1.488846101672556821e-01,4.242621648667164319e-02,-1.150040485053726615e-02,-5.260606184120875106e-02,5.711149508398013358e-02,-1.025209988088237045e-01,-2.460999191090183086e-02,-1.562692763903574256e-01,-4.890082540718653642e-02,1.525472986359469874e-01,7.340425444382325804e-02,1.028686138126401611e-01,-7.145163802949316793e-03,-1.121362382799505342e-01,-1.995338692915771539e-01,5.760304988114330754e-02,-1.842458311158282902e-01,-9.671642102154007214e-02,1.315403198040903388e-01,4.436025425728977456e-02,1.533379264790215857e-01,2.960583657780973925e-03,6.925382535300565745e-02,6.221654984351918799e-02,1.290176068323123093e-01,1.174274472228661603e-01,4.985005995113829524e-02,2.756009474576786578e-01,-4.233697789621265750e-02,2.710968038003454539e-01,1.582965570689813251e-01,-2.206623261486302390e-01,-8.544751344003367888e-02,1.059614327978512655e-01,-5.366743899240178188e-03,-8.672808435186174503e-02,4.259021261252078638e-02,-1.192626429861969733e-01,-2.508225723805461160e-01,1.566869985661666353e-01,1.460595426297173760e-01,1.768800747489883141e-01,1.507660302539113872e-01,3.069126771195035408e-01,2.117547063361162607e-01,4.075709325303427527e-02,-2.843498982003236225e-02,1.819563074270708417e-02,1.146077784629485341e-01,3.397791206268280934e-02,-5.484614217752681320e-02,-2.574698999026567292e-02,1.891044852336148663e-01,-1.990298196878551307e-01,1.630380003220549268e-01,1.167793299994298109e-02
9.602542733927603436e-02,-3.256412005667402854e-01,1.141523407231686271e-01,7.752323963113255667e-02,1.485482716102050904e-01,-8.751851496812765308e-02,1.122728264471797716e-01,-3.406756695391332992e-03,-5.531932520685162169e-02,6.111940131603053883e-02,-8.944734926325156876e-02,1.694528147665012169e-02,6.523466048167661513e-02,3.375719405396213242e-03,-4.827711160432880677e-02,-1.051206445471906115e-01,2.779445829945076940e-01,-3.331071581490799988e-02,2.446415634213178203e-02,-5.862736005458677596e-02,9.681731074262711623e-02,1.180214245005129468e-02,1.255668766182093665e-01,6.647077033010465041e-02,2.024296414892454710e-01,2.725577405687221871e-02,1.222554705813823916e-01,-1.402458819610892249e-01,1.741588568553236183e-01,3.681737096681962640e-02,2.698721133511101239e-02,2.601387383192019787e-01,-3.744764801857525249e-01,1.727199965702379270e-01,1.008241964190094153e-01,7.508117323090317263e-02,9.917403805054746113e-02,9.389153684357645635e-02,2.572595720980600520e-01,7.211690606036283424e-02,-3.941160088388869775e-01,2.917850605136131786e-02,8.809523128303753392e-02,-1.371396367911533777e-02,1.272857946269937146e-01,-2.260064647734381232e-02,3.558773267614944169e-01,3.159558805041359220e-01,-3.536615261649977970e-01,2.798649446696820364e-01,3.385533458240599924e-02,3.611498965289912377e-02,2.534576296049942390e-01,8.777666287465095418e-02,1.873039315191211696e-01,-2.137803694481084094e-01,-5.085716962067365898e-02,-1.673623234773520263e-01,3.210050700512318000e-01,-1.539965721074872396e-01
5.998470618712675381e-03,-8.933375959963055571e-03,-5.863363645746557523e-02,-5.535936319858360960e-02,-1.035840097001727023e-01,-1.252376649318292512e-01,-7.859162161188108786e-02,-1.139996724559816654e-01,1.069536206256651162e-01,-3.403548596003240501e-02,-4.046074987838397391e-02,-2.254963047238951399e-02,-8.714758217934128609e-03,-6.544440186553432404e-02,-2.290873623568450701e-01,7.242815561546278591e-02,-1.267878553282728860e-01,3.137684983119104487e-02,-5.332989366097982964e-02,-5.603995946542441459e-02,-5.563696045681650049e-02,7.735607310022793448e-02,1.979815142471238743e-01,-2.799884573031167223e-01,1.146542801931019762e-01,3.182657475500586669e-02,-7.951061340723541981e-02,-1.940620623735104522e-01,1.128951647044139917e-01,-1.259700061799534643e-01,5.598554811755392796e-02,2.668439359201220107e-01,-3.216276701827665285e-02,-1.266399436634175202e-01,-3.510998521064415123e-02,1.118143901861052766e-02,4.507011759127353412e-01,3.063252587365210972e-02,-5.990328601949502021e-03,-1.329145526111333298e-01,1.463608493496451612e-01,-1.845068752742545504e-01,1.810431117637994469e-01,5.351961991184157885e-02,-4.684801290522131595e-02,1.422337397291121297e-01,-1.232045546338636777e-01,3.101576721325673414e-01,1.371137580976842241e-01,-8.277350326810235803e-02,1.368004848978476296e-01,2.183802619251796195e-01,-6.984084281642848058e-02,2.814695815123047923e-02,1.248889882891802972e-01,8.523916676901398953e-03,1.565807569738185689e-01,3.446072901822561183e-03,-9.338419683204476907e-02,2.119311470378328066e-01
1.844733064866055927e-01,2.062281325009852895e-01,-4.396912853218788719e-02,-7.764885259519682128e-05,-1.398553599125306433e-02,1.561067781405637254e-02,1.811498547911253865e-01,1.130406978241871724e-01,4.775001371839678738e-02,1.345427359681435897e-01,-1.542478905241923826e-01,8.047020440768996863e-02,-1.314288165036982606e-02,-7.805583350712055890e-02,-2.469156303831882698e-02,1.432170284244707048e-01,-1.240385167985762066e-01,3.650856966184506947e-01,-7.353736275109266918e-02,1.711447380133548912e-01,-2.430007964424565348e-01,2.006162371717692405e-01,2.817754746341757238e-02,-2.267126100200761996e-01,1.412012958518168715e-01,8.149237269811052120e-02,-1.279063008056105510e-01,3.942740306864290362e-02,2.154808908600923389e-01,4.916209482556651439e-02,1.013628148407975070e-02,-7.825041452850493851e-02,-1.022818634369349472e-01,-6.466139433186142427e-02,-2.157877066485964224e-01,-9.136328785519573503e-02,-9.929157535619406727e-02,8.597978991443993788e-03,-8.375321229418002111e-02,1.826765313610123065e-01,4.101946707686654481e-04,-1.043799475506527602e-01,-5.818300336386583727e-02,-3.200561811139764762e-02,-1.206126534019729898e-02,5.055524031036777444e-02,2.855210705775020896e-01,1.109625235244335040e-01,4.929135367075977714e-02,-7.890171766131222342e-02,-2.579495328883090188e-01,-2.677643203479825873e-01,-1.007081769585400563e-02,-6.995938531012532713e-02,1.190344492409453753e-01,-2.699556484806240886e-01,-1.600380097160377865e-02,-1.078421620166938322e-01,-2.435301687635210155e-01,-2.812573965007225674e-02
1.879044976960038693e-01,6.102276046812180228e-03,-5.517950846160306344e-02,2.195717464093323579e-01,-1.052366783530675198e-01,1.062379875505369553e-01,2.065606875504773232e-02,1.831291119613256621e-02,4.068488236990005363e-02,4.444301639876770821e-02,2.473129796619995824e-01,2.021143307310717674e-01,-1.875072797915002254e-01,6.123088404535269313e-02,-1.299913758300058099e-02,-1.007348035721216117e-01,-1.759957726075833118e-01,1.300992695610838079e-01,1.754310266218481740e-01,1.736397852497538197e-01,-6.577085021393005992e-02,4.928809167536100933e-02,1.066706359190889020e-01,1.425442449424071945e-01,-1.191123712296047604e-01,-1.191659469060078747e-01,-8.301113056960204850e-02,-3.107428530373608846e-02,-1.103418060636390391e-01,9.770325331041840311e-02,-4.475126000413983535e-02,-6.252447467023018735e-02,1.765759677136497507e-01,-3.104256539362689749e-01,-2.177105131662085413e-02,-1.185150021404669449e-02,1.000423743064232651e-01,-2.346764571830406987e-01,2.090928455722208257e-01,7.695632405805059861e-02,1.319576934472079799e-01,3.229320103695100530e-02,1.874390142529545195e-02,8.517474207797783026e-02,-3.468224382055398042e-02,9.236076581188598644e-02,-2.841315782902696374e-01,2.833268303570106172e-01,-1.451842470750416836e-01,3.619880513107830849e-02,-1.961562284841860682e-01,-1.536605253350827038e-01,1.755982539270353748e-01,1.120774745600264105e-01,2.411544768077990980e-02,1.970758296388393921e-02,6.517055803796162339e-02,-4.948800287799729608e-02,5.899017618793318818e-02,3.582458804885803039e-01
-4.201602405311997274e-02,-4.419157725823612270e-02,1.649490407979873619e-01,8.421751356267506705e-02,1.450732474013301798e-01,-5.951055070462481916e-02,1.189903475361883123e-01,-1.351070393971358363e-01,2.076764622973477081e-01,1.558834985227171566e-01,7.601996131340318930e-02,-6.649334252651691035e-02,7.394352243311891337e-02,-3.619980551046800277e-03,-1.257330274950967663e-01,-1.638776671807068430e-02,7.092215326416861920e-02,2.396923382349057108e-01,-1.172471255359996446e-02,-2.050916317100226482e-01,-1.353503133227097754e-02,-1.021718015816805575e-01,1.537008022405182417e-01,2.557465823167237029e-01,1.029424733583562679e-01,8.916553777954992765e-02,-1.948226363384452098e-01,2.557474201289353793e-02,3.228042837800619569e-02,1.219721559367257235e-01,-1.989094383961375612e-01,7.577116514106407678e-03,5.309214110008168841e-02,1.039784195181923943e-01,-1.233422707223949810e-01,-1.273581470349836008e-02,1.153964267755413220e-01,1.201760814732130145e-01,-2.788597914523697346e-02,8.376981670832879534e-02,2.329993327261633274e-01,-2.099540082609938629e-01,3.434913769735014055e-01,5.930830540424494174e-02,-4.381637110488924985e-02,4.434073132317463417e-02,3.387448295345027449e-01,1.301344722498542217e-01,-7.093359152368519660e-02,-2.860812808590563333e-02,-2.885870855806708102e-01,-2.507545703456690589e-01,1.414794518963594372e-01,9.433299980491284542e-02,-2.252698069043708104e-02,-2.256744858550325736e-02,-2.719973134009318616e-01,4.869599991712545567e-02,6.165438666879365093e-02,-1.288200726817878006e-01
-8.853858082548560909e-03,-7.157869787461017264e-02,5.393656160232383756e-02,3.415176593268712951e-02,2.493516586688899681e-02,1.561996423902258235e-01,8.223794720240715575e-03,-1.324653886916680179e-01,-6.225247951346916941e-02,-2.142985035256919808e-03,6.664920525277615027e-02,5.745806542513388904e-02,-6.164022615764486179e-02,-8.325134157125942125e-02,1.115192648709324441e-01,7.702420709999902373e-03,-5.691129889664566649e-02,9.474769976802825677e-02,-7.996125853394703276e-02,-1.924609784938521168e-02,-5.603223627890191461e-02,-2.281530230492988948e-02,2.899243276292288313e-02,-5.628800752304834176e-02,2.039279012142580089e-02,1.775102623332127094e-01,-2.866345561002696732e-02,3.290408300484095466e-02,1.552485960770147444e-01,3.618780518834802118e-02,3.949366714926254296e-02,4.912473873734984897e-02,-2.241872289376922733e-01,1.106219250588082320e-01,-2.285222473124471354e-01,1.390092149287108225e-01,5.730702770670494800e-02,7.575937602783895664e-02,2.667839053830445284e-02,1.450490507803907647e-01,-2.505269214711707271e-01,-7.514602314064569577e-02,3.224242769369526362e-01,1.246703319758602629e-01,1.144542036715023858e-01,4.435060971947406283e-02,7.253950795943464591e-02,1.217798166479214378e-01,-7.501929886478467258e-02,3.749624175188325664e-02,-3.729328668471006969e-01,-1.396818190990800068e-01,-2.669236729948456510e-01,4.938525448076173247e-02,5.435458810523097206e-03,1.047791757392625839e-01,-2.370083825558193524e-01,1.523402856299268249e-01,7.148997329215723076e-03,3.938782491658042451e-02
1.007666205068636495e-01,-6.986968826814968225e-02,-7.515469433304103331e-02,-6.718778980374251475e-02,-1.886645418668853602e-01,-4.086706114775457560e-02,-4.652103434334863008e-02,1.696175030328881950e-01,1.034342813121244820e-01,5.787641438288383677e-02,6.432466460805008265e-03,-2.636473779190992572e-02,3.414336247195941948e-02,8.837124813378219312e-02,-1.306409419265181469e-02,2.416663210214151092e-03,-9.009372684979337353e-02,-2.044575305935204812e-02,1.242530820665336266e-01,-9.847917353767693394e-02,1.393641938464748077e-02,8.634689393108611888e-02,5.726384941589962585e-02,-4.089199135385638423e-02,-2.032088388921280409e-01,2.256825412434854128e-04,-1.552906126260265030e-01,1.133375504804269296e-01,8.444507706641872502e-02,1.045815021529032315e-02,-8.889167632658999396e-02,-5.324948056184775069e-02,3.173118153848815404e-02,-2.959977828374405623e-02,-1.308271836959393752e-01,-1.152323323487365742e-01,1.496088625296458641e-01,9.122755299056925504e-02,-5.470995708024178894e-02,-6.565016712953172968e-03,-1.511161172423543808e-01,3.346978762958619513e-01,6.882783129146183287e-02,1.387410875700723911e-01,-9.759185194094208149e-02,1.315749150073968754e-01,1.131241962746291074e-01,6.699916608609761404e-02,2.097602569087221869e-01,7.239732004873700166e-02,-5.009784150795107069e-03,1.498220903828116068e-01,1.609678359704078410e-01,-2.123882649188859606e-01,1.812556053872620976e-01,6.311701542485585736e-02,-2.934185056437810246e-02,-3.849716624434847828e-02,-1.336956281991095730e-01,1.622495077992348531e-02
1.798293141502078571e-02,-2.121091598256492558e-02,-9.363574955364398211e-02,-9.867497889201018446e-02,-1.381152911991581911e-01,5.814439368414458902e-03,-7.263527485919521465e-02,-9.130497609009875781e-02,9.156106317611588385e-02,5.249033967589455778e-03,1.551209069093605411e-02,-1.038528426230731980e-02,1.315334575928864269e-01,-1.274186624449895680e-02,-4.521728063758723160e-03,1.011074170732496023e-02,-5.099124097560786550e-02,1.856258693297289653e-01,1.192733118415303384e-01,8.134254685556388531e-02,2.804628735417299401e-01,9.719086044140416714e-02,7.180331174166701413e-02,5.076430499256624762e-02,2.112193045775369316e-01,-1.203251517585525454e-01,1.252640839813050078e-01,9.169857758183788676e-02,-1.170201283305877527e-01,-1.281034211907018938e-01,7.117778937538572770e-02,1.217542632455465845e-01,-6.742361218084776120e-02,-3.414831656994524733e-01,-1.835940177175844068e-01,-3.093822716536894779e-01,-2.032006802132191314e-02,9.048684154152716874e-02,1.586185724374007955e-01,1.318736286118627962e-02,-1.656140771389685296e-01,-2.664905227009309319e-02,-8.878740693114901827e-02,-2.992027900449378830e-01,9.432449053120621485e-02,-4.149784332757732591e-02,-3.213207961985653505e-04,1.461619446042183856e-01,1.776577643820718144e-01,6.112910226088258403e-02,-2.445757105411031918e-01,-1.916305407099433700e-01,-3.724969121730459243e-02,-4.337958898372423072e-02,1.866708048720616131e-01,1.285453360756913521e-02,-1.530144504527924110e-01,1.227292413164593520e-03,-1.116583093366081414e-01,6.318360395407597585e-02
1.126899755457220625e-01,9.881412700439083652e-02,1.868071496953165878e-01,1.270722713872066978e-01,-1.455475873820552546e-01,2.168455451541247414e-01,4.122096302572786364e-02,1.610176002328135916e-02,1.220299766548667703e-01,1.253655572464177081e-01,-2.933765530348180287e-02,8.404097069528679298e-02,1.318755552360696415e-01,-1.381385346927998525e-01,-2.135692787586126185e-01,1.602483200796810461e-02,2.161153958548298060e-02,8.294691462893262479e-02,-1.791010086440641275e-02,-1.504121090454252352e-01,-1.690341679841577682e-01,-7.655028995575502426e-02,-9.011561967987835597e-02,1.992276966444487540e-01,-2.333733922117126602e-01,-3.049697619251734437e-02,2.229543745774095753e-01,-2.548824885157140452e-01,1.179754335603394183e-01,-1.021596064037198354e-01,-8.795912833893093641e-02,-4.168797712317984130e-04,-2.035764803395580247e-01,-1.870659621723564509e-02,5.539718042016163885e-02,1.462384366974183759e-02,-4.552391058671084734e-01,-3.626116704000150182e-01,2.732461200354762143e-01,2.192288650591381338e-01,-2.914575831202059764e-02,3.488113064529445306e-02,2.317456969234393538e-01,-9.423701399438344506e-02,2.496781491227399383e-02,8.401536796624489711e-02,5.037861169438247189e-02,-1.976545894772510081e-01,1.455274096343272539e-01,6.770480280164700715e-02,-2.301683913611744514e-01,-2.735459901706719377e-01,1.043314203915364502e-01,4.385843889041490980e-03,-2.884998524562399358e-01,6.603404191250331068e-02,-3.569040397185835878e-01,1.782491127911383921e-01,-2.612454098967688099e-01,-9.214390941204918944e-03
-4.468076813585153406e-02,-8.738789973118634563e-03,-2.186740642253710495e-02,6.601011046175156438e-02,1.434678372570092342e-01,5.922984907206607641e-02,1.849896945447143670e-01,-9.592663817699197126e-02,-9.810248173052149578e-03,1.060241002642027530e-01,-5.259594918858849499e-02,-1.075496952631209702e-01,-4.862889935904927963e-02,-1.008318220106211582e-01,-3.987808089824523491e-03,2.391933134937360705e-01,2.186084266351198679e-01,4.116015426816859585e-02,-3.358701190660959290e-01,1.444621858983088578e-02,-1.985428936336234573e-01,2.740139899085238806e-01,1.890868685747645883e-01,-1.005433349202868032e-01,-8.134313949406568600e-02,5.182502764178307381e-02,1.302442070413148412e-01,3.074820043345476497e-02,-1.580477574976784164e-02,7.683116884347221398e-02,-1.419694114248120087e-01,-1.017757919512610049e-01,8.665687097879329337e-02,-1.029893873075930361e-01,-9.493793681509059279e-02,-7.397663976496013372e-02,-3.981445873022141507e-02,-2.059571635114383903e-01,-6.344336335349684552e-02,6.865897603468507082e-02,-1.886397940629024050e-01,1.371468453543571164e-01,-3.450142839591975319e-01,-1.167088847869595519e-01,-2.679923038951993464e-01,1.180520206028470021e-01,-1.828331307402883965e-01,-4.651006992466673318e-02,-1.351374603151801745e-01,2.493867954444707602e-01,1.070354960086561391e-01,8.872289188702182916e-02,-2.821888103403198955e-01,1.106774921941379997e-01,7.997887258844889324e-02,-3.137580236808570205e-02,1.835175213578565945e-01,-1.272732238471559751e-01,-9.446907267566703736e-02,6.209740998705226556e-02
-9.816244970312415496e-02,1.365015678533348376e-01,7.286259830867693188e-02,1.785522689183277056e-01,-6.219093653170851971e-02,-1.833363593645240264e-01,-7.683054305666113526e-02,1.993287411236467910e-01,1.008366236240824387e-01,-7.645955230661002910e-02,1.275565177425437846e-01,-1.852579529066101793e-01,-1.295234115583908940e-01,-9.036411890006593173e-02,1.514613225458548151e-01,-5.911087236415853152e-02,-1.074928665856239862e-01,4.897719129227860735e-02,-1.513304270169298638e-01,-1.808673988056703763e-01,-1.152243250143168557e-01,-4.915506508881912345e-02,-1.504473194658001445e-01,-1.249326790876251723e-02,3.430795882673318142e-02,7.490712175344153845e-02,4.587221380612396121e-02,1.357913480416252094e-01,-1.614869645912384022e-01,2.875606160833812236e-02,1.626591102352883955e-01,4.054975855589870379e-03,-1.108369475664683357e-02,-5.441917428222373815e-02,4.676613036071588375e-02,-1.236294484530948284e-01,8.335478767125983901e-02,-9.205646652394461338e-02,2.029079040095206066e-01,1.520564624599541892e-01,1.242094416805618329e-01,1.215325355855760431e-01,-7.998644288233050514e-02,1.569554515011267054e-02,-1.683115697602914074e-01,-2.029352189441866600e-02,-1.175951792380902222e-01,-1.330909951095610166e-02,4.722764683565874172e-02,-8.447310806439844999e-02,8.775494726131316536e-03,4.787672936606939683e-02,2.965914342418648486e-01,9.867180660733329556e-02,-9.664906696306231615e-02,7.592966158329776671e-02,-1.828519338864736110e-01,1.384683162648395749e-01,-1.711319147855699385e-01,-6.564688218374313544e-02
1.043211061751198460e-01,-2.448665140581033836e-02,-3.749083700311234193e-03,-5.548547230546600068e-02,-6.880809925343703282e-02,9.909386477851228267e-03,-4.724998151014863507e-02,-9.344771066425630601e-02,-1.483348135971689907e-01,-1.158119794102223238e-01,-3.750939159072408380e-02,3.057307005388989335e-02,-2.324976376621200047e-01,-7.372558172160480205e-02,7.853302136072340400e-02,1.001472487088820029e-01,-2.785016176134121751e-02,1.143969221061798686e-01,-1.285897480729414431e-03,6.796378028445726471e-02,1.450188249408230212e-01,-2.295992996595148591e-02,-3.613574506319028323e-02,-9.712363365216322708e-02,2.131464275239224881e-01,7.718045576757907866e-02,-2.120353348128730525e-02,-9.410939209797938854e-02,1.145960443784415916e-01,-5.870666383696252627e-02,2.992983171109659390e-01,2.052904826725598930e-01,-1.995187556917934202e-01,-1.136656102493240061e-01,2.705476240875003269e-01,-1.767358750317842286e-01,2.427681747220297725e-01,-2.782875259528715395e-01,-1.862931181999751828e-01,-3.454342544083190969e-01,2.583206917454197171e-01,1.560590697785398454e-02,-9.758097851483475693e-02,-2.768669606935622030e-01,1.269801009747099640e-01,1.773627581019607269e-02,-1.197622739969044919e-01,1.324083079584917333e-01,2.269554559567553143e-01,-1.401703345390158950e-01,3.413786121197643353e-01,-1.779175013907473846e-01,-3.862832606454956463e-02,1.714155185404400705e-01,-2.086305629011032947e-01,1.280549557143856598e-01,1.202630899587393970e-01,-1.438391841047583497e-01,-5.963970225950625259e-02,3.207924682307964348e-01
