-1.910685382692814405e-01,-3.194125627975935577e-01,-8.267805793863246544e-01,-6.372099641065165354e-01,-6.969092418750537643e-01,-3.051379641869135240e-01,-5.057240121922327303e-01,-2.964625161246155494e-01,-1.331270366555847851e-01,1.466603757050095533e-02,-2.165267353210437451e-01,-3.486786865358524473e-02,-2.063856070313183771e-02,-8.650203006565187602e-04,-3.007285792839526350e-01,-5.446021470456625935e-02,5.799843806896837206e-02,1.720058123267276806e-01,2.301059461545090501e-01,1.566640383243835533e-01,-1.649608362563410036e-01,3.267622280854872718e-01,2.435392693917938778e-01,5.015400645348720710e-02,2.991593083629078276e-01,-4.463193328936776103e-03,5.408780130755767857e-02,-2.509395861604005740e-01,-2.387151748727411871e-01,1.883480973786569312e-01,1.600057986742243199e-01,-1.880949580723161874e-01,-1.663973838296384233e-01,-1.701406517901895843e-01,5.819441249562384844e-02,-2.163706632941232166e-01,2.749242467915512522e-01,2.391856019980879433e-01,-2.078812702737891926e-01,-2.684914802498249986e-01,2.795685117757204519e-01,-3.307325283136095528e-01,3.226495869159636820e-01,2.287398687746042270e-01,1.495896760389641145e-01,1.530883454697278545e-01,3.492083263891039291e-01,4.252254551424182460e-02,-3.644504546201359548e-03,-1.355260920950382419e-01,2.383028114835675504e-01,9.448063038844504991e-02,-2.463478178506763039e-01,-1.688954365525374701e-01,5.592616804849226408e-02,6.692212475222356072e-02,1.618338792302539408e-01,-1.273175294841696892e-01,-1.183367889319949795e-01,-3.444429500532736332e-01
5.841664452575073829e-01,2.900204889871348390e-01,-1.488990997700205265e-01,-4.565484972455248203e-01,-4.300999082184870370e-01,-3.694813208965709306e-01,-2.112315563067663771e-01,-1.067884197040977617e-01,-3.868812380413751140e-02,1.043184761583534625e-01,-1.616936193702147445e-02,1.570414565284347364e-01,-3.736746517958469682e-01,-4.001925626985857742e-01,-1.891849070312845525e-03,2.136836973187801747e-01,1.499435544046533730e-01,1.768928945094465632e-01,-2.333155797434939005e-01,2.968566519357172112e-02,-1.736859286432219235e-02,-9.919165998496128067e-02,-3.324996619247054253e-01,3.262443375988997168e-02,2.665228601700873612e-01,-4.093358579333488539e-02,6.737698720554186060e-02,-4.554275048238054513e-02,1.071309459445232981e-01,1.619831915581202708e-01,4.534285636173475131e-01,-4.688518349906471983e-01,-1.938783262408178693e-02,9.268651352268400534e-02,1.145954664363732639e-01,1.384788535168050561e-01,-2.118217606122422408e-02,1.346356026384277760e-01,2.117745511879482942e-02,3.354286176098421057e-01,-6.056028863354168124e-02,1.101242834429903839e-02,-6.027666096641794979e-01,1.670145255238289494e-01,1.546933218869967451e-02,2.835783198762142909e-01,-4.056295896532167294e-02,-1.748175564551924382e-02,-1.304712025953762011e-01,-1.144070837895048570e-01,-1.027952882104323507e-01,1.341613315935705764e-01,1.088946038309575454e-01,-7.029022022946043724e-02,6.145601573695398667e-02,-7.817667215486624743e-02,8.708905334240442386e-02,2.646246319873986619e-01,5.088569289848017541e-02,1.028851331192450341e-01
3.537153902469368782e-01,5.074710956764331149e-01,-2.925212367730139484e-01,-2.621976668082158235e-01,-3.969999387199900087e-01,-3.626830468412334252e-03,-1.263663108944516889e-01,2.564236232753615979e-02,-5.790687160485993162e-02,-7.949908628961740997e-02,1.713693510216836580e-01,-9.146027725562064226e-02,4.026090182108554849e-01,1.101467906904055327e-01,-1.081978989725747298e-01,-3.905845057969700024e-02,-1.685413245316771391e-01,1.984446811201578398e-01,5.305302699732726557e-02,-1.546340221356921063e-01,1.973902787460261876e-01,-3.640814559841000775e-01,1.962262658829880269e-01,1.137041095036867427e-01,-1.248539909910251905e-01,1.553348915610087630e-02,2.479539470704665294e-01,1.388705115013123825e-01,-9.550105786051981890e-03,-1.325929863749173987e-01,1.175418197317352337e-01,2.051820254631777640e-01,3.052181913481869999e-02,-2.407538525303978827e-01,-1.248195746690148322e-01,1.457726235981102181e-01,2.201632063938451789e-01,3.768800888998309617e-02,1.758251815655346717e-01,-7.199911684825251179e-02,2.743614625613127744e-01,5.820225469715800681e-01,-6.999153228877123822e-02,5.629362347524129173e-02,-2.710366373845645716e-01,-1.157675225865036489e-01,5.749008653881746561e-02,-1.760314414862391152e-01,-4.507754532455986868e-02,2.703111829911192809e-01,2.779155124292563839e-01,1.739613088632963878e-01,-6.894097045335205454e-02,8.316317343602874779e-02,-9.922861032930056779e-02,9.916784403266480641e-02,1.039563438446530624e-01,7.636547106496444082e-02,-2.834638096028325657e-02,2.100120397368883951e-01
1.539078783369316195e-01,2.025424831974690643e-01,2.749806292948134834e-01,-2.053107276837136674e-01,-3.762512443201259105e-01,-2.354649754560879382e-01,-2.199290461365328020e-01,-2.839412615347405855e-01,-2.489594393510527193e-01,9.280552217447630980e-02,3.185392127158805931e-01,-1.874391099271364713e-01,-2.921554115372423238e-02,9.429437379219310356e-02,-9.488575822572153928e-02,-9.741051791961945205e-02,-4.840940525694167329e-01,7.329094768152856487e-02,-1.548686756268635167e-01,-1.504795731378927304e-02,1.211102494654650724e-01,-2.682878144708533141e-01,-2.426350268191378515e-02,1.820012148347516234e-02,-1.470946115821740174e-01,-9.654450512811756091e-02,2.228909086510351689e-01,-1.286546003037597474e-01,-1.401660809545834385e-01,-7.161344998163568509e-02,-9.034636119006275723e-02,-2.292097243852813104e-01,2.300443305068781419e-01,5.660971079142191817e-03,5.472427571511552513e-02,9.212224181702800829e-02,-4.252598923844718715e-01,-8.923466036481550456e-02,-1.954828159828305989e-01,2.923407682816530073e-01,-5.418270176842990976e-02,-1.344289846918579334e-01,-6.075872468346565913e-02,2.212960373296390115e-01,8.392435002946421752e-02,-1.942839101754116338e-01,1.508996555309880250e-01,-1.075935933225904834e-01,1.436690883492532100e-01,-2.560849111596454342e-01,1.735608307721858146e-01,9.618141437675462035e-02,1.662960561523515179e-01,-2.622320449086063543e-01,-2.302570103585187267e-01,-2.977188089500101831e-01,-3.412213148705084409e-02,-4.056158019349023758e-01,4.099277684130782362e-02,-6.082544032660254507e-02
1.887617355867103261e-02,4.279483427185916400e-02,-7.139504840496878335e-02,-4.446548128313973502e-01,-1.753072285896370430e-01,-7.201314732430084964e-02,3.495569372307795464e-02,3.634643119770758490e-02,9.577384856537993207e-02,3.094935873324029460e-02,-1.887577044311430363e-01,-2.435270304852514833e-01,-1.633459327539664163e-01,-1.073874325712235872e-01,7.377179618618570633e-02,-7.775994100178926227e-02,2.765629122498777237e-01,1.169251761032604753e-01,-4.312515422283939581e-01,1.521658412236866487e-01,-2.940049001923955019e-01,-2.128532813778805100e-01,-1.322995111390965206e-01,-1.863028286651556911e-02,-1.139847472469139589e-01,6.702389444918294484e-03,-4.444988329627285739e-01,1.712467410603025209e-01,-1.697683812501596667e-01,4.032943628626824845e-02,1.577880771995970322e-01,-1.523545274636742275e-01,2.687694093530307998e-02,-1.024387011077196874e-01,5.097896275585506176e-02,-1.256216711377341755e-01,-5.351075366366844083e-02,-1.680639392514240299e-02,2.437458583444805996e-02,-4.403992895728673362e-01,-2.508317607767666241e-02,-8.127167781831627635e-02,2.788935118694725324e-01,3.787249274669815535e-01,-7.108653346992055422e-02,-5.172142410755235092e-02,-2.845908407175762322e-01,1.543556199710883481e-01,3.366911385950194791e-01,2.873805032805650805e-01,1.053138206782568490e-02,1.500384931798249277e-01,2.932585608736820171e-01,-3.233443279222163180e-02,-2.925916125781770696e-02,-4.878362876550598054e-02,5.840345603089288490e-02,-6.790041541314210949e-02,-4.289550925256005454e-01,2.010394208510065950e-01
4.739525826563457944e-02,2.805237817826798374e-01,2.122893967967583451e-01,-2.009643978065819570e-01,7.444027447518856977e-02,-9.101105766818440301e-03,1.022354025343129302e-01,-9.839441519037418760e-02,1.375226499329745312e-02,-1.374969688636909493e-01,-3.952200351006009832e-02,-2.309492534542015585e-01,-2.021759867255581294e-02,1.552994681596537585e-01,1.511148662143129151e-01,5.164584422866765751e-02,-1.215458903305203196e-02,-3.727997742149483651e-01,-6.189168210629754363e-02,-2.914037352993883306e-02,2.302093643079317130e-04,-7.912809241664911508e-02,8.937656146063363560e-02,-1.093818766096162909e-01,5.345042734131559559e-02,-3.742592959851006595e-01,-1.354180938968602699e-01,4.250308345407955227e-03,-4.293314535383117858e-02,-1.972560456601831491e-01,3.003259798307910122e-01,1.634213808063760820e-01,1.545868704976742225e-01,-6.577543987080740340e-02,1.864837431795957623e-01,-8.954571901443575399e-02,-7.855961229727279060e-02,1.637381219685151434e-01,-1.730489953752585575e-01,-2.077232730334635791e-01,3.376747348252018277e-02,2.295634103188434749e-01,1.965501575652713884e-01,2.238911503208116383e-01,-3.007476574253079796e-03,-3.251078016585824682e-02,-1.997213553453552615e-01,3.610617796035451854e-01,2.859136793649171837e-01,1.819855836453021514e-01,8.118253346113554758e-02,-1.752155762759705637e-01,-5.028113159730409482e-02,-7.745314038188735872e-02,2.842757206775514689e-01,8.526212192015361624e-02,-2.042791467331119826e-01,1.303198783721298271e-01,1.175693159823638229e-01,-1.552916371576506249e-01
-2.439333267382684522e-01,-2.872656647995004420e-01,-4.012731473076226463e-01,-5.391955198534298735e-03,-3.230840519658849663e-01,-1.156141365150124001e-01,9.534580096407156702e-02,1.157248745882579338e-01,-1.316362969450455764e-02,1.772613283882586710e-01,-1.630010847234663329e-01,2.077643594445621189e-01,-9.141324543688404691e-02,-2.219934856182375904e-01,-1.379937871127965253e-02,3.464019398818790618e-02,-1.768706341504783786e-01,9.525111833789446508e-03,1.797795331948857239e-02,-3.941279374203913721e-01,-3.706953819338550116e-02,-1.621648545657434493e-01,-1.062219149982787381e-01,4.882686428736510154e-02,-1.402817905934767018e-01,-1.915745158802911741e-03,-1.565079106978596868e-01,3.053504797511669699e-01,9.258232195691687427e-02,-2.309860132187115112e-01,-1.972845605731898266e-01,-4.498359240077547117e-02,-8.942213573729711207e-02,-4.412692663024470052e-02,2.866867175608389662e-02,3.184623975862579254e-02,-5.930884715247757011e-02,1.709392833599991945e-01,3.291836948154500675e-01,1.768490350135289713e-01,2.297306547026940482e-01,-3.615801885663239013e-03,-2.943570828113679094e-01,1.159511947933582893e-01,5.418362543177542012e-02,3.537469589634455874e-02,-8.801180897057020447e-02,-3.673813509648005127e-01,4.800749434612454070e-01,4.620037385021892595e-02,-2.418030775177891500e-01,2.857642048416777353e-02,-2.654183459397205791e-01,4.510656630344698353e-02,2.285961013013723675e-01,1.494683126174648491e-01,1.125019990426812527e-01,-3.650827515885800567e-01,-2.148409421707096478e-01,6.785090225151961529e-02
-1.004670913184009667e-01,-5.965857043227460604e-02,-3.914680343475420154e-01,-1.379775131267992061e-01,3.450933569485240687e-02,-2.898659714042470248e-01,5.257905746856322837e-02,3.116851566157957665e-01,-1.193881340643751648e-01,-1.458659095855807108e-01,-6.119659005231346122e-02,1.348973197587670092e-01,-4.175535178051001384e-01,-2.500205610837022974e-01,3.565515301847662633e-01,-1.242217258016326820e-01,-1.060754348904577871e-01,2.342718446422518280e-02,2.662732701156501069e-01,-1.141990244726341225e-01,-2.325664606171932436e-01,-1.893933482170681581e-01,-2.005328088318325541e-01,-3.738495876845591287e-02,-1.940902595813160936e-01,-2.230756200896508723e-01,1.277445122640339381e-01,9.054292199275053299e-02,-7.183761097149282682e-02,-4.034907249553650876e-01,3.429833730540233772e-01,2.451022003744572630e-01,-1.395912847888973185e-01,1.705235246069879140e-01,4.255902949977966726e-02,-4.078602712189529494e-02,8.594383528748798795e-02,-6.617280806682708516e-02,-2.287323674384558747e-01,7.656710827337875891e-02,-1.110089152064705764e-01,-1.811415658870762502e-01,1.321829320333891833e-01,2.515944622317271007e-01,8.184621872028401135e-02,-1.610233574622505492e-01,-3.022421643522145707e-01,-5.227622022507029398e-02,7.745861684414265258e-02,-2.101415103853680189e-01,-1.755790251984882255e-01,1.659485218825769715e-01,-1.050019775235484093e-01,2.709561775198059408e-01,4.752378376341000465e-01,3.856725218059113558e-02,-2.387124030726305024e-01,3.393235491381975111e-01,2.391331402206314516e-01,-3.758638104816642844e-01
3.238671402086400475e-01,-7.543689026243190210e-02,3.232598720407700577e-01,3.181825905976279900e-01,-1.040644398252487703e-02,-4.944025634922245838e-02,-1.965205931077625146e-02,1.117610261911026158e-02,-4.424532711617475134e-02,7.077933175483935857e-02,-4.791997472110939155e-02,5.726091060593489768e-02,4.185578289603134605e-01,2.442686936573849332e-01,2.953043671143374960e-01,4.829950751284269039e-02,1.836921908445610097e-01,-4.682606439530785647e-02,3.394036319475142449e-02,-1.859048277216576173e-01,7.719734197304022050e-02,1.671240260868750993e-01,4.959964010409129154e-03,1.374170934419710333e-01,1.126099498241436986e-01,2.390555168109231854e-02,3.453176659397962089e-02,5.601587440311480565e-02,1.117296067896207112e-01,-2.341404564388019360e-01,1.263061925457339141e-01,-3.001513517675230731e-03,-2.723848630166798568e-01,3.823431638789172582e-01,-7.597389938282654576e-02,2.984566193235355103e-01,1.738529328937553076e-01,-1.798438094934718956e-01,3.745339411043867306e-02,-2.141993730450234279e-01,7.712012402500305341e-02,1.336634555312123385e-01,1.979411942288962500e-01,2.796144975357761631e-01,3.508749492563781880e-01,9.686630280821398320e-02,-3.305128022468575844e-01,5.121530117183638042e-01,1.166473618862892137e-01,3.708117438528267806e-01,-8.026835522092165554e-02,4.167728732389547330e-01,6.166356456692571181e-02,5.663491839098826197e-02,-1.283086255833612577e-01,4.750747973344562891e-02,-9.409403737837924997e-02,-1.265103513158605808e-01,-7.658341389370408592e-02,8.213734109228312819e-02
-8.302747900003140669e-02,-1.187685232648407752e-01,-1.871973674791761189e-01,1.740162773906587246e-01,2.085195643921921582e-01,1.349224164128103864e-01,-2.048315642789773905e-01,-5.733124383458480799e-02,-2.524451391389987420e-01,1.550307046664426980e-01,-2.656367908396128352e-01,1.996602829500107867e-01,-5.883074084979646179e-02,1.097880112533788644e-01,-1.116044362802546229e-02,-5.943580802710981409e-02,-2.403205205622420682e-01,-2.639281375681382102e-01,-5.858857720161063376e-02,-1.635504501140533709e-02,1.270773580628839772e-01,3.705202052493920817e-02,9.301074464334094238e-02,8.382616383814073258e-02,7.841797404437669816e-02,3.011702475075265784e-01,2.688158747032040052e-01,-1.073112333813969199e-01,2.197098596411422577e-01,-1.927045926982548507e-01,5.419833382219191309e-02,8.262786765507662556e-02,3.583324605728072099e-01,1.739493871203445785e-01,1.268361259506012029e-01,-3.112177289616470111e-01,-7.099762726412639155e-03,1.834563405594432373e-01,2.916039977105031045e-01,-2.062126558519127850e-01,2.754819840644951584e-02,5.113441507387714996e-02,-8.082739620241735645e-02,4.035341417669022213e-03,7.929629160111380248e-02,-3.190637155241285994e-01,-4.404415584299468944e-02,-1.140531795366893017e-02,6.311771234836181799e-02,-1.208735333853678748e-02,2.891597797920874430e-02,-1.095795416962311586e-01,5.260167021099222406e-01,2.320212351283832963e-01,-1.294653679487684783e-01,2.452182951334920813e-01,4.542052052571550480e-02,-7.582774674811736115e-02,1.418964510104041010e-01,2.749700359015485457e-02
-3.884510267319282728e-01,-9.983132081404809399e-02,8.539823983880720504e-02,-1.703082497800052497e-01,9.675902218724831416e-02,1.711705069483688002e-01,-2.559479122959524844e-01,-2.570046567944398452e-01,1.004860585555086006e-01,-2.703294026085384383e-01,-2.890263104693904239e-01,6.350173573448023023e-02,-1.825586957974777505e-02,8.281263334533781051e-02,1.127921022840425724e-01,9.105355954272234542e-02,-1.248481331396320976e-01,1.428999431007824672e-01,-8.470813321492329240e-02,6.492637382702219628e-02,2.605772857781271101e-01,-1.923631804467819395e-01,3.623049637794924505e-01,-1.482095628763978046e-01,-8.140390194023630621e-02,-6.860867812632442941e-02,3.389268460477938283e-01,-1.773422950016252941e-01,-4.020777247376172703e-02,6.492848565398259830e-02,-2.861872746459754868e-01,-3.129497678597691068e-02,-1.428711476352896859e-01,1.124024630436767785e-01,1.206356690688012989e-01,-1.276900480931112691e-01,1.859414608448675954e-01,1.366981860587122566e-01,2.982432696413050421e-01,6.707678580393175438e-02,-1.218670894183734588e-01,2.072747111803438236e-01,3.678406055860459350e-02,-1.100697621107665086e-01,1.902414290666874230e-01,-1.645535049650903303e-01,3.483611941299769206e-03,-4.011352533412101268e-02,2.225980429256814788e-02,1.485477312169339315e-01,-4.823509501762067719e-01,3.018276145072668060e-01,2.704653404520916959e-01,4.178259179196617407e-02,4.053438683119721664e-01,8.747752908005060335e-02,-4.149474055666418915e-02,7.668139990256048200e-02,-2.763940392907125454e-01,-7.183714672620367114e-02
-1.958256360122923143e-04,9.214556595289472019e-02,-2.069449048577247652e-01,-2.071903434875461691e-01,-3.084826823449398070e-01,2.001555935801568962e-03,-1.275939170495766703e-02,2.161113294141876473e-01,-1.750439306325556055e-01,3.470291266636483241e-01,-3.037278898614377276e-01,3.007704648591619234e-01,2.007457252551360649e-01,-5.728523715860720650e-02,-7.095036368698241780e-02,3.210561075423229993e-01,-1.597743040292512462e-01,-5.604282637985623372e-02,-1.476707132113957710e-01,-6.767233006443210130e-02,4.488175523015096313e-02,7.154467390728294629e-02,1.166726102807626175e-01,-2.446785117913823915e-01,8.276818080605932715e-02,-2.636724466880630557e-01,-9.255581414099989246e-03,-3.396295857051418454e-01,3.098196547515410515e-01,2.336306141840679140e-01,-3.260672496667776366e-01,2.187958656645029587e-02,-1.782804465486042267e-01,-1.306051874535661683e-01,-1.303084657015240455e-01,3.414975499798986736e-01,2.494315674393395577e-01,-8.875481871930911149e-02,-6.699343455087383714e-02,2.573930836096125496e-01,-1.267862553740142784e-01,9.414707983635979549e-02,-4.111651318452726883e-02,-1.703052248417416537e-01,6.353065475300213871e-02,-3.319907489934436629e-01,-1.874398675982035245e-01,3.173228488883098053e-01,3.131526519225694832e-02,-1.725180314110137114e-01,5.111068466606939475e-01,-2.239228737645084788e-01,2.307232011658315041e-01,-9.883441217297217474e-02,3.225205479366760053e-01,4.625088302123274431e-02,3.791323855850005642e-01,-2.732341738033657874e-01,3.004117173338847202e-01,-2.833913954553457515e-01
-1.787641625511117716e-01,-4.746459322846778572e-02,-7.064905512399660692e-03,-2.063223746855357421e-01,-2.181437738724564812e-01,1.481145390213214896e-01,-2.389874643709510027e-01,-9.796081748645209253e-02,-1.416386043816060189e-02,-1.038424078529201350e-01,2.706476079742388130e-01,1.772655707895650079e-01,-1.140510394336948508e-01,-5.044502213556258108e-02,1.841835731395061182e-01,1.071434920750488490e-01,3.641112773555133519e-01,3.565944228826200546e-01,-1.406365735341226220e-01,-5.515038087378771881e-01,-1.878651985922755174e-01,3.955316062896426232e-01,-2.105113029920535062e-01,3.538145582804261835e-01,-1.597773092399217276e-01,-1.665582674942366059e-01,5.074380108138266954e-02,-6.322537228571678547e-03,8.092439561305837803e-02,-7.690888508677992674e-02,-5.169017295590268291e-02,1.270383740719090437e-01,1.247008161851180866e-02,2.062027724548821592e-02,4.852221583523929627e-01,-2.184804465164734977e-01,1.260895644196903531e-01,1.117180903990883517e-01,-3.189893686231542458e-01,1.153476720906199821e-01,-2.109722524232995194e-02,-4.748271937088006101e-01,-8.642359201915984432e-03,8.263397052917564878e-02,-5.543087714493334650e-02,-2.206124083863671426e-01,-7.513023155077551418e-02,1.995220646627574868e-01,1.585809734089276835e-01,6.717142531493013047e-02,-6.520824238583380894e-02,-5.494017204974140089e-02,-1.808437707185313603e-01,3.749965634504461715e-02,-1.645090387961261058e-01,-4.308064017860958883e-02,-6.185615158500745725e-02,3.955525611267589614e-01,6.451320530671310338e-02,-1.169022922121192298e-01
-5.068904671695229069e-01,-1.728079090396668627e-01,4.032079615264014261e-01,-2.297657169752109207e-01,-1.798425562679569212e-01,2.426933156866807884e-01,-2.164940575512776244e-01,1.562789572719325976e-02,-1.015296824984778142e-02,2.874077753000879309e-01,9.373930826347173784e-02,-1.284028847914502336e-01,-8.161414924973943441e-02,-7.789629897725451613e-02,2.459595528818803167e-01,-1.885162405627191784e-01,-1.175504513656773914e-01,-5.992634054341638983e-02,9.375152162322755375e-03,-1.565767034877809105e-01,-1.305456740984301256e-01,2.833909513816946710e-02,2.021512553332018014e-01,-1.141246558268657757e-01,-4.976039989999602939e-03,1.912689880427360656e-01,2.842245651520757255e-01,4.788158279549851321e-02,2.181720194340817098e-01,1.377072827194135429e-01,-5.103886729463199406e-02,2.283963554684836222e-02,-3.326368608396782500e-01,-4.765433227009223394e-02,-3.621204281415890680e-02,-1.126760582436450581e-01,-1.068956626912546531e-01,-4.615790308239679784e-02,1.879872190898846662e-01,2.569333794673091531e-01,-3.249567182194397774e-01,2.683452430777300557e-01,-1.731441201584587586e-01,7.551635455457450519e-03,2.224018179763328357e-02,-4.383882314112771961e-02,-1.553449264592849655e-01,2.054237101383518671e-02,2.015621169003819768e-01,2.176279234242549723e-02,-2.455400270531645501e-01,3.229280952318797776e-02,2.431177440414938884e-02,6.420058605722948897e-02,-1.649472602252587405e-01,2.117815084794968661e-01,1.299702804808967882e-01,1.336367265224058798e-01,-2.991266560982186462e-01,-1.039268867007998171e-01
4.838284613124409217e-02,1.213093020611215878e-01,1.974756955091887811e-01,5.447471546175561979e-02,-1.572837364463480769e-02,-2.058209912599731906e-01,-1.379272169372003365e-02,4.625320060322109517e-01,-1.027129246449362682e-01,-1.470796321584462163e-01,-1.980172447161225313e-01,-1.156512638380831071e-01,5.783520905267706264e-02,-2.043109354625146368e-01,2.347080342469742287e-01,-5.527671675335134316e-02,7.419724239227316887e-02,-5.410671435662539608e-03,1.787963769899341693e-01,3.130262948406804524e-01,1.498996715605576714e-02,2.461720842015542240e-02,-2.945173860543505162e-01,-4.928655701158472097e-02,2.287479524148162136e-01,-1.624104071352680811e-01,-5.352398755621597809e-02,-7.784740807850890065e-02,8.943067175102353827e-02,1.096108962067493947e-01,-4.870131706282342099e-02,-2.207984412179082589e-01,2.563437384021884924e-01,-7.668803979114068026e-02,3.193401070067372616e-01,-5.595398427882856268e-02,2.236010226425075298e-01,3.614602227845105653e-01,-1.666886792731893940e-01,1.141672197346233764e-01,4.627891682127206474e-01,4.873207662336896673e-02,-1.061908719638557930e-01,2.567194803078033938e-01,-4.235486686227562733e-03,-4.685437988807952259e-01,2.312452262930888014e-01,-1.240868863663934646e-01,-3.826258136692380907e-01,5.336326434995207479e-02,1.579058095359085756e-01,8.752585642812804947e-03,-3.355999395082603920e-01,4.180837555373267261e-02,-1.015340200993741365e-01,-1.728656505138218835e-01,-6.041747826496723928e-02,-1.402575748450484439e-01,5.597416079761138169e-02,1.054583793385357460e-01
1.088014773244214660e-02,-1.862124997154449846e-01,-5.847787650532172699e-02,2.333251907242187839e-01,2.257265611917996101e-02,3.114736912156590432e-01,-1.272312762853147674e-03,1.322882229418599065e-01,-3.860797254659591449e-01,2.006479483504984285e-01,-4.007805827722565536e-03,5.458628530750068292e-02,1.544277405534670855e-01,1.818465101517204308e-01,6.322879266906820950e-02,-4.140617015386365840e-01,-1.224132312963800151e-01,9.081712455097798453e-02,-1.590459339954816698e-01,2.200126976143016166e-01,9.914549110356551953e-02,2.643603651889423478e-01,2.515911351888355241e-01,4.213081693738603417e-01,-2.049322987995601808e-01,2.350785844908468564e-02,-9.581837555773317638e-02,-1.994027367515936039e-02,-2.261547201311746580e-01,9.305147771263688750e-02,2.166527207944796696e-01,-4.666123355856816729e-02,1.162052065290275580e-03,6.052748140698235163e-02,-9.312236956297455931e-03,-2.225384575616588256e-01,-3.449297702193275250e-01,4.040411598964951945e-01,-1.083320305599078104e-01,-2.598455541717312883e-02,-7.040827295261933849e-02,-1.441501999125147648e-01,-9.839256056176848980e-03,-4.381126656950869169e-02,-9.518854288432956889e-02,5.901315878048780939e-02,5.434755050787965294e-03,1.658092064090373463e-01,-2.905955285805105204e-01,2.525948200553310707e-01,5.324879445981158671e-02,-7.316201319439266659e-02,-1.925945299901354046e-01,3.377666897997532169e-01,-5.574620269459289179e-02,4.539485655994093122e-02,-2.144129228399516973e-01,3.076752586139706036e-01,-3.730879271969907984e-01,1.340573879702698645e-01
3.014980943576613948e-01,4.724198978135386584e-01,-1.110653295659528722e-01,-9.024505442101424246e-02,-2.796987957274528758e-01,-4.628398140844008912e-02,-2.647457276059282383e-01,-4.417524810948592062e-03,-2.513450000762917913e-03,-1.194389028174983602e-01,-4.156933181652734677e-02,-1.304949267124249912e-01,-4.158477355102041355e-03,7.598374146170452925e-02,-1.130309280690830198e-01,3.656162817338802773e-01,-1.297095560611826737e-01,-2.330812094759942832e-01,4.179509586445935843e-01,1.197026147747315373e-03,2.241400178952415723e-01,-1.953512363561209567e-02,4.919982259468762276e-02,2.279758551480234874e-01,-5.908952595440020161e-02,-9.004547369080097285e-02,-2.686099269897885833e-01,-1.928143336806650565e-01,-1.558998363886144635e-02,-5.276496954838263281e-02,-9.956753893552117152e-02,-1.408989822139431747e-01,3.409384021960557010e-02,4.470645194114170051e-01,6.788310904126726268e-03,7.385949877047170986e-02,3.065550370466140762e-01,-3.854357451455603378e-01,-2.645915400956747598e-01,-1.087827452619521268e-01,5.196172972944897162e-02,-1.789256763140736894e-02,3.234410396545049915e-01,-1.170635688707456906e-01,-6.477437050840043065e-02,2.752468906942225901e-01,1.000764921490548964e-02,-1.709453836402252680e-01,-1.314525532818760778e-01,2.916963316535216011e-01,-3.349676856266982361e-02,4.584356984594719076e-01,-3.654577397605869582e-02,1.909955548360903754e-01,-4.022239433005738579e-02,1.053521545418055136e-02,1.504808878781122849e-01,8.689291048404050588e-02,-2.124223077419601091e-01,3.150950255469748273e-01
-1.268262152107313689e-01,8.362723099133061860e-03,9.172428986900363346e-02,1.582134449599445214e-01,-1.002615674946379515e-01,1.311478170072428173e-01,1.517298484209298436e-02,-2.707210900156418742e-01,8.689312294521549240e-02,-1.218636501941630923e-01,-1.502720685797337141e-01,2.496342317115090859e-01,-1.589033017411591309e-01,-6.912132789425766421e-02,1.875242274960477462e-01,-1.670060032654376581e-01,9.152401683593019976e-02,1.543165229386422310e-01,-9.305355356598361827e-02,-1.375888716791589528e-01,-8.306299263287348147e-03,-1.160938789795299131e-01,2.877166084015540526e-01,-7.520517085415061309e-02,-8.599209017009977474e-02,8.896388780384595352e-02,-1.006630677970891952e-01,-6.122773105764516000e-02,-1.039298413661300380e-01,-3.242291991082535962e-01,7.564034904670663417e-02,-1.318396311097113638e-01,-2.908305341660464283e-01,2.546688642544613079e-03,6.093556989958873876e-02,-6.719237132636324272e-02,-1.516819592022146668e-01,1.056471103510102649e-01,8.539309599788768592e-05,3.149273336379546651e-01,1.402190395824270408e-01,6.235690452463469452e-02,4.311914228104314628e-02,3.717747992034582671e-02,-1.834122921209858925e-01,-1.890806697607327058e-01,-6.890420698453084136e-02,-2.974628848207135912e-01,-1.053618624109309010e-01,-3.860662138361235785e-02,-1.630258364647934471e-02,-1.030403572625942787e-01,1.813180052874597548e-01,1.233610261707566852e-01,2.296733024395003486e-01,-3.309524889909499779e-01,3.222833298969468019e-01,2.455936709162040432e-01,-4.641482970169387434e-02,1.925988115492332370e-02
-2.999355635150264751e-02,-4.093091858138364070e-01,-4.047383740892531584e-02,-1.996260140206762845e-01,-1.535944491936607759e-01,4.609295201961934041e-02,-7.207333981431873760e-02,1.947921706853804336e-01,2.534159397840334838e-01,-1.531798950811880111e-01,-1.729052482582362285e-02,3.291313910844119728e-01,7.792734030994256933e-02,1.097880662828203818e-01,-1.850107410057287571e-01,-6.886237156636077286e-03,-3.803207087705055833e-02,1.608259446445554353e-01,3.325816962142715827e-01,1.606421527637545144e-01,1.028366457012858635e-02,2.551238294130637740e-01,-2.225282812869523730e-01,-1.848334127071790123e-01,8.507099544555451684e-03,6.779176394124755700e-02,-2.099201385436664791e-01,-3.050105498652313507e-01,-6.395069563568819837e-02,6.196486908050054254e-02,1.781125541817089597e-01,1.590369181879625060e-01,-2.357972141153363010e-01,3.098690086750199163e-02,-2.319275734205209633e-02,1.961005986610548368e-01,-2.313952340861022416e-01,1.618805407958297804e-01,-2.280341157778219829e-01,-2.410898540124823547e-02,-2.360598405661218924e-01,2.422697443319259958e-01,-2.244638994777092278e-01,-2.464792650692967102e-01,9.504620308204816959e-02,-2.189231612740147326e-01,1.480422917198501165e-01,1.507461057168386909e-01,-1.440001247845808519e-01,-3.640518609907682501e-01,3.047737303832621092e-01,-9.229907979586707278e-02,-2.257899335576648847e-01,-1.990577018319466263e-01,9.392281826049128993e-03,1.802016036361213103e-01,-4.302758005459935559e-02,-1.216092580560702158e-01,-2.112058176308371227e-01,-1.527005061950771278e-02
6.040296957420941693e-02,2.785182848669328637e-01,1.445795740299214427e-01,-6.784714745949395331e-02,-2.531409897365466954e-01,2.743988776942326568e-01,-6.748131554836345192e-02,-3.360457707818775841e-02,-1.760893747336743920e-01,-1.366050163350426006e-01,-3.415821538258091428e-01,-6.430545188284397806e-02,1.866904714112941621e-01,7.100345471101532011e-03,4.945805078390543008e-02,8.235081821282838610e-02,2.506510010932149757e-01,3.170207692213713457e-01,-3.355497035334625844e-01,9.412702026654946874e-02,2.563501038478855354e-01,-1.294307075547499429e-02,3.199624493320157859e-01,-1.974569432221003340e-01,4.760547705268177165e-01,1.050233729522979526e-01,-1.491802826010137084e-01,1.472001664133260057e-02,8.468202323499698925e-02,-7.323405066000633623e-02,-9.877563194480440401e-02,8.885416972414830750e-02,-1.017326483324825642e-01,2.817190593444016677e-01,2.179652796927663283e-01,-6.834114614052286263e-02,1.527085598727679835e-02,-1.255708497968869852e-01,1.034615256353373230e-01,-2.066500085189404336e-03,-1.115717283089852074e-01,-4.440570583536992966e-01,3.225831273226219958e-02,-2.964261303168517214e-01,8.961107955676261838e-02,-1.938054380520785602e-01,-6.792052684274252350e-02,-1.515796135517371857e-01,3.757244615848517322e-01,2.384013442944682981e-01,1.020181174939011892e-01,-2.042257536036798660e-01,6.492868185299661976e-02,4.392104590115262219e-01,-4.107557790291592181e-01,8.061980874292318244e-02,-1.267894772813192225e-02,7.823124699000774673e-02,1.231548773241813478e-02,2.131913514859737346e-01
9.369985597253853438e-02,-3.219578285666866990e-01,-4.835915423956851228e-02,1.172320669242970376e-01,7.693628740569197211e-03,1.066640740211385607e-01,-1.283174573507939176e-01,-3.168369344058921677e-01,2.422789279169662024e-01,-2.923822989959716789e-01,-1.455911602452358289e-01,1.282975656183541202e-01,-7.599106747129195927e-02,1.055181747129713965e-01,6.906183228790241380e-02,-1.214970336592324368e-01,7.852725464387291798e-02,-5.753995887606435516e-02,-2.893358994255492700e-01,1.994821826809483611e-01,-3.938670375374220961e-02,-2.273481098958812438e-02,-1.838466177511953459e-02,1.913228784389651715e-01,-1.701847588866154948e-01,-2.092096100595033925e-01,4.646753432349849389e-01,-2.614205750334323008e-01,2.884398730552955037e-01,2.346550459145126388e-01,1.628051066918077550e-01,-4.509076284548126090e-02,-6.368597337221013066e-02,1.550465850094222622e-02,-1.649663640463162051e-01,-2.128389219077510552e-01,1.512137928724005265e-01,1.542522935980485121e-01,4.729253534732046071e-02,1.221970853069635765e-01,1.396647909672395493e-01,-1.795168135068241355e-01,-9.101007576925793097e-02,-2.333420954042083884e-01,2.746121402621984342e-01,-2.995706832336217929e-01,2.093671122377322447e-01,-2.144527694836488307e-01,2.996172710948041829e-03,1.876071521417667642e-01,-6.140640713014341306e-02,1.399051665024887980e-01,-9.932105785975538226e-02,2.395761036332062430e-02,-9.180466104157337243e-03,-2.153375452500584097e-01,2.077510543763532724e-01,4.134233017065943594e-01,2.051380646253370688e-01,-6.080592888596532408e-02
-5.323084284958350398e-01,4.656144731077881127e-02,7.785549679519346289e-02,1.738692604567549649e-01,2.476416192790829585e-01,-6.771917821690042957e-03,-2.488954173227848621e-01,-2.751303090667381879e-01,-1.512788741342354082e-01,2.168174944758115286e-01,-3.017446190302665587e-01,-7.818811180379366121e-02,2.621742614046452813e-01,-1.165305519172812332e-01,-4.066521126804886199e-01,-5.155803718252651713e-01,-3.753089981653499607e-01,-3.787731104164848706e-01,-3.289467899427348518e-01,-1.516132290661380000e-01,3.565322610674780124e-02,-6.777402449684925834e-02,-7.883381627426752636e-02,4.532076646949698140e-01,-1.021070633761476526e-01,1.408947387806908612e-02,-2.701013862037829893e-01,-9.649666316990161696e-02,2.913604180354933959e-01,-1.866352766437696584e-02,-2.652100426637042374e-01,5.188756733950167233e-02,2.109779779561524876e-02,1.234608158294211860e-01,-3.518647219293816741e-01,-5.006478594740082499e-02,-2.529692510874242961e-01,3.766099302133714688e-01,1.701411064010537322e-01,-6.273310088263855944e-02,1.053908174086507221e-01,1.903209428688060895e-02,-3.772201989694826674e-01,2.058271412465904893e-01,2.207354542942930598e-01,4.315617839424724933e-02,-2.779696869690998495e-01,2.567562800656374433e-01,2.969554532102903696e-02,4.416124941208933452e-02,-1.105852962753539198e-01,2.784810870958820406e-02,-1.268817671900102639e-01,1.202599922398701338e-01,-8.302508531928738666e-02,6.187336337493752614e-02,-6.442594010305202623e-02,-2.579391534175973222e-01,8.561289354078174818e-02,2.920735154341976836e-01
-1.718297161892538838e-01,1.671811490822152080e-01,1.283974550770308198e-01,2.848873280175269196e-01,2.309847078062043368e-01,-6.400982964702410516e-02,1.931525611474432247e-01,2.027261924326036469e-01,-2.875471930517201156e-03,2.169929743008969236e-01,1.129145193272709236e-01,-4.441712029463482092e-01,1.451025664253685066e-01,-1.820209561138917687e-01,-1.051494201671299977e-01,3.880391156053395463e-01,1.991106604816376274e-02,-1.578714619551309650e-01,7.654292372333477978e-02,2.353615949558995335e-01,-1.052504229203193031e-01,2.704285879318920616e-01,-1.920717639687685163e-01,3.907649113401521213e-01,1.402251684207296289e-01,1.075835597307590874e-01,-7.817348013957073349e-02,-1.676157045122028122e-01,-3.656817706963849581e-03,8.535182792668075114e-02,1.663058372204860927e-02,-2.356924713982431197e-01,-5.296871897464736634e-01,-2.333698071897941928e-01,-3.856873802238022231e-01,-1.664857652035444113e-01,8.796852440430723979e-03,3.412411573753632021e-02,2.924765989313184988e-01,3.080082629094545998e-01,1.829817622004195621e-01,2.121403051837718878e-01,-3.791692788050630702e-01,1.863781927046194165e-01,-1.488563380090268118e-01,-3.368559795036289439e-01,7.509418827607279578e-02,-1.391439089507647831e-01,-9.782823044149122071e-02,-9.346174814141239295e-03,-1.543483955936311991e-01,-9.183636318160062761e-02,-2.203660479413181439e-01,-9.855553687773226795e-03,-5.517935602383455818e-02,5.741395840570231307e-02,4.297234464038936913e-02,4.660012347478516004e-01,-6.691008413319812775e-02,3.387024314993543617e-01
-4.039904071720034073e-01,-6.272257109337739389e-02,-2.886706158138134248e-01,-3.994692698330014335e-02,-4.285982961728301288e-01,-1.244284389412748659e-01,4.875895039824769128e-01,1.202260840322717933e-01,1.699511957202363976e-01,8.342534075310484298e-02,-2.270380860842492743e-01,-7.311953760190018081e-03,1.696752096784736111e-02,-2.420145612591286799e-01,1.557707172123276307e-01,3.149933885264261796e-02,-2.207954934649176693e-01,1.887698902140221846e-01,-1.692190002150778527e-02,1.781350753823956468e-01,4.581512311373651947e-02,1.707691360595197175e-02,-2.600594111173896647e-02,-6.263812485300249144e-02,-3.967468492481124320e-01,-7.848434382454280711e-02,6.120966870723677442e-03,2.068171102971040620e-01,-1.213350791477842278e-01,-7.432585693156411322e-02,1.126638906219686598e-01,-2.955080875545976760e-01,1.675862714012760213e-01,4.346418951725473934e-02,-9.061269917468010859e-02,-5.481432167863602156e-02,3.398351461510218472e-03,6.359683466006693653e-02,-7.372620524755160720e-02,2.925958645931723834e-01,3.944584737972748334e-01,1.307256607292979489e-01,1.791881282179961232e-01,2.464105534456270397e-01,-3.234831685208532925e-01,4.692807212146177243e-02,-2.816880231688480632e-02,-2.006388006497989152e-01,-2.466980364465588826e-01,6.891041666935895926e-02,1.755091069591024344e-01,3.556846168860774982e-02,1.477834798554581996e-01,3.055536458383570908e-01,-1.343857331316836157e-01,-1.080794774687105220e-01,-1.226172266897421342e-01,-1.861787178053840586e-01,-1.338400849864162523e-01,1.139295683216757088e-01
-9.764353922976817812e-02,3.101077351986007424e-01,-9.212231435517038991e-02,-3.285111889095977677e-02,-1.350374790371390056e-02,-1.553646533784368566e-01,2.876187965659570134e-01,8.264581106466237226e-02,-1.702373135329576515e-01,2.612566597486471950e-02,-5.689934756625922990e-02,-9.026225729664934250e-02,7.870063531563356585e-02,7.976290280543214817e-02,1.036398203390039158e-01,4.039740930870416857e-02,2.380417249160628468e-01,1.495058396089218866e-01,-1.834512004944544861e-01,1.003882019255959851e-01,-3.078875137680110383e-02,-2.498139570378474783e-01,-9.109149564104884744e-02,1.423310972200942381e-01,3.413387617553975129e-01,8.013537696127480403e-02,-1.673112470346029279e-01,1.752666563378180720e-01,1.665739681746212786e-01,2.408393442732378875e-01,1.806621471639068832e-01,-1.029456534442204640e-01,-2.890531187871659899e-02,-3.262199612794803305e-01,-2.712723780285385411e-01,6.198206959786019959e-02,-2.964796941413809783e-01,-2.069124091170632673e-01,5.029745429004621460e-02,2.569914201020638278e-01,-2.645703596028200349e-02,1.434566520467801809e-01,1.217811420394233624e-01,1.592334515354830171e-01,2.072301907584785802e-02,2.330126658207631041e-01,1.872556319105962708e-01,4.689872117334426341e-03,3.302533281442458779e-02,2.176638394555590605e-01,-1.354804773654273986e-01,7.402721045892421414e-02,-1.982698390366360308e-01,-1.906984099968358215e-01,8.179594962564631921e-02,4.211451991925674321e-02,-1.545328450274714369e-02,9.481759357554334078e-02,-6.341252602989566611e-02,1.394642415317751648e-02
2.053241555351544706e-02,1.324296158136970825e-01,1.457723652901950773e-01,8.738260620016960467e-02,1.070723960288542942e-01,-2.299477653172898317e-01,-2.087603921691060516e-01,5.597375101277513032e-02,2.762354260551099783e-01,-3.490104218796893226e-02,-2.325712906066620955e-01,5.054559269934837396e-01,3.388558826910535032e-02,3.346036905513145171e-02,-1.878422639981777442e-01,-1.653920616723123654e-02,3.524097117180670091e-01,6.493649936328849299e-03,-2.320301987649474318e-01,1.707306535817103635e-02,-6.778475402494452129e-02,1.146008743086222026e-01,8.474996546884860926e-02,-1.438074260382538327e-01,3.096299443850697442e-01,-1.025242861829147173e-01,-2.307361363197703297e-01,-3.112545663298976750e-01,-3.292014107802824774e-01,2.991479774337650888e-01,1.791144491260832138e-04,-1.084683596990763076e-02,3.104183251345533634e-01,4.370545431081829801e-01,1.169939588173983525e-01,-1.970867481855525238e-01,9.329433448088556013e-02,2.377981686254170834e-01,-1.416505119622333241e-02,1.299034358548797619e-01,2.034154155441291259e-02,-5.063700078432211565e-02,-8.160540911820935578e-03,2.921555616807955391e-01,1.508639301149074241e-01,-1.614109920307937318e-01,-1.004733779720929088e-01,3.858347417865837792e-01,1.251606660428432050e-01,-1.114952768322164528e-01,-2.555654706188730252e-01,-1.278722920371154204e-01,2.440495904559957796e-01,-2.533156049748623295e-01,1.502218040656706777e-01,2.012451601258766765e-01,3.744067065134637495e-01,2.017354335069714844e-01,-3.054039573253909401e-01,-5.042646660687365168e-02
9.500573339609190426e-02,2.008756561158192011e-01,-1.539193061769038862e-01,-2.495486384698203663e-01,-4.139821429562563770e-02,4.991054054731402373e-02,-3.125687769338649225e-01,2.764812239150232220e-01,-5.153012774652881989e-01,3.317372382162069033e-02,-4.081289878804357507e-02,2.384774010450537440e-01,-2.723653439083266112e-02,-7.611576930487829254e-03,-2.240520206098531586e-01,-1.441360828657798077e-01,1.397765535065078890e-01,1.909717358794574549e-01,1.124908393367366199e-01,1.634373659697959946e-01,-1.308229167356613765e-01,-7.379583736230968527e-02,-1.620977628793009440e-01,1.225135477417642199e-01,1.596468570285379807e-01,2.423871874763271206e-01,-3.237815672521596744e-01,2.925668171836109388e-01,1.395996361478749337e-01,1.219796150246834146e-02,-1.814440404754782965e-01,9.660633495091566769e-02,2.748422678260128982e-01,-1.780847335401523068e-01,1.351342021058655474e-01,-2.910704917931859481e-01,-9.755377458361613741e-02,2.807651224006231239e-01,1.620853925317789490e-01,4.023453815132132377e-02,1.836387479192515548e-01,9.037571622208617761e-02,-1.713427203227971263e-01,1.489645835172514199e-01,7.373682868139637414e-02,2.894858985409977103e-01,1.261536027487348832e-01,-2.579161718299554096e-01,-7.387566776044167394e-02,2.859519710112432000e-03,-4.704490113920450911e-02,4.300897904488098708e-03,-1.901531319416718269e-01,-5.416376985167450746e-03,1.536192475403868607e-01,-1.726256560330855783e-01,-7.255446433503513759e-02,1.836654490334213852e-01,-2.902043931728905402e-01,-1.296066924981555402e-01
2.344334533200578274e-01,2.382807929497541277e-01,3.066888165959436585e-01,4.047124692329971962e-01,7.173658975688300410e-02,1.227681879572409818e-01,-2.632459033685469185e-01,-2.704241851370923766e-01,6.539669700522407481e-02,4.343777462187481397e-01,-1.712650511346892890e-01,-3.371867473349628996e-01,-3.409363327844818770e-01,-2.217718277480388023e-01,5.994629899622835184e-02,1.820462745697575269e-01,4.901890646683954023e-01,2.604175126113322802e-01,2.945248204756951149e-01,-4.776028936937311287e-02,1.784574943851842954e-01,4.251688002441496306e-02,1.681278054119963450e-01,-5.105046685314275356e-02,-1.901097763363614745e-01,-1.516801204350624321e-01,3.552425658160472399e-01,2.041270714205687536e-02,-1.978772029310179315e-01,1.360724152127405426e-02,-6.286778857267577569e-02,1.228593038836562484e-01,1.763390150981744009e-01,-1.166890672057082912e-01,-1.837556427638093459e-01,-1.311562175642274897e-01,-5.163419022738548192e-02,6.374604642535947052e-02,6.273504258082060470e-02,6.414226080112137018e-02,-1.074186972264950246e-01,-1.496029679726763872e-01,-7.655819947235244227e-02,1.426641199844371211e-01,-2.430512124825784659e-01,4.024766571043849467e-02,-5.672378139160964838e-02,3.472868725208888563e-01,-1.017403337416298570e-01,-2.027837884545369285e-01,2.046407827087486364e-01,-4.732331220408624861e-01,-1.165257105649404601e-01,-7.325751991822332387e-02,1.492626387108305364e-01,-1.770383674328905310e-01,-1.424124262245553552e-01,-2.316655464057103611e-02,-1.508221719982879849e-01,-2.887237859208162116e-01
2.789616649915526159e-01,-1.697190560575167484e-01,1.162844870706179756e-01,-1.131363849436076707e-01,-2.829083927624232442e-01,1.754342464133943902e-01,-8.988209496908926288e-02,1.599211520291239919e-01,-3.062980232600032715e-01,-4.053818100290233067e-02,1.100637542745033226e-01,1.870685592773390638e-01,-1.270323212222015420e-02,1.640810636999803229e-01,7.554330630563900473e-02,3.113514581659796998e-01,-7.146852824110806746e-02,-6.419605887554624690e-02,5.777207812758411269e-03,-1.789847935793852374e-01,-1.241002348818513318e-01,1.505624717541040325e-01,2.497253432154979969e-01,2.872360273637919632e-03,-3.159465344546370513e-01,-5.412986905638463714e-02,-6.814963179107125235e-02,-5.887508075610412700e-02,2.158543106201235573e-01,-9.135647578937070024e-02,2.750518131240149433e-01,5.180734700799350181e-03,2.071304940983438939e-02,-1.455712491005784204e-01,1.064200836024309649e-01,-1.918748554066281725e-02,-9.133402391748802335e-03,2.618959465543451159e-01,6.364956136468513659e-02,2.012702393575654669e-01,-7.771211054915574956e-02,-1.801963824257252489e-01,4.542076386760154211e-02,-1.358005744730866327e-01,1.669390152535066285e-01,1.295194973692307128e-01,-3.384832298977066278e-01,6.143553449207685840e-02,-1.101106257653907683e-01,1.257540826726672410e-02,1.789497969100765640e-01,2.555676466863194829e-01,-3.063415467677183673e-02,-4.338374310972949177e-02,2.075823644560018388e-01,-1.069110397352883018e-01,4.393485551005773537e-01,-5.001245531540310374e-02,-5.779039614522765017e-02,1.958495945778646885e-01
-7.963276142021427639e-02,1.426720190784216136e-01,-5.498287951748555280e-02,1.803083598413566385e-02,9.789998978208132308e-02,-1.149665862657147687e-02,-3.982702823822246996e-02,-2.515469636046799989e-02,7.882738798968716432e-02,8.722496707318502795e-02,1.535813327001834261e-01,3.507210270950055220e-01,-3.073016651116735054e-01,2.612132948784106068e-01,-1.860582433965798921e-01,-2.298735679448045688e-01,-2.184849854519038126e-01,-2.337824622616716808e-01,3.636793136406192284e-01,-1.827539589345761883e-01,-3.120013864492345718e-02,3.287778571079534862e-01,1.088237142755287545e-01,1.478433501148495623e-02,1.099200903913388483e-01,-1.494019068247274262e-01,-8.902665504272101737e-02,-4.697506513586561898e-03,1.085544395312620092e-01,-2.100627058488164778e-01,-3.775753841940772404e-02,1.111373450340613911e-01,1.547227895993621427e-01,-1.162375178707810708e-01,-1.073672208070069606e-01,-1.635526655157483744e-01,1.485698897755057812e-01,-3.264011280721679231e-01,-3.880967504409012225e-02,-2.906687912980420729e-01,-3.689544116726760636e-01,7.649766764934091967e-02,1.782465786299022859e-01,-1.726013030064231235e-01,-1.038597171501221038e-03,-1.657116003625905276e-01,1.876577566419449783e-01,-2.439115761808614002e-01,3.296822612656843954e-01,7.305685252120734663e-02,8.813131984669622665e-02,3.893763375355661915e-02,-9.271359960270555978e-02,3.247413300508702472e-01,-1.923144197830559954e-01,-1.872817217287725544e-01,3.479523045790623992e-01,7.792799658181059907e-02,1.325358352101164705e-01,-5.257489999579749440e-02
-8.581139703916565442e-02,1.011800572213571031e-01,5.382829153367641069e-03,2.863255445154443482e-02,3.099721131753311876e-01,5.826908887840875906e-02,5.412068866029197400e-02,1.986083016720564254e-01,2.510743779934704878e-01,2.334330832948004059e-02,-2.606152771332388429e-01,4.558698145034220661e-01,4.297731663709005584e-02,2.813516606619361621e-02,5.566054818783629926e-02,5.597995914170608017e-02,-5.363623308377003518e-01,1.094015016203453011e-01,-3.296395395977463894e-02,-1.731067205712782942e-03,3.077570356837447951e-01,3.056701751571339748e-02,-1.471794638009953637e-01,1.570891924426688901e-01,-1.991120540121045779e-01,1.976227193545811445e-01,-1.286705168961977674e-01,-2.185719517434360770e-01,4.120828790548112797e-01,4.625290267160683984e-03,-5.054261655937556386e-01,1.217734595610183712e-01,-1.059138489244710046e-01,-2.598476692211147410e-01,7.449037406333539058e-02,-1.454828833634050633e-01,7.431127818526465922e-02,-5.030755311151526715e-02,1.903024622734586502e-01,-1.167938532862894310e-03,8.056620997062526046e-02,6.219981507067009474e-01,-8.936910138906493939e-02,-3.043092612957451482e-01,1.061645180580815528e-01,-8.958972070052029224e-02,5.361323032386870052e-02,6.907825404263592817e-02,2.643106948533439082e-01,-7.479605395291151482e-02,1.232242437810141256e-01,1.343860607220505043e-01,-7.645862465683855858e-02,4.209344222319242462e-02,3.220036538402313298e-01,-9.078706616576819044e-02,-9.653197458584554524e-02,1.230639266452404901e-01,-1.157876087547433930e-01,8.590423186203306749e-02
-5.409850872663372195e-02,-1.020976416004214238e-01,4.771325182868008802e-02,-1.794798723469703122e-02,-1.094040444245208688e-01,-2.627913292491833586e-01,6.684635080655224049e-02,-1.135810164187952137e-01,1.010138063466488878e-01,1.032087565469138636e-02,1.143023241661707823e-01,-2.743889895710709959e-01,-4.117120612853610306e-01,-1.369786454398143616e-01,3.951219747889607170e-01,3.935405753192881134e-02,1.519248602643401558e-01,-8.876194956939739700e-02,1.367246838219766114e-01,-3.443112844506249909e-02,-1.053809697796009026e-01,-6.081507175639803281e-02,4.497804966546312122e-02,4.570131928372008767e-01,1.717911144763490383e-01,-1.095784658641355824e-01,4.251128557973775368e-02,-6.566351026420728931e-02,1.960845119900666012e-01,-1.015213653866633425e-01,4.562716089672328446e-01,-2.130892395099890507e-02,2.033283671368559808e-01,1.844843031558401347e-01,1.003655824889318621e-01,2.788169634129104568e-01,1.269371206825006294e-02,-4.688893999993921924e-02,3.239913212929486641e-01,-2.558521422124274691e-01,1.042656700064015646e-01,1.401308636659651385e-01,-1.775028737568906945e-01,-1.764482715901271315e-01,-6.128064771776720043e-02,2.456737718299354667e-01,2.237640135682166798e-01,4.570760731471681382e-01,1.048528158384294667e-01,6.614371812207336943e-02,1.296148411528104671e-01,1.232888069093995009e-01,1.225839714931531016e-01,-3.093551473470199653e-01,-4.942959464816532034e-02,-3.745636014526997903e-01,-4.541224527045608500e-02,-1.803246496532314169e-01,1.363347208549807177e-01,3.456041658239999981e-02
3.223783205089472692e-01,1.186680094680608588e-01,1.549783330840692197e-01,8.019721749412689338e-02,1.737432738290289325e-01,-1.493135789204065311e-01,-1.632715031646898018e-01,1.255410196618308438e-01,-1.275494488636145195e-02,-3.268790391211488788e-02,-1.523819693483186577e-01,-1.890647385404762293e-01,-2.300955230842956223e-03,3.409577070062481674e-01,-1.627645656282176445e-01,1.426044287397937593e-01,-1.651660729325133969e-01,-1.932345722453485681e-01,-2.539516694044755551e-01,-2.347645213076345327e-01,-2.622337422214667674e-02,1.133878258128961924e-02,-2.609706685155877177e-03,-1.121000415771696880e-02,2.465185152532427537e-01,1.563371041243048487e-01,2.046409309325458170e-01,-6.501248727571724839e-02,-6.770208782777366319e-02,-1.214280974918561205e-02,3.142540911530698061e-02,1.221440102534183253e-01,4.691013665217774742e-01,8.346966308476186369e-02,3.708972758398816905e-01,-5.799309498928539863e-01,6.181630459129781180e-02,1.309873236369513416e-01,-4.910833840499034819e-02,-5.544788147424005442e-02,5.375667255091425289e-01,-2.173166075155846255e-01,1.054620929144167718e-01,2.758943231293545240e-01,-6.330116760096785034e-02,-5.521726841863636853e-02,2.452683345770564904e-01,2.379584892717894196e-01,2.034535321441532374e-01,-3.332140881753413164e-01,-7.979554102074271071e-02,-4.076382799964379799e-01,-3.884986605296713025e-01,9.949337295643508050e-02,-1.703018405756286657e-01,1.160699111134736172e-01,1.671187338517956533e-01,-1.138211260972916000e-01,4.030531820626736986e-04,-3.224678031326854155e-01
2.824633591181345271e-01,-2.739996561095469629e-01,-1.954960517543509468e-01,-1.623308376935942710e-01,4.100319264744998332e-02,-4.345244831646687400e-01,1.700684127743731094e-02,-3.298822184885845665e-01,3.599508996395051619e-01,-1.775069640574878094e-01,1.183781169957849322e-01,1.473856863575150611e-01,-3.246649275795655543e-01,-2.261287136613288236e-03,-2.640587204852524669e-02,-1.740022533484368028e-01,-2.543024812768848036e-02,-9.420779654978818363e-02,1.730245851343285013e-01,7.975806156354801890e-02,-2.323725624469080153e-01,-1.491758602882714002e-01,-2.134784577883783729e-01,-1.512333858915703988e-01,-2.606869914434594149e-01,2.689281204401151038e-01,4.150129265653680344e-01,3.171771483637512712e-01,2.080599836565938943e-01,2.552731122181695761e-02,-1.856294677287096545e-02,-2.719276305732398671e-03,-4.407034783986105708e-01,-2.523862267534570103e-01,-2.444860235963592920e-01,6.180397974402307773e-03,-2.452456347647561929e-01,3.817737493011591488e-01,3.065084585818972363e-01,-6.343938344797310502e-02,1.098590800794115585e-01,1.444150576014212040e-01,3.540701597420577162e-02,1.477709403767032970e-01,2.715407012080549021e-01,-2.924449829319871602e-02,8.532637045267121856e-02,2.246279748236397755e-01,3.904359850992957237e-01,2.077303825119817815e-01,-1.702516858050351356e-02,7.584852095134173022e-02,7.583249776649642060e-02,-2.628856709930861846e-01,7.825703568130595866e-02,8.677710165924746102e-03,3.941330252099931597e-01,1.441257736630730812e-01,9.768671630347111612e-02,-3.325552609319272213e-01
9.134122818479561978e-02,-1.647104430551313281e-01,-1.809907547642498893e-01,-1.280162708266514016e-01,-1.421804571445764720e-01,2.544684055442341178e-02,1.672872646472887276e-02,2.898923741641975527e-01,-4.693502655631977272e-02,7.254596661554202353e-02,-8.558216090111482599e-02,-1.612169835977657617e-01,-2.103663983759595374e-02,2.433016759365697612e-01,-8.944178435217468859e-02,4.962884714985173196e-02,1.407479291881822969e-01,-1.893642958270208843e-01,9.821616647303817171e-02,4.373267439637132936e-01,-1.512809944401436457e-01,4.021337088267917109e-02,-1.921642803168875091e-01,-8.974899181026958772e-02,-3.409595768669450022e-01,-7.522953126267181712e-02,2.341758814832203828e-01,-9.546135688399319530e-02,-1.356852059590677173e-01,9.697315854718416284e-02,3.254634150000541015e-01,3.337641480813205441e-01,-2.434597620799506257e-01,-1.570690509971580384e-01,-2.479136957034492605e-01,1.102546380962742337e-02,-1.181498953695758330e-01,2.630807548979517962e-01,-1.207769836854542256e-01,3.223825396170917207e-02,-9.071129480604139816e-02,-1.555660053553959976e-01,-1.901512191676675845e-01,-2.549234725460367695e-02,1.000994771907789439e-02,1.173476680666942773e-01,-3.782490795869530853e-02,-2.418269013894008279e-01,-1.164464688951043769e-01,3.174850610120104333e-02,-1.642174331652811736e-01,2.889559569509682069e-01,2.418834655394891675e-01,-2.050432422765424700e-02,2.181995278794712778e-01,-1.467940680791808838e-01,-1.230489990773091513e-01,5.055211042959553008e-02,-6.223061185695444308e-02,-3.531099994570575940e-02
-1.331905110417775373e-01,-1.173411311306281624e-01,-1.705627535006667972e-01,2.327839106743589404e-01,-3.047047907242316639e-02,1.502773476819946885e-01,-1.109160009556138179e-02,-2.413738509072932137e-01,-1.273250544622999136e-01,-1.349771001708710005e-01,2.503043301381626534e-02,-6.878268229940726064e-02,2.771627921263661309e-01,-1.096955337232525113e-01,2.685675247323757175e-01,2.322562389157465379e-01,-4.113731769206429578e-01,-8.975792132001170209e-03,-3.017328255379850832e-01,4.185525794737224303e-02,4.065964316268102507e-01,-6.018341470968080476e-02,8.621865244663531880e-02,2.238085728731697421e-01,3.751178794262677862e-01,-3.476555846833092600e-01,-1.380592417377051739e-01,2.816227907264229890e-01,-2.030316106421074240e-01,3.035273788597624978e-01,1.109661841407936639e-01,9.183815619621765736e-02,3.371578318753346709e-02,-2.747564999283150788e-01,1.595783340271703099e-01,3.260282787824891199e-02,-3.323704738584636331e-01,-2.101000698482922147e-01,-8.930346557797383400e-02,8.832919031058605874e-02,-9.456294448454055646e-02,1.917174164022330540e-01,-1.926975905314111115e-01,-1.023037833070597757e-01,-9.372887575136919225e-02,-1.681576309192339691e-01,4.011294391937546278e-02,1.825866579634008724e-01,-5.534877202539645324e-03,-6.608476811292660069e-02,1.324433224163718281e-01,3.632567703711782059e-01,8.678099546665092590e-02,2.358857625169679187e-02,1.663367244206879758e-01,-4.104525703934222003e-01,-2.156513002982434202e-01,1.176476449403688306e-02,8.267069520920633172e-03,-7.920928419984152313e-03
-2.261598155734882987e-01,1.584851043634364909e-01,-1.591283838144503249e-01,4.065416709809357293e-02,-1.254972978180963761e-01,1.903848870442871252e-02,-2.262190694794906365e-01,3.018463462882585158e-01,-1.344817950105159088e-01,-1.408392510166650846e-01,2.893408852084611849e-01,-2.479221005292750191e-01,4.707587848383554437e-03,-3.887313595887630369e-01,-2.566298936300193123e-01,4.349814241115292357e-01,1.439122469287552018e-02,-1.105246490741438048e-01,2.105411345996725456e-02,1.649079370009293721e-01,-1.519913941867960250e-01,6.228186855749177214e-02,-2.458460342969295276e-01,-5.583751349830144706e-02,4.024105756607536388e-02,-2.695801163030817627e-01,6.208110144941445668e-02,-1.139128990461769214e-01,-2.393945338798588174e-01,1.357587527313219022e-01,-1.484628785170188370e-01,1.471693922719543579e-01,1.068804844160377299e-01,-3.140303743000712189e-02,-7.376753419981352256e-02,-2.661390841918910913e-02,6.785333454621199356e-02,-5.110681870089313350e-02,2.194565756819638891e-01,6.121674242349779693e-02,-1.484461416798893950e-02,2.604328045769509492e-01,-2.078294502533270527e-01,1.656785503802305215e-01,1.714529786984757970e-02,-3.174627885050292364e-01,4.754905772370275618e-02,8.840971805971598041e-02,-7.573954800122453812e-02,2.821357757521062923e-02,2.613431345154797539e-02,-5.740589801585316287e-02,-1.170525965290909465e-01,-6.589085002354108656e-02,-4.352645550058541479e-01,1.133802817456388140e-01,1.526158363149033581e-01,3.826654032302154868e-02,-1.511979120299393187e-01,-2.663682033866726639e-02
-4.022583483627765188e-01,-8.494204457552176346e-02,-5.912944151514304414e-02,-1.381368535308087619e-01,1.462817622492498248e-01,-1.416823106092238993e-01,1.216533123099159674e-01,3.449129741777152980e-02,-2.597717695336096422e-01,-6.338472565339167697e-02,1.303510108975624859e-01,1.871632616526736348e-01,9.247132966395954501e-02,-1.069506887958623087e-01,-1.588422112930997221e-01,-8.828534850548251656e-02,-5.297296854853822401e-02,-1.317340208846174386e-02,2.922220910750194037e-02,1.379183910472674968e-01,-6.705726705694539658e-02,-5.355377166906712116e-02,1.377648798887649295e-01,-2.884870633204751345e-01,1.632827478336990601e-01,1.704433446984986167e-01,1.000380831203259435e-01,1.638609874450161763e-01,1.227640360292721056e-01,-2.002388062812272551e-01,6.527197220137478939e-02,3.586566344066988155e-01,-2.756508157896450095e-01,2.858802742522833507e-01,4.043929428660643366e-02,5.654793895545375676e-02,1.679820606635359925e-01,3.383933261608736975e-01,-7.109105722792356807e-02,7.387510972399605191e-02,2.057451174292390661e-02,-1.132761830173583117e-01,4.597046412871398369e-01,6.032395507382247446e-02,1.099600632009499063e-01,-3.397249908051304390e-02,-2.211667283273762163e-01,4.412904702258944878e-02,-9.934205659698724933e-02,-2.443498808429309804e-02,5.966092930681206330e-02,-1.252347058910751598e-01,-8.813273007817221116e-02,-1.822622052247065416e-01,-1.089768563789280699e-02,-2.046832983939148587e-01,-4.852725472335684027e-03,2.280322442287353521e-02,4.380367730061698189e-02,4.608661724416666661e-01
-3.195518090620135254e-01,-2.345822050451717156e-01,-4.305204055851120926e-02,4.857721795116069774e-02,4.953022408348746741e-01,-1.092031923704976301e-02,1.711978865872176760e-03,-1.074092247987258053e-01,-1.774617670292558125e-01,-7.326670171569596435e-02,2.390297127532593768e-01,2.339386216968403903e-02,-4.743613376617760169e-01,-3.120252899494744409e-02,1.349430894807407966e-01,1.428308798164173721e-01,2.764765777019144721e-01,7.272606553093641235e-03,-4.746447283874409562e-02,3.629857746487813452e-01,-1.169920104726145452e-02,-3.175731492897707064e-01,-8.032406090590997472e-02,-1.573092932906408892e-01,9.979557823790763393e-02,-2.720132569205735429e-01,-2.860664428363899336e-01,-4.139649085478556284e-02,1.979256723258719097e-01,1.518700815046454267e-01,-5.877883811886637500e-02,-8.663483611676121854e-02,-1.781681700562628284e-02,-1.143203681244292086e-01,-3.092214863866588059e-01,-3.253731383404619149e-02,-6.407084085508613081e-02,4.976693494384549360e-02,5.760541417463539704e-02,8.231406953730326104e-02,-1.353386085320160415e-01,1.501463211829025812e-01,5.158375748076752393e-02,-1.572924538832640995e-01,-5.556713213385644674e-03,-3.245443100525745306e-02,2.315782853361228466e-01,3.376264917599946513e-01,3.733709936666827489e-01,1.236568145051826217e-01,1.195315336963247710e-01,-1.106103645093456239e-01,2.267892089481990114e-01,-2.910179320514653667e-01,3.295855413456874050e-01,4.457619147070611687e-01,5.257163169670803909e-03,2.041630830731869239e-01,1.783252338114236224e-01,-1.278804369789776074e-01
-1.461129491255296897e-01,-2.258774644786150920e-01,-7.967674877465444339e-02,5.292836124206690140e-02,5.400935947725746950e-02,1.998529824000870592e-01,1.578808857870790672e-01,-1.255789134574414045e-01,1.596526133861521021e-02,1.550425977263335808e-01,-2.804546506390072635e-01,9.866523511015698467e-02,-1.079184869290896465e-01,4.009169132731146140e-02,1.795293852306089066e-01,1.066023376901313949e-02,-2.082724035660871720e-01,8.521943031063908269e-02,6.972691978786865752e-02,-2.930794198707242781e-01,1.518031840957678180e-01,1.996485896264339477e-01,1.533206220487895455e-01,3.314808217239598176e-01,1.879408171797711802e-01,-1.704759921000197631e-01,-7.237305227540502539e-02,2.132995251239556966e-01,-1.308264050492967123e-01,3.103482973733916461e-01,-1.622973743164939919e-01,4.482747622196880388e-01,4.688789234117529789e-04,1.658438271056377200e-01,6.468640273509781990e-02,-3.511150141822946824e-01,-2.111757428855490504e-01,-9.810699398478610334e-02,1.591818896946649575e-01,-1.899303342106347936e-01,-1.708789877655892894e-02,-4.186266819098328762e-01,8.443992470131841954e-02,-7.586072512020676506e-02,-3.460502959133341938e-01,1.259701164546216945e-01,3.693726991389881947e-02,-6.211608338441325372e-02,-3.154868841113008804e-01,-1.362963507737347088e-04,-1.780114635545379520e-01,7.781237208244909387e-02,-1.860874624505536035e-01,-2.475314544046968226e-02,3.161976809940185706e-01,-3.392824853106729543e-01,4.455313399971142646e-02,-2.099852985025666696e-01,-8.565442879515086649e-02,5.034518230235403985e-02
-6.470647277244048756e-02,3.567531237403059330e-01,2.194421068766068683e-01,-1.765151931499747695e-02,1.215077968908380435e-01,-1.195069802485439203e-01,-2.012012451071950314e-01,4.501838606793880926e-01,-2.188245097536481443e-01,3.658441806280341990e-01,-1.604557076043184316e-01,-2.245837117063142208e-01,-5.489467087306535570e-02,3.690670615508196972e-01,-1.982489548284961656e-01,1.330302864795455953e-01,-1.912169450456153164e-01,4.165729858098018989e-01,2.041419256413070649e-01,2.940470527951705160e-01,2.450293011850337987e-01,-8.470097742440355071e-02,-1.059286013449822240e-02,-1.492009833714210421e-01,4.258186792836712170e-02,3.473145205415968662e-02,2.191066823880945535e-01,2.825674013779937432e-01,-1.658809341573092566e-01,1.008655217291507533e-01,1.654646759515702725e-01,-3.213247109420462322e-01,-7.726256227549357924e-02,3.179492085143224012e-01,-5.551462224283911645e-02,-2.752814155954023678e-01,-1.889892759863177618e-01,-1.506177856764024381e-01,-1.258359050813802338e-01,1.316763262371614673e-01,-3.836005560631737810e-01,-2.954125202484891161e-02,5.552991026731723782e-03,9.754932973732563517e-02,8.632401179248569423e-02,3.007170571803855497e-01,-3.330540468743331539e-01,1.423472753359351570e-02,2.122978818495719067e-01,-2.875847038180511239e-01,-2.017941162135984332e-02,-1.216715703563464590e-01,-3.647984018564490727e-01,1.102323840369030805e-01,-1.746998058392426056e-01,-1.262715703072529450e-01,-6.826627988488654254e-04,-4.925069203472060703e-02,2.675982158048593740e-01,-1.797258065668715377e-01
-1.271753511331338016e-01,-8.313452403754339678e-03,-1.285366474983130058e-01,-7.414232274006440915e-02,6.292749763797772511e-02,8.713540863348434584e-02,1.772023436815738096e-01,-2.038290248664871851e-01,-9.939641609679499001e-02,-8.499656671326903667e-02,-1.831399357494928881e-01,-4.080101699072415794e-02,-1.910792185698153844e-01,1.313830004763161807e-01,2.785466184316942595e-01,3.992339306553795847e-02,-6.485983324817792828e-02,4.418886654245338802e-02,-6.999525825347921448e-02,1.508372465106240165e-02,-1.343756188215050329e-01,2.484693315001166025e-01,9.683711467680969354e-02,-3.226755644174392201e-01,2.617480594151163076e-01,-1.031186662424925099e-01,-3.184814756280919812e-01,-3.546927425828270142e-01,-2.194130531850422422e-02,-9.695103054614977178e-02,3.803095749739206499e-01,5.626274896926993646e-02,-1.959860911229109881e-01,3.912066163335949920e-01,-1.612690708259066630e-01,1.011543567710323083e-01,1.187896483537697889e-01,-2.594913887897013494e-01,-1.539016365061225966e-01,1.926868865299436739e-01,3.324790407535579972e-01,-1.206200541216707542e-02,4.052579777672762895e-02,-4.948663031392640244e-02,2.245700529839578796e-01,6.936474598680952841e-02,2.006680794504607235e-01,8.454889505884052858e-02,-7.540812902553024888e-02,5.118498869833569831e-01,-3.146696333617754471e-01,-4.981418953403523031e-01,1.521758818486346719e-02,-3.612920364802571505e-02,-1.854489366801753969e-01,5.385975655800899486e-02,4.168849485972205005e-02,-2.115737475806762080e-01,1.020835750712670159e-01,-2.287830539453444556e-01
-1.935058087268062277e-01,4.513954815069996518e-01,-3.984817805407231961e-01,-3.891322989363556889e-02,-1.427722714567423168e-01,3.160068365986979377e-01,-8.457094520040706054e-02,-2.540201889019997467e-02,-3.239634450154403877e-01,1.777599560609962048e-01,2.781362954403204801e-01,2.233593440090343371e-02,1.560137509073101503e-01,-1.362568170702639914e-01,-7.300526535181081633e-02,-2.642759312941359018e-01,3.282917317470379626e-01,5.251621743516622642e-02,1.100652100788583887e-01,-2.094561867510703057e-01,-9.034779752654983898e-02,1.454345480283934511e-01,-1.639463632141255900e-01,3.311047946469323350e-02,2.031844605317649211e-01,1.763713818283429435e-01,1.464541975344123559e-01,-1.615156291892116125e-01,-1.430826102669867372e-01,1.428238452270545467e-01,3.864956191182812306e-01,-7.806997905126267234e-02,-1.465403363071172971e-01,7.464721434938477451e-02,-1.439602908507274792e-01,-1.789714775406093250e-01,1.191490427760587278e-01,-4.213785491412497253e-02,-1.491688620080329208e-01,5.078768391275177707e-02,-1.461095257428694505e-01,-3.075298186378869203e-01,-1.423183006659624605e-01,-1.432865894337934931e-01,2.081791401283312193e-01,1.170812496286758320e-01,-1.308630214878732101e-01,-3.072200705196005965e-01,9.943995929948405699e-02,1.108341240670937256e-01,-3.231542523280872548e-01,-2.882578323222381028e-02,-3.967724098185539811e-02,-7.053714073380897009e-02,3.319418271112893337e-01,-2.654323164431794946e-01,-2.172726880297777205e-02,9.034370534210686698e-02,1.479863062856700828e-01,-2.213150845374065034e-01
-1.281685420799139885e-01,-7.276770413149076522e-02,2.388536391660032177e-01,2.785498517745668701e-01,2.791610616104075460e-01,1.062313672180048574e-02,1.918104127801977532e-01,-5.318115474695264862e-03,5.883716470059807691e-02,-3.421320537051057015e-02,9.936190049694115789e-02,1.218070398082800460e-01,3.279689743611283737e-01,-3.350848820069017298e-01,1.709540160299617972e-01,-4.087122120141432891e-02,-1.541750158227981893e-01,-2.666517700756563802e-01,-4.009962467007286563e-02,-9.217871778365764601e-02,7.295988378313310319e-02,-6.787867397211615195e-02,2.164524576187576987e-01,-2.190203879358590677e-01,-2.483043482445387584e-01,1.081276166393505267e-01,1.995399681616946419e-01,2.729081239690487881e-01,-1.172845180050312575e-01,6.689136111316396245e-03,-6.886483475930690878e-02,1.041022531700604575e-01,2.340706623009351228e-01,1.464771470802951892e-01,-2.892660413115258344e-02,-6.549255138252133013e-02,-1.129829825270395743e-01,-1.475347600065510245e-01,-2.081945630231878952e-01,-3.177007740135383562e-01,1.425838705805804185e-01,2.239078381935920292e-01,3.486919311639143371e-01,-5.547697024260174470e-02,-1.483317682318950892e-01,-2.978580137930681992e-01,1.694188910113979818e-01,1.530840151933875182e-01,3.401849260890891236e-01,3.921656599454321768e-01,9.600303175596781868e-02,5.597767474004812505e-02,1.615730630059590556e-01,1.385710420862697190e-01,-5.263341820900435675e-02,-9.274307446990617820e-02,1.455832566909713924e-02,4.561911167195392691e-02,-4.167653690889167595e-01,-1.505881875266850967e-01
1.265862867979757889e-01,2.691311093887230332e-02,5.544760267763613332e-02,3.009037345054552670e-01,-2.491503232525547618e-01,7.814212216407699640e-02,4.892506414955562211e-02,-4.302737493977435435e-01,-1.652168031935882520e-01,-2.381241805956430257e-01,-2.349273736936476065e-01,-2.084666784800820183e-01,5.435978685091663598e-02,7.452298069045480700e-02,-2.611975127722180323e-01,-3.016739022710311913e-01,2.279895251230495412e-01,2.016316083304116324e-01,2.699553903502535102e-01,6.595831529722126496e-02,-5.501743456864133242e-02,3.015965713009867780e-02,1.459421583294579217e-01,-3.874669621009772524e-01,1.600239539669712496e-01,2.529931060903589483e-03,-2.769037599226381596e-01,-2.209999312087062434e-02,1.605411702102508831e-01,-2.065135495000094273e-02,-2.069058823240145784e-01,-1.364745087350275610e-01,-2.337068720032783042e-01,4.928722702562033930e-01,-1.147226027980624563e-02,-1.727898023000139227e-01,8.741295814008880755e-03,-1.016426107510749743e-01,2.067401169194144350e-01,2.796106807956744711e-01,-5.184164676642986219e-02,-1.364852256781118600e-01,-3.382247259521654892e-02,-8.662325971556943116e-02,6.134695615200254359e-02,6.417885304744465336e-02,-2.481074107379662164e-01,-5.214317205820132722e-02,1.759898472990444607e-01,-1.356308903281681355e-01,2.933778717686219562e-02,1.218544334636564308e-01,-1.183315723434933131e-01,-1.162140425906006830e-01,-1.939474934211181112e-01,-1.638938944068153991e-01,-3.584541512989806722e-01,3.822803737605663388e-01,-3.683980749789410314e-02,-1.421418197288327676e-02
-5.785949228078174356e-02,1.530515957134946370e-01,-2.850520347521007802e-01,-1.636393589576272956e-01,-1.185915141102733550e-01,7.590812853780160019e-03,1.449956606505228840e-01,2.335125639716812973e-01,1.287210974583024858e-01,2.331679839636328633e-01,3.944960133902615240e-01,6.266494408242033465e-02,-1.479649864982067742e-01,-1.545223615570784706e-02,1.582098784043558803e-01,-6.132287070456650391e-02,-1.072388010935572816e-01,-3.214045705824757349e-01,5.442099319281788056e-02,5.383228595920584031e-02,-1.973095274782581954e-01,-1.887766544215534470e-01,1.453129681064955214e-01,-1.658812444039226563e-01,1.890063917421208606e-01,-5.359998769067664086e-03,3.190299611606584040e-01,-1.402204420616829927e-01,1.958965569028104092e-01,-2.323357316601011857e-01,-6.349419203026770986e-02,1.013217783131696234e-02,4.233493591238883524e-02,-4.483691742544092251e-02,-2.734062033894330002e-01,-1.221135288801542124e-01,1.681168446315713938e-01,4.815193719591145255e-02,2.175876420495559578e-03,1.759644765949745435e-02,-1.392930754901701706e-01,1.749777301606949553e-01,5.922593615406646084e-02,-1.154846413733090077e-01,1.824439402236920915e-01,1.006470869319440187e-01,-1.547508567183975281e-01,1.187878156496269683e-01,4.422536272884735990e-03,1.031709404477157282e-01,2.711151324523760064e-01,-8.397583554262087746e-02,1.036451173128369457e-01,1.447218452076055872e-01,1.892641523175843943e-01,-7.487648042688901939e-02,-1.551897800318791376e-01,3.524371655337110720e-02,1.255437809463454957e-01,-1.981337228903480852e-01
2.297066687926579975e-02,-2.761068559537225298e-01,8.894897126220459999e-03,5.136011498487493693e-02,-1.837375854178685541e-01,-1.124724720360685132e-01,-5.802338901657281417e-02,1.623218727152084540e-01,-6.956283458252783547e-02,3.558474690571094418e-02,-3.081717524742171865e-01,1.223061546166237940e-01,-2.869823416946004069e-01,-1.399342195765327368e-01,2.363844264547259114e-02,-4.302392146850804455e-02,-4.435181238467049425e-02,2.904334966502181148e-01,-4.888636485610232951e-02,2.871256614604362767e-01,1.042260599467165899e-01,-9.317199983235618932e-02,-1.170447429711655857e-01,2.205452057943882438e-01,-1.012770269366360942e-01,-1.299598180148465454e-01,-1.755131058755518558e-01,2.910607193397229953e-02,2.388355408508798239e-01,-1.313501131765921759e-01,3.706343248774070509e-01,-7.368055554763689070e-03,5.516044792347275794e-02,-1.359752944425567656e-01,2.870999233083583110e-02,1.166448662079317133e-01,1.204273168808021044e-01,-8.066824520515268604e-02,-1.634765664159250620e-01,1.878774294217460117e-01,-5.818854435243742129e-02,-7.546915597465411740e-02,1.035367313209684531e-01,-8.663955461051489615e-02,2.116597381388163335e-01,8.505887857703442467e-02,2.731473449909894713e-01,1.202029444716993523e-01,4.699793074159068496e-02,-4.141089935893695895e-01,2.284864997300065370e-01,-5.990145327131002513e-03,2.869910244438260705e-01,-2.970341707590896108e-01,1.341381164908948265e-01,4.978071877808029622e-01,-3.149366726917055548e-01,3.185825579580300881e-01,4.327959317271329875e-01,1.141069927305590481e-01
1.598833224933579045e-01,1.449578667822569999e-01,-1.145720399538856932e-01,3.914898625793621356e-01,-9.051020129840810224e-02,-1.161064413034859771e-01,-3.867078222280059124e-02,1.317152819294679922e-01,-1.118745508020285717e-02,8.250339481731008839e-02,1.218260028792635674e-01,-7.361996742587748055e-02,2.240866152393721222e-01,1.543809026925171968e-02,-2.216133313561674360e-03,7.093493626016361686e-02,9.732606639832282192e-02,1.072959889221747343e-01,-2.001506955243022023e-01,9.407084533492873768e-02,7.423861153260719048e-02,2.179447891897922374e-01,-1.646974214483930832e-01,-1.696154808252361146e-01,-2.746159946151032274e-02,1.796044963566170716e-01,2.989438199605942703e-02,3.034193009337020699e-02,1.510990873167694648e-02,-6.642793761768087113e-02,-2.377355500583095971e-01,1.133611894999791564e-01,8.229190618706662408e-02,-9.923255098322726619e-02,3.147001714765910729e-01,-1.358126837675548149e-01,1.625147624961347792e-01,-4.009880468379393159e-01,-4.953767350298324962e-02,2.677533087236579901e-01,-8.743896895303035488e-02,-7.136724420963400095e-02,5.672116571677121577e-02,7.756567250618126574e-02,3.257115874658758625e-01,4.431692141536604235e-02,1.588638476287116130e-01,2.751547139116453655e-01,4.605792522870170297e-02,4.074191693359847655e-01,-1.422082844548232528e-01,2.429849645954256232e-01,1.900586034774159327e-01,3.483569615798092628e-02,1.913570758250900394e-01,5.838554585794891727e-02,1.720648861665627360e-01,-1.047490853186385379e-01,-2.336915448146391072e-01,1.771166703836323797e-01
1.205932963206893388e-01,-1.425236146290957961e-01,-2.896707790701656959e-01,-3.716108570122391708e-01,-2.185538952906885268e-01,-1.652488836021224344e-02,-1.945518735225658102e-01,1.036538931987845968e-01,2.093482775916808980e-01,2.421773764974271825e-01,-2.964778507653791362e-01,3.576083224319758225e-01,4.156880227445491904e-01,-2.644860500240690110e-02,-1.585304223585989880e-01,1.102142902725218310e-01,-7.291775834879847540e-02,1.519783746575359418e-01,-4.289267971021824832e-02,1.059535700839812356e-01,-1.718269847299032649e-01,1.993968013315905730e-01,-7.116078902020106511e-02,2.672420045955952728e-01,-2.766360963853645855e-02,4.385566127830368977e-02,3.154730757730024593e-02,5.573919622253007411e-01,9.080368801234872667e-02,-3.161050062050581033e-01,-8.797551985698706667e-02,-3.559832262217831889e-01,1.833678869690313559e-02,3.412797007223000723e-02,-4.908157265302867667e-02,-3.036557685974283216e-01,9.291116353138413608e-02,2.111880908190508777e-01,-2.122426614286240798e-01,-8.222891822999323086e-02,-4.302870682156409443e-02,-7.087461110540653475e-02,-1.682301388639867723e-01,1.921246234355430960e-01,-1.315864648386750324e-01,-1.082771985710511559e-01,1.961732820058910975e-01,-6.801909284577276060e-02,-1.572731094557378029e-01,-1.236169087757090085e-01,2.983603439749377140e-02,3.304426757282176719e-01,-1.818203599727160474e-02,1.871547419806223189e-01,3.947522492368571445e-02,-1.518554239404584227e-01,2.848650091281383911e-01,-1.592740695386167249e-01,1.923551855493005613e-01,-3.439475940468271487e-02
1.522794616254678490e-01,2.771435112124044364e-01,2.832236144830993507e-01,2.037166331333592484e-01,-2.752134773573688877e-03,-1.336613514952856296e-01,-1.178431347169228705e-02,-1.209045279358822861e-01,-2.652804650129916841e-01,1.019973810796701158e-01,1.142114397554370997e-01,-3.136677269744155283e-01,-8.285618024963252448e-02,-3.761384293752741137e-02,-4.828587710741592542e-01,-1.653073340115467638e-01,2.274047718155366993e-01,1.513593606276209536e-01,2.329675204299263280e-01,-7.816265582315681804e-02,-1.190600802460197449e-01,-1.517696460304016892e-01,6.198217542362681465e-02,6.267274503031179667e-02,-1.316059673821055355e-02,1.695871200437546605e-02,3.413939733039904612e-01,-7.205702565843251362e-02,6.537485625505312647e-02,1.563775825647511497e-01,-5.198420460056687453e-01,2.184827643779437278e-01,-1.341515901097571350e-01,7.181143083139016059e-02,-3.629219143410248316e-01,-2.486629544242625889e-01,-3.447373235112528578e-01,1.139748769484113244e-01,1.360722409200292374e-02,-2.731092865747931087e-01,-1.091142454325949862e-01,-2.667923643574892506e-02,4.346594007138665505e-02,4.637601509832536273e-01,-2.043162270150926732e-02,-1.032088352603901041e-02,-8.557124055406326035e-02,4.390269959384599519e-01,-3.970958523053429168e-02,2.085744690395149037e-01,8.746814513816791870e-02,-1.993764738114655322e-01,-3.413677698141646677e-01,8.227826302443320972e-02,2.215126356001787811e-01,-3.020369731009188707e-01,-1.729490367296585840e-01,1.014139882146239263e-01,4.965651927669473276e-02,1.026978702404666988e-01
-1.696144695856751650e-01,3.825117705319905914e-01,-6.099883332366016347e-02,-5.356498539742427303e-03,-3.756538284429663532e-01,-2.518439597441251010e-01,-2.248272083710843305e-01,-3.912996153403185962e-01,-2.903687385825816092e-01,8.349957507657676525e-02,1.456957325818205029e-01,-4.277181403051257685e-02,6.677607115374281643e-02,-3.663220435947980858e-01,-1.186190916273742457e-01,1.105218900555979405e-01,1.053325592137987349e-01,9.978390265965439432e-02,-6.638632990365335440e-02,-4.021560991753950318e-04,-2.342985338678034088e-02,2.822598638660768211e-01,-6.387377032633789406e-03,8.458052065352207605e-02,-4.963135905802750977e-03,-4.714654742072500043e-02,1.287984823427064940e-01,5.046621950100629167e-02,-3.028652419372190874e-02,-7.815139639051504883e-02,-7.795738610535898894e-02,6.644636578599943944e-02,-4.245233005550698435e-02,3.681690540114831295e-02,-1.942298909929445760e-01,9.417637263124563340e-02,-2.856438170899568973e-01,-1.248881305539169817e-01,7.801078493440694039e-02,1.339756636201537565e-01,-1.809690831850124526e-01,-8.952173176298029028e-03,-1.002306574637273039e-02,1.855450479481537407e-01,-1.133642593724637493e-01,2.971701899321230744e-01,-1.342219577482630655e-01,-5.526666792925005733e-02,2.948071533908176445e-01,4.566508491142229342e-02,8.036526620789574693e-03,2.282433123139318565e-01,8.892604360713299641e-03,1.553580823514073839e-01,1.078798859700107193e-01,-7.911079368348408747e-02,1.393175773472268841e-02,-8.406903758253254921e-02,-2.762519650511560121e-01,7.930197516509099320e-02
2.296771510635452762e-01,-2.202821284967040188e-02,-1.621098096087564000e-01,-8.338857361581887562e-02,5.786445214590833080e-02,-1.588201352635502384e-01,8.341956789554338947e-02,-6.690960056038419267e-04,-1.015333967310589475e-01,-1.676611518381710547e-02,2.869400913029667710e-01,-1.477388177608871256e-01,-1.375248941517853429e-01,3.227181544149069353e-02,-2.236736023180993238e-01,-2.374294273983773018e-01,2.241826529198072959e-01,4.359357764540028879e-01,5.117301843046715565e-02,-3.219325748468212511e-01,-4.209499994326704742e-01,-5.307056163912009239e-02,-9.959538790790799234e-02,4.892220846270946971e-02,1.710117835381355922e-01,-3.212213062906871253e-02,2.979925487746719615e-01,2.065616763055016791e-01,-4.884050281699040680e-02,-7.449459293018798056e-02,-1.803820581004036416e-01,-1.990823090600128409e-01,4.892514987873462090e-02,1.970840292440003416e-01,9.086446145685840581e-02,1.615877723396792753e-01,-1.857558472287893225e-01,1.059155324098302736e-01,-2.419816257015066641e-01,3.166247954707304690e-01,-1.474816620471220419e-01,9.465636499674909277e-02,-1.408310449373053053e-01,-8.146464154460687779e-02,1.325116386158928516e-01,-5.774046414400006710e-02,-1.512177517553200401e-01,5.036988907356722972e-02,-2.866969697970548347e-01,1.795906483311449642e-01,-2.127057025715915067e-02,-4.741307840156040732e-02,-3.427913140917342866e-02,-4.099458749842017080e-01,1.179751447372863887e-01,6.258427563643667590e-02,4.669804936764830883e-01,1.168969168262963682e-01,4.226484700580458026e-02,-3.575376425806811032e-01
-6.247405746096075518e-02,-1.372543192846744087e-01,-4.123817242999522348e-01,3.123051273430858532e-01,5.596373782888671572e-02,-9.939452809535412325e-02,-2.391346872586969652e-01,2.041173678934380953e-01,7.997804071025881034e-02,3.121564599332196099e-01,1.319966281601197000e-01,-2.922643332518139528e-02,-1.063446093039377600e-02,2.981100079839579253e-01,-3.049414873086824795e-01,1.455674688464239086e-01,1.440783169980298095e-01,-1.957965407451628670e-01,-1.029249165915442632e-01,-7.098502446755237949e-02,1.070578028724649203e-02,1.531672607713986389e-01,-1.506612203072965617e-01,-1.605307022356455560e-01,1.233562267444582028e-01,1.474498661523202248e-01,-1.140630171439301899e-01,3.385952244920864638e-03,2.879963903604420006e-01,-5.831882758487470786e-02,1.511388571295189664e-01,-1.079505874676456659e-02,-4.639708435049346713e-01,1.212896047629938856e-01,1.891194392235049510e-02,-2.257462799279358057e-01,-1.281133611770206848e-01,-4.594814956635741299e-02,1.815577543007307892e-01,-1.228253930007785905e-01,-3.419316975112035584e-01,-1.169426194286074389e-01,-6.731813878743919330e-03,-1.371432050394706670e-01,-1.887826575309884958e-01,-6.628256262187146031e-02,-5.704972940487249705e-02,-3.206897812738413456e-01,3.253546721441562539e-01,2.145249803880763528e-01,2.418762863867666424e-01,-2.476150631759666820e-01,2.104470842458137092e-01,-1.939125174923414519e-01,3.339150859124830895e-01,-1.226166235263921600e-01,-1.340698585698374412e-01,-1.504206769117485687e-01,8.322132480203642269e-02,6.843291322424285839e-02
-4.209487310710959690e-02,-3.486639532291997967e-01,1.349283176356621539e-01,1.670382145555709130e-01,4.881371700442671546e-03,-4.724653433390641477e-01,9.521295290874989825e-02,1.774572064785104319e-01,1.968384727026651834e-02,3.653547829359856669e-01,-1.705195645278651528e-01,8.282968926279188696e-03,-3.711163838579536328e-02,-3.389266301670610382e-01,4.037636546564165596e-01,-4.446528502107418949e-03,-4.952488945114082858e-02,3.604900242833904145e-02,-2.008013662538206956e-01,1.258810574390864800e-01,2.223383541816441600e-01,2.067550256932964015e-01,-2.024904910612387865e-01,6.755817946157929854e-02,-1.415756213857499446e-01,8.389002128421838012e-02,-2.608846838269169854e-01,7.144815463398919431e-02,-2.192447152365341601e-01,2.732664740673847459e-01,-6.588485883020725464e-02,-4.676732719248652241e-03,1.133120938019492457e-01,2.060548206038200214e-01,7.857186669811934421e-02,4.829622053341546539e-02,-2.061533372398083319e-02,-9.144698035383284906e-02,7.124509658122636646e-02,-7.152321123768692890e-02,-1.268246309671041128e-01,-7.811138582579928158e-02,3.217992337121289848e-01,8.982162650226843681e-02,1.634151620966368124e-01,-1.512560178231663888e-01,5.439657669281289243e-02,9.386682872322446580e-02,-3.632823686858812073e-01,1.736199231982789026e-01,-3.706689024739708294e-01,-5.935091944839197137e-02,-3.274648613064974900e-01,-5.113895567133104614e-02,-1.152314858342643432e-02,-3.914430275841823681e-02,2.670274392809152131e-01,-1.008562948810118598e-01,-3.419592070970417508e-02,1.631454437125859913e-01
8.249478192080106354e-02,-3.058053408682770424e-01,-4.425644057132612635e-02,1.237906367294255849e-01,-1.213200772355254031e-01,1.273417729242853902e-02,-2.739606628182063019e-01,2.456579261873486908e-01,-1.619067776597593877e-01,8.003204819084933086e-02,-1.273953338637567045e-01,-3.018057421979745275e-02,-1.736748476181362855e-01,-1.099868609550003901e-01,-2.528884540646750834e-01,-2.410907946600796270e-01,-2.797912585959180243e-01,7.129508657334661381e-02,2.369831526058342394e-02,-1.601577828785842039e-01,-5.461886520573350223e-02,-4.365034536044926083e-02,8.222883271934051941e-02,1.363014315369429942e-02,1.493956194600177811e-01,2.767808645627997666e-01,-5.847262828887382635e-02,-1.909517485872561093e-01,2.335391490656683611e-01,3.194943320901211942e-02,-3.190247471924223532e-01,-1.313264496065370546e-01,-2.653240749016171907e-01,8.577352643863497828e-02,8.581711133379195389e-02,-1.074392050566196077e-01,-3.116175308700129820e-01,-1.524017312036514693e-01,-5.526837765833098048e-03,-4.143590058270767429e-01,-1.017007801253514143e-01,2.036690531101459922e-01,-4.982603462934296484e-02,1.852305593006664530e-01,-5.963814341559579846e-02,2.674005962162228148e-02,1.815742728935663131e-01,2.950617264656851119e-02,-9.133129444546915499e-02,-2.135077900692172737e-01,7.234557107588923848e-03,-3.557380089703067461e-02,1.649017157838545133e-01,-3.564427114685703168e-02,-4.288888105365094572e-01,2.288804758554644769e-01,-1.164494220486031600e-01,-1.297608911160067491e-01,-1.580559935246739212e-02,-2.597980540959787810e-01
5.928631306708413706e-02,4.168436626681894519e-01,2.074313915644560719e-02,1.489969423905202761e-01,1.749173139511817632e-01,2.068929712158598666e-01,1.425881578981426090e-01,-1.135510422070458436e-01,2.888922773944002098e-01,-4.297328629917509524e-01,-1.848519293957366638e-01,6.904801385874101416e-02,8.402921512629622780e-02,-1.026685783728340517e-01,-3.955226958257355152e-01,-1.127086658763891969e-01,2.721973658016552198e-03,-3.238803785209139474e-01,-9.821870391503964570e-02,1.941867482988475502e-01,-1.322276413420487261e-02,3.484806559119035252e-01,2.690418701586105299e-01,1.268932245927525682e-01,1.481895175492767280e-01,-1.172325306645445320e-01,3.790030771512155616e-01,7.792332519972308691e-02,-8.452857972102807704e-02,7.409956683706472869e-02,4.626424920702033178e-02,-1.665458470291235685e-02,-2.769173358772788474e-01,-9.969775697432362027e-02,2.095703781058662896e-01,-5.276182135224539993e-02,9.086899707515434799e-02,4.606010940736238873e-02,2.439232455603952410e-01,-9.483990028173970577e-02,-1.460742995685128040e-02,-1.717674200044864707e-01,-2.510631001507461768e-01,-5.380647305678463166e-01,-7.897543296877809760e-02,-1.073843842126852299e-01,-2.385551389785178222e-01,-5.159322292804189442e-02,-2.178587046492464763e-01,-5.158513079859622374e-02,-3.161171448174076581e-01,-1.044006734913447837e-01,2.621030985846908162e-02,2.929632810729296266e-01,-1.085911159109034241e-01,-5.163958211559418476e-01,-2.430170945860168352e-01,-2.381245774572434415e-01,3.775612952449050042e-01,1.140629478518863926e-01
1.289053227031368778e-02,3.092377216881177504e-01,-1.581371369771074897e-01,-7.912024088530499044e-02,-7.248828841074065124e-03,2.572022519124565476e-01,-2.254942210748411280e-01,1.774181467078203289e-01,-1.481969420404892213e-01,-4.537874440058299319e-01,2.321459830516216238e-01,-2.291099644090214826e-01,-1.662449998279151853e-01,-2.788992038563261611e-01,-2.140635509361055872e-02,-8.170235276518711398e-02,1.282704439054836165e-01,2.145989152214990148e-01,3.665050150631308790e-01,-2.011657380027190578e-01,-2.820527320323234499e-01,2.830246992855826593e-01,1.428905759399357878e-01,-7.310308410804877699e-02,-1.460716246265967265e-02,-1.164366991599310869e-01,-6.378156361382181401e-03,1.156922989925815992e-01,2.712696628387799569e-01,6.036955083230033381e-02,-2.477389061279516580e-01,-2.246200556172281426e-01,5.180321054039797868e-02,1.021922325251058694e-01,1.930121402514134443e-02,-2.478824752554928401e-01,9.816814116767899612e-02,3.010571735067592014e-01,1.531489309483092254e-01,-3.411054543490341651e-01,-8.612749552759987881e-02,2.848971259478492168e-01,1.510985893752802844e-01,-2.012569853795160291e-01,-8.915858935286942455e-02,-8.064444187545564968e-02,-1.703965300194030391e-02,-1.052171036449790417e-02,2.808504808794258789e-01,-1.727118357781148583e-01,-1.930303590372609013e-01,-3.385577847950357322e-01,3.564941580160822521e-01,3.669554141502516798e-01,3.190383219959706806e-02,-3.185359001448061222e-02,4.100857921753481850e-01,-9.140635931183108132e-02,-1.762532827857528905e-01,2.388344400171194815e-01
-8.418274460073356391e-02,2.059518163125714785e-01,4.230848157960263589e-01,1.107593838903669914e-01,2.867589099457354407e-01,2.335496653912476628e-01,4.929766055900211552e-01,1.834732133686974853e-01,-8.503835018280050950e-02,-9.818472142522666202e-02,-1.029459550908823628e-01,7.700877731227140366e-02,1.546047257178719270e-01,4.576614817438246635e-02,-6.461035913170609830e-03,-3.152825941502790386e-01,2.335398867929232014e-01,5.971474998341402829e-02,-1.995807818651099963e-01,1.997439616645981797e-01,1.337086453573229916e-01,-6.772972513694566765e-02,-2.165669815637201179e-01,-1.415610754229894575e-01,8.902459796919201529e-02,6.676854416920040280e-02,-2.134218233185913027e-01,1.003608645380904968e-01,-2.649558674053398843e-01,-1.519825361830225985e-01,-2.816416720598921009e-01,7.445623764374109319e-03,-1.673044521080379599e-01,1.338830812221546707e-01,-2.621227845006778301e-01,-4.237882147086781404e-02,3.585108236983985952e-01,2.664124592407940417e-02,4.549473640704951860e-01,-2.281225646780971061e-01,2.546528514972956070e-01,-2.004339373442064753e-01,-4.155622100493039928e-01,-1.494406876627586978e-01,5.495189138190693656e-01,3.813972660948434790e-01,2.050939331972958524e-01,6.709214185245258866e-02,2.226887337555605861e-01,-8.711311082211800616e-02,-8.069419214393655504e-02,6.163075716634516116e-02,1.790948742599722254e-01,1.864749681285036709e-01,-2.226936221875094046e-01,-1.623812911163676209e-01,1.109474532259127760e-01,-1.798050083759658579e-01,-2.029746736528108622e-02,1.953521979445038137e-01
-1.772884891489250395e-02,4.532159081836943659e-02,1.627124912254533096e-01,1.238950204936938373e-02,2.526283882403203007e-01,-1.289183719252825489e-01,2.931088928931966930e-01,-1.937504001344004245e-01,-6.706896319200893186e-02,-2.142031111909406538e-01,-1.024211072610253098e-01,-1.306583954368847889e-02,1.336568648881524268e-01,3.450405476285401014e-03,2.516227073686548299e-01,-8.843522430938749457e-02,3.066808263460612041e-02,1.717228756759428820e-01,-1.448836499916164866e-01,-1.725402775781962883e-01,3.947057305120964255e-02,3.721128004541517376e-01,-1.057351874048579471e-01,4.589806400850908463e-02,1.276976010563111441e-01,6.691533316844996970e-02,-1.562224990140839431e-01,1.963832941582051989e-02,-6.038436418139159038e-03,2.085046755424237452e-01,-1.131611687593166299e-01,2.167710489261188422e-01,-5.428173747244927766e-02,2.098741855778686605e-01,1.022006822929226316e-01,2.624897958494589734e-01,9.349580452644523643e-02,1.256032679416514974e-01,-3.003497783700120882e-01,5.036288426128032736e-01,1.484184881014677382e-02,2.533066100854481847e-02,-1.998702773471858207e-01,-1.174206068425065475e-01,7.130550848539349285e-02,1.548788724241845216e-01,-2.288400388816057840e-01,2.219511229519686157e-01,6.843932816385037143e-02,-3.707436026937853679e-01,4.300730735709608343e-02,-4.502865312605992126e-02,-2.356957771514988365e-01,1.472382533859223630e-01,-2.380630588646040838e-02,3.566491213086694922e-02,-4.156551440600403380e-01,9.699737090867562028e-02,-2.278664352702035600e-01,3.527418736389760223e-01
5.443864353482075202e-02,1.352479783458680196e-01,3.802930552264616182e-01,1.643627306492290718e-01,-1.503013426438710165e-01,-7.485862353033398420e-02,-7.392058010741338336e-02,-7.965847438520842760e-02,-3.003005798736140819e-01,2.977961958886418126e-01,-2.821919784661077180e-01,9.007735976314397430e-02,-2.160415850493941359e-01,-1.523463108327153814e-01,-4.642047909072867518e-02,3.741795081960385683e-01,-8.674630770964607274e-02,-5.137832699174457035e-02,-1.312282679275523500e-01,6.583949275662946687e-02,-8.629718164497582333e-02,-1.410297447949810691e-02,3.120790790562130712e-01,3.070942726602909900e-01,6.559427159401357010e-02,-4.311523924944754560e-01,-3.036957535434764988e-01,-4.800289115854472488e-02,1.730564809575751151e-01,-1.576555263898589687e-01,1.524491708246004940e-01,-2.484668245171065271e-01,-3.665780272767547587e-01,2.686472895041812636e-01,8.069595977538344955e-02,-2.485679270907932281e-01,1.640353788567536913e-02,-2.029622219459900345e-01,-1.798722414438504863e-02,-3.108484883654419884e-01,-4.881806450418085808e-02,-1.503557951784838809e-01,-1.852243151927325804e-01,2.192153491126409490e-02,-1.217097097790833943e-01,-2.319640241966137995e-01,2.926162872515739588e-01,-3.921999574151114887e-01,-5.844362498516091076e-02,-8.178429425851864443e-02,7.388305839588505015e-03,3.517630382321683680e-01,8.426728147574441552e-02,-2.060999634965235694e-01,6.869457547022783661e-03,6.168951095044294952e-02,-6.680158841705552755e-03,1.006239889228303062e-02,1.769189610356854403e-01,1.691211903701127228e-01
