7.033869731961339515e-03,-9.460317405232117338e-02,1.884391803828760203e-01,1.960535828786842127e-01,8.883082811308978810e-03,1.130345453531087091e-01,1.342792886816291942e-01,2.763883325779050160e-01,-2.508085676500865224e-01,-1.676329606989764714e-02,2.139005342443159319e-01,1.033897937804412193e-01,-1.087741483235304951e-02,-6.967116046132279528e-02,5.195621257702320861e-02,-3.010773650929999823e-01,1.199274166761201722e-02,-4.644442522894087766e-03,-8.553938809144828737e-02,-1.893535779587331158e-01,-3.960210746850429536e-02,-1.762936967802120058e-01,-5.331992346456752851e-02,-1.906480855473152436e-01,4.839897923682112690e-03,-9.455317200868997018e-02,-1.828419747908226201e-01,1.993434034964023938e-01,-3.190394141717405041e-02,1.623754890284704600e-01,2.429455356358012352e-01,-2.581526471365597208e-02,-2.806778645592738486e-01,-1.984475283059433659e-01,5.358395539986572642e-02,1.767290913020271026e-01,2.061646863411828734e-01,-1.583699324766386085e-01,-1.168400517284015061e-01,3.468916459211464354e-02,-2.142199978762585055e-01,-1.055441822255660453e-02,2.283124748633485745e-01,2.511685009536167024e-01,2.771068384005340723e-01,6.087193310396924600e-02,-2.812681464649641749e-01,1.533679729524098888e-02,1.099213872953559434e-01,1.714341906234439494e-01,1.738242181956442534e-01,-1.099931687558050319e-01,2.120816980491856962e-01,-2.830278923434866312e-01,2.946985273640663205e-01,1.149493212114861274e-01,-8.310169371850399667e-02,1.896949001164251886e-02,1.241190743389932044e-01,-1.019529341327291005e-02
3.519765786097754645e-02,-3.504943201593812563e-01,-2.037719280220271489e-01,-2.792505904730497313e-01,-2.335690786592013735e-01,3.418655497772839225e-02,3.702613569543492661e-02,1.282348565297629084e-01,1.187031310964677122e-01,1.400911126846220156e-01,-1.815919664647269449e-01,2.022603204082641937e-01,-2.672072200769018413e-01,-3.880911441108803039e-03,-2.404154859617503859e-01,5.938597621129833304e-02,1.364576653651029536e-01,2.890861830056754012e-01,-5.712679417360642942e-02,-1.874760055039842443e-01,1.620405284523508127e-01,-5.189435775274601204e-01,9.921788993700515757e-02,-1.372557320974732709e-01,-1.811576992582698484e-02,3.344910865846960346e-02,2.127616536871503317e-01,1.532734626625693319e-01,2.976709321108227946e-01,3.579244739871424441e-01,-4.226785281197378147e-02,-3.087722851395995755e-02,1.286122008835600405e-01,4.186258321329026921e-02,-1.192166739774915517e-02,-3.298438438683212737e-01,2.168668458472248761e-01,-7.586681083309886053e-02,-8.109748714467545846e-03,7.773706719426515255e-02,1.488024182455643663e-01,2.676821066732451571e-01,7.603981728345843294e-02,-8.286866650443650006e-02,-2.065028546868492021e-01,1.752326412450866955e-01,1.130354771281174842e-01,1.192214222034828353e-01,-1.029824233729774718e-01,2.805685829933164954e-01,-1.668832580493745110e-01,-3.030920643504441195e-02,-4.380591374414580241e-01,-2.077540267305247601e-01,2.890999388982084389e-02,4.393919245779812632e-01,-1.736802005064668197e-01,-8.774613362583419396e-02,1.344316056459673447e-01,3.791676609667354869e-01
3.508224849102997700e-01,1.289652238197689926e-01,-5.544010355940924839e-01,-6.049508226107814801e-01,-2.584070088414329169e-01,-1.966533401373480872e-01,-1.784251577303303249e-01,-3.295375259652094657e-02,-4.439349526586174877e-01,-2.625829909476683488e-01,1.419821005303462391e-01,-7.975002407764497647e-02,-2.979748062912631612e-01,-5.732308473681557986e-05,-2.645652665035941875e-01,-2.451213799239406188e-01,7.555508365161715811e-02,2.749544589293274541e-02,1.991608169749706225e-01,-3.013480825233811819e-02,2.147738168643191226e-01,7.981278724229398658e-02,-2.196478607069420746e-02,2.565255256318008104e-01,3.013704961897035739e-01,-3.315921303548115262e-02,7.304695308157448108e-02,-2.269156545202416220e-01,-1.947988957626259066e-01,-3.896821503527116842e-02,3.525526549705820800e-01,-7.419119798850001835e-02,-2.704731499129823247e-01,-1.546563923382485162e-01,2.248149874742010057e-01,1.578997800345148250e-01,-5.327696873822174379e-04,-2.017185578185306249e-01,1.387235850379376356e-01,-2.137475107559114185e-01,-1.539154598282670428e-01,8.185615899457862610e-02,-1.160940617411040654e-01,2.745774689434922200e-01,2.925986811402814247e-01,5.915833236213953461e-02,4.133507897832748579e-02,-2.095959367712120838e-02,-2.203242032697839969e-01,5.909942069724889724e-02,5.675882394108593132e-02,-2.006324268834346614e-01,-1.969662677478591362e-01,-3.092088151792745654e-01,-3.841912294377400339e-01,1.939252322608284174e-01,4.579014851647396356e-02,9.657855759850793309e-02,2.727708137484601281e-01,-3.540152229147680574e-01
5.306023737202221202e-01,4.463324667757966324e-01,-4.390852105199042343e-01,-7.332736852833161567e-01,-4.473955032162613143e-01,-4.529963168969436405e-01,-2.267083682701640512e-01,-1.148851789572108428e-01,-2.880719479448893838e-01,-6.709185240632468961e-02,2.864053370006580113e-01,-4.795000592473334239e-02,-1.984063052260481297e-01,1.138907074349639059e-01,6.606315236822492276e-02,3.392866002166776140e-01,2.937904597871337370e-02,4.716019300507852396e-02,-1.292817197303205434e-01,-9.246040080631567903e-03,-1.023763945244408058e-01,-3.258968186665484601e-01,-1.290261829323560705e-01,6.051513667331441526e-02,-1.509984864481116462e-01,-9.238462981847462077e-03,3.726389047992807457e-01,-2.308878420764763073e-01,-3.162661954341464687e-01,1.303422980687543586e-01,-6.927920078566716933e-02,2.035521959137882031e-01,1.738634501599536364e-01,-9.548609287629331033e-02,2.018470048100078351e-01,3.184652672814703434e-01,2.598659727358975102e-01,-1.692362882970716853e-01,-3.798774773351804024e-02,-3.765433420639331674e-02,8.833166810183698536e-02,3.795365233471078431e-02,-2.980625414581875576e-01,-3.417160501081538404e-02,-1.477225487578112673e-01,1.057503651535558475e-01,7.601226067251805329e-02,-3.349715378590382153e-01,1.613603630500557995e-01,-1.470312541514104121e-01,-6.863658686538640086e-02,-7.652131977812967611e-02,-4.488860323056656498e-02,3.253720721669854654e-02,-2.792683503205263262e-01,-1.464318471884996919e-01,-1.549030667936816263e-01,1.085900353619609487e-01,-1.161509172840010928e-01,2.954441661452669177e-01
7.237549195483431452e-01,2.706245163666419207e-01,-4.131753619964598778e-01,-8.217876326392221653e-01,-5.133726611266539175e-01,-2.914913131797486345e-01,-2.254972158276327132e-01,-1.577877221096632421e-01,-1.222264532140841381e-01,2.550555128990860121e-01,-1.651613203095314009e-01,-2.790962260463288325e-01,-2.121973365744218576e-01,7.513907924127582842e-03,-2.252994750044584327e-01,-2.074252668257383081e-01,3.833854566997840774e-02,2.454844606966085085e-01,4.528782415957393614e-01,1.066755374171712845e-01,3.044287276171162016e-01,-1.495239049152393418e-01,-1.146374647101092679e-02,-9.908486671207325513e-02,-7.845174847691523123e-02,1.280981663742634669e-01,2.487853202585874057e-02,5.074260470091782604e-01,-4.274118587544063486e-01,2.527014203615611174e-02,1.747888489721330929e-01,2.534218034648952345e-01,-7.669958032236801060e-02,-2.587655656860724518e-01,-1.288448210935799476e-01,1.968175261753252470e-01,-4.515841546037220600e-02,1.961078963469672365e-01,6.015735886392960946e-02,6.324147818487839412e-02,1.029443433668063151e-01,1.462933393282669393e-02,-1.706075450440329710e-01,-1.672329270893314068e-01,2.401158170671751080e-01,-9.442065446815459118e-02,-1.672471431026919808e-01,1.605633515498379738e-01,3.231920431862457255e-01,-5.998136445548405554e-02,3.265542313981217859e-01,2.395496258335758771e-02,-2.809941587590494838e-01,8.726197619300708752e-02,6.938964921101910266e-02,1.596254191746603879e-01,-8.479502483130640922e-02,5.956111610729773742e-02,-1.816176023506301251e-01,-1.016078280878512652e-01
6.345855275504304061e-01,1.686731081469132199e-01,-4.628607384167257588e-01,-7.482289170171581016e-01,-7.692412092477767249e-01,-2.974208999201142234e-01,-3.052251536805246079e-01,-5.761747286497078679e-01,-2.383320572731139342e-01,-1.329960799576470343e-01,2.420662758275481455e-02,2.589601449852537568e-02,1.451844492131612319e-01,-5.584536508536974697e-02,1.224307406495362682e-01,8.645999791815578428e-02,-1.701965312060370050e-01,-2.325537108217659577e-01,2.684512255506936174e-01,-2.325700550395835009e-01,4.385900691570526408e-03,-2.907513094805536658e-01,-1.654127975257305844e-02,5.434899425550321350e-02,1.302130793852890045e-01,-1.290415844993593741e-01,-8.977245384360121871e-03,-9.577881522264967973e-02,1.994202334187322179e-01,3.369576450909846088e-02,-1.764964012430791374e-01,4.725358652406840276e-01,4.220593177359880377e-01,5.099118665207959950e-02,1.608185303027340196e-01,-2.604719884444153810e-01,9.643742788907042063e-02,-1.557029978630162792e-01,-1.790443653149009218e-01,-3.431966844049698373e-02,-2.476146361452022104e-01,3.076585647018255654e-01,-2.502459946502945121e-01,-2.454262531648011003e-01,-5.664343246701988160e-02,-1.847796635598957793e-01,-3.145385629690912732e-01,1.533793674418105213e-01,-3.534297120317175245e-01,3.111240534678708647e-01,2.460296780265495697e-01,-8.984941765313059648e-04,2.699453682667135035e-01,-3.699482567214257278e-01,1.655364750195535417e-01,-3.876532822825865532e-01,-2.295526696069530304e-01,2.325053558122520264e-02,1.233074419334632410e-01,-1.245211607676365989e-01
3.661492258141674228e-01,-4.695227382124468607e-02,-7.964378748112006523e-01,-7.762490459355018135e-01,-7.883446124051449733e-01,-5.772285878378216051e-01,-3.944926691421611342e-01,-2.118878155808147645e-01,-7.504864752285103635e-02,1.512574072397692704e-01,-6.326989572244087756e-02,3.275045325661680717e-01,1.239009521172114991e-01,1.091020407553774801e-01,-1.915211739812621716e-01,2.350689965772313206e-01,1.947273920208456577e-01,7.283398129891545392e-02,9.276487681834302487e-03,-4.747880487555415918e-01,-2.281120395510519983e-01,-3.426941595303547028e-01,1.085090113956448457e-02,9.444497710091512288e-02,-1.151456263792783805e-02,-2.333432160929587718e-01,1.377236617019741705e-01,2.695937116021194235e-01,1.136187993917303629e-01,-3.310591213362329421e-02,9.731309171789294388e-02,-2.903583977857608980e-02,9.685053044265343192e-02,1.026107253700833111e-01,-1.467193052070283887e-01,2.637770838783909388e-01,2.963549070640624297e-02,-1.458054219015179065e-01,-1.132764666502315415e-01,2.187232981968247891e-01,2.470234309735167832e-01,2.059663455299036786e-02,1.940792102998374069e-01,2.218610929654640240e-01,-3.628176522024180173e-01,9.335378260769809644e-02,-2.549748648642482518e-01,4.121353531515916518e-02,-2.975891350701866805e-02,-1.149860221659347870e-01,3.182769312637891979e-01,-1.850450988372191463e-01,-4.999069865324140549e-02,-4.422439502000519856e-02,1.151982448335264753e-01,2.110669388155270859e-02,-2.415747400649536497e-02,3.249559662014885331e-01,-8.468072960212706668e-02,1.084764183989936903e-01
-3.697471121494954605e-01,-6.556990144974330637e-01,-6.219765093404406864e-01,-6.094306397768014527e-01,-4.719806056400918659e-01,-3.595716783794845051e-01,-3.927613261298971148e-01,-5.098241040727670426e-02,9.571042994532420745e-02,2.175838255324180071e-01,2.483733703943372118e-01,2.816651694589883403e-02,4.636914292557874073e-02,-1.663087611519941389e-01,3.077361466253196176e-01,2.510181513064562719e-01,-3.232420189575802572e-01,4.163424444189527118e-02,8.929932776431115382e-02,8.943633696313799120e-02,1.594350007426005578e-01,1.491780236015859684e-01,9.027768263933619308e-02,1.648131276875737794e-01,-2.709370449698226269e-01,-3.536859522815556933e-01,2.237401594338133681e-01,5.215270297203533634e-02,2.496231912556305943e-01,-1.619475215450636996e-01,4.065798350758870194e-02,1.080804131096623280e-02,3.553414857823927742e-01,2.397638946588220299e-01,-1.895842639243662808e-01,2.233014070195275536e-01,1.123150976649458233e-01,-3.375536587934687138e-01,-1.832368892624711837e-02,8.235864590797639662e-02,4.288214978258993865e-02,1.025878210286239184e-01,-1.545734876726054773e-02,-8.765427785425769502e-02,3.256807061335579290e-01,-2.979044337235580153e-01,-1.965919767874091950e-01,-2.649580300871378080e-01,-3.810276571478262708e-01,-3.758113304049377074e-02,1.772707166590247602e-02,2.413145432074232863e-02,-1.737658479663696520e-01,8.240050953495806074e-02,-8.771772028330518389e-02,8.549670431650598090e-02,1.816831378823844378e-01,-9.173756633477794797e-02,-1.185314438174486923e-01,-1.084352237775483563e-01
-3.419236102902965535e-01,-4.089991292173286719e-01,-7.019873372732232664e-01,-4.292200246611406200e-01,-2.568089040495273312e-01,-2.568640456672935946e-01,1.416692200604201257e-01,-2.747849079116516102e-01,-1.846808947756103658e-01,8.876208812548448679e-02,-7.921445793389636503e-02,-7.200227230345263019e-02,5.627029927551479016e-01,4.103507441497870056e-01,-1.422711387320649834e-01,-3.735863523645649442e-01,4.268452566760796291e-02,-1.963535851403582222e-01,7.854047880297980455e-02,1.004001144597776174e-01,-4.516052399729542088e-02,4.629643019138668381e-02,-5.068498284046803193e-02,3.643265462466921401e-01,6.306658369793689822e-02,1.122804379205063520e-02,4.988071449882029024e-02,3.071213949522794140e-01,1.657836184140207975e-02,-2.410242226616400585e-01,-4.074413361665951139e-01,-4.207785065834968030e-02,6.924254097893381421e-02,-3.439470852780543986e-01,1.447620616445717268e-01,4.206257782441776699e-02,2.823217107276030369e-01,1.191389160290399624e-01,2.469571084306426689e-02,-2.972173941142014497e-01,1.191974869588738051e-01,9.552583594313156234e-02,-4.101801888402556995e-01,-8.452039394896909696e-02,7.732527158566473990e-02,-5.442981789328673464e-02,7.997648857326278282e-02,5.421122252916785872e-02,6.289823732831109626e-02,-1.635016628473794087e-01,-7.632792218429117204e-02,7.594989117900308173e-02,-1.799493284440016327e-01,8.840424998939555795e-04,-1.161767561364130882e-02,-5.540047454144753081e-01,1.898145198641286169e-01,1.182523973318179572e-01,-2.911928246360247496e-01,-1.270958647440580680e-01
-2.227872224418352975e-01,-4.041715600022062205e-01,-1.759211589616114790e-01,-3.915727184150629148e-01,-5.062866037474245129e-01,-5.524702237463197108e-01,-8.679521362714363863e-02,-5.610508299823811079e-02,2.212930962343523933e-01,9.666432575951477979e-02,7.872505190615587678e-02,-2.310873725820432045e-01,-1.606168783836198488e-01,-3.405743209321533960e-01,-4.305344945556216496e-01,-4.503612634132435066e-01,-1.267840575491160082e-01,-3.778705303710767904e-02,-2.915474241382994824e-01,1.352591080094310283e-01,2.380918349604546069e-01,-1.111187028118143238e-01,1.796099363421439499e-01,-5.546219410208617223e-02,2.167171819174775749e-01,2.285901710321845692e-01,-4.740155928878737879e-02,-5.343585485305564486e-02,1.068881630126224114e-01,-2.813649299561923334e-01,2.522905302211840839e-01,4.027290311609402207e-01,-5.535207844335443897e-03,2.576206372947006940e-01,-1.323211311805478907e-01,4.277664858774122836e-01,-1.740742671655558793e-01,6.613068776631889079e-02,-2.102687457451866138e-01,-5.028218377854359877e-01,3.800885233655758588e-01,-4.178963589005756096e-02,1.299867173967233017e-02,-1.599517697075399369e-01,-3.928370570360294467e-01,-4.522963642948004542e-02,2.320119051238079266e-01,-2.102504408176026907e-01,7.130528630795329725e-02,6.544725421133243404e-02,-7.532879624742437608e-02,-7.468210411410940164e-02,3.853173072644673902e-01,2.454658555274332257e-02,-4.375379480692274947e-02,-1.920752560458820757e-01,2.021603605239642998e-01,3.094059569974146884e-01,2.558835884991102483e-01,-1.470926961720931403e-01
-5.214450277493691832e-01,-4.800698100842725746e-01,-5.312513394768015873e-01,-2.293333606514245115e-01,-4.635103737091269410e-02,-7.099239890808331510e-02,-2.164881458199019448e-01,-2.256104882101116205e-01,-1.723373463948758011e-01,-1.013917207510591813e-02,-5.241225228818724435e-02,-4.268804241479924599e-02,3.975327188965018244e-01,1.369828213650431947e-01,2.145265674211099816e-02,1.774017953394664560e-01,3.032169013010823089e-01,5.699565902874651618e-02,-1.706539256838615903e-01,3.537697284973811973e-02,-1.898122615828217175e-01,2.427837131251138134e-02,-2.215323761684041132e-02,-3.229429650061627771e-02,-2.473940493081409620e-01,-1.801875030947295286e-01,9.513346166650900326e-02,2.507806497376560001e-02,-2.513981393007550524e-01,-4.278201123825325913e-01,-2.715379862836726430e-02,1.934177335059572012e-01,-1.335763789182768668e-02,-1.233308421540105504e-01,2.255299818299862091e-01,6.005799049217176722e-02,2.613335592678554115e-02,1.032219490388807809e-01,-5.420344220593269202e-02,1.662197731353741992e-01,5.534080227133465479e-01,-2.613914586594492245e-02,2.088326066882369852e-02,2.326825540557461887e-03,-4.319129539746665580e-01,1.407545011381852729e-01,-3.581759372005901554e-01,4.216635007306629990e-01,1.481675975396614386e-01,-1.541647090976915602e-01,3.100104438664492701e-01,-5.225689508887691737e-02,-1.886645767544944119e-01,-5.949441589953256837e-02,-1.550897115103131996e-01,-2.357266001225911956e-01,-1.555914137642002704e-01,1.020510887429634944e-01,2.405949202254203667e-01,-1.882756483715172791e-01
-2.656331238955834673e-01,-1.021404190087720626e-01,-2.067814138011110359e-01,-4.842195645485609101e-01,-3.209612421131245730e-02,-1.938160490574380446e-01,-1.328004959112984440e-01,-1.467006055278227174e-02,1.163046871882354727e-01,-5.306666612503740943e-02,4.720598720727807451e-02,1.033993499327824778e-01,4.033522455946025875e-02,-3.482140602538125185e-03,-1.982395336316104262e-01,-4.421200166719753133e-01,-2.513371973853143482e-01,-3.422576068588090267e-04,9.403874794380831514e-02,-4.487338078683507370e-02,-1.512222249976353239e-01,3.060103722383532565e-01,1.832803210091917268e-01,-2.190273373476325225e-01,-3.890411642209214149e-02,-1.174050494814199846e-01,8.610718699950545285e-02,-2.715289552460024569e-01,3.169593072887298968e-01,-2.353270430810056602e-01,-1.609608433878167710e-01,6.445035597177486975e-02,7.335233296857146534e-03,-2.557049331249337532e-01,2.297312235898966715e-01,3.176777956084841370e-01,-1.010054194071054179e-01,3.402491855019297851e-01,1.234572768107682628e-01,9.268922025735351622e-02,4.188751595646911241e-02,-1.162594778125854295e-01,4.680147689395232347e-02,-1.279040993498539724e-02,1.050015991286442352e-01,-1.045639434384826316e-01,-1.372649330806177161e-02,6.475827621772737297e-01,-3.044937928528042570e-01,9.213308527961731886e-02,-1.534844639291684520e-01,-2.303848616890343259e-01,9.663764495768402407e-02,-3.253281702951619364e-02,-5.812731061173326275e-02,1.739894796882129890e-01,-1.364565574657165478e-02,1.808567619096990153e-02,1.093303815776582033e-01,-4.969469287383269929e-02
-3.637726871289734265e-01,3.970270599738943279e-02,-2.529709576684301409e-01,1.198528838468517072e-01,1.867722697900804250e-03,-6.000979367934815289e-02,4.815350821034142248e-02,1.753337499207200390e-01,-2.068621801450611919e-01,-1.654626757355843678e-02,-1.229335313323627055e-01,4.118196520800595506e-01,3.046929864958296480e-04,-7.198479584340247706e-02,-1.523465029720558195e-01,-2.845483926826068016e-02,2.306633965916526918e-01,1.357979703745660627e-01,1.847971020587130210e-03,1.520615033685877304e-01,3.901773802353934728e-02,2.292867597962377491e-01,-9.463906053171741717e-02,-5.870611341458219223e-02,1.585131235784987269e-01,2.451603466774823770e-01,-1.397979926306481546e-01,5.429505410467057314e-02,-1.316351973455674729e-01,2.286001272083578173e-01,-3.664768293867600585e-02,-4.594615229120970618e-02,4.873171919973314642e-02,-5.795653366724702604e-02,3.172641067426327371e-02,-4.847470543758347801e-03,-1.341252954730978997e-01,-1.322911839476629825e-01,1.929459964054284771e-01,-1.780129223196640353e-01,-4.832177197359730642e-02,1.660651158660274573e-01,-1.132609652939728928e-01,-6.532435275204599712e-02,-3.705840891166520823e-01,4.790891887346115929e-02,-1.095320083964634039e-01,1.297297191430164254e-01,1.911499667802227242e-01,1.651629572463889778e-02,2.479653238731872322e-01,-4.545013509079004477e-02,1.136752067178535414e-01,-2.197920012048684701e-01,4.955318757979831901e-04,-1.779361023834395983e-01,2.814814294968477904e-01,-1.341530169880103540e-01,4.104945615647348674e-03,-4.352578444573321215e-02
-1.530111865322268949e-01,-1.564327277655555570e-01,-1.264977194436383845e-01,-4.974738886461375215e-02,1.016750211212837512e-01,-2.112066984767870803e-01,-1.671185941844590128e-01,-4.371753308797516335e-01,4.045988819840962147e-02,-6.586998301620741736e-02,2.811597286134254747e-01,9.096603702978652006e-02,1.352946826480888320e-01,-2.861701555363434513e-01,4.259856762637161398e-01,1.158459586947441500e-01,-1.762667260345632259e-01,-3.027584666971042116e-01,-4.669034821567731586e-02,-2.938785382322532322e-02,1.889639368410292175e-01,3.428142976830281796e-01,2.488142753620285405e-02,2.321221453848313493e-02,-5.730430508213204405e-02,-2.358001455683385039e-01,8.733954998504449285e-02,-1.172956273754344235e-03,-4.951981432881732981e-02,2.865592361120964382e-01,-3.178293605574215031e-01,2.204697104987999451e-02,3.052345285970790023e-01,-3.459833983559015835e-01,-3.048695108167057688e-01,-7.233679738535936377e-02,8.325723283515450157e-02,4.044619116294672842e-03,3.104026425324286631e-01,2.430711588810798851e-01,1.147311130267258672e-01,2.304731588254236851e-01,9.009946331085094684e-02,-1.892565364570993752e-02,-1.429175284625472941e-01,-1.208671053861609251e-01,-8.953550771024354482e-02,1.314470696071107312e-03,1.650802971573125111e-01,-8.422921543030301161e-02,2.691871727881626347e-02,-1.946106007011818573e-01,2.942811480949284464e-01,2.667799547297659002e-01,-2.738929567115713226e-01,1.971679025495520765e-02,-2.958890059243880488e-01,-1.735028317314850077e-01,-5.092702068492759304e-01,1.080526461714784309e-01
4.180234027120203338e-02,3.046238035939858313e-01,6.249692611158550598e-02,9.262473204689130463e-03,-1.755900229425766401e-02,1.574212969614734725e-01,1.329074046663822860e-02,-1.878613371484492145e-01,7.224681328940112113e-02,1.388549194850318691e-01,2.792963788199608333e-01,-1.587952327090809690e-01,4.038100197504160827e-01,6.819567252620738207e-02,6.186866875562069268e-02,2.718380429362872719e-01,1.398027791992296209e-01,-6.548434879052790480e-02,-4.550183079926660434e-02,7.633542686997690785e-02,5.611503218157068255e-03,-2.269608030187733883e-01,2.927944622159997512e-01,-2.856142983011504266e-01,-1.264907172139982383e-01,6.043398820352410133e-02,1.883129433796136287e-01,-1.167984757554673195e-02,2.470901984061969203e-01,-2.599878487352821205e-02,-2.168500340356242229e-01,-1.276309322805758636e-02,1.386046486207754835e-01,-1.058042436353750643e-01,-1.759588757213876031e-01,3.234344753324645133e-02,-2.553930267377958474e-01,-6.671382306480647117e-02,1.123132537109731433e-01,2.125812114061922942e-01,-6.951640632025432587e-02,-1.737466187978418952e-01,2.171415942735027138e-01,-2.469391241438226581e-01,-2.374809406716090476e-01,-8.756615087480129622e-02,2.586461307744954419e-01,4.918073952351152689e-02,-8.678568522161324295e-02,-2.471451152334661894e-01,4.345275043736521736e-01,1.667977455552604182e-01,1.223080133446465823e-01,-1.413446150361451770e-01,-4.714622738419188552e-01,9.631198289779074884e-02,8.818068434671127998e-02,6.058590808819448725e-02,-1.908077526237051888e-02,3.200912871910518293e-02
1.452712585798177636e-01,-3.474973152672150567e-01,1.829086653017059083e-01,-1.351762802717483836e-01,-5.305830043863206391e-02,-4.935840392738155558e-02,-5.329012920493272215e-02,4.208835548638404367e-01,4.286799051355950907e-02,-9.884005671397780302e-02,1.864256755276050004e-01,7.640572435592006550e-02,4.048290542422557370e-01,-8.284898002340417011e-02,1.379988310152117092e-01,-1.259378585105527526e-01,-3.794029304679622655e-02,2.224803866433403277e-01,1.331516008927719485e-01,-4.555345770692016683e-02,-5.286466094989641235e-02,-2.408975450191538081e-01,1.307785663742616900e-01,5.967969479829081381e-02,1.246482626396482607e-01,4.692669772768212622e-02,-1.287205194882367620e-01,3.372810753435025455e-01,-2.451054630221626840e-01,-2.190984426285920161e-01,-1.156153983261969803e-02,1.923782764952864655e-01,-1.542498710427779307e-01,1.738654952513042917e-01,1.432542332438440646e-01,-1.938541872748471007e-01,5.907313259072153461e-02,-1.103772043520007129e-01,-1.128842479081564737e-01,-1.430708146928788838e-01,-1.932685099323415145e-01,8.359602326545653717e-02,-2.343346756750183391e-01,1.413842025997698315e-01,5.660482480163091246e-02,7.622702526814371937e-02,-2.750262554077486168e-02,-2.048244728832638445e-02,-2.133434000821971543e-01,2.211232444730894253e-02,-1.826031044497520850e-01,-2.355800672666616136e-01,2.900032173720674677e-01,-4.112498778319017556e-01,1.459512998963745645e-01,-1.477367519137894603e-01,-1.760988600506885381e-04,-4.006181624651811157e-01,2.445829986217291641e-01,5.987253834044840156e-02
-1.962788428732100549e-02,2.883682086058299981e-02,-1.370191558898414264e-01,-8.258671202584655369e-02,-1.146990435897170951e-01,2.436695501623048765e-01,-5.047645114789334198e-03,-2.889800774637663050e-01,-1.064204682234774352e-01,2.459622182705613613e-01,-1.621058665382756891e-01,-6.667490471992557066e-02,-2.543290378450396849e-01,-4.077163692021786717e-02,-8.481146307035715426e-02,-1.973319320277315374e-03,-1.481415515502387554e-03,1.820277079639699425e-01,-1.918497573442896550e-02,7.649402055131246381e-02,3.060414314301936334e-01,1.819773059645785340e-01,5.898643906424104744e-01,1.785001556210267237e-01,1.668976915052375054e-01,1.460105004941693596e-01,-1.124469569003149205e-01,3.220460580221924940e-01,-5.747070980253778105e-02,-4.754898717493465099e-02,1.849011315864320104e-01,-4.252125144771547183e-02,2.773091867915175035e-01,-2.759193298988763532e-01,4.134088080285827083e-01,-1.051633496051714578e-01,-3.381055272393250766e-01,-3.120290694881591026e-02,-1.622656878556846538e-01,1.886732944803651280e-01,-7.167576471991021769e-02,-1.682583860939879938e-01,-5.766283344315489140e-02,-2.969743985560285848e-01,6.918642389754087185e-02,3.391672946650581277e-01,-5.034672880539766554e-02,-1.677345850470403910e-01,-3.301905769749234887e-01,6.783044966007802101e-02,1.913444353178445911e-01,-2.283092031530224025e-02,4.329205448832078307e-02,-2.533497588651948962e-01,-1.287679200473405006e-01,1.765866463535784026e-01,-4.575433468497507039e-02,-3.783487416234636302e-02,1.380840745202967512e-01,-5.496476340269862773e-03
1.117767718479330680e-01,-4.605907134154046262e-02,6.487902237610228273e-02,-1.507241951629378560e-02,-2.782380849450589166e-01,1.538066114758196989e-01,-3.208755159067973595e-01,2.942108116873564522e-02,-1.320312165380970251e-02,-4.193167948723330873e-02,1.162135552107197364e-02,2.439645094199524578e-01,-2.172549999991467418e-01,-1.898444359534813830e-01,1.668465741328552521e-01,2.455113499314964254e-01,-3.780288237087440356e-02,-3.115483273463977021e-01,-2.969324647475989343e-01,-1.318265018090112040e-01,-3.391706768046102993e-02,-1.516463257712382939e-01,2.717646273285105885e-01,1.869215692580771804e-01,1.942347466557419744e-01,-1.615322978561339884e-01,-1.176375780192969317e-01,1.823970667179717342e-01,-2.061663753983530856e-01,-9.442855638517741457e-02,2.725449353542669373e-01,-2.086323248199386388e-02,-1.058410406805282700e-01,-2.391506157167276950e-02,2.559708022328915367e-01,-1.825110895979151771e-01,-7.429729700528828196e-02,9.422195081410662809e-02,1.007621256951177491e-01,1.066879533367373067e-01,2.388888461913716843e-01,9.747169313525005929e-02,3.020669012827260635e-01,4.042025407833712558e-01,-1.119090508966620739e-01,-1.858215475782688808e-01,3.584073533080610052e-01,7.558021471697380644e-02,-1.491341807897119121e-01,4.819457171144191782e-02,-3.663774613048665918e-01,1.758533862236542900e-01,-1.184571495081000181e-01,-2.407167224613426804e-01,1.293158238871802701e-01,-7.498819963862560223e-02,-8.090286290520531942e-02,3.810573347047288562e-01,3.115477823998885065e-01,-2.121896578656365384e-01
-5.659903058330228651e-03,6.806239703472431735e-02,2.350744182288413628e-02,1.461662327827397689e-01,1.459117309961539821e-01,9.501181649406313656e-02,2.227442175123034163e-01,-9.588171906284249923e-02,2.058046658828007747e-01,3.426047223105771478e-02,-3.414410486112405829e-01,1.849685370793760220e-01,2.588474164686270229e-01,3.457803697453793457e-01,-1.090729304833511770e-01,-2.861958682966119216e-01,-2.063281996682235220e-01,-4.571280869865426699e-01,-5.732592299717313017e-02,1.273984864454740795e-01,6.531415861763947839e-02,-3.617580749859395373e-01,9.898735711690894237e-03,7.617767322600346724e-02,2.425982924719206554e-02,-2.479944984517152007e-01,-1.371311032747646874e-01,8.066376276987445582e-02,-5.658020780928929745e-03,-3.237475591261220198e-01,-2.005279505180887212e-01,2.929866504431792931e-02,1.129315070154956191e-01,1.950050075403403915e-01,-5.772406655344578669e-02,2.011237854484014542e-01,3.220287559721489168e-01,2.833209625261975950e-02,-7.609815873126322960e-02,-1.838373535024600061e-02,2.196392137051445259e-01,-3.343608493831038558e-02,6.477615688673535321e-02,-8.025872313761256427e-02,-3.680602834779208576e-01,3.200213230698113476e-01,5.554242483413377451e-01,2.028085025437210975e-01,1.262959893831210878e-01,2.247183946669319837e-02,-2.363739896585141387e-01,-3.141420739149015096e-01,3.135686220836978455e-01,-1.580772233953532946e-01,-1.573465194867877670e-01,1.369174511151895479e-01,1.861623536820697922e-01,1.440154366224566385e-01,-1.152880335462858064e-01,6.817050421720075026e-02
9.769222808437574845e-02,2.652118740322110257e-01,1.498748700315316595e-01,6.173027182485975317e-02,1.182453273609943983e-01,8.683071560804500166e-04,9.123603620009741733e-02,-1.943485523755730804e-02,1.624544941734037129e-01,-1.296232432965617742e-01,-3.129911028296631370e-01,1.787045792212443307e-01,-4.273449351103105753e-01,4.498332266606797636e-01,-8.640571431339291730e-02,-2.198180078143945337e-01,-1.738468410054812563e-01,1.150768935240982643e-01,-9.862059136004609761e-02,1.822863670613385778e-01,1.641856139954337990e-01,2.455747152204346140e-01,2.049589613938805621e-01,8.118179516075775537e-02,3.059507220120996074e-01,-7.417514053252576012e-02,-5.919219410089673200e-02,4.511072376483570012e-02,3.001807311665677380e-01,-1.506818565554114142e-01,1.949002842548738512e-01,5.379698506452042228e-02,5.302151880436774267e-02,1.378167810724502673e-01,2.526614748645633624e-01,4.729083846575479200e-01,-2.097723666825743738e-01,1.863625185342267510e-01,2.926986009923882581e-01,3.096810768882006792e-01,4.974204487721792245e-01,3.335552545458653761e-01,7.009981328739331441e-02,2.209793590808576125e-01,2.217029916384885557e-01,-1.483466801859591525e-02,-8.674154217051872895e-02,5.683483649718905351e-02,3.543511575455914053e-02,-2.298237928497400273e-01,1.007911284629508242e-01,1.453382585679774963e-01,1.905347481931867759e-01,3.447962949310797165e-01,-2.000664785886771269e-01,2.381169565579325798e-01,-3.148202369275026613e-01,1.270626869694845840e-01,-1.501126862430449127e-02,-1.619087209165286437e-02
7.665097818050609080e-02,2.451344942646324354e-01,-4.461584415479704496e-02,-8.099908586035370339e-02,1.739233516557143200e-01,1.032666835159002094e-01,-3.196317900475072471e-01,1.332242490463927433e-02,3.753562389493155793e-01,2.167298394706382303e-01,-1.909510559390882878e-01,-4.872529192680922216e-01,7.107764326738508567e-03,2.438611510659636702e-02,2.235792606182231135e-01,1.245326651753001293e-02,-4.665386095048198317e-02,4.276236659366426940e-01,-9.989946955719426758e-02,-1.421974300508270853e-02,-3.198910722616843394e-01,2.063553805577347799e-01,-1.435255383941768104e-01,4.248424481345092901e-02,8.528690739429981016e-02,-5.410160656886287001e-02,-2.241052160099443746e-02,-4.649188115570609264e-02,-1.800668086489994046e-01,1.035761646822852544e-01,-1.042413633792567129e-01,2.001222162765967094e-01,4.979377895321747127e-01,6.816871555670400706e-02,-1.276731150261158423e-02,1.619914847722607742e-01,-4.681242389801809622e-01,-2.200034629754643589e-01,1.060391920143761990e-01,-5.022199342206652706e-02,-2.687124358414513803e-01,1.427654728332688749e-01,3.992585126395602202e-02,4.498933064720184172e-01,2.835557598436539983e-01,1.782229634041912758e-01,7.121457647831114235e-02,-6.705079621473188090e-02,-3.853525645430218305e-02,1.024432517446362406e-01,-5.021123646662430801e-02,-2.172066180790848122e-01,-1.029538170768401067e-01,-2.928179561166537395e-02,2.782773827959938440e-01,-2.897048094041211885e-01,5.044499029227531711e-02,-3.572091944928953433e-01,-4.622253120449688890e-02,-1.564144350586792534e-02
-2.533575951202346466e-01,1.823104121341077299e-01,3.638263659723399435e-02,-4.238386503487578949e-01,7.402453685541399500e-03,-4.729025282102633509e-02,-9.767736631542661696e-02,1.388579635622663455e-01,2.714787961100412900e-02,-3.697768244614696442e-01,-7.459627151118373989e-02,-8.698804388430170925e-03,-3.573850024387259733e-04,-1.287833637317168656e-01,1.711376759135651848e-01,3.970165129430151818e-02,-2.371206871607066946e-01,7.201537849553785002e-03,7.605901795302059953e-02,-1.535368565436460719e-01,-4.887473241101272792e-02,1.346101874459466607e-01,2.205093250016099127e-01,-2.546616837086396190e-01,5.166480858327086173e-02,-1.671833953728757427e-02,1.238520820187522242e-01,2.992873247543975657e-02,6.219588079134589359e-02,9.387820679422750891e-02,2.192964394926834593e-01,-8.897497405351974253e-02,-3.049095268121897531e-02,-8.541444395937254630e-02,-8.581045088971953061e-02,1.270074316503417289e-01,-1.560638608232863545e-01,2.884650421689505251e-03,1.137690314090136212e-01,4.661838228586465821e-02,-2.938187199302674801e-01,1.886035440602648605e-01,-5.050261251273323315e-02,-2.099819980319230783e-01,1.148837607778351588e-01,-2.449352036201266070e-01,-9.072896818523870643e-02,-1.417306717276726469e-01,2.655564282077004790e-01,1.294307831353173899e-01,-1.434985984592464514e-01,-1.188751344302025892e-01,-7.336146260117651363e-02,-1.432288651219433551e-01,1.605664968978994245e-01,-1.522983974169195565e-01,1.691700937502947366e-01,-8.225656325864319496e-02,-3.960701625143943361e-02,-1.045295818531356141e-01
-1.996136752531393610e-01,1.517194082005441924e-01,2.588513359733378705e-01,-6.787987294039769803e-02,-1.843222522038037714e-01,-1.043648199986243197e-01,8.068904219655101406e-02,-9.532187767249218624e-02,3.575529446608105566e-03,1.040424348999660353e-01,2.124267637637626827e-01,-1.440356653190685843e-01,1.019057177365834121e-03,4.999484649711638876e-03,-1.702583614527047318e-01,2.818836013868862844e-01,-8.498351363852184315e-02,3.797554413274878415e-01,4.407209694137146500e-02,-2.704287577889822325e-01,1.797986200431200277e-01,8.698241334529109581e-02,-7.485893610552769861e-02,2.203230882103837940e-01,-3.561272352728460378e-02,-5.988613877263286589e-02,-2.090691780698748781e-01,-1.121440357191323678e-01,-4.569718938200353214e-02,6.951592949687568357e-02,1.137355646617242283e-01,-4.903007175086643299e-02,-2.734552111267172791e-01,-2.135909904635048193e-02,4.065206082472609499e-03,-2.275606736103786762e-02,-5.307493540917408714e-02,-1.776457929777665035e-01,-1.156398569524605957e-01,1.793211397636590987e-01,8.228001969800691554e-03,3.062571797911669558e-01,-2.367629015090213368e-02,-1.629961835235040901e-01,-1.219252426125663202e-01,1.124173997850954343e-01,1.344344956877512876e-01,3.452679745931024335e-01,-2.203473325519720860e-01,-1.030997022218353987e-01,4.693424874303946115e-02,-2.022637465353044617e-01,8.450325313277715078e-02,1.198367805087060950e-01,1.377618277028729854e-01,4.155672152177407319e-02,-1.400604349454194208e-01,-4.831484874045990224e-02,-1.616615317278841391e-01,2.335311344582277626e-01
-2.324941871155016548e-01,-1.878340780509535346e-01,1.116043881713878055e-01,3.082214271931906779e-01,-1.159550221653069951e-01,-4.153482619604617065e-01,2.247759208219830551e-01,-3.346313040178797160e-02,-7.206279244855365307e-02,6.471307401725828745e-02,-1.024321144967342556e-01,-1.054139247337450291e-01,-3.327912829791833393e-02,2.264983119773854858e-01,2.325396626277090317e-01,-2.895150123601905046e-01,1.546635614537332157e-02,1.995309498127531000e-01,1.420269846463537988e-01,-1.915205589524797761e-02,-2.868604040582676262e-01,-2.828585958160919622e-01,5.555445650872996299e-02,-8.944565560797215764e-02,6.655329654575012355e-02,-2.746943428617034527e-02,-6.248156098245133405e-02,3.031085002201209244e-01,-5.606340958283660691e-02,1.674404157305078578e-01,1.378357322583979583e-01,1.558201909144208697e-01,-8.623188969645544100e-02,4.117150787738322326e-01,-1.178265488258848151e-02,3.988401236886153500e-02,2.373602183722166858e-01,-7.288784464071654257e-02,1.064647087588016933e-01,-7.402394370023337999e-02,-4.985257655358153739e-02,3.562049699653488388e-01,4.117275878202376893e-02,3.104110374531776073e-01,3.127329750512238826e-01,1.283303163899084942e-01,-2.756520151045420142e-01,-3.137773618329196823e-02,-1.893788115300474861e-01,-1.221126094592817762e-01,-1.643389200862129806e-01,-2.332952155373667694e-02,-9.915108388918507376e-02,4.095094066962839258e-02,-1.216382890078945567e-01,-9.525260097881262100e-02,1.962003570883521231e-01,3.526570233208100452e-02,6.990406189727813024e-02,-6.326420933191634344e-02
-2.749924701590700238e-02,1.321705784055915711e-01,-1.800027281273438307e-01,-2.755198067801739592e-01,8.721538362430232560e-02,-5.290367046930623263e-03,-1.403708077117285513e-01,1.965592828172824658e-01,3.395455348857051026e-01,4.007901247502740349e-01,4.535449648689485747e-01,2.763905736874092689e-01,-1.342540986874368389e-02,-1.845539893774697793e-01,-9.207009100496373055e-02,-1.961891949893313503e-01,-7.414495959177730411e-03,-4.617741565690510613e-02,-1.751178256745265782e-01,3.926851561860010276e-01,-3.074348601091979674e-02,-4.084865735534896208e-02,8.969724853032011447e-02,8.248789235791739727e-02,1.969917806065267785e-01,6.713680778162535445e-02,2.607069388243805075e-01,1.665737368707844723e-01,-4.027721447005266353e-01,-2.239374639308379655e-01,2.618226737115471048e-01,-2.435459203423035457e-01,-8.713584708441278470e-02,2.533813355546376545e-01,1.256996523407276356e-01,1.721397246714892193e-01,-1.331733699477964661e-01,-1.925046567359153804e-01,6.270226657003488691e-02,4.652402638873747165e-01,-1.770052780972466988e-01,-1.484353959879259610e-01,-1.816132726289748922e-01,2.008951171415425119e-01,3.985442006088731753e-02,1.341173232155175588e-01,6.933840464057605679e-02,-1.905932735186246785e-01,3.463168520096907704e-02,-3.250762491129132736e-01,-2.247700107798638047e-01,1.983886594812006854e-01,4.772489075903573186e-01,1.080400747443041320e-01,2.015836127780807341e-01,-2.650629324830288125e-01,-1.608762196472362516e-01,-3.472932142572928704e-01,4.311018134247009970e-01,-2.317858288196675554e-01
1.545847893599832656e-01,1.042028272840852254e-01,2.660286221554019614e-01,2.382433736974660654e-01,1.528262695424777162e-01,3.203315773226809160e-01,7.796424874177600162e-02,1.115546370098763063e-01,-1.511412362762971917e-01,8.210555003238587113e-02,-1.890215310818642996e-02,-1.400705269708082124e-01,7.160151734543396262e-02,-2.025964934286806352e-01,3.256073421495089132e-02,-2.023209330466447242e-01,-2.350897427763791112e-02,1.357068003692520897e-01,2.292331462946649023e-01,-4.658933434346549524e-02,1.076805867742041400e-01,-2.759367316436863726e-01,-3.390148355778265787e-01,-2.401785724606690375e-01,-1.131478204923433706e-01,4.443209177823814748e-02,1.803586143809522355e-02,5.711425022871933349e-02,-1.844831848090574405e-02,1.009735460859260969e-01,4.367166252263694065e-02,2.695440888631950305e-02,-4.062359905042296770e-02,-8.228784353860457701e-02,-1.928804613813538127e-01,2.939654987090719596e-01,-5.669634101681151478e-02,1.094839669468577331e-01,-1.958688524871731729e-01,-1.826234911064827937e-01,-5.102316962984785459e-02,3.314567905903703648e-01,2.747551452856044144e-02,-2.840778545675241573e-01,-1.253737364973867285e-01,-7.835574394997808778e-02,1.780010009958347961e-01,-7.029512549675193123e-02,6.850856592550921831e-02,3.392159386086336936e-01,2.453308633655577609e-01,3.881846778066992409e-01,-1.360021180490222359e-01,1.726132520472647147e-01,-2.045983082826889343e-01,2.283943773472744687e-01,1.919519148004281972e-01,-1.802933595847868442e-01,-2.455956940572982528e-01,1.616653890753146361e-01
5.451650058930734843e-02,2.676852920660364316e-02,-2.307661531016383660e-01,2.182990623530717822e-01,-4.419743091526719125e-02,1.040272837746742535e-01,1.486661308694382511e-01,-9.261864118000640023e-02,-1.748209164402655669e-01,-1.765776399505649685e-01,1.974626381933040631e-01,3.441256754137145824e-01,2.901400179018917003e-01,-1.785327100206564044e-01,-1.567934256338388010e-02,-7.566554564766682367e-02,3.548252219919350026e-01,-2.757159825847291246e-01,-1.692177499710263017e-02,-3.592286229472727577e-01,-1.433395015762400915e-01,1.095320208925985028e-01,-1.150266159203837679e-01,2.411232948329748021e-02,4.243343030190646070e-01,-1.419096088797860700e-01,-1.538886909208651566e-01,-9.773877744242527588e-02,1.819753932074890945e-01,2.228153617065128655e-01,1.919405205007646276e-01,-3.350823153614413963e-01,2.343267352141940596e-01,-3.192621720252736273e-01,-1.610653894386249174e-02,1.956707658593849486e-01,1.363127917935252897e-01,-2.644607884495672745e-01,2.546309047074977669e-02,4.120580409939155198e-01,3.313125840851448289e-02,1.570425674690623663e-01,-1.834188391633978510e-01,-9.930147344955008414e-04,1.547346525786506277e-01,-4.320207098032492754e-02,7.265169933554638249e-03,1.660786334011631893e-01,-8.331559225970011640e-02,-2.184323902855692112e-01,6.170280911298324511e-02,2.179927724445485937e-01,-1.116792446621609203e-01,4.103819391528621546e-02,8.699133085044979952e-02,-4.670128843155384180e-02,4.061578409784312171e-01,-1.425016578062361094e-01,-1.109331968711845667e-01,-9.040103767751157815e-02
2.517562918444449238e-01,-5.611345808034832322e-02,-2.544971032828443475e-02,4.061501286372619368e-02,3.411714886885377357e-02,-3.675285494241453677e-03,-5.764408148939067361e-02,-1.431001639293799643e-03,-2.193915338941339888e-01,9.057272099069996196e-02,-2.834064412602863015e-01,-1.686353348782783923e-01,1.113814726083878215e-01,-2.290918576456018874e-01,-1.745159799113398524e-01,-1.614521388339910102e-01,-7.376221682366787546e-02,-1.092179465935518845e-01,-3.126933796178389957e-01,1.053431898112843629e-01,1.980865980110976532e-01,3.036167499216669285e-01,-9.940408197857737715e-02,5.128168508856179031e-02,-3.891144909620137815e-01,1.596596803635658979e-01,5.998437923767212243e-02,4.723914586346134037e-03,3.902927464761885012e-01,-2.912706431135433371e-01,-1.223131764687663825e-01,2.321054219137024810e-01,2.731124871316960023e-01,-7.317067415424757804e-02,1.376016572534196347e-01,6.944148261026013291e-02,-5.448319636259475740e-02,-5.293113536865606990e-03,2.219930546475295807e-01,4.488697944697104397e-02,2.462410915972341185e-01,1.936546026164683715e-02,8.863436248845684221e-03,2.007258893481823556e-02,-3.821794259595785448e-01,6.171361721747491147e-02,-1.350735920212651174e-02,3.549056370924290049e-01,4.399440850522925994e-01,-2.952553067536549669e-01,-4.329841149777783477e-02,-4.331948245358591132e-01,1.453084159633621364e-01,-2.794414786246168791e-02,-6.522964498180058857e-02,-1.384962280884701781e-02,1.058774718803267428e-01,-1.096754696716299576e-01,-8.237136200063630009e-02,-4.718756133481689929e-02
4.021776733807859439e-02,1.476286028698305386e-01,-8.960252647519820202e-02,4.615038762892596791e-02,1.418089876337246813e-01,-2.320930819364038639e-02,-1.019220069937791864e-02,2.077052484146318656e-01,1.915290338500869882e-01,6.692698932580418147e-02,1.108764147070518125e-01,1.870985970307432189e-01,-4.025941994155373543e-02,2.937799287613306401e-02,3.066985910907109592e-01,1.579325602397484499e-02,-1.744688325889710151e-02,1.682686186671089046e-01,-1.903773430320449822e-01,1.464332528192945904e-01,-1.518003988034957452e-01,1.321008171685462973e-01,2.644185298722466770e-01,2.281515215244377948e-01,1.367210127728855362e-01,2.591600105377216412e-01,-2.418492838041347015e-01,-5.654804721778977639e-02,-1.873775722507597108e-01,-1.476790105960895105e-01,1.006983532101022316e-01,2.568949177314497345e-01,-1.245642639377970290e-01,1.466776154702983115e-01,-2.461425986369710495e-01,-1.101297651105614117e-01,1.472907372013722571e-01,2.518215772181595646e-01,1.342329612039703246e-01,5.052512960027930738e-02,-1.575631471444671194e-01,-3.294990388235397027e-01,-2.947111638325524141e-01,-4.201640139139162927e-02,-2.210893591653379231e-01,-2.161994838245084316e-01,-9.286712736143125368e-02,-3.035393455557865994e-01,2.026386466537049846e-01,2.815307005065792456e-01,-4.876576684165041808e-02,-6.864973836484807024e-02,2.546740505379637698e-01,4.138944997770214324e-02,-2.315567811157206446e-01,-5.569028457988885877e-02,-3.688982892883384962e-02,-3.617370853758002935e-01,-5.830718864516990646e-02,1.603742070318723290e-01
-4.189365040045500699e-01,-1.450912281494583511e-01,8.283746403947497838e-02,-4.254561173406838648e-02,-6.994467291233709416e-02,1.132434873948965082e-01,7.963065604694097299e-02,3.423148521641733444e-01,-5.728770553670268217e-01,7.374693494272388083e-04,2.333639004765266645e-01,2.815482209196974450e-01,-4.015713354079007702e-02,6.375542779111600944e-02,6.597486813347849637e-03,3.094474277763849951e-02,1.861812686834050379e-01,-2.095211404956515422e-01,-8.021606383814194885e-02,-3.801622029395871349e-01,-1.990078741182488564e-01,1.676111714892446758e-01,-3.237704196567359888e-02,1.767777988193148797e-01,-2.231371838944556651e-01,3.550467968015563747e-02,1.091195377925798515e-01,-1.712901913771206625e-02,8.335725827184576470e-03,1.023417244893715383e-01,-1.066958936951585696e-01,1.685135788173133808e-01,-4.348640171175288671e-02,-1.219106251510656269e-01,-1.308170433535839616e-01,-1.128775299937636867e-01,1.320528551880422174e-01,2.280074230680894168e-02,-7.594250053510850917e-02,-1.547523304424734680e-01,-8.200669426594080214e-02,-3.355869651965419642e-01,1.507850155668077896e-02,-4.663448689993010370e-03,3.111405612724298456e-02,9.761169914904489764e-02,1.931010873464615307e-01,2.045815577552789755e-01,-1.196625384546110560e-01,-9.579502510585295727e-02,-1.736879310780337637e-01,-5.781130021751094972e-02,-6.100221037483369996e-02,5.898165591958743903e-01,5.492870725032226314e-02,2.087178087034548546e-01,2.263859428369083826e-01,2.245872488262538533e-02,6.849585769000554256e-03,7.619927437501550216e-02
-4.321124886921283159e-01,-2.082400356755230442e-01,-3.649420939035848133e-02,4.287906926997499535e-01,-9.334546655322024933e-02,2.551558489826210030e-01,-6.619813831317234235e-03,-8.459472051463265418e-02,-3.209025917183024740e-02,1.482281759953307243e-01,-6.226222882699359445e-02,-1.398156951875912379e-01,-3.404498139869149842e-02,1.143506002953775524e-01,9.747994472630439056e-02,-1.085922771204408110e-01,1.889178009650844814e-01,-8.387271022319499336e-02,-3.213986271211216605e-01,-1.586677801191056225e-01,-5.133721619126284386e-02,-1.714259743074928177e-01,-1.586821279386460559e-01,1.296903383256397535e-01,-2.116826130627701974e-01,1.475883459811475062e-01,1.967177005259687361e-01,-1.047195309184679665e-02,-1.052126348164000025e-01,-3.268001046526171349e-02,1.469095670462294279e-01,-8.953922657581316058e-02,-1.471901813041078255e-01,1.076584314760535011e-01,-2.416554750761812365e-01,-5.617036486675405088e-02,-2.975723243325670841e-01,2.428958028119257428e-01,-8.784513032202348470e-02,8.853734094883986341e-03,2.588278512976974199e-01,1.432564633499589044e-03,1.430329943679050676e-02,3.440640031216113479e-03,2.136985506677143154e-01,1.628607649094788723e-01,2.840641209352144925e-01,-1.523457838387471397e-01,-2.332137409110598691e-01,2.563185841523343278e-01,4.188976461094274795e-01,-2.468941282086281053e-01,-5.710761505736652172e-02,1.415974867834058348e-01,-3.139481164799441393e-01,2.415630377964941497e-02,1.487255255501732654e-01,6.582988635681186196e-02,-2.506020984262103887e-02,-3.132386818932179906e-02
-1.110951406274245795e-01,2.950784967580388218e-01,-1.312631718224825106e-01,-4.536843761952937676e-02,1.510216017660400145e-01,1.134188685328607893e-01,2.634307927810295435e-01,-7.986691801578553462e-02,2.387342098549641994e-02,1.458489034357155455e-02,-2.673124349108328968e-01,7.455731020935967013e-02,4.767132710826743613e-01,-3.779696434047253445e-02,6.822248471961459004e-02,9.052229152060291273e-02,2.214004936994313222e-01,-1.413897861700630365e-02,-2.925076779026997142e-01,-7.787207848713528779e-02,-3.167594651191117661e-02,4.046462142833578968e-01,-1.998196813442611464e-01,1.352074398082902251e-01,-5.003794625208832780e-01,1.529562865986962561e-01,8.620252525295604706e-02,-3.082602833953601018e-01,-1.412963862517862823e-01,-2.589051478943686369e-01,-2.162086867578056903e-01,-1.575509425526560592e-01,-1.621629463162213569e-01,-1.406898270835310882e-01,2.022325384559007233e-01,-2.136527453154915546e-01,1.398127978733492149e-01,3.405173490235684219e-02,3.564010496080498025e-01,-2.762714027744979720e-02,-1.674717204678910498e-01,6.605351481320317908e-02,-1.026424117939808978e-01,1.071331286825010221e-01,-2.126478049588409469e-01,1.953702489850071555e-01,-2.675130115469798869e-02,5.004390043462823845e-02,1.879731604683988755e-01,-9.612618578140913472e-02,6.495620673733695782e-02,2.356825357275750821e-01,1.366045576801270811e-01,-2.415696411511413788e-01,8.455935064720403183e-02,-4.089771646846406261e-01,1.179445382981254148e-01,1.360310849584682180e-01,-6.313633752321400061e-02,-3.977060901048573571e-01
1.542895615361372652e-01,1.600349075796294041e-01,1.201553127588447269e-02,-3.664390368647706397e-01,2.335201432858823034e-01,-1.338473962000824025e-01,-1.993566230500096875e-02,8.223070863284248633e-02,1.428486305618495711e-01,-2.657109419330533906e-01,8.689831255232569052e-02,-2.504940172003401397e-02,1.251613400985404356e-01,5.253101727060336540e-02,1.416887746623916589e-01,2.200067695610865570e-01,-1.520232356341612578e-01,-8.196576224391968757e-02,7.087760960997972759e-02,1.581188396822471101e-02,4.826336974388891615e-02,3.070125578042050551e-01,5.264598004633659623e-02,3.306593540875540915e-01,7.412838370200140747e-02,-1.020812471061948168e-01,-1.790505641110650553e-02,6.523768468075057114e-02,-9.469668996201244249e-02,8.398244491369420001e-03,-1.979039598262130328e-01,1.747372610954961714e-01,1.945327118239163489e-01,-8.061315484936429354e-02,-3.184258266605154847e-02,-5.172020332521282127e-02,2.460707035991006875e-01,-1.251937347165748282e-01,-1.442820000203054454e-01,-1.357982690571822582e-01,-1.611679154362914979e-01,2.176802612705102113e-01,5.912601182521674825e-02,-9.480602858786560394e-02,1.096788515946044429e-01,-3.173535195266114634e-02,-8.290966667794472111e-02,2.060059474248892852e-01,-1.988112739749696156e-01,-2.476976913932447261e-02,1.905971757289020019e-01,2.207376300891678578e-01,7.957341268291762137e-02,1.160080046253439134e-01,-5.981900450301026739e-02,2.952672591109936073e-01,2.108714774099806899e-01,3.141150774497714071e-02,-5.835275110363957740e-02,-5.231992190118934898e-03
-2.207537683318774868e-02,-1.215335237498956500e-01,3.395554491216851156e-01,-5.119659933754934500e-02,1.091832860049078285e-01,-1.661991024038723397e-01,-4.787427530931240294e-01,-7.313942965297888510e-02,4.222492477888892815e-01,-2.175642524612360629e-01,-7.936698786717226450e-02,6.804747838308078389e-02,-2.001740216929809024e-01,-1.048503854053384476e-01,1.991649599206814503e-01,4.863770758600107769e-01,5.864950789496874151e-02,-3.145181084917321734e-01,7.794406042117071887e-02,-2.271259830904783228e-01,1.016929428368324173e-01,2.205293048128647015e-01,-2.885751383174341989e-01,-1.205378597331036028e-02,1.535256501007174409e-02,6.378058639703207411e-02,-2.207882970493272590e-01,1.412676793874845793e-01,2.917249896185586944e-01,1.001706504816690657e-01,-2.669513742166137460e-01,1.582500840872256009e-01,2.925106154851133539e-02,2.541831026002472566e-04,-9.639780448080634279e-02,2.402991659306668581e-01,-3.377244073886030984e-01,7.001589784166675767e-02,-2.138686645129818029e-02,2.550788716638802134e-01,1.679856336903864378e-01,1.060685262051403732e-01,-2.096859705201679219e-02,2.057947727175312436e-01,-6.029964603079159685e-02,2.139628862226539974e-01,5.793947910824474856e-02,-1.621853939536030964e-01,-1.739018568346873961e-01,-2.860456532996562551e-01,-5.220594192080550006e-02,-1.412383927109397697e-01,6.614190106075182318e-02,-1.078018666215058846e-01,-6.009642663112404332e-02,3.966522361309045008e-01,2.201787212437155417e-01,2.808664567870936685e-02,-2.227045530645116178e-01,1.240592788725720652e-01
3.342196803604017413e-02,4.457710345144779568e-02,7.082308191897426775e-02,2.475248156588861215e-01,1.182959500982562889e-01,-1.100850936628842425e-01,2.987869723035909142e-01,-2.769745158097097759e-01,4.464293148030566011e-02,-6.978047774103220136e-02,1.978228190362425754e-01,1.467983832985239323e-01,3.471608556108812804e-01,-3.540783949369778472e-01,-2.176384862475225224e-01,-2.074800000564440139e-01,1.092389758699822550e-01,7.181526678025432209e-02,1.125777353778278922e-01,6.536809353799763467e-02,-5.868321611042519315e-02,2.849235843183640579e-02,2.952028782010888142e-01,2.532541477881913861e-01,5.514184520498467690e-02,1.868282942607510377e-01,-2.551501123393751791e-01,3.145121855136990829e-01,1.689083882369674383e-01,-1.137468518967538617e-01,1.907051627705698138e-01,3.639523989021299644e-02,1.669211455843794822e-01,-1.267820927423822241e-01,-2.464150193937587885e-01,4.212743017644128285e-01,-1.937751670713966923e-01,-7.533866385056411930e-02,2.023858468230739227e-01,-1.458488832688979372e-02,1.311225268139120104e-01,-1.892701512741961911e-01,2.325544817893078486e-01,3.648675049749137700e-01,1.133113961656957713e-01,-1.499201865925804955e-01,2.129174413767701002e-01,-3.051838897841034973e-02,6.955416255974625206e-02,-4.683311021368213867e-01,3.175322040725352402e-01,2.266563125485997199e-01,1.011913861596080572e-01,3.780750762555936673e-01,-5.908552297398269454e-02,-2.596890530107698325e-01,-1.890406971202764769e-02,-4.845549210992220607e-02,-1.704561380042798890e-02,9.641405473395490977e-02
8.974051840123305201e-02,2.741187823500222942e-01,2.059705576812397854e-01,-3.335756856196255837e-01,-1.085167583170882841e-02,1.068455160522421565e-01,2.675343993086444216e-01,-5.840396394721880484e-03,4.694141663147231858e-02,-1.901854660063646563e-01,5.526171253322360866e-02,9.341334725640089431e-02,2.196375564610788395e-02,9.174228547398846634e-02,4.933238963532602522e-02,-1.261033528088468733e-02,-7.895824169619243549e-02,-1.037530365025019358e-01,-8.381061422861513580e-03,7.778965192195305689e-02,4.407777830857267931e-01,-5.004448271979285850e-02,3.802782544195134062e-01,-4.529004665667038521e-02,1.110932168623044447e-01,-2.238035202065096207e-01,3.054020977311828200e-01,3.903261673924297570e-01,-2.349618270769556622e-02,7.720586658229203203e-02,-2.256896995973902559e-02,-6.267129664617598558e-03,1.960846442631505593e-01,-1.415872292966406099e-01,-1.701545644958413761e-01,-2.507685214111606276e-01,7.897409070288444188e-02,6.585449177347502125e-02,-2.707439223715705709e-02,2.875716579655972494e-01,2.640289668967831238e-01,2.244494305613938256e-01,-4.497875304918643596e-02,3.897122519743424496e-01,-1.251912528739012875e-01,1.698283272646781694e-01,-9.913828598792621960e-02,1.224591605904730984e-01,-2.731015943865799378e-01,3.278474216604262415e-01,1.358285359183753482e-01,-1.631321493572511216e-01,6.349833587728881401e-02,2.964370912056270013e-01,2.409547945270404112e-01,1.228595799886452768e-02,5.631647645572677996e-02,-2.163079582781755050e-01,1.854573539240602642e-01,-8.512875259618835067e-02
1.832083761500423458e-01,-3.589137050395653228e-01,7.993738329301366963e-02,-2.230620929957906617e-01,-1.586561397331382461e-01,-1.011866875876732824e-01,-1.778471579263572744e-01,-4.556517107344548734e-01,1.619608833304855833e-01,-4.385573653188433174e-01,2.922774828857971907e-01,2.184055176622090033e-01,1.121654357044679119e-02,-2.553461786733940420e-01,1.586354633725266527e-01,-1.082570751040519558e-01,-9.833998854898166886e-02,2.626645073535995856e-01,2.070156298743005829e-01,-2.655768686706321269e-01,-8.868051696762371816e-02,-2.754587857285510366e-01,-4.704994970695260820e-02,1.339476487015671402e-01,-6.609384968270709537e-02,7.165504093006601349e-02,2.569333810281740904e-01,-1.457743886245531362e-01,-1.356321025868921504e-01,1.257009865428311834e-01,4.338138935077975877e-01,-6.984234914837281205e-02,-4.036627214632610428e-01,2.342186879427340107e-01,1.463861333616197358e-01,-7.038494252701202325e-02,-1.244644239944275171e-01,1.334213500814867559e-01,-2.753190373438436644e-01,1.443229920098335339e-01,-5.610519990903845011e-01,-8.128029525694821511e-02,8.998920800213194848e-03,1.406519775402785277e-01,1.711963443354032888e-01,9.521110619830741150e-04,1.379868489813015076e-01,-2.641214254230445091e-01,1.200386129874297849e-03,2.847131095092095970e-02,-1.808134482992029002e-01,-2.919149089838535827e-01,5.332479286070992280e-02,2.394431573694420431e-02,1.070272704397756264e-01,3.597859071639619710e-02,-2.346304154943509857e-01,1.349394604421216837e-01,4.664140378719396768e-02,1.403402622838362812e-01
1.173487681548812250e-01,2.294051901858247255e-01,4.170421391451158977e-01,-1.264836251265794853e-01,-9.246297575272707792e-02,1.202865351805915139e-03,-3.531211732289924465e-01,1.174343731580807237e-01,5.772643518845388573e-03,5.395469731946076625e-02,2.943322064165098118e-01,4.503510027160356755e-01,3.904254478355676516e-01,2.408769042765279145e-01,2.039071018092210585e-01,-1.041648296465477880e-01,5.637225429515749925e-02,2.280396591200347933e-01,-4.457456503334760595e-02,-2.168410693281739299e-01,-6.113685353442199766e-02,1.826914250801728312e-01,2.598975477309532489e-01,-2.720376561845310737e-01,-5.899801660983818724e-02,3.001759327825270218e-01,1.393962378616764863e-01,6.758502651253447957e-02,-9.627339999486281275e-02,-9.822950895576845753e-02,3.644183475820901297e-01,5.617336684400596469e-02,-5.754440439528148155e-02,-5.098558187021074994e-01,2.212651200060316015e-01,-3.555856763083060645e-01,-3.541530499498944939e-01,1.371078565935039406e-01,3.446926558141179958e-02,2.793059341232044801e-01,2.679692596672689133e-03,-1.884831026481121052e-01,-1.342711611555742479e-01,-1.833751884082946426e-01,-2.617550161818235077e-01,9.966351903204577478e-02,-1.021276188653486433e-01,1.631097326094028688e-01,-2.242465859217080901e-02,5.863145891623209455e-02,2.561815795165203746e-01,4.180161971050836978e-01,8.341316727121617092e-02,-1.359188377416062077e-01,1.153205312895934087e-01,-3.848731278400399636e-02,-2.663561668926474613e-01,1.812575932501791776e-01,3.723686743286930834e-01,1.248882374611956642e-01
2.270924111277442259e-01,-9.978013090346640745e-02,2.110935965878553144e-01,4.633149832333256779e-02,2.943129153667877751e-01,-3.038738534244323983e-02,3.300646942453687172e-01,-1.620878291219525133e-02,3.154243929791679668e-01,5.170857385861123146e-02,4.151052129457459827e-01,-1.432618233270997465e-01,-2.991896227167166744e-01,3.040270684463928369e-02,-8.543994313644498462e-02,-1.082404945282288422e-01,5.111784812348151019e-02,1.691502938848943594e-01,1.374653984604793933e-01,3.407684682528436815e-01,1.377060706438700266e-01,-5.940731005955188909e-02,2.952068355996053176e-02,-1.977370786236469849e-02,1.422355296241012979e-01,1.415703206683806559e-01,3.810689731076705167e-01,9.289580692091391201e-02,1.596289045250229993e-02,-7.982081302752751240e-02,2.451313546297299584e-01,1.584440215386529738e-01,2.564977130417580437e-02,-2.713157734926260195e-02,-1.720238734080878351e-01,-2.289332825293190488e-01,-2.244591892658275578e-01,4.960894139348227816e-02,6.174942387005757233e-02,2.175305206837873373e-01,2.086522466578057400e-01,-4.017424240889538867e-01,-5.261475024157230562e-02,-4.389424155544519382e-03,-1.010712412708418134e-01,-2.043439166075218250e-01,1.097263665674551858e-01,-4.528808812491534330e-01,-3.876219342142204205e-01,-1.552615187279070552e-01,-3.214802619441257669e-01,2.376787951723065839e-01,5.637359629591794791e-02,-8.813188457980014601e-02,2.245545823491577886e-01,-1.026877471203222481e-01,-1.208014773504853256e-01,1.015873441335619909e-01,1.589028154556969830e-01,5.469149881170805028e-01
1.753953501678539306e-01,-1.264863310281154063e-01,-1.647381395645869037e-02,-4.445354245673621002e-02,3.680591084251255696e-01,3.099378009414292534e-01,5.542527330011416675e-02,5.019131734913783935e-03,6.035843537276069926e-03,1.418305853434478903e-01,1.734253479213936355e-01,3.630343583020213538e-01,-1.660777841160739898e-01,1.521040942057410097e-02,-4.215564620097343729e-02,-1.594106266616795997e-02,1.651871941416541145e-01,3.039422018015563443e-01,-1.153799058343970840e-01,-2.112710113537590306e-01,-1.348351263150401880e-01,2.092790884719487321e-01,5.010376270861716108e-02,-2.166429759501572183e-01,1.756257436836255459e-01,7.210333245025629667e-02,3.501256289885126272e-01,-2.635685059003350927e-01,-1.807332215087422145e-01,3.568461138384318998e-01,-1.682368846401680051e-01,1.958918105363090245e-01,-2.592020942352516455e-01,-3.382567160720846844e-01,-1.786000983438313858e-02,-2.705511088506292253e-02,-6.490932026334086946e-02,-2.118405637290541876e-01,1.852847715450024191e-01,-3.469548515809764977e-01,-1.440878645831561722e-01,4.589934244636937472e-02,1.396222148439760780e-01,3.390654504835669547e-01,-1.406034798037132105e-01,-1.511185820596942439e-02,-1.335362869922671059e-01,1.198228353967097509e-01,-3.271276176696196747e-01,3.755547858853460624e-02,-7.919096637596745314e-02,-1.676890978228484097e-01,-1.970428654839306015e-01,-1.996910107052549954e-01,1.953503387914965472e-01,-1.140942031307081717e-01,1.747043955709698670e-01,-2.567126689160255104e-01,-2.251182388265363932e-01,1.353099644236596677e-01
-1.833625681447558498e-01,3.978771377307926960e-02,-1.260577939394622038e-01,1.912631523498606323e-01,-1.960269640801630686e-01,-2.583486096101516027e-01,-5.884673023474261688e-01,1.930902443908666666e-01,1.743313006446737257e-01,1.505811233643724600e-01,-1.265055813577896093e-01,3.528831870133529724e-01,-1.793369262870217820e-02,7.521517351844225763e-02,-1.111934274909809339e-01,-2.000389296262084504e-01,3.269809142562816739e-01,8.660148266992417215e-03,1.499152468446771080e-01,9.518203668040077503e-02,-4.704046444456640164e-02,-5.436503654696356672e-03,1.535520144505531093e-01,2.197007551649077794e-01,-1.172101021138704027e-02,2.167751310459838793e-02,-7.647883779609671376e-03,-1.323624925450425371e-01,3.251964847768003541e-01,1.098713207895519045e-01,-4.293552280255945319e-02,2.930321678360328086e-01,-2.129527018244370407e-01,1.232007244232992405e-01,-7.772659158148521874e-02,2.608234403440092275e-01,-1.498895586470498364e-01,-2.888874119024687978e-02,-1.381516921307683263e-02,-6.168251910812885264e-01,1.927087370764489216e-01,2.515172969810725578e-01,1.472149927948394887e-01,-2.433780205081744197e-01,2.100089239195589985e-01,-2.559921085744066849e-01,-1.339932402383525734e-01,-1.142716280865333500e-01,-3.877286754507738159e-02,1.498731316360452925e-01,-2.405500008255036515e-01,1.882391033086955323e-02,-3.898572155935907391e-02,-1.356648760163373657e-01,7.980445313116177330e-02,-1.507571253170857384e-01,2.687757912690488249e-01,1.643167553778887846e-01,-3.179229739256217435e-01,-9.630799108003374256e-03
1.056276287207168485e-01,1.749645278235985590e-01,7.328508965702595912e-02,-6.439190454550552944e-02,8.614606647942057993e-03,3.540654567670665220e-01,-2.685970557749542964e-01,3.249981378866077797e-02,-1.891683038996352650e-01,-6.485758292059981556e-02,-8.228240678564134603e-02,-1.571232188477929004e-01,-3.113370255030064593e-01,1.544022826998478481e-01,2.895433615571506580e-01,8.808672696413574754e-02,-7.186772385473058633e-02,6.143425917447846440e-02,-7.629015307550736369e-02,3.111528119422592997e-01,2.118676062210496647e-01,-4.848338651162601570e-02,2.411650975179115142e-01,-9.876331743264793461e-02,-4.933468371262957897e-01,3.793597638521928328e-01,-1.435933445775288975e-01,-3.476427352568425277e-01,3.319931889427492344e-02,5.920356066810831402e-02,2.872029841605219791e-01,1.355197606292308232e-01,1.579442149255327055e-01,9.080047374228991663e-02,-4.312464552694676712e-02,-2.023696240158662785e-01,1.219368947915275836e-01,1.034974835159609280e-01,-1.042162718221970562e-02,-1.573222694794140231e-01,-1.012098551318963910e-02,-1.149696610442147576e-01,-2.165916156666204129e-01,-3.358271313842587369e-01,-1.919252006837142699e-01,-2.151153242728427381e-02,2.355403496992892476e-01,6.060939798659359390e-02,3.605350354350384534e-01,1.076654049007034902e-01,2.311405932607926011e-02,-1.650792117153220828e-01,7.290416113347933380e-02,-1.342638683611206696e-01,8.462488151920806445e-02,-4.850368438609305860e-02,-2.882698766890337549e-01,-1.211397535224681687e-01,-6.971836557121612321e-01,-3.553369912015371668e-01
3.745566625517010584e-01,-1.857893923312985973e-01,-1.126666077433725877e-01,3.590572224644966726e-01,-1.393160536337110234e-01,-1.429851790374258025e-01,-1.607860747137634660e-01,9.457528027791498038e-02,1.810907639028294658e-01,5.991620628743084959e-02,4.690084036413150886e-02,-1.493829078232078167e-01,-2.494597509722026180e-02,2.193309066078379388e-01,6.650717978580407419e-02,-1.565657721767457211e-01,5.510247414061355542e-01,3.016532524892440170e-01,-2.621521540223634705e-01,3.543574181375936383e-01,-7.088821485564997249e-02,1.643729493657539176e-01,1.490499526859375146e-01,9.483623560332013480e-02,1.281826566430593894e-01,2.023835318437305908e-03,-2.289947726569042386e-01,-2.515330588481615726e-01,1.037570856047164841e-01,-3.377967425902558274e-01,-4.606571047855442247e-01,6.066883337035021417e-02,-1.881420470234199394e-01,-2.328259256985828751e-01,-4.783662216168953207e-02,1.208189590903088473e-01,1.632433105593054656e-01,3.166558707441834430e-01,-4.451540688255387762e-02,1.928433799919808123e-01,-8.851521795147536398e-02,-1.413603075384569085e-01,-2.119925219963779417e-01,8.609490903718204635e-02,-1.345568656260030527e-01,1.950107210756782394e-01,1.348393712775853570e-01,-1.684651770470516063e-01,9.021865711323337478e-02,9.450753028669649225e-02,6.173460700393525874e-02,-1.946494483774961065e-02,1.576012115937699409e-01,-2.946378009288633804e-01,-1.558902005904734545e-01,1.329161306209898363e-01,8.495483806044201724e-02,-4.775695436894970558e-01,1.214229125890017580e-01,1.850216282224153852e-01
-5.668828291573781847e-02,2.473038324593842263e-01,2.326845286829575810e-01,6.245918671377760634e-02,1.241679533838179195e-01,3.649487034573366262e-02,-9.420641458967619897e-02,-6.810734308933077963e-02,-2.151901337933957437e-01,-2.128273939233439604e-01,9.695556073105274231e-02,-8.542659040327870573e-03,-1.310981384327824240e-01,-4.715275598379838756e-02,2.136993638819551997e-02,-1.127787165417466486e-01,-1.527103163800965779e-01,-6.693586613655053141e-02,1.578772301317955262e-01,1.361921223734553210e-01,3.175616422465094013e-01,-1.006714903788732407e-01,1.936910958108859215e-01,-2.008124362146625208e-01,1.228638718622417948e-02,-1.855904450446510534e-01,8.189859094281910779e-02,2.549171008579488307e-01,-2.275627748225878544e-01,-1.914714131726335533e-01,8.640015341956529954e-03,2.938239158712155907e-01,-1.423147441986947204e-01,-1.183459838754206961e-01,-2.410544473395833942e-01,4.015198328657997306e-01,3.402745731653748079e-02,2.812168044696495839e-01,1.345430979832913654e-01,7.118717724027209814e-02,-1.277167676378683503e-01,1.149445348747779594e-01,-1.619128688465896748e-01,-1.422324152933870933e-01,-1.508235664724810188e-01,-2.746297671899507881e-02,7.584650207707709091e-02,3.527605534045724078e-01,-2.228602987981784245e-01,-1.964361142424804751e-01,5.803405647340847962e-02,-2.773852672981910739e-02,1.149034213286472400e-01,-1.740444744418205292e-01,1.470294374086560385e-01,1.013498402355489381e-01,-8.921436876827579243e-02,1.200981776212430435e-01,-5.136013323233462602e-02,9.907264742367392213e-03
1.703765881877282173e-01,1.146687899143995770e-01,9.899855481120170553e-02,-7.544523197665854719e-02,-2.803532911199640987e-01,1.958874527941063537e-01,-8.044053997571679049e-02,-1.305085717985023097e-01,7.592765655035174643e-02,-2.909040649272739421e-01,-4.998351501252457640e-01,-4.558819346749881651e-02,1.751045992770723925e-01,1.090057202514395779e-01,-1.995722302185824470e-01,2.689779150912824934e-01,2.547235002325101694e-02,1.310828922674901406e-02,-1.261694894020368163e-01,-5.144581025982393196e-01,-6.644894158299458065e-02,-2.868201684389955486e-01,-1.003402883334269247e-01,1.434097275100471025e-01,3.081399052270140590e-02,-2.042975706541008685e-02,8.437599361782591179e-02,-5.568791868849846255e-02,-1.369615642235172959e-01,5.541153808731273944e-01,2.666343578016505123e-01,-2.926919930857504459e-01,7.349116660912750898e-02,-1.846549552916258163e-01,1.282643551360274038e-03,1.582378510479441336e-01,-1.410427528445402576e-02,3.459040561257883256e-02,3.033185585796085298e-02,1.637989774711735014e-01,4.045421692237408107e-01,3.670710827074147864e-01,-4.796584991868496073e-01,-2.323796920460455273e-01,-1.020659226584016976e-02,1.414998901538151999e-01,-3.058494540108905868e-01,-1.513712454677320907e-01,2.323922063778290636e-01,-3.308732742746579025e-01,-1.141201695510745129e-01,6.199147825692719396e-03,-4.958376933742384557e-02,2.314673046316507443e-01,1.227120869237593448e-01,-9.661518474136475410e-02,3.749943629597277117e-01,-2.734186107370435437e-01,-2.213714988204202039e-01,2.679452944172721618e-01
-1.740109813353212659e-02,1.903656837334399277e-01,-1.418370874484513877e-01,3.327644047210094325e-01,1.656280938222738919e-01,9.678442830845862543e-02,-3.807394351977361202e-02,1.794713045841616894e-01,3.059549733687905171e-02,-9.693266251248204568e-02,1.055822049567089332e-01,-3.905428127343424285e-03,3.848780836375866321e-01,-8.420622772872583817e-02,9.007628198911502015e-02,-1.936720585634377906e-02,-1.016092418227906580e-01,5.686608558751060638e-02,-4.734827297768364751e-01,-2.531629114018414395e-01,-7.175738929417861678e-02,7.270606649626902562e-02,-4.935328766376541332e-02,3.435871502636014818e-01,6.486345362030680739e-02,-3.086507040464931961e-01,-1.302273295356831673e-01,4.394377626817307925e-01,-2.789565152934702086e-01,-2.468876941520004031e-01,6.645060359470600364e-04,1.863234628909650470e-01,4.260879620635235066e-01,2.842492351382897020e-02,-1.114785394090873905e-01,1.278014570852746279e-01,1.671950566115008308e-01,2.154751162210898907e-01,3.251979446643016303e-03,1.705157440445536077e-01,4.874404424564830474e-01,2.360971864308175350e-01,1.551379417289645846e-01,7.241427382494244891e-02,-1.404250797121341099e-01,5.397484417182613070e-02,-1.020620921313078605e-01,-1.155374379582579242e-01,3.463741070011487899e-01,-2.461615636442870958e-01,7.184036807016525028e-02,-1.382843292464256968e-01,-3.178502200406037037e-01,-2.621151078861643294e-02,1.638684298808035233e-01,8.781976014800789432e-02,-2.719720419832113989e-01,-3.360162387146338747e-01,9.308780511443048855e-02,7.557510468341979704e-02
-7.177815505685383735e-02,-2.747498697472600115e-01,2.682255650993362606e-01,-1.664038050098289728e-02,3.257150793470589556e-02,-1.528233712079333784e-01,4.501535306725348157e-02,1.644311205860685826e-02,-9.455367967251568362e-02,-4.308934686202198772e-01,3.803926540546023055e-02,4.948310942915296745e-02,-1.532474041531786124e-01,-5.988681567681608357e-03,-1.727468457752659725e-01,5.039551047600555889e-02,3.162113890287446272e-02,1.371221747990953033e-01,-9.887573991077461266e-02,8.866429376102505366e-02,8.132131663629514617e-02,2.291856915372256220e-01,1.419826401893019008e-01,-1.158075404808047437e-01,-1.610755969824958223e-01,-9.946766074754447018e-02,-5.490018579232179841e-01,-4.974715528796971875e-02,-1.530785600958449177e-01,-4.046509482510036726e-01,1.590816406378123826e-01,-1.128116529328066636e-01,-1.406687345912198683e-01,-4.654551193055102981e-02,1.200685139734256196e-01,2.808787870810480203e-01,7.566100426156661951e-02,3.063751323258880749e-02,1.461953909522413220e-01,-1.356260338706105073e-01,1.655302391085690383e-01,-1.173584401488076689e-01,-5.233841665932262993e-02,-1.919149084628896940e-01,-3.871619838604202224e-01,-8.225674470872021415e-02,3.234990169312156744e-02,-3.218080384451034170e-01,-6.014627876828974873e-02,3.682849779410525548e-02,2.061286626083073670e-01,-1.445077350619372036e-01,6.889932756648491086e-02,1.648635484539799634e-01,1.156190978807664360e-01,5.734444382378900418e-02,1.726559409981062720e-02,-4.718772908490286022e-02,-8.024319074025021425e-02,-1.200661906352167990e-01
-4.359522874243646623e-02,3.393476056805042052e-01,-1.400010499510950246e-01,3.274018961524118032e-02,-2.996517870250370308e-01,-2.897353423633922814e-02,-2.022847207925316249e-01,-9.685778512093667914e-02,-4.670085102626548301e-01,3.361664627393656877e-03,-1.460484347376920788e-01,-4.767048815307467491e-02,-1.427770613252850665e-02,-1.158852202746298021e-01,-5.296737723075241322e-02,-1.259052120742684688e-01,5.848007276061169268e-02,1.314129728461353452e-01,1.977220192074277683e-01,1.914578532571131197e-01,7.035746587922231572e-03,-1.989527347384605904e-01,3.212358179690877336e-02,2.301742400724580279e-02,-3.561972639582253880e-02,-1.723489318094141853e-01,1.121671293917017448e-01,-1.080065997151295754e-01,1.389074947181105912e-01,-2.157839897915332927e-01,1.182940383659177898e-02,-8.597792920455134269e-02,-3.779395579661405657e-02,-2.034583013893080106e-01,8.545464756057431083e-03,-1.258594321610544686e-01,2.053185012957784578e-02,-1.227764367594422756e-01,2.552387787822469889e-01,6.208424640055461990e-02,8.769234594283374651e-02,-8.209885779696718400e-02,-2.667820946515533226e-02,-1.341365282716503737e-01,-2.077921613579012394e-01,6.982591640166574409e-02,7.615751619421641527e-02,-6.982838612183064897e-02,9.905699791664171472e-02,-7.439476804576183877e-02,-4.721790877304004042e-01,2.391854054985143863e-01,2.060815701784161624e-01,1.551043699453307778e-01,-1.129497825024362995e-01,6.762813087777433396e-02,-1.295428601118865097e-01,-2.547582583415156643e-01,1.163171678186434299e-01,8.058262682327196891e-02
-1.654991542101858781e-01,-3.986323632640904890e-02,1.117166747840237645e-01,-5.714461783056580535e-02,8.925321728958318657e-02,5.274730694258248503e-02,-1.694295124976589739e-01,-2.933245346288766431e-01,3.335437907524583800e-01,-8.088898690991175311e-02,-1.814896490573130738e-01,1.394813771127577096e-01,-7.766941061021633008e-02,-9.030769159448451266e-02,-5.273316594449367622e-02,-9.115032402611907003e-02,1.024592224337043805e-01,-5.018821424874311127e-02,-2.789578654400027280e-01,-1.263072353406594593e-02,3.670764387916191640e-01,9.619114820150610756e-02,-9.638150758464789081e-02,-4.229669314787132153e-04,2.765221044070734768e-01,1.763878740386888855e-01,8.028769355829985799e-02,1.168856495285213182e-01,2.271312389749323771e-02,1.939393081075913849e-01,-3.050480564446908516e-01,-1.462297410197024305e-01,8.722938007104694136e-02,-4.926836692854280608e-01,-4.373882816061573919e-01,5.146411131915314130e-02,1.121060190871228518e-01,-1.105656308473163263e-01,1.386481391937762486e-01,3.478100757444541058e-02,-2.831655152691243266e-02,9.333212516059437303e-02,3.002697742894634425e-01,6.590929988070223441e-03,-2.479662256541215019e-03,2.204128801869453258e-01,1.904866130709851058e-01,8.175371680296891763e-02,-1.365719483687284283e-02,-1.046158401086113299e-01,1.464227405422503236e-01,1.911004443919995799e-01,9.856856543330154430e-02,1.658564348982933256e-01,3.881931003597156038e-01,-4.002843067264997279e-01,2.533968920608911102e-01,-9.022207420324741822e-02,-2.135070392883432755e-01,3.687552501115857750e-01
1.095339575611217232e-02,-3.361303660659164909e-03,2.421577587186295177e-01,-1.152008440733389427e-01,9.613416201045968390e-02,1.394402313425959494e-01,1.382940988418203399e-01,1.913441298322511586e-01,-3.918615897393659675e-01,2.239487397849051487e-01,-3.939788047109946123e-01,-2.272646954749762693e-01,-1.011586980640750005e-01,-4.137717535236512534e-02,3.613658619864457133e-03,4.909120041527433725e-02,6.713349904840010263e-02,1.416143198163216654e-03,-2.393972579015300473e-01,8.566733265048544210e-02,-1.404557832143889240e-02,1.968898527008575705e-01,5.832027715577696447e-02,1.457222740573382858e-02,-2.811839406337198755e-01,1.700440727500959481e-01,-2.485012369280842348e-02,2.703154644985997779e-01,-2.413146053615757847e-01,1.990912010289339618e-01,4.063494498706028690e-02,8.623769475751377755e-02,-3.413128322398176762e-01,-1.412968782535590218e-01,-2.112452776047332725e-01,1.295917377837292328e-01,-3.340899035647146853e-01,-1.582846795909735940e-02,-4.409549803782857325e-01,-5.173754490536812412e-02,-2.424656408975031652e-01,3.016846731014860734e-03,3.269132478396697961e-01,9.781052961284793235e-02,3.358049928861374100e-01,-1.168999477690044336e-01,1.104348196987638697e-01,-1.117149271048497594e-01,-4.106628587362427529e-01,-1.049812702120031249e-01,-1.701286438344142282e-01,-2.606609827471576685e-02,1.830106423691915951e-01,3.472574050928635137e-01,-2.931760267437609202e-01,-4.152214859446871076e-01,-1.990755933902281227e-01,-6.047602214200623744e-02,1.356318398719942309e-01,1.487104040394134630e-01
1.076034814847060400e-01,2.464745730006177027e-01,1.307929252758890659e-01,1.385671240896119982e-01,2.749637466530144847e-01,2.269986943219097844e-02,2.507980393028766963e-01,-2.923036817009050381e-01,7.322659203842277198e-02,3.569723370725034206e-01,8.692397975361643159e-03,-1.632504746310730892e-01,-5.067117586406193197e-02,2.474213111243203644e-01,-3.906123533102129342e-02,5.880763010050078510e-01,3.296124152972038091e-01,-2.101774903040592446e-01,-1.075863560216719222e-01,-1.562834372161424068e-01,-9.704317596545187011e-03,-2.240676987305177670e-01,3.788090971680328073e-02,2.728529014814835563e-01,-1.228598552585363074e-01,-2.164846276012543647e-01,-4.917463157079231956e-02,3.139464914242927340e-02,-1.467800765973616417e-01,3.409320202598114524e-01,-1.010121717285530768e-01,5.139169490071652385e-02,5.432266744955686899e-02,-3.953244459790402066e-01,2.172072277532282880e-01,-7.582572755859369462e-02,5.185340550280712613e-01,8.607113694812850921e-03,-2.385451758229892028e-01,-1.181167693644447070e-01,-1.208839178262175462e-01,-2.135816660483908502e-01,2.408585810684895495e-02,-6.790911593761324305e-02,3.359008066168013562e-02,1.970552571919104157e-01,3.415537808406901576e-02,-4.024398062741319296e-03,1.065688839280018729e-01,-8.473383283531134291e-02,3.782801210143777598e-02,1.691403664207150326e-01,3.058906762531304890e-01,9.676662731618879132e-03,-6.671145022196962593e-01,-2.461301372734006621e-01,-1.124864020660431840e-01,1.478242234258177745e-01,2.173649022437229572e-01,-3.368429667352475232e-02
6.539068902960494534e-02,6.527745157631184569e-02,9.907298167876718575e-02,7.958770149670968408e-02,1.214952522652294614e-01,1.104541457140381377e-01,1.109109470184874296e-01,9.590864712799543335e-02,2.583105281365981054e-01,-1.840616938878012476e-01,-9.679288699863453083e-02,1.937713707444224664e-01,1.222023782533457892e-01,7.084331380996718164e-02,-4.298984205634600042e-01,6.496029654144652721e-02,-1.896416808652930108e-01,1.857322204688700504e-02,-2.396360613831488851e-01,2.542417822039275133e-01,7.047040243871523224e-02,-3.662553031200608267e-01,-3.398223122762907694e-02,2.947910221544249726e-02,5.260158064556787888e-02,1.149762994831717566e-01,1.844686383320982004e-01,-1.992751821897398301e-01,1.404016126739954518e-01,7.048321068465294992e-02,4.249507412084849167e-01,1.663214357868685392e-02,1.951745090922178683e-01,-9.394371399708108250e-02,1.780102980657062850e-01,-1.346698288108311992e-01,1.540333439016201011e-01,-4.660281946020120719e-02,-1.313783738436138937e-01,1.517921603132229014e-01,-1.058649018599361613e-01,1.801491779007994565e-01,-3.395967637712390963e-01,-1.980127822889309330e-01,1.069496953916590359e-01,1.744638112786665862e-01,-1.577677931911500298e-01,-1.996485836587053309e-01,9.075169320015245844e-02,-3.212576062694393053e-02,-7.605488816112199180e-02,-9.402248771310807440e-02,-1.123812451561991867e-02,-3.919519852617498468e-01,1.226695005613798600e-01,1.867473263717839560e-01,-1.961153566755537425e-01,1.258090220188959329e-01,7.184489082588545183e-02,-1.057614745110414811e-01
1.259776191589997464e-02,-6.257998808603212892e-02,3.594052945515501668e-02,1.453022172108067202e-02,-7.586368874122648154e-02,6.560106940496594763e-02,-1.233558179810082117e-01,-8.073754598272669947e-02,-2.231032053969860679e-02,-1.168845782860542526e-01,7.748237977522672015e-02,1.440756940484152204e-01,1.951043422982772779e-01,2.643251128540725567e-02,1.249166401477954241e-01,-2.462964934071307233e-01,7.176883854896434767e-02,1.333162777882920813e-01,2.835429654966874560e-02,1.989547679699660843e-01,9.360796702427176541e-03,-1.348578210160797375e-01,-1.225811483289645787e-01,-4.778321935194364961e-02,3.374267256960180039e-01,9.600921302802609136e-02,3.756374519215198715e-01,-1.597990543086674209e-01,2.316299137016453735e-01,1.726451462126460668e-01,6.917574787360795951e-02,6.599014295046176648e-02,1.143949020421273638e-01,9.162091656994728051e-02,-2.730050847299232974e-01,2.486268781516451365e-01,7.765300330291383113e-02,2.356150329529702603e-01,-9.946209793339304966e-03,1.966116351302370502e-01,1.029230105488188052e-02,-1.989846050677660794e-01,-5.611189709331798614e-01,-1.151642244625392664e-01,2.735767990259451721e-01,3.170953262876314849e-01,3.473700017810103791e-02,4.012421688245024903e-02,-4.989402070320170246e-02,2.660387632683504089e-01,3.919419245671519336e-01,-1.788856519315555893e-01,-2.213754644439679953e-01,-2.268588883783339560e-01,1.604456178258148735e-01,1.438690915526569247e-01,2.121359703791402540e-01,-1.209165535536090574e-01,-2.292344679301111243e-01,1.100987735894146252e-01
-8.983053844891739081e-02,-2.392005127374174367e-01,1.205879592652874671e-01,2.246159891845449508e-01,-1.570487453971521619e-01,1.992689108063583348e-02,-1.347984716946629413e-01,-1.284433460945596239e-01,2.722681345049164925e-01,3.771844146778097762e-01,-5.797703498953066248e-02,9.595947563704504413e-02,-1.724891897061131552e-01,1.596076558112212995e-01,-9.572197883832304910e-02,3.588879771373360006e-02,-1.595561709605103073e-01,2.036536656237296072e-01,1.903705987687364376e-01,3.587962188636391048e-01,-1.205617405611949106e-01,-9.615106012235627442e-02,-1.538148094400456356e-01,4.059397709936973971e-03,1.868625446433525572e-01,2.675696233162829785e-01,1.700283784545844612e-02,2.645681621514212045e-01,-3.211546015632076034e-02,9.791568205875771091e-02,-1.785606176940226775e-01,-5.252725192779084552e-04,-3.372413085914164332e-01,4.146989688977045091e-02,2.681866230847915200e-01,2.514196218746573841e-01,1.871508627793798119e-01,2.147490066896404759e-01,-1.115742641112657252e-01,-1.778644259120287742e-03,3.806260872285307378e-02,-1.217359180971771052e-02,-1.639313917597105541e-01,-3.902138914374997467e-03,1.012362935043557705e-01,9.023341001878286416e-02,-3.702977268695480670e-04,-1.743472764581997514e-01,-2.022545261844693049e-02,1.679186291936287101e-01,-3.485727477270812447e-01,9.064768221133254200e-02,-4.876020690652616008e-02,-4.019814806112461530e-02,-1.005450501012724873e-01,1.589587077498599288e-01,-5.359367581579275314e-02,-1.008700596623011148e-01,5.833097628853585459e-02,5.094493210133795025e-02
2.609286301566902111e-01,1.367423934863845336e-01,-6.603325680314627022e-02,3.772176081055911463e-03,8.044553254544359322e-02,1.032080609809458149e-01,-1.920139567849964424e-01,7.541399096790071810e-02,1.784432912135253402e-01,-1.167783492372919396e-01,2.823134197001350154e-01,-1.725858723924809240e-02,-3.113806213389701608e-02,-2.666152464068763939e-01,1.460344173593014772e-01,-1.190779786546948688e-01,1.299084230977708976e-01,-3.324765050924797377e-02,-1.979734494570818959e-01,3.083570857163623335e-01,-1.126259546232753206e-01,-2.865304890300365143e-02,-1.404531987495746814e-01,6.702523017673117645e-02,-7.512621057279304793e-02,-2.492288896312922497e-01,-2.386099616076800545e-01,1.130050869537856453e-02,-1.349558989701792333e-01,-9.956618630823588223e-03,-6.028548957614423415e-02,-1.872393297870264262e-01,-1.471714361499964485e-01,3.381548737424296819e-02,-1.699118533467665892e-01,-1.714230136794112763e-02,-4.387611335060098011e-02,-4.678788681786805181e-02,8.258225158218704398e-02,4.714636428927915790e-01,-9.418118966211720677e-02,6.668041387035925083e-02,-5.974704482779389370e-01,-3.852948108084549017e-01,3.362009669612182061e-01,1.316665947337486708e-01,2.240624462345825185e-01,2.724625724830197909e-02,1.086315648408923973e-01,-6.360811170619733168e-02,-1.216674338862400589e-01,-1.392506981565155288e-01,-4.477759150211450823e-02,-1.815862290465182494e-01,-1.710450282375051284e-02,-8.068893458245331163e-02,-9.373537402078632730e-02,2.241785091412079600e-02,-8.543228047105684564e-02,-1.646818881624740605e-01
-8.959899339802565588e-02,-1.159681251184091905e-01,-5.056315769557067075e-01,-6.387867332866926928e-02,-9.448409251938365283e-02,3.062877609286389635e-01,9.979400727622703138e-02,1.203749684911230300e-01,5.960608345489781801e-02,-5.592646284851637839e-02,-1.090547993928465409e-01,1.497558515311957772e-01,-5.183474480843876936e-02,-2.977897041384586219e-02,-1.748479335122741229e-01,1.833436121946461494e-01,3.582876052586201343e-01,-1.568526949742589105e-01,-4.578288753579346643e-02,-1.067169931010914785e-01,4.002166082034469552e-01,2.265352554412966568e-02,-1.545237619712736075e-03,-2.047705493138272104e-01,1.179710733290455504e-01,-6.118848247163466425e-03,-4.016301625093356142e-02,1.891667200663415260e-01,1.214063785627669534e-01,-1.261647123566759510e-01,-3.087294072732847949e-01,1.013094134797722645e-01,1.926987243520888737e-01,-5.415405895006532994e-02,-1.411861502747961961e-01,1.004246873580345589e-01,-3.447709309425073428e-03,-1.863989128799442285e-01,9.522369750388227916e-02,5.629971623215364041e-01,-6.879139560008382115e-02,4.508268327147044868e-02,1.280143570221471128e-01,1.135266727787335589e-01,2.813973318813574043e-01,-9.179088051112929691e-02,1.746704264385305905e-01,1.123841879399159610e-01,2.326389127645905330e-01,-3.228534145643449094e-01,1.980025974538027755e-01,-1.755881653461537906e-01,9.333942414956453160e-02,-2.354866630258822258e-01,3.012423156649186584e-01,2.941673259433237320e-01,2.552436259469642588e-01,-3.398216124467042798e-01,1.648852991062466911e-01,-2.070241223734881064e-01
-2.084130859879468056e-01,3.126956474324150692e-01,1.634369449266270813e-02,-5.196337575900003558e-03,2.684374081052238181e-01,9.106415722531870094e-02,7.742772893772005560e-02,-5.086157276412518469e-01,-3.561028022815475036e-01,-5.012640452264773699e-02,9.962751820943147041e-02,-3.329871912399580414e-02,-1.021672875839336747e-01,-9.914575042737414079e-02,-8.959278402347291975e-03,-1.266671606239523074e-01,-1.793653494279952992e-02,1.058108527002243806e-03,-2.319365980035580782e-02,-2.220581165339401419e-01,-1.477338501698289286e-01,-8.372866167016723704e-02,-1.772474793665196890e-01,4.432277312926796720e-02,-1.048890044268579319e-01,-6.462360780206051480e-02,-2.885530710204712856e-01,2.022302077172935530e-01,1.605042039457673653e-01,4.751193806571580858e-01,-2.223274334022126431e-01,-2.422505334283048817e-01,5.834582497151441158e-03,-1.563458462717752795e-01,-6.808038328731155775e-02,2.179768652689177133e-01,1.963728926143015197e-01,-1.463919989458838666e-01,-2.050888432879870854e-02,-3.804976289715679416e-02,5.283277894791943430e-02,1.397285601492682591e-02,-1.237609935578733306e-01,-1.289190065304760269e-01,-2.023686119763622726e-01,4.604707436684389588e-02,3.063147104058223658e-01,-1.601331494275007039e-01,-1.301709566455122036e-01,1.377185853833646223e-01,-4.098890005052639729e-02,1.222199343784755587e-01,-1.329538913024453373e-01,-3.476997895167273644e-01,-2.982934772833437109e-01,4.617100121400929957e-02,-2.724315299449616701e-01,3.293870224429233384e-01,-1.194689316447569566e-01,4.949809851932072263e-02
-3.510926941361643960e-01,3.764141179845835183e-01,3.180224831590812706e-01,4.490970545947787218e-01,3.145632057938708703e-01,-1.260363391134826719e-02,-2.590567353845581455e-01,1.999006455004442850e-02,-3.079626874296579817e-02,-1.775676468359990157e-01,-1.756658432914183776e-01,1.596486129740327109e-01,-1.986354714249393208e-02,-3.951170324359444264e-01,-1.629277945486865831e-01,-2.051737705619967878e-01,7.643415944477131851e-02,5.399297418649815633e-02,1.258832618157008643e-01,3.818239887244608693e-02,-7.507951992885814052e-02,-2.039752093036173441e-01,4.946187059096154165e-02,-1.068494408578933227e-02,7.781916145328145185e-02,-1.544398499991438134e-01,-2.561405657151929471e-01,1.107162432474229031e-03,2.549809524857096776e-01,3.979200045244505463e-02,1.635646097880124605e-01,-1.289645686120878543e-01,-4.340111359237739524e-02,-1.732804351133672704e-01,-1.736515256913243321e-01,-2.479090092203162787e-01,-1.226159070020470254e-01,-8.670321897360749874e-03,1.425676163183310918e-01,6.226355535960973603e-02,-2.615600231533476983e-01,-3.406108558545621612e-02,9.956320952207575736e-02,-7.406287492241334092e-02,-1.855237688023623766e-01,-3.727608012272531912e-02,7.457717603231747705e-02,-1.427015596499119909e-01,-1.084915191188185329e-01,-6.615707449523275385e-02,8.262612046353856599e-02,-7.965846131327128377e-02,4.701433170142314127e-02,-1.769828126350620479e-01,-2.440676370476840829e-02,7.993295584297108181e-02,1.920254140979402446e-01,-5.314053115550935180e-01,-1.752003184932357516e-01,1.468948464093264850e-01
-2.149323352909774665e-01,1.636557291823568377e-02,3.684110541118684190e-01,2.432029834994759929e-02,9.872275775287916999e-02,-4.654894786779491950e-02,-1.583911609977147750e-01,8.138448956255509015e-02,-4.452153913251508804e-02,-7.185637979269372810e-02,1.027262572243997918e-01,-2.735203223752648016e-01,-3.349678901631819583e-02,-5.626510333430769645e-02,1.915544992248724432e-01,2.503662009902136304e-02,2.298501416320027357e-01,7.120551503976291392e-03,1.165609816511965491e-01,-8.450006047392531749e-02,-1.393372806385921314e-01,2.813651296790815604e-01,-5.964733681704736945e-02,-2.992901323924531121e-01,-1.247349069358582030e-01,-6.982960978443733535e-02,-5.696693747623011728e-01,-8.525119543264070288e-03,2.086553702947981093e-01,-2.393515366076409967e-01,-2.230712013412862113e-02,9.967961404713636397e-02,1.780928990466229545e-01,-3.695366400891153449e-03,5.532964737462772037e-02,-2.354354114222011740e-01,1.065166787023945905e-01,-7.926283538036558995e-02,-2.771253430980073484e-01,6.697498661175749213e-02,-2.967134465758314472e-03,-1.525502398513571903e-02,-1.833194170645933152e-01,2.185815929705265392e-01,2.389940721531675916e-01,2.139647976423824927e-01,-1.184665008448562568e-01,2.481535218881291693e-01,4.199775128188369677e-02,-2.363974888362286308e-01,-1.546182974987622138e-01,-1.738504431707144637e-01,-7.386589642463672889e-02,4.544747805973934490e-02,2.769391270787909670e-02,2.988940778957297623e-02,-9.593494089762173715e-02,1.941310241760641486e-01,-2.482815311964894356e-01,-8.338662072389080998e-03
-2.906578978948616207e-02,3.483869034986199903e-02,3.233063976184900185e-02,4.268258211686833947e-01,-2.897917862472481065e-01,-1.227110098331516824e-01,-1.823088795249004079e-01,3.485948076851900224e-01,9.135957191969065749e-02,3.158667092651907815e-01,-1.130948603386667389e-01,3.705835852528235330e-01,-1.105070038950988487e-01,-3.612953607435819003e-02,-1.524020720854512567e-01,1.207461435431456814e-01,-3.433292628685555986e-02,-2.983506341195623079e-01,1.197712516653160336e-01,-4.369884113935492698e-01,1.724477797799955636e-01,-1.432147907811613385e-01,-1.705116302856316685e-02,-8.997586405610423499e-02,3.007078793305698605e-01,-2.029603051324641583e-01,-4.552919683708739340e-01,-2.684810948553946752e-01,1.600081482928470411e-01,-5.813886248962690795e-02,2.954330641753539696e-02,1.044570419924832974e-02,2.135992449269257243e-01,1.503271575603933874e-01,-1.623789056117675433e-01,-3.217298228611530087e-02,7.583115766546537351e-02,2.406259016989034938e-01,3.254437772701951337e-01,1.641153447886526950e-01,-1.719778013889047552e-01,3.198814090791997633e-01,1.605651518913207010e-01,1.114836918993553222e-01,1.298147454468970563e-01,-1.004609487512172494e-01,7.481126841682701756e-02,-6.817783805323723856e-02,-3.397677816500871417e-01,1.318186776636078306e-01,6.140744011262838642e-02,1.228579017142773788e-01,1.222012918693981820e-01,1.205636609208100979e-01,-1.958115028540177889e-03,3.228585379413418943e-01,-1.315199081284401661e-01,6.346165873870227014e-02,4.901258753785471545e-02,-5.284272935095642859e-02
