6.865316298962894637e-01,2.771436542786571700e-01,7.913072105280259949e-01,8.540054037625648409e-01,8.416503863643534089e-01,8.179480292542169462e-01,7.822237638419421435e-01,5.771574886321176878e-01,4.603193495602840857e-01,2.922655431564534778e-01,1.130483246299350125e-01,1.164777510713672914e-01,1.866301948411448752e-01,2.868188001934163234e-02,-6.361854263230770634e-03,1.528735257883160614e-01,-8.547262651527050281e-02,-3.541205642840593304e-02,-1.471651824026751210e-02,2.302524261294144545e-03,-3.593667330156545547e-02,-1.910898901742971723e-02,-3.328465039623675764e-02,-2.349005561995131178e-02,-1.600471607178857170e-01,1.067128321803159086e-01,1.141547106812362475e-02,2.773316564277693644e-02,2.444793371618888822e-01,-9.405186825758597713e-02,1.877919869558650201e-02,-1.529726162746786232e-03,1.361115199364922312e-01,2.961942313101183569e-02,-6.021346508658120822e-02,-1.861881316507019157e-01,8.713002210673206904e-02,-8.309745819308239634e-03,-1.745606995584733923e-01,1.976886523455745337e-01,-1.642804839873297437e-02,1.118842667750041819e-01,-9.580720668458565792e-02,-9.585648140745126056e-02,-1.348703913743632410e-01,-8.991343128241197080e-02,1.612789991655336208e-01,-8.515225106083718076e-02,8.964825802809116978e-03,-7.949992719320378431e-02,4.504520891472102440e-02,-1.695558015529997631e-01,-2.457239886277010760e-02,-2.730927279636573002e-01,-1.173874395400478221e-01,2.887314139934892276e-01,-1.747158035463262232e-02,1.078744652773304946e-01,3.947653042642534915e-02,-1.025775328282668986e-01
6.145474416216878399e-01,7.015234673000373400e-01,9.985623384990309770e-01,7.452456530781038646e-01,9.020436370221502909e-01,8.856022304800090783e-01,7.753768872238371301e-01,5.229711726778460967e-01,3.251390885504998329e-01,3.232594246640332902e-01,1.318968876059625484e-01,1.378835794665518033e-01,-6.948110710847468958e-03,-2.674445868243298038e-02,1.123125656666811717e-01,1.640594404145456486e-01,2.368331129675715907e-04,1.130939890324667713e-01,1.269950926717974826e-01,-1.084434383179197492e-02,-2.753832733137443617e-02,-6.799687467211998348e-02,-3.690234348468661441e-02,1.442908531453880039e-01,1.701926653656055111e-01,1.572434351208326642e-02,-5.333593225792256781e-02,-3.408031799788045074e-02,-3.191296695751739271e-02,-1.528835646783766600e-01,-6.803764882064936015e-02,-1.175044091649210670e-01,-1.915441414254044974e-02,8.315601412015359573e-02,-6.493890625571105413e-02,2.488516603128579363e-02,4.369663431721713259e-02,-1.791844019871945415e-01,9.716636570228659453e-02,-8.222629271233173470e-03,-4.737276332287222724e-02,-1.175679331048276738e-01,-2.556359452034890345e-01,1.427940588870224570e-01,6.941842576081537486e-02,-1.723646229375310202e-01,-5.799294603136188192e-02,-2.319399143961774767e-01,9.182728707605525287e-02,-1.978106571283151927e-01,2.017644422049199027e-01,-9.272154495152266918e-02,1.707708976730913930e-01,1.526426497394334503e-01,2.524799952956250371e-01,-6.881921467310653240e-02,1.010213421579701232e-01,-1.765646341396023278e-01,-1.423633174509854604e-01,-1.999810191074908594e-01
7.633368662155796125e-01,9.170454166262306250e-01,7.657319266079085640e-01,9.967809450643045910e-01,9.636388275690264127e-01,7.353258593355006534e-01,7.022193056584222770e-01,6.163956038451224861e-01,5.265808506624144458e-01,3.285586619927575169e-01,4.476708195580619658e-03,8.030649249554175362e-02,6.330773934763228583e-02,7.514375188956128049e-02,2.984681072765522566e-02,-3.848208031271932623e-03,-5.835875693711676387e-02,-7.868782318288768118e-02,-2.638855390559417119e-02,-2.685704229254255379e-02,5.405810201020357086e-02,8.336010240944051464e-02,9.441725329972461278e-02,-4.702133098145955606e-03,8.079959387915039426e-02,1.789110829662894295e-02,-5.694363084439864331e-02,1.284960566248048996e-01,1.828961057046400440e-01,-5.408130378675374619e-03,5.941248358508651600e-02,4.182437147067309680e-02,2.090477282805249248e-01,-1.454820689515631815e-01,-7.176700266624413960e-02,1.045757936493176415e-01,-1.826318454246186607e-01,-7.045380820823178569e-02,-3.183654060777057343e-02,5.316774773552629396e-02,-5.412501034586547285e-03,1.999538509326534430e-01,1.733197599187243365e-01,-2.404530952875980065e-01,-2.458305070558639560e-01,-2.479950254987422966e-03,2.262536924164074148e-01,4.901815539480179618e-02,2.109900723715492088e-01,2.722341735169312577e-02,1.154912361929583547e-01,4.056848417041550303e-02,-2.400826814571832557e-01,8.341810217741010836e-02,-4.482255020183204680e-02,-6.862655493622984992e-02,1.010145630029523067e-01,-1.274325079665056815e-01,2.331106552414549671e-01,2.041219906092361369e-01
7.269599108131434839e-01,7.992131631184223872e-01,8.146059908334146726e-01,8.279058984597702509e-01,8.244754786031187610e-01,6.765850579023022782e-01,7.298535995298401913e-01,2.063868852769683571e-01,2.987553141231183984e-01,1.212416005865250834e-01,2.203295709555417869e-01,2.611938904784401605e-01,7.351444646520516324e-02,6.562938529243822483e-02,1.559588626418666468e-01,8.143843078561203985e-02,9.311793509006430214e-02,-6.297603844562793540e-05,8.923758438034262719e-02,-1.141944390795105457e-01,2.470230784426139664e-02,-7.899212223177246028e-02,7.429314032328371287e-02,1.082361492893978705e-01,1.364075537775302771e-01,-9.825617781341161941e-03,-1.342489655487558164e-01,3.698778971949979316e-02,-9.309572193649114091e-02,-1.822185306572174368e-01,-2.968180004493436303e-02,-4.166002213378895702e-02,3.429755275941742676e-02,-5.781479714651853452e-02,4.582079746739033121e-02,-1.041111002600864782e-01,-7.878424476547632449e-02,1.835476867548428426e-01,-8.401694508364690450e-02,-1.469527372468920068e-01,-2.331853965102549109e-01,8.252935344028483958e-03,1.532725689849095130e-01,6.998490374736376918e-02,1.052495283996599112e-01,6.650892833003752176e-03,8.216986668964518237e-02,-2.291939637314800021e-02,-2.834023278619888370e-02,-1.254941846553942197e-01,7.290408354270147898e-03,-1.550705264723636345e-01,3.662777748851591131e-01,-1.116370853015586639e-01,-1.632743776156251880e-01,1.405353203762945424e-01,-2.011377858500416616e-01,-1.478253427730445990e-01,-1.992792988364229800e-01,-4.535762457201321374e-02
7.182800321274285249e-01,8.398538938934662079e-01,8.737613811493343263e-01,8.837608634216131964e-01,9.146253964445749673e-01,7.396782762038393022e-01,3.654767023042618246e-01,4.476639300559580592e-01,2.775107816217456391e-01,2.378310549537992480e-01,1.152545563856516020e-01,5.322933383514130007e-02,4.064957975458276251e-02,1.425714635898669425e-01,1.771957247549076631e-01,9.667951089902319939e-02,5.117497628781564334e-02,8.344563890265362105e-02,3.257702438734268874e-02,-2.916927690917044819e-02,-3.176822193541396777e-02,-2.260401653906864983e-01,-1.059534117189794289e-01,3.976779447658805589e-02,2.976946223420495925e-03,-6.805408625954789681e-02,7.426098289123186924e-02,-3.570151647558922337e-02,-2.155069833103973598e-01,8.626897697820022637e-02,-3.158968988924522325e-02,-2.638135168709826450e-02,1.268211587200412660e-01,-1.399728101785256973e-01,-2.590538853613373327e-01,2.948302195722685322e-03,2.676855634783474325e-01,2.113099307654142112e-01,-4.019597825896470758e-03,-5.323965559788411753e-03,1.590284919644742168e-01,-1.389638361339893824e-01,2.147996601885611145e-01,1.158791676572982175e-02,2.779375929739160700e-01,1.913292987204464612e-01,2.149440585370917395e-02,2.155137098623380321e-01,-1.399836328971724164e-01,2.183367487678716801e-02,1.696675167223886949e-01,1.690550275332757812e-01,1.569442792553769617e-01,-2.797872595362368986e-02,-1.279373881179178274e-01,1.245016873300599791e-01,-1.019156828032788918e-02,-1.975719455855061424e-01,-1.657970164983911532e-01,5.897601964585517942e-02
8.145676865581723547e-01,7.354655490256420958e-01,8.294159050972279568e-01,8.416913252362643316e-01,6.886940697168980607e-01,6.080381078136400941e-01,3.790548456402976774e-01,4.911050673708594050e-01,1.396700311205896217e-01,6.808899444062081752e-02,5.564751856074960645e-02,-1.553074943443855452e-02,1.139542191683476091e-01,-4.295675903712897585e-03,3.574645043987369486e-01,-8.070016824701935210e-02,-7.932357026391660682e-02,1.019951014090464125e-01,5.955514886635387972e-02,2.336261253544337849e-02,-1.482303094545761243e-02,1.185371808424373202e-01,-9.894740627251245868e-02,9.853210566526622582e-02,2.284222694494967842e-01,1.408185537479073324e-01,3.400291513737001281e-02,-2.525214255208127478e-02,1.613847400653816710e-01,-1.625062780250047939e-02,9.127547511344435288e-03,-9.137112711292398604e-02,1.226369758540384741e-01,-2.072431196382561527e-02,1.738079123173415274e-03,-1.625461439776638636e-02,-4.386196923163591249e-02,-4.984710521577943865e-02,-1.995386134129669559e-02,-4.157047025621043307e-02,2.367310433566985617e-01,-1.700597339503596150e-01,2.553278305742651133e-01,-1.059208334903722903e-01,1.483577896356424175e-01,4.287281320093293546e-01,7.358893977605593384e-02,2.304842381799918627e-01,-1.641694343959582136e-01,1.273370976464208992e-01,-4.361203913040811314e-02,1.976153185644328736e-01,-1.093236824338478658e-01,9.324163451048077256e-02,1.246338736440963935e-01,-3.400271301321942941e-02,-6.211242713844820212e-02,-3.123447166919528575e-02,1.886175834737862170e-02,2.021662381388125984e-01
7.976066665886423213e-01,8.496089885931586982e-01,8.087941351459380090e-01,8.302525928534805200e-01,6.358716472347347715e-01,5.215861245597128715e-01,4.620793034801902732e-01,4.047851061850838983e-01,2.723676945597460763e-01,4.709772190105404599e-02,1.448964223113516914e-01,-3.236873208413256625e-03,1.806623745196902220e-01,9.570673856437753035e-02,-1.551007671276228295e-01,3.332287034202729981e-02,4.453915041983475681e-02,3.740163138168878156e-03,-6.014325587114297683e-02,2.116587216000213184e-02,1.088849795598036130e-01,-8.537108381958477543e-02,2.148163271913593880e-02,-9.005555002625058314e-02,8.003693804908308673e-02,3.142367756109233634e-02,4.331950801464690137e-02,-1.967840696308219006e-01,-3.172717983984022633e-02,1.917941042731242107e-01,5.004331362499431224e-02,-9.959632367367907135e-02,4.727101233515412781e-02,5.109499897307188260e-02,-9.269616915330880502e-02,-1.625065540224905070e-01,3.684114616269917875e-02,2.244212771452910871e-01,-8.536791270862426409e-03,1.906616932794806887e-02,-3.936395273845074566e-02,1.187818140725782580e-03,5.993513674552886430e-03,1.707377767487464615e-01,4.321216993498733054e-03,-1.349583047098423805e-02,3.232653007156300884e-01,6.094106840589950946e-02,1.859094477511002430e-01,4.059986657050698028e-02,-3.801670951703656209e-01,-9.647234268282547931e-02,-7.984523907018116484e-02,-4.188697551757215864e-02,8.704019025847985203e-02,-4.730669577806388693e-02,-1.534641501302657918e-01,-3.867621711558206221e-01,2.047775461539157529e-02,4.416274184016877324e-02
8.003199926700702571e-01,8.368247498786770544e-01,7.949690045412312056e-01,5.900613757127796122e-01,4.809432918109463051e-01,2.941097658325179109e-01,4.897258743967389805e-01,1.844668756391062425e-01,2.052920408608946146e-01,2.239228003192985511e-02,2.257377906492408770e-01,2.018315940491500690e-02,-1.661493602711024836e-02,6.114934655006727671e-02,2.069209103827993612e-01,1.502903512817747589e-01,1.781119682276885441e-01,2.615786254852265902e-01,-3.095013764463823772e-02,3.683477345244415280e-02,-1.334270114205178548e-01,-1.020906838367570055e-02,1.167532103879011657e-01,-6.904096600595248379e-02,2.038150530333302998e-02,-8.926400571281119245e-02,1.075373984136055866e-01,1.136882896804019688e-01,-2.700708779526738573e-02,6.342705572444887197e-02,-1.144057459014236099e-03,-8.696610409581798096e-02,8.785862645163058926e-02,-1.497228213957151888e-01,-1.480072432894926626e-01,3.621512093264134171e-03,7.258726849869631681e-02,1.834514358568553050e-01,-2.043137553671316858e-02,9.524492400945214210e-02,1.963964873312742665e-01,-1.571371057435740626e-01,-6.937500247560045297e-02,-1.352462458783107446e-01,1.100845718046850469e-01,2.528295574420278413e-01,-8.759323518829843780e-02,2.125162771070023271e-01,-1.352174783600441563e-02,-1.081062163735052595e-01,-1.854784252422153057e-01,-5.680170710369758513e-02,-8.867338951421055221e-04,2.086290132233097408e-02,-1.793177573814706549e-01,-2.307088282569629833e-01,2.337170849924647964e-01,8.059122854530895164e-02,1.475711748378741306e-01,1.630425750508751048e-01
6.941607921778893964e-01,7.234864224331323257e-01,6.766181059499121186e-01,5.582571810761820519e-01,5.615038804720768884e-01,4.861041789769489085e-01,3.840841588717358590e-01,3.532797735700552999e-01,1.544530466436528915e-01,7.947790834912193958e-02,6.766920843504549421e-02,5.325271232044866132e-02,2.210882957019001949e-01,-9.876977313284984739e-02,2.423250544622962133e-01,6.234284816417272335e-02,-3.323493322998767596e-02,4.878326604919779041e-02,3.941802964325326342e-02,-2.623662273043724236e-01,8.667221142963357772e-02,6.662239166730013484e-02,-1.077112069019876966e-01,-9.777322212756281439e-02,1.755532115357999745e-01,1.296920286596489891e-01,1.705813240704941863e-02,-1.458703722732055952e-01,1.326710194699263212e-01,1.340586333653715212e-01,2.200467560497273295e-02,-9.986403723805765964e-02,-1.035575424140028344e-01,-3.810462823564465806e-02,1.568646091850314228e-01,-3.713006058092065131e-02,-1.069996485534943087e-01,-1.936757636737062305e-01,-1.063519485960575245e-01,7.456295607267381109e-02,-1.105770447818428259e-01,2.078289711196386891e-01,1.368513642548445097e-01,-1.375092146605616517e-02,-3.496631983316077913e-02,-7.318303638693868240e-02,1.277215776086652321e-01,-8.509515383612528683e-02,-2.003367476383474677e-01,1.251008604603247587e-01,3.582771984581745173e-01,-2.997979938134848754e-01,1.584586494471254547e-01,-1.337310548084333361e-01,7.774150955120520678e-02,-3.735649474151402916e-01,-2.804167160709013507e-01,-7.559281588708521848e-02,2.169424934760045935e-03,-2.443795166802204544e-01
5.151482164609326730e-01,5.816187422682375097e-01,4.448615638222582769e-01,3.393201464128650091e-01,3.403317555102886582e-01,1.391860400660946684e-01,1.954267828189288347e-01,3.887207192049841331e-01,1.962721383515422247e-01,2.023075283288263970e-01,-3.705829324336298858e-02,-1.065785269576799976e-01,1.204161513683465190e-01,1.678017655698383070e-01,-2.855931824535234975e-02,-4.740205221503195065e-03,-1.219553019937073407e-01,-2.192162006325116264e-01,2.525171634100074058e-01,1.984081594977405577e-02,2.029203024399960434e-02,5.908657525821599255e-02,3.946576823883618523e-02,1.914803466113491545e-02,3.388892623019755246e-01,7.643779224764749025e-02,-5.141251446694674460e-02,-5.076005016100236522e-02,-1.565406190753253213e-01,3.373624282777415995e-01,-2.971430213914215135e-01,-2.295507734687887019e-02,9.760999361336854252e-02,-1.300588462498948605e-01,-3.199601753080170141e-01,-1.388744206484373023e-01,3.022340189342137551e-02,6.069566315644436827e-02,-2.969366429625007187e-01,-2.019525100228678482e-01,-1.374736921522931032e-01,1.623262332014845655e-01,1.070627113461810609e-01,-2.214236932944904923e-01,1.152289546111596036e-01,-6.472037719786863375e-02,2.604234398598546246e-02,-3.767968058443104534e-02,-7.397293910451012422e-02,8.409600880986592419e-02,-4.172936170636314113e-02,1.642387393136019447e-01,1.329341400907715909e-01,1.230125676694627523e-01,4.754070582055569538e-03,1.308115508160060669e-01,8.186855630499872971e-02,-3.942710571088360316e-01,-2.316628125634213053e-01,-1.916739537757384815e-01
4.487097192064680162e-01,2.817119212260364436e-01,2.527248705078463664e-01,2.737915210345929773e-01,3.068016663530616084e-01,8.421933842068679565e-02,2.463704534707339966e-01,1.825946957603051257e-01,2.467585350935975197e-01,3.922401294963148710e-02,2.733966588354966865e-01,2.641525054073985343e-02,-2.349287241922604162e-03,-1.497103076696174040e-02,2.227860569420601622e-01,-1.764185884365262746e-01,1.580752572470753292e-01,1.535771851126938592e-01,3.960589759169908658e-02,5.876977732890825701e-02,3.015001676271474376e-02,-1.215919846175368690e-01,-8.772098590285544450e-02,1.159204306595844614e-01,1.280600304089004327e-01,-1.080697305101754740e-01,6.154532144278219985e-02,-7.588885478341508839e-02,-1.004497375919433631e-02,-2.477838956063771556e-03,4.156058243889833304e-02,-1.519321778131222933e-01,1.266568193780948648e-01,3.294858684425184814e-01,1.384680991097851366e-01,2.001827883327049751e-01,9.701410361213995415e-02,-4.193703673654327474e-02,1.480436743485323281e-01,-9.747006562479680614e-02,1.841060817104638314e-01,1.974775765523701099e-01,-4.886299911742802982e-03,6.772826802084369602e-02,1.394136118432174887e-01,-3.418773340467158584e-02,1.296365804593433702e-01,4.608819891907390068e-03,3.077510110803209978e-02,-1.808661929003904101e-01,1.736050972167240136e-01,-1.075027488789082053e-01,-2.067432404924018810e-04,-1.321332650595687941e-01,-4.519590120544000195e-02,-2.456251601785613414e-01,-2.918967631310815519e-02,6.257012692820175526e-02,-2.908516609661077144e-03,-1.647633663592314446e-01
2.527552373500948635e-01,2.509801723503316540e-01,4.352802177698941177e-01,1.697481190551788088e-01,-4.754607320393823555e-02,2.573332275201337116e-01,2.491338641411133814e-01,1.018602018167833190e-01,1.883275242144358819e-01,-2.662644999779343810e-02,7.298693156656747838e-02,-3.700996302551045475e-02,6.901897462971517960e-02,8.882434107790226907e-02,1.266891654654326294e-01,-4.241186199936021473e-02,-2.053097268065978698e-02,-3.309763400797626209e-01,1.267441584034752766e-01,1.416261845892646531e-01,-7.078114645432101448e-02,-2.598700472314760535e-02,8.701765367169241039e-02,2.051133503455887172e-02,-2.205098222283116000e-02,7.622116639790914305e-02,2.493292806659007932e-01,5.601915235609167265e-02,3.616748840360960171e-02,5.308910325059033181e-02,-1.848328996893806517e-02,-2.233455921803872979e-01,-5.070265921379120411e-02,3.386621340755347626e-02,-4.000617402511675441e-02,3.747033819331743038e-02,-1.701832419011158337e-01,-6.191863633390026767e-02,-3.387504110606039953e-01,1.236321045116254257e-02,1.185259553111707859e-01,1.202906223565214415e-03,8.234678018844354686e-02,-2.896607631579202757e-01,-3.434707467434055389e-03,-3.356277283387432697e-01,-1.858865717931204239e-02,4.425087607406676393e-01,3.163526999540430817e-01,-1.647797102538625658e-01,-4.041882312129858879e-02,-1.173689664549058820e-01,1.250701878497288422e-01,-1.670984577136865046e-01,-1.175350346634079779e-02,4.298231358532772495e-02,-7.816116470082527801e-02,-2.411440304177960847e-01,4.398088648897077180e-01,-4.343126518403832570e-01
1.902956479702258841e-01,2.987388562419407423e-01,2.009174141910681777e-01,1.759064809915882321e-01,2.315697571639191987e-01,8.323936087118628813e-02,-2.447076818523837016e-02,2.591219122583656234e-02,-5.791807685134769956e-02,-5.530981397843087732e-02,2.146783736238460083e-01,5.982957696294388672e-02,4.316542837732108978e-02,1.301213211250623059e-01,1.924533218457490091e-01,4.335140263601659077e-02,2.264319506160406004e-03,-3.111988971260172196e-02,1.001456770055216827e-01,-7.226938762867313182e-03,-1.550894128705029296e-01,-2.690697403018756928e-01,-2.146732451555390109e-01,-2.169071578598298980e-02,2.811055362471268082e-02,1.491584832709614283e-01,2.820931891994490209e-02,1.114464884834252822e-01,-2.254853510980591447e-01,3.830526295199986886e-01,1.169374841763483885e-01,1.020491522509871796e-01,-1.069284744500782203e-01,4.082092899887476006e-02,3.625862304596992602e-02,-1.064599992305227116e-01,-1.089111195869088000e-01,-2.855470043845839689e-01,2.505767265081428330e-01,9.140947816075453702e-02,2.335230844478596024e-01,1.505974760179848715e-01,4.565072184488131596e-02,2.527411511459357607e-01,1.619383960079649465e-01,-3.587737716646636210e-01,-8.498213217913186748e-03,-1.079045790697631679e-01,-1.144040807839195456e-01,-1.869103331769896847e-01,-2.360015427454345838e-01,-1.900869561235831173e-01,2.538106659248471897e-01,-3.425096501263157345e-01,-2.460991912732719555e-01,-4.011235452028015513e-02,-9.326076879851041834e-02,7.589938805488988249e-02,-7.563710437650449092e-02,1.888591963667573398e-02
2.938022426746230709e-01,1.095764198487929886e-01,2.630377665674388937e-02,2.126959677716802888e-01,8.669139502820449872e-02,-2.291329095199726856e-02,1.041996043616923162e-01,1.451333237169736001e-01,1.618573797696971073e-01,-4.827829532625208669e-02,4.959825899049918749e-05,3.840824497460747222e-02,2.915714226385218710e-02,-1.624870889484073266e-01,-1.223614869940593472e-02,-2.353227871575918617e-01,1.830493125198777438e-01,1.641053347644781391e-01,-8.016418048673898400e-02,3.254905079909405780e-02,-6.868799000600875337e-02,-3.045108672327691002e-01,1.521791568636811642e-01,3.374466010439585578e-02,-3.175690574925170429e-02,-8.869446785463933058e-02,1.449279095767271597e-01,1.287831851325661747e-01,-1.853777669397766170e-01,4.886073617100636368e-02,-1.312185964800583471e-01,-4.672971307525094348e-02,-2.784650881848071968e-02,2.588669585667013329e-01,1.875363630039925122e-01,2.654582795056070754e-02,-1.980217066992061847e-01,-5.791975118245866472e-02,2.087248529812961786e-02,-1.063747488835576210e-01,2.688499282112977087e-03,-2.893668656556397378e-01,1.363530531246301136e-01,9.520405246945068400e-02,1.488231259428454646e-03,-1.279409259318447789e-01,4.134900792222827304e-02,-4.812248788281946188e-02,-2.330751705982747057e-01,-8.568767940196016231e-02,6.062965873081214291e-02,1.321235540628540872e-01,-1.385081051731225366e-01,-2.613904181028854357e-01,-3.504775682412991644e-01,9.561777468526508339e-02,-3.951955369494016684e-02,2.470554912968534605e-02,-6.311696929814859802e-02,1.599963428935829712e-01
4.286149426277326147e-02,2.651177223571056785e-01,1.733839013474277047e-01,1.004367177170233799e-01,-7.901830494704809027e-02,9.573775541116529009e-02,-4.058758198650706805e-02,-2.351220735341374296e-02,9.739212787198867072e-02,8.075744253570746323e-02,3.014515274911878581e-02,1.948840869703626424e-02,-4.137152620554265109e-02,-4.185955759431061324e-02,1.149495366239949856e-01,1.469623489175711784e-01,1.696845378401107829e-01,-1.153488248175089659e-01,-5.872647609168322319e-02,-6.017754334739115057e-02,-1.142913665918893484e-01,2.239156867752153598e-02,3.311876807561617286e-02,3.084924104632907199e-02,1.096736336450262195e-01,6.424500559266482606e-03,1.739759298482311881e-02,3.931512670154666683e-02,5.002112794450426503e-02,-2.166086854249623106e-01,-8.508561011276047359e-02,1.419794088650470631e-01,-8.503911333339349288e-02,-2.550907211404133262e-02,1.907407737491298438e-01,-1.238623675870201418e-01,-1.240276282362348798e-01,-5.401710950032886233e-02,6.037559465533933606e-02,1.532100719006441181e-01,5.040489684532896419e-02,2.318317377242848087e-01,-2.438821009391850259e-01,5.597012603153923849e-02,-1.677777971501045184e-01,-1.844819030886366285e-01,1.986280646580170645e-02,1.956396458790262693e-01,-1.145478194727766602e-01,3.987780566591993259e-02,-1.789374836026779714e-01,-2.937113480703502227e-02,-1.184345832911386232e-01,-7.600863917017415539e-02,1.264154505887523094e-01,1.076077967964188947e-01,1.564752085166290496e-02,-6.782690806883059573e-03,2.963294468730247669e-02,-4.317973519552729955e-02
-8.458402744258670947e-02,5.245755016688380401e-02,2.336814683973824636e-01,1.439375235591086877e-01,1.864483427792787418e-01,2.171584767686624562e-01,9.562419307128033896e-02,-2.358372387290031541e-02,1.638338801529875405e-02,-9.802604546193321999e-02,5.080801928244862292e-02,-9.929658696525818506e-02,-3.040234743538217273e-03,-1.589872444344706259e-01,-1.207389729709833770e-01,1.172224747133296038e-02,-1.082662414234711462e-01,-1.857340077645519560e-02,-3.834188771298559922e-02,3.480510276464920255e-02,2.055412380594974497e-02,1.679631997375138214e-02,-9.152917422126101432e-02,7.775643994737299614e-02,-3.354460932759711911e-02,3.501661594181924853e-02,1.904655727326464570e-02,-9.913260367146889407e-02,1.449271232789701713e-01,-1.225140028261509084e-01,-9.436001123391063450e-02,2.095103570678114868e-01,-8.810045545929745276e-04,-1.206753674351553202e-01,-2.229642030682737336e-02,-7.500595870549744970e-02,-3.286403634348652320e-02,-2.207259007195337408e-01,-1.331370967224422275e-01,-2.109315147438436122e-01,-3.179615834069415142e-02,-9.692331713672533433e-02,-4.883377002239974729e-01,-1.273153658552639844e-01,-3.740812863162850527e-02,1.838749778364526244e-01,6.956349172700385108e-02,2.802636359081910333e-01,-2.905984055825238110e-01,1.499167891688421295e-01,-6.641940201415863845e-03,2.451883485521421657e-01,-1.984432415324206556e-01,-1.879447560682306340e-01,2.164892846287082284e-01,-5.673590629909631977e-02,3.373077419024380630e-01,3.833405926573195399e-02,-2.204357789278247465e-02,3.233963739615551836e-01
1.554896710073616906e-01,1.719904293745946333e-01,1.032973329123520606e-01,2.885445042572006361e-02,1.870537739513345454e-01,6.402450520974545256e-03,5.692231513560036538e-02,-3.614308308683637089e-02,-1.028309369533827178e-01,1.836223149145681799e-01,2.062949052947027351e-01,1.210970890870050054e-02,-8.688721146326069955e-02,1.724209046467432491e-02,-1.333579823750931648e-01,-5.658985288223095100e-02,-9.652121620181569606e-02,5.116499295886750565e-02,-5.972061377241472298e-03,1.864338240997137717e-03,7.015249780288761172e-02,-6.095556333012606964e-02,-1.028278274694995470e-01,1.700700414002344341e-01,2.939946031235479706e-02,2.276654942521907921e-02,2.691824481242073228e-02,-1.667453701682927447e-01,5.223504764540341100e-02,-6.400866998625810711e-02,-8.130619839393468662e-02,-2.788907404089017161e-01,3.042365439066466726e-01,-1.867692673890708477e-02,2.244557238399789156e-01,-7.126429520880833701e-02,-1.995835088973844651e-01,-1.318081377453083902e-01,4.985060065013972169e-02,-2.111913545626121214e-01,2.012119923946466549e-01,-1.836290649514024098e-01,1.480326705540215282e-01,7.115348603652227669e-03,5.398704245142182945e-02,5.570510105385193533e-01,2.838792051653398624e-02,-2.930652473556251136e-01,6.993683184981640266e-02,-1.902781355645639591e-02,1.776752474306983187e-01,-5.911450347307450892e-02,9.966042619805107194e-02,-1.866204577381221363e-01,4.347875353472946403e-02,1.460247359944102929e-02,-5.592137184888203855e-02,1.135321899734016010e-01,-1.840040713090411797e-02,6.385614268279146688e-02
5.177032692479213022e-02,1.264174597729199323e-01,5.126557971887894805e-02,4.171823066996062368e-02,6.167712550969937230e-02,6.752870525008231040e-02,6.418961055976853125e-02,-8.822164652387719241e-02,1.999657917401553298e-01,2.946505814150724920e-02,5.592885957034442190e-02,4.627308736874116007e-02,7.160798028043488528e-02,1.679435774451485675e-01,-2.759354613323113797e-02,-6.479069061025517599e-03,-1.423549883681827707e-02,-1.739282552174847563e-01,1.225056125108240079e-01,-1.053715807026433665e-01,2.233439814984712612e-02,-6.747420187885616594e-02,-2.225477906273413270e-02,3.254233444878414372e-01,-2.239554681061147190e-01,3.709787870188102545e-03,2.695315986164079636e-01,-6.039708841858528604e-02,-1.521267479870309913e-01,-5.504591099344836869e-02,-4.301657177652574299e-02,1.057185379444907786e-01,-8.441938928939500542e-02,9.881876670391190332e-02,2.783586558339582601e-02,8.824747969041953077e-02,3.835834112454813982e-02,-9.788448093923729498e-02,-7.765801971347305321e-02,1.353007331412260650e-01,-5.273061040678583833e-02,1.539628682849576713e-01,-3.285639849673095414e-01,-1.792861388016228630e-01,9.303445869939043489e-02,4.802401963218437542e-02,-8.583799280039305923e-02,-8.725517965401252685e-02,-2.370772136595747648e-01,3.427034624900177073e-02,-3.174201863570219606e-01,-1.767581403590611500e-01,-7.886074623588942845e-02,-2.285048822557735060e-01,-9.726884157604897760e-03,1.595463864751683059e-01,-1.722757153839531152e-01,3.669805938483281654e-02,1.771748073489708697e-01,1.645712731355598313e-01
2.511613640276889187e-02,4.076209201546521221e-02,-1.063137198903553113e-02,-7.144227519120427417e-02,1.142045879468385622e-01,1.046643762970676794e-01,1.275017058899405309e-01,4.926223465554472464e-02,1.842308418046036400e-01,-5.492346063736741613e-02,-8.447969561016158493e-03,-1.388372690698704282e-01,-1.204636178426369275e-01,1.136090876663863741e-01,1.791352689910241935e-01,1.543165203101016514e-01,-3.999791291247007385e-01,-2.569977743200763109e-02,-1.389727937612261210e-01,3.568498573270485752e-02,-1.457730962543369313e-01,-7.756842995005283625e-02,1.599833730225598272e-01,1.276318556511019109e-02,1.557184231428515309e-01,2.118288407550943386e-01,-1.298319019839075938e-01,6.560641267993018444e-02,-4.067517355943117002e-02,3.953953087404001032e-02,-1.315160708127804988e-03,-6.308752669481201836e-02,4.127885861648233901e-02,-8.934463955860692808e-02,2.006323772664956456e-02,-5.430214359071124097e-02,-1.309983861546593908e-01,1.410918270805328334e-01,1.506569570599972097e-01,-2.448423503002666313e-01,2.071828736201252741e-01,-1.943841061709597473e-02,-1.203608291743321762e-01,-2.754369662645526073e-01,-1.978657664132681959e-01,2.583136941334165937e-01,-4.945577118422871815e-02,2.519670821671506911e-01,1.115322044291947867e-01,1.340216215405944378e-01,-6.168364291703587465e-03,4.251325660055056688e-02,8.989247677912534651e-02,8.250554009447885404e-03,-3.481854441078961748e-02,1.821694617013310813e-01,-3.561771923367081094e-02,1.302555880806011146e-01,2.910199942892125607e-02,-3.278995561960176136e-02
-2.374791955047533126e-02,1.109988477000538182e-01,-9.787818646179165250e-02,-1.221392248479183512e-01,8.029368536233091186e-03,1.008803469336144454e-01,9.785815372632859777e-02,5.844752895427076517e-02,-7.814078097868246142e-02,1.121204027812162662e-01,1.340552792778739732e-01,-7.607667545926130939e-03,1.131224144103622816e-03,-2.899859906774841095e-02,-4.917545416217129067e-02,1.206478726889801401e-01,1.333156207081963029e-01,2.585318100191796864e-01,-1.922506134498135344e-01,-1.177537160267531392e-02,7.155932108549294124e-02,-3.223342874899365329e-02,7.760523806352434550e-02,2.229222789770691701e-02,2.675590362604327727e-02,1.623125027062225501e-01,1.035121617794159954e-01,4.758260957264159874e-02,3.525608921368007798e-02,4.931655805796437975e-02,4.984847201566323938e-02,-1.033378260635508805e-01,8.435117843679033889e-02,-3.851840131708415133e-02,3.144984544058994358e-02,1.029161868226261545e-01,-2.533864004049322660e-01,-2.254751382828442396e-01,-3.784614119668239796e-01,3.172786893311150269e-01,1.933326456278326999e-01,1.061900638572586472e-02,8.538504386109060929e-02,9.483101908026847146e-03,2.266325963870679042e-02,5.009836278735042836e-02,1.667156549558437284e-01,1.523350216393167846e-02,-1.171259970647795488e-02,3.010876638108083564e-02,6.519852162204456403e-02,1.457499354450367268e-01,-1.346083188895538518e-01,1.782170182250225332e-01,7.821880200226898061e-02,1.378475240217654496e-01,2.553758851687283338e-01,-1.151407071427697770e-01,7.995202070181693654e-02,2.180663105511805588e-01
-4.553269704828383918e-02,-1.842567643068452471e-02,1.940118030136118998e-01,1.007375788776055936e-01,7.634264788776555510e-02,3.131582203094420563e-02,8.918045520893501388e-02,6.917906523102276828e-02,-3.106922052998615374e-02,-5.532335056479540519e-02,1.287089308197515367e-02,-5.519337765538334661e-02,1.206495753847528496e-01,-4.862859418143906931e-02,2.301451854828650938e-03,2.810249749601093638e-01,7.974243870425459790e-02,8.680009282154529937e-02,-4.699374547031542546e-03,-6.069310359252894083e-02,1.293178462807174633e-01,-1.022561225710269250e-01,4.428603201453482768e-02,-6.340945076210313669e-02,-2.052814246218926872e-02,1.077370242658517024e-01,-5.436967457323551439e-02,-1.307734652292248945e-01,1.499164229318746544e-01,4.858585077882020264e-02,-9.908967899277516811e-02,4.704479997034661798e-01,-8.322609968174048134e-02,-1.441515540446834387e-01,-8.709411739614801931e-03,-9.290693720033594422e-03,-2.494620446829820537e-02,-5.923447377352049348e-02,1.018142334827524254e-01,2.070738238403149190e-01,4.161030650511540752e-02,2.974241927002668762e-01,3.618084331650828767e-01,-1.551233065581431557e-02,3.321789690381041910e-02,9.071859477302491193e-04,2.595277408815344633e-01,-7.538226812946782762e-02,-7.312728007780588783e-03,8.661658625012298718e-02,-3.190384434455933449e-01,-4.591680432793551758e-02,-4.018879802975351689e-02,3.159066913452356073e-02,1.006271281948483837e-01,8.280167364393875920e-03,-1.183809075116886989e-01,-1.088464580730684056e-01,-1.103296021956327866e-01,9.056968774221600682e-02
-1.228584297451219137e-01,1.802442605347733262e-01,8.610780630578991623e-02,-2.794905118731065910e-02,4.236929242194424627e-02,6.458571351763840902e-03,2.791417056642723701e-02,-3.280919853115451396e-02,3.564445847128656919e-02,-2.241521511193456107e-02,-6.712947256067636204e-02,-6.225449591660481286e-02,9.607040753706748426e-02,8.510514290854039043e-02,-6.304290904691609021e-02,5.526037557754892755e-03,9.274818364017708983e-02,-5.983980377185410364e-03,7.794174955642487954e-03,-1.163299748162787139e-01,-9.441747337962309861e-02,-5.758648744737036862e-02,1.552897445909942886e-01,1.902163902482297553e-01,-1.742006277601474140e-01,2.014607557431008777e-01,-5.995221712778696366e-02,8.894346471903820384e-02,3.346006052765621019e-01,-6.408091855355514677e-02,5.799193748645581348e-02,-1.587160413128033964e-01,-1.257572636848570680e-01,2.923278340176082082e-02,-9.896388183385227896e-03,2.089668793247203421e-02,6.497711292425076279e-02,1.773531247530773791e-01,1.839820310204993425e-01,4.309987306399747087e-02,-1.275749142637097877e-01,6.477304148532833650e-02,-9.295591264407757071e-02,-4.238894150950960060e-02,1.620771856699066427e-01,2.222174064850634956e-02,-5.202163318847370654e-02,1.224206904309597527e-01,7.680534395629534661e-02,-1.234229935184320004e-01,-7.671628041151733191e-02,-1.805672211687593121e-01,-2.205638259686330538e-01,2.168263941908157161e-02,2.206676733888132402e-01,-8.701410616476581983e-02,1.201506723582076719e-01,1.798048799718787172e-01,-2.793928857801938892e-01,-3.989692778380069665e-02
1.005257292236864108e-01,8.789697547887290185e-02,-4.558652614745670878e-02,7.068857200589308276e-02,3.380749810159462687e-02,1.316876924682864290e-02,6.583837489784261261e-03,2.153119914455367892e-02,7.521797166619186015e-02,-3.982735358590119151e-02,1.340089044824095688e-01,4.254399541615662417e-02,1.333777510424647914e-02,3.671351244653513202e-02,4.093042404543167923e-02,2.123233314862996435e-01,8.225708869386326449e-02,2.524409394259575969e-03,1.895571166924398532e-01,-6.057409909997760883e-02,7.809672548546076065e-02,-4.236165217646433584e-02,1.951618916926550207e-01,-1.512304267692991533e-01,-3.794817523033324619e-02,-2.231269949778554584e-01,1.725657233384331468e-01,-1.650449821190276556e-01,-3.537969246633109188e-01,-1.057836919648875718e-01,1.334427978245303348e-01,3.968621628173316096e-02,1.795144563660601086e-02,5.589743844843850923e-02,3.594391415638968634e-02,-6.780572766360094816e-02,-3.067111028309815746e-01,3.631351605612207628e-02,1.316034581055002262e-01,-2.557050068005612409e-01,1.323677446107744682e-01,-4.126718997050277116e-02,1.402275714145284902e-01,1.218301847604138233e-01,-3.262831808553418589e-01,1.651511616849371256e-01,-4.659179961562597005e-02,2.730407747485005809e-01,2.082728945044975410e-01,-2.336152680182958519e-01,2.806991825147015993e-02,9.443063211417293545e-02,2.533913910347389623e-02,2.161156308253583680e-01,-1.278639196261646960e-01,6.219571654468368516e-02,4.462325257597421491e-01,-2.807276113204446033e-02,-1.221713208467153366e-01,3.530482366094241931e-01
7.470294341885981571e-02,-3.421509698825365986e-02,5.683152868755714238e-02,1.601573970116729473e-01,3.650698526211550166e-02,9.540520309117458964e-02,4.654664439045014257e-02,1.900418532098679392e-01,1.020094089158739142e-01,-5.185727795689008129e-02,-1.316196791440769551e-02,2.567528590442928055e-02,-1.599215707632432315e-01,-2.103034627991219249e-02,-9.236613256816894602e-02,-1.566236017939658803e-02,-6.663742502357819508e-02,2.434926282953297216e-01,-2.048871849416060709e-01,-3.091683683749327227e-01,-1.720576677388264419e-01,-1.176928416406342742e-01,5.520190775642956627e-02,5.311693207821265028e-02,1.283061631470954200e-01,-1.638808727211872873e-01,1.219631544370440024e-01,-5.450399359528897147e-02,-1.838979886338646952e-01,1.293990611910736110e-01,1.170175477297388938e-01,-2.930749170663428105e-01,-5.484395935237516145e-02,2.500924947557989220e-02,-1.291698323440035046e-01,4.696724399565466168e-02,-1.104437649399323124e-01,1.150064675994204172e-01,2.025292653699864442e-01,-1.035953112969293377e-01,4.078296706533968141e-01,-6.112284007035556632e-02,8.591567807531252932e-02,9.549673870308397761e-02,-3.064194391672532269e-01,1.803962055780978235e-01,2.975648947062224936e-01,-1.232671873943836927e-01,5.830611961930383391e-02,-8.214832339339515899e-02,-1.811638170351443367e-01,-1.178966971944974719e-02,-5.976564997697308632e-03,-3.708750209169394130e-01,-1.307361686924433386e-01,-2.601081967553846575e-01,-1.930513553507222091e-01,-2.435432737037678541e-01,-6.387822027465103747e-02,1.342846519134433259e-01
7.738790791760093157e-02,4.222016837249793764e-02,5.937924172732894634e-02,3.703580104935737249e-02,7.822462753278316971e-02,-1.162181046807129609e-01,9.434143768440125810e-02,1.063278339603676015e-01,3.201462880556744245e-02,2.772760938944227732e-02,9.245535315778261043e-02,-2.534765298841145167e-02,-5.204641200947888319e-02,3.442426004943564821e-02,5.412351460120252977e-02,-5.703378732454619099e-02,-5.035029344012410812e-02,2.096872667513937361e-01,5.949805056322569202e-02,-1.071953596661997243e-01,1.140546433021295478e-02,6.845041924550304691e-02,7.781196480881441210e-03,1.285562702739961038e-01,-2.607676067457154190e-01,1.782060398695786696e-01,-5.745507366734792232e-04,-2.196513490620771170e-01,1.924853998021035795e-01,-2.019797579634734497e-01,-1.390790917229098866e-01,1.150895287611931189e-01,-9.100146505623993298e-02,2.306590575090960438e-01,1.526405588181651007e-01,9.950188906309731518e-02,-1.851711273380951582e-03,-3.024019383329221849e-02,6.934161511653021137e-02,-1.737918304336751318e-01,-4.682323794862684740e-02,-1.923614825600148889e-02,1.956443687759446826e-01,-2.072813021512187603e-01,1.747588095840046842e-03,4.341570121097765300e-01,-2.319523018223061950e-01,3.083974560202823456e-01,7.765160257095245211e-02,3.823481943921138160e-01,-6.271700385507923692e-02,-3.523986902195690440e-01,4.929334876033304724e-02,3.116023675860232767e-01,-4.494498496083400296e-02,-2.296730849847306855e-01,-8.724219164939928106e-02,2.437743429302530185e-01,-3.856144179771127172e-04,8.592841453279984054e-02
1.522458411515838564e-02,-1.181395681004901270e-02,-7.188347223830275634e-02,2.554442577086947150e-02,2.303292465189349936e-01,1.153829947355399232e-01,3.606204511882166001e-03,-5.347580590900110481e-02,2.580052318186620286e-01,-1.608416617395456716e-01,1.506913089203498202e-01,5.914461171794521688e-02,1.496254484706540100e-01,1.279770863769165157e-01,1.171398857264144694e-01,1.248932756304975411e-01,-9.744661092002492378e-03,2.383552481429597469e-01,1.338279986108284747e-01,1.895756939586283329e-01,5.797781553050320585e-02,-1.484734756877703066e-01,2.719822081448636350e-04,9.462029853946160585e-02,4.618541080355561407e-02,1.116190165509328425e-01,-5.213538058242166151e-02,1.201731094390160876e-01,-5.270149725630061954e-02,1.239814727703559549e-01,-9.594962557549713278e-03,-1.134710430010885673e-01,1.226986132359233483e-01,-4.210927807453366395e-02,2.809149181014251040e-01,-8.917322697840081303e-02,9.245721061661640872e-02,-3.066676936759216046e-04,-4.164233672469151715e-02,3.171885632396389543e-01,-3.485522090171312704e-02,-1.481020536728003545e-01,-2.451327479245396235e-01,-7.673603218517317803e-02,-9.191671997341105405e-02,2.455051241752003247e-02,2.077734975029931763e-01,-2.266632213594839060e-02,-7.235240501496441323e-02,-4.422267135790773906e-01,2.931972630667022406e-01,1.529600115139586637e-02,-2.893725070185668158e-01,-1.727759564126127301e-01,1.179692344633808121e-01,-2.063502283834233175e-01,2.464941781304086921e-01,-9.249678043985308518e-02,2.783399004110027053e-01,-2.667998202899956595e-01
-1.081815915024578467e-01,-4.467782373294095638e-02,-3.501317985688536666e-02,-3.187841772518012345e-02,1.654270763460749805e-01,4.278338056515215010e-02,-9.314422294614899470e-03,-2.766726977667515741e-01,-4.343452870229277257e-02,5.565574876777393092e-03,2.362581875030681233e-01,-7.537423098408807531e-02,-8.618594653065768385e-02,-1.517429170125529914e-01,1.625364631662278847e-01,1.182662016638502955e-01,-1.104274611195727174e-01,-1.874864798099074581e-01,2.231371749213861833e-01,-1.491366702391967447e-01,9.437913041873742526e-02,1.285969467514672948e-01,2.300113989364147363e-02,1.502545623309533840e-01,-3.702450971692644675e-03,-2.137492603093529148e-02,-1.004440730863226904e-02,5.466641331293752015e-02,7.823093237936233624e-02,-8.065613933837227634e-02,-2.254235034544074812e-01,-3.442295444146802330e-01,-3.159648900092997259e-01,7.921282434103668613e-02,-6.861851159222960572e-02,-1.647239387449728476e-01,-1.704200516619641713e-03,1.767475732723617354e-01,2.342399119446358091e-01,-2.870810318697003538e-01,-1.111497867878846468e-01,-2.772158149896368842e-02,-2.586513510782154635e-01,-7.508414169914703895e-02,-1.213969066881088466e-01,1.117622206187895151e-01,-4.199085399490963544e-02,-9.423881369172926875e-03,-7.621394516725595036e-02,1.071068002647390660e-01,1.255254180796585017e-01,-1.377735526853132997e-01,-9.941606791288128131e-02,-4.657041292854898623e-02,5.849888964332040919e-02,-2.066215608340805227e-02,9.409444898834559701e-02,1.616909013058418221e-01,7.414519418305146048e-02,-1.725053927353056293e-01
-1.443701364592452907e-01,7.507994869082271205e-02,1.060683290013463877e-02,1.306337162532223428e-01,8.912185933209285094e-02,1.498764385675750987e-01,-6.526628989004765180e-02,1.429328453630821227e-01,-3.070810233611366222e-02,-2.926435612508833037e-02,1.591593036036424991e-01,-1.689480955842935853e-02,-1.892480867302066480e-02,-7.658773831192330905e-02,9.415100078491905888e-02,-2.535669719362326213e-01,8.106999517779507614e-02,-4.858512535015822864e-02,-9.978844120746930418e-03,3.428622861153600345e-03,3.425725306585743202e-02,3.668383659615418596e-02,9.244996802058740026e-02,-1.348143565427875057e-01,1.549493308756165477e-01,-4.542382181850446177e-02,2.327479514559770493e-02,-2.876396306939347364e-02,-7.017409602559412929e-02,1.756544120289767474e-01,3.293976397630012098e-02,4.542605411854034464e-02,-1.186963427482995714e-01,-5.240856240010849376e-02,1.767848566417065670e-01,4.539154865844639841e-02,-3.765724396636110916e-02,-3.019728485313316613e-01,-6.618434412458454319e-02,-1.417547667011244961e-01,-2.255491928176899807e-01,-1.240508836954101468e-01,-2.947318909569473025e-02,-1.195233860263583969e-01,-7.827295331082116669e-02,2.734500733617521995e-01,-6.321956618752307133e-02,4.558778410145554461e-02,-2.631773319530946731e-01,1.187108267392297245e-01,-1.183334658069302020e-01,-1.301096990370907702e-01,7.336624995602557264e-02,-2.010142543775084167e-02,-7.217976041462340064e-02,-6.149189350324883729e-02,-1.810324636689109035e-02,-9.426940987828109908e-02,2.381424740497695980e-01,-2.428464433498846164e-01
2.715308095446100634e-02,7.487715684464375798e-02,-5.784587953326928572e-02,6.547867772992979618e-02,-1.584406496558162653e-02,7.113817756556749250e-02,-3.734072639988740561e-02,-9.749510296233943052e-02,-6.520069065706771139e-02,-9.497562270047955890e-02,9.230829969129124291e-02,-2.916143480426913737e-02,-8.455326610605155835e-02,1.770970502358086840e-01,6.422676864324559920e-02,8.380163111787311547e-02,6.012246045433904118e-02,-5.252431653566915631e-02,1.606409080235281575e-02,-2.039260210485911440e-01,3.042542124869543896e-01,-2.977816987151263306e-02,-1.359105175901658136e-01,1.322418888393808722e-01,-2.362875174497616748e-01,-1.487871714692286518e-01,-4.530516045950038970e-03,-2.353860039485446420e-01,9.526518034854043748e-02,-1.269853925881937184e-01,-1.677911515906494941e-02,-5.373068480480432813e-02,1.090133643551232101e-01,5.232530697367643313e-02,-9.883227729449539645e-02,1.903423607225548236e-02,-1.509956539877221338e-01,1.640793583282743606e-01,-1.389044872008124987e-01,1.786702660114402111e-02,7.885243621459993302e-02,1.487557927531736046e-01,2.210819208625844703e-02,-4.892669385699174173e-02,-3.366408193670146209e-01,9.251318269777084047e-02,-1.824577377036958326e-01,4.818312942396797693e-02,2.681095237912933249e-01,6.858270193624046995e-02,1.461738161100673006e-02,-8.867556915763465109e-02,-2.517135415190673298e-01,1.315264298998827519e-01,-1.366048019705041749e-01,-1.170693923736606523e-01,2.583045919451339989e-01,-1.868159029323313014e-01,-6.154754159056177037e-02,-1.573278769983741388e-01
-9.032757320635693976e-02,8.058903102089878812e-02,6.905955112601541712e-02,-9.627876357243189687e-02,-2.659107167272889427e-02,4.889740543250114396e-02,1.226795389596577711e-02,-1.359349208353600180e-01,5.028853046949970096e-02,1.189950953955846470e-02,-4.780520112473791994e-02,1.101166888665967569e-01,8.877083084493501974e-02,-5.421005515139761671e-02,-1.045829540907389221e-01,1.625391411491400873e-01,4.513245368423315224e-02,1.576061489028416918e-01,-2.016942395340351468e-02,1.168051145153116560e-01,-1.677125858188027174e-01,-7.442795338293377305e-02,-2.177719678879448950e-01,1.254602887809750933e-01,-2.079211856431129879e-01,-1.231039269464849831e-02,-2.803369084150926782e-01,1.904013448958808696e-01,-2.534354161051585036e-02,8.443574188777508427e-02,1.840630415172571921e-01,-2.056554884189164961e-02,1.157704604368538365e-01,7.816965147144908088e-02,-2.419838826129421805e-01,-2.649813037629154544e-01,-1.024783481068442248e-01,8.529195635723765823e-02,2.162558631226190187e-01,-2.113894837223295187e-01,8.534773825684757731e-02,1.835519074453629829e-01,-1.188919693428827778e-01,2.648991496841664878e-02,5.437168211717553767e-02,1.009593841147251592e-01,-1.171433087520335342e-01,1.895764145336996109e-01,-2.445135978089391371e-01,-6.236153419922627755e-02,8.578287721770903873e-02,4.856192405675276852e-02,-1.988899537710390186e-01,3.380141336297975974e-02,7.458637428441797224e-02,-4.968015900326619994e-01,-1.315130619061101111e-02,3.449339153526576160e-04,5.408686194057961416e-02,7.446665852444379896e-02
5.565936273390015288e-02,-4.922463323936215711e-03,-3.324868456146239104e-02,-5.415983064587272244e-02,-1.448230452040154617e-02,-4.825270370718933409e-03,-4.932883275875750428e-02,-4.903304006895647937e-02,-7.273660251283971256e-02,-4.654868032582666626e-02,5.591597243459581895e-02,-5.413959205341538350e-02,-5.203191837427038891e-02,9.584681693945582004e-02,1.999882048584926686e-01,-7.167214643317364187e-02,4.991738994027290766e-02,6.593397233501271937e-02,-7.632904576492269277e-02,-1.609690465315227192e-01,-2.209612298895710647e-02,8.334833408251644815e-02,1.542968090177606645e-02,1.262762454563138848e-01,-1.056789346717835337e-01,3.312150245504248969e-01,-3.726247253440066742e-02,-1.894969609044301895e-01,1.079934861991387052e-01,-2.507382106315921705e-02,2.006861764192360287e-01,-2.134682725197332639e-02,2.100018720055080446e-01,-1.800000763305889540e-01,4.227734238847652079e-03,4.435356858152476184e-02,4.202233891112402281e-02,1.783617874521364333e-01,-2.046772681010223527e-01,2.091797730305941239e-01,3.502146576810817591e-02,-2.743255300035569305e-02,-1.483882376928339630e-01,6.229142947523427093e-02,-2.580399099149339320e-02,1.478810556786108454e-01,4.098407327602887618e-02,9.515413928697105672e-02,-2.576262503675882387e-01,-3.411790426632567153e-01,-8.841865858960876179e-02,-3.443926586623208275e-01,1.602775257785140489e-02,-5.856661741300404067e-01,1.674007528468121619e-01,-4.094649553228867089e-02,-3.069081539725516602e-02,-1.279680414249683984e-01,1.814160707692632490e-01,8.358788641566718136e-02
-2.700144685762453228e-02,8.477077620911360051e-03,6.265557461870475964e-02,2.631545673997921601e-03,-3.746668764121069417e-02,1.187249429521218119e-01,8.457779454560443444e-03,9.419096276522372080e-02,1.273221495894202816e-03,1.525342725004590339e-01,-1.950197403173814792e-01,2.944809121522212747e-02,-1.141868077945224630e-01,-5.179611201044478225e-02,1.432355524096585175e-01,-1.508930643722556642e-01,-3.112352672029660219e-02,2.658650430443197377e-01,1.125840143842931490e-01,1.345790994903535986e-01,1.201901778518992547e-01,-8.186545736876432722e-02,1.585819663882553909e-01,-3.268907989121713764e-02,2.163246889853984722e-01,-8.316710909252002237e-02,1.849218594994433973e-01,1.928407022797817144e-02,1.391141243096951918e-01,-4.106430827480091889e-02,-1.362763373054040605e-01,1.528052898598787901e-01,-5.868288995464306101e-02,4.649957494923216694e-02,2.396512529656545654e-01,1.654075291479823948e-02,-2.154677137350769767e-01,-1.242500367769184405e-01,-4.396946584516092660e-02,3.643346071492650079e-02,4.384916909006560809e-02,-1.337236224027543163e-01,-2.841217463009444028e-02,1.649942908398026598e-01,1.539235866415543386e-01,7.628531752726147586e-02,-4.396294723100252488e-02,1.497193606619503028e-02,2.180193903197353775e-02,2.330837292718777876e-01,-1.177655557149773768e-01,5.321068773176904770e-02,-1.511479601648223758e-01,2.005316829273234153e-02,3.889146682170474545e-01,9.139603059993128137e-03,-1.485473226125023360e-01,8.506786006232980313e-02,-2.029482369523971097e-01,5.510117137610639343e-02
4.285949248765308361e-02,-1.518157670336193199e-01,-2.794403570245816010e-02,1.258232215894627970e-01,-1.790841880119399500e-03,-2.282951539435752394e-02,5.514550213451753502e-02,9.199643470577668902e-02,-5.096004681495965721e-02,-2.358354482599183677e-01,-2.780279180062093444e-02,-6.507835554880395112e-02,8.046520089288371202e-02,-8.342446655066744488e-02,-1.531914194591049161e-01,-8.782098903745256049e-03,1.442426407069599403e-01,1.377047074864088359e-02,3.417847624668334666e-02,-7.746314976562210242e-02,-6.900944303239398003e-02,1.462295099526864373e-01,-2.582798241154060561e-03,-9.858423590420964389e-02,-6.207787231178001075e-02,2.965672594222649172e-01,-2.543429270192740232e-02,-7.703858254271120365e-02,1.442976798864954724e-02,-2.557161888084381052e-01,-5.708546290691125791e-02,2.228663232695375362e-01,-2.137616762971217277e-01,3.379028599288608908e-02,2.388066931832894674e-02,2.095181331871286481e-02,-5.380081778260141501e-02,-5.842425196558735656e-02,4.842779806392998043e-02,1.821075177428992942e-01,-1.173348717926891299e-01,-2.091829326891281315e-01,2.280120916879432580e-01,2.455722726141976175e-01,-1.935628800110201497e-01,-1.726867409583788815e-01,2.272482809119985014e-01,3.205889704848541299e-02,1.225090337389494605e-01,-9.372131764409992460e-02,4.193214472147243077e-01,-6.963663140205317292e-02,-8.871994904455614284e-02,-1.992712521176510376e-01,-4.326541878671630315e-01,4.901330641219749096e-02,1.526399021129154765e-01,3.909751387233567077e-01,1.388821626319645397e-01,5.044340992540918833e-02
8.561272237552106090e-02,-7.763457983074413538e-02,4.139906431038001960e-02,-9.169102277087365360e-03,9.031345629259909802e-02,2.867313285457968181e-02,9.658416354886320554e-02,-2.092099951172566308e-01,2.181850783411331263e-01,1.440863369143257147e-02,2.214957322326639721e-01,1.762366620132066186e-01,-6.619943125942957807e-02,1.275261908462915761e-02,1.081484221882645508e-01,-2.587728322872672737e-01,1.976180488300963989e-01,-1.530340858727155529e-01,8.920348903479974334e-02,5.263293577379444393e-02,5.756488245840624129e-02,-1.677386911002583247e-01,2.499782230577744235e-01,4.164049228290126609e-02,2.141463127166970404e-02,-1.693581809276625827e-02,3.266726223654496664e-02,-2.258373657691100100e-01,1.320287883532708095e-01,-3.537609922583957733e-02,5.810342061133473568e-02,-2.028883280072667772e-01,1.253637765557331051e-02,-8.015444101447352643e-02,2.030182903920644544e-01,9.063819287000873803e-02,-4.339847069211336672e-01,3.049228823471110683e-01,2.503112083889266204e-01,-8.228047887065512156e-02,-1.138650488502832986e-01,3.534282924478748898e-03,2.466323799142553647e-02,1.562941415929132785e-02,-4.646259082265441487e-02,8.746578804374155469e-02,-4.964709474980858600e-02,7.970951069624743202e-02,2.583316898349520274e-01,-4.120474473499399215e-01,1.228218980330564591e-01,5.559036228963538939e-02,3.896371481722476354e-02,-3.480699563233387583e-01,-2.764114348935277077e-01,-1.052244110166324492e-01,5.110424427631495015e-02,-2.990750004440514975e-01,2.192115838039155329e-01,-1.533836808702012666e-01
2.495719526139950073e-02,-3.339921880794721916e-03,-5.706660800558818053e-02,-4.353158752907125562e-02,3.365289868589931011e-02,-1.659158371402262022e-01,-7.797994712412728568e-02,1.145853143283059958e-03,-1.408533581716722993e-01,7.351618448572713738e-02,-4.962130533016911177e-02,8.765502183443545092e-02,-1.530715463487407613e-01,-3.363636134715982436e-03,1.301629586846790934e-02,1.273711241164294794e-01,6.443463371613621093e-02,-7.573629345683965952e-02,-4.408069906546593572e-03,-2.320923607051638415e-01,6.595362843017789356e-02,4.098307527906570880e-02,1.555402703738180126e-01,6.108123551582054361e-02,-2.347777813541826186e-01,-3.215815291773851253e-02,-1.232123630818497684e-01,1.400753698783253030e-02,-8.148746274886149721e-02,1.827566442044646633e-01,9.404053454567669335e-02,-9.435082209896891725e-02,1.446310439097147627e-01,-7.531382148346724148e-02,-1.458472264134472729e-01,2.778512886472925270e-01,-1.415503213085984001e-02,-3.312105475876735983e-01,-4.317856792829477541e-03,-4.756082403560595029e-02,1.959905581676041619e-01,9.236592964326473254e-02,3.199515579978264024e-02,-2.146252838638261495e-02,5.448844758050745002e-02,-1.314705825172015896e-01,7.847034554270417017e-02,3.293088590920597025e-01,1.300043865431113610e-01,-2.275156974417599509e-01,-2.163602835570047067e-01,1.603428744160909081e-01,-2.454447139706571537e-02,-2.901797110239041563e-02,1.630890475336068124e-01,-8.021662940916052253e-02,9.742571136964021938e-02,-1.575947200767904843e-01,3.773205522404687873e-02,-1.715127601348777897e-01
-8.619268494855651663e-02,-6.251574846368863903e-02,2.224846041211775427e-02,4.624041205990608860e-02,-2.883048370972818297e-02,4.082470193877367481e-02,-1.215240529281094162e-01,5.728814724442089779e-02,7.709951252413385636e-02,1.632611679199689747e-01,4.629922895417444562e-02,-7.629852413337614991e-02,1.786702396207238280e-02,9.904754121194726812e-02,3.241324074669037908e-02,7.064152404164207588e-02,1.261931927861995040e-01,-6.748370027236802460e-02,1.252435781157640871e-01,9.688712718878764174e-02,-1.506554671044616975e-02,-3.355813615326854599e-02,-8.506031134790197068e-02,1.499467243663442084e-01,-1.738856742935422639e-01,-7.413404309297666472e-02,-3.632993170936456295e-02,-7.285029767730860639e-02,-5.487784906728460088e-02,8.225350305965942188e-02,-1.476871007811539072e-01,-1.351863169974945600e-01,-8.454867529959039785e-02,3.942081586624258949e-02,-1.254780049188519153e-01,-1.310894259753814795e-01,-1.122858570606768622e-02,-6.309550202108849329e-03,7.748177222828275812e-02,-2.080929762920379622e-01,-5.769312893266855674e-02,-4.227286954723505352e-02,-9.571728153456585120e-02,-1.348597772514801563e-01,-2.804742473794765156e-01,2.834179347523319015e-01,-5.403048736526486900e-02,1.058403377159202741e-01,6.232091535757868644e-02,-2.546371384969786655e-01,-4.664311162267931188e-02,-1.445444621866970591e-01,-1.949762320251334780e-01,6.257903167275919235e-03,-2.117883593485247670e-02,-4.711583136033162256e-02,-1.618131000632721528e-01,1.906367890609877158e-01,9.050899219838562382e-02,7.140766546907509338e-02
1.319315738774340038e-02,5.849252052339143533e-03,-1.074650053119803744e-01,-1.135872537391386106e-01,-6.626995025538809023e-03,-2.091547632516952554e-02,7.498041331063828863e-02,1.855496796328747616e-02,2.354473451501864767e-01,9.660344201684012422e-02,1.158092786812691538e-01,3.107366157801817463e-01,-2.182439715012909898e-01,-1.997135751722040331e-01,-4.764989649465235788e-02,2.434081615499161244e-01,5.457062210253489642e-02,1.971671434176248960e-01,1.880392979409784004e-01,-1.378426040262088759e-01,5.473755114354457441e-02,-1.975152313071150134e-01,3.945898947784246547e-01,-5.667655746310033132e-02,-1.285624617257875024e-01,8.925411864830332109e-02,-1.128353059089109468e-02,-2.264033936161501809e-02,-1.761968526743620117e-02,-1.483996655650680063e-01,5.529457661498573401e-02,4.075275960039017459e-02,7.856190843259912293e-02,7.027363440638753622e-02,-1.395005640358131793e-01,-1.247474057272680292e-01,3.398664919888768621e-01,6.033909391051152371e-02,1.230550090460697243e-01,-2.362348419323183624e-01,1.709196149766188111e-01,-2.219773293563786498e-01,-5.500693327252868109e-02,1.427538564376408248e-01,-3.840570669746232180e-02,2.210666484719846919e-02,1.327816741352120244e-01,-2.378734766485371688e-01,-8.236746864583276151e-02,2.799273333461626927e-03,2.616382709633959802e-01,8.788214914297913516e-02,1.750293276672630072e-01,1.929401559491195628e-01,1.081679472630439759e-01,-1.562439932676348842e-02,-1.350478776720433483e-01,-5.205513026300121089e-03,-4.400887236687275189e-02,6.698610097556143006e-02
1.409858573682181218e-02,-8.995676776348304760e-02,-1.271240383470323143e-01,-5.596324814657941543e-02,5.333789339565064673e-03,-9.730722047521235540e-02,2.004449079408670009e-01,2.533860940497129760e-02,1.491168487089899186e-01,2.945565077059474762e-02,1.279713358088996333e-01,-7.963224180387235007e-02,1.013861699303871544e-01,-3.862277128910480278e-02,-1.208452396829171605e-01,-4.621360652195933422e-02,5.696789860367799246e-02,-2.116086708594979715e-01,7.162973075946364732e-02,9.581988168045933729e-02,3.029536413501493497e-01,-6.405397244170238369e-02,1.224394876139773547e-01,-3.383152550147666693e-01,-2.464882535844365452e-01,8.031623855628806929e-02,-2.183082906834298842e-01,1.028804206834504908e-01,-9.129097865379359744e-02,1.474732048970054665e-01,3.095242603620038807e-02,-1.437841090394867960e-01,-7.658437871659325158e-02,-2.278622022439286687e-01,8.521715423200222628e-02,-7.744472365176553741e-02,-2.339947255486508060e-01,-1.729927550303130002e-01,7.926426417348900189e-02,1.429293161070400719e-01,1.533761103115802438e-01,3.888847261817843411e-03,-2.232438677449595857e-02,3.671605520924411253e-02,-6.445919872577102194e-02,-2.520384081432098800e-01,1.778202236269458558e-01,-1.545654335909490418e-01,8.284972314016283979e-02,-2.000690325876572362e-01,-6.988894219652500017e-02,-1.540236094593840921e-01,-1.457670682855965183e-01,5.168806843163022136e-02,-9.312886484473212323e-02,-1.253000319714586419e-01,1.487221525576858105e-01,-2.372369630340490088e-01,-6.510058614899548457e-02,-8.966470486225707956e-03
1.300678175118896163e-01,2.786129636771050855e-03,-2.143525266265777773e-01,2.579561126852258912e-03,4.135304319686798624e-02,3.524103296512383354e-02,5.442772674988375498e-02,-4.627933158941729269e-02,-2.073917662230081171e-01,-1.708373307630441373e-01,9.060154334332942705e-02,2.493803553865549943e-02,1.940936024795336945e-01,-1.084996285316857170e-02,-6.758593349352794155e-02,-4.777357909735598096e-02,-1.280212003293243472e-01,9.165408631192860367e-02,-4.106191870987661169e-02,8.043949532806951574e-02,6.026481997456136636e-02,-5.438671519862008086e-02,3.709519850727467927e-01,1.399171763254056788e-01,-4.786341630965482846e-02,-1.088259902629887393e-01,-4.619360395657705343e-02,1.656368741526951793e-01,1.496866883411575588e-01,-8.631694654104828113e-02,-8.527246355958680024e-02,2.433813520085152948e-01,1.326140832050061724e-01,1.529453895310150802e-01,-5.788375169119862329e-02,-2.022981918928677680e-01,-3.926550436872588978e-02,4.121101095412234294e-02,1.320314915108770637e-01,3.991058545708760230e-02,-2.322034017052304888e-01,2.471113048553092995e-01,4.485855408924378090e-02,-3.012525712318946461e-02,6.034509261017931975e-02,-8.378059765316506202e-02,1.639635938679218918e-01,1.672959127577343941e-01,-8.160227516795093283e-02,1.882084259308810237e-01,-2.996608029806008267e-01,1.092792572302144494e-01,7.467364268493578705e-02,2.102844762962887137e-01,1.783268975760355646e-01,8.821391454733935877e-02,-5.103301982569263817e-02,1.829019408788140622e-01,2.998984246287107469e-01,-1.654247512528308484e-01
1.270145188702791750e-01,-1.250116503243575983e-01,-6.699362514843536232e-02,-8.708532933979543089e-02,2.490423735360435334e-02,8.003797677064386495e-02,-1.032993199431606612e-01,4.548612900748388171e-02,-9.451508779537315386e-02,-8.795203355468492190e-02,4.556021927416067235e-02,9.066572903744959944e-02,1.228472602235748112e-01,-3.866757550815239780e-02,1.831722589516600608e-01,-2.066328695628922851e-01,1.955506777175868571e-01,2.188870704256725142e-01,5.628275958260460510e-02,6.243212234804733363e-02,-3.568605186392427575e-02,-1.736671409325421245e-01,-9.671274678414771078e-03,8.712500484916141374e-02,-2.090724724545149904e-01,4.981946712683411882e-02,6.952055483528954416e-02,-5.475111062050099647e-02,-4.008996248641907845e-02,2.695886600874496455e-02,-1.115638971621635625e-02,-1.387375691192892224e-01,-1.782998889384170282e-01,-2.583268587161385160e-02,1.638073109518856929e-01,-8.135390974621282967e-02,2.337111798458314238e-01,-1.839653338144098538e-01,1.142801534630127624e-01,6.772252004477679818e-03,6.116034811176353919e-02,-8.521890919175183210e-02,1.247722132977366477e-01,-2.917470591919862910e-01,9.269284830483084936e-02,2.610698259175898706e-01,1.559447911270769038e-01,-3.393650603782925185e-02,-2.266010901445330572e-01,3.808547491248931438e-01,3.986093348048196094e-02,-3.850737074554158035e-01,-2.523803730876916784e-01,-2.527295741817573993e-01,1.040276694979231503e-01,5.311110989580007657e-02,-1.582420138057127057e-01,8.087751971442294630e-02,1.124562489594503958e-02,-1.709490944584444658e-02
1.233481216920030016e-01,2.207174889662471551e-01,-1.239461925426282446e-01,5.827814594171333573e-02,1.506298404530324042e-01,1.490603690911593560e-01,-1.450039735962031784e-01,-1.101976288699411076e-02,-1.479360110906359840e-02,1.604346446915075886e-01,1.116661171408156045e-01,-1.172354506300102156e-01,-6.958262424974478999e-03,-2.174378904150910466e-02,-2.938938278749286120e-02,2.509405002042716104e-01,-1.935719146958344017e-01,-1.320674195705982823e-01,-2.933519276632683484e-02,2.043668281053140079e-01,2.422070351482524531e-01,-1.887721874839033004e-02,2.070956756828297163e-01,5.415293395098791374e-02,1.201101015093794661e-01,9.680790663942480390e-02,-3.810956546630871189e-02,6.933335570921828062e-02,1.240652733932508384e-01,-4.850569245679531988e-02,5.096683501651518705e-02,-9.086389594670973846e-02,7.959351317675396331e-02,1.498432921163138087e-01,-5.503740241191490412e-02,1.211755495082295075e-02,1.654384702897514769e-01,-4.935379588567715414e-01,8.386396113688263099e-02,2.272255395089555763e-01,2.048086381655220001e-01,2.530673732968696799e-01,-1.731700203333367410e-02,-2.003286404010497512e-01,1.614466330622433277e-01,-8.009379474147813871e-02,4.568848359320155927e-02,2.625925358778352647e-01,1.615682118905724107e-01,-3.946681636811938398e-01,-1.129704494135127801e-01,-3.912039423164033747e-01,2.098898151518526767e-01,-2.165770292709674472e-01,1.615185611888952238e-02,3.442673039200975366e-02,6.745080002731509983e-02,5.768932072832391039e-02,1.619259966701888931e-01,2.356296755338760929e-01
1.260481608157448807e-03,-5.513558293848130898e-02,2.213282227585375295e-01,1.702660457229578372e-01,1.313261939437155301e-01,2.611464422228464977e-01,-8.723657395251646629e-02,1.420378629798089987e-01,-1.071152170382347335e-02,3.725722868517298281e-01,-2.918958753938723574e-02,9.429493732572144515e-02,8.101763132677861079e-02,-1.826710117085580953e-01,1.800697763423624378e-02,-2.920125181696948610e-02,1.585636470051745017e-01,1.611757043146052337e-01,-2.023089414114437601e-01,1.680056142315212164e-01,3.234868700859288571e-01,1.814554601133444686e-04,2.105126070143907915e-02,-1.103438001715222605e-01,-3.309881917923772343e-02,-1.434460386245019481e-01,-3.453737108573327885e-02,1.011415392261831442e-01,6.126078431780258848e-02,1.427643652159482635e-02,3.472356111944499002e-01,-2.002763849743252611e-02,-1.306306624418692164e-01,1.460615439697846019e-01,-5.103418710980851813e-02,-2.022652367083990765e-01,-1.283369800057861110e-01,2.015459424041455075e-02,-1.277494246136786082e-01,2.042058223605837386e-01,2.491673933546765807e-01,-3.391653508160693414e-02,7.802031706270004530e-02,8.210778273972040020e-02,1.061844808886812652e-01,-1.247115524220184513e-01,-1.166985885300643455e-01,1.229997372267726680e-01,-9.644020341314099576e-02,1.248959975270003131e-02,-6.883514258154675713e-02,2.664434779248114338e-01,2.049289827710757128e-01,1.818438823448499664e-01,-6.322998495833377641e-02,-2.154110117739847438e-02,-1.082082022442284880e-01,-4.292770969679492177e-02,-2.514713068789061756e-01,-3.673427942227360660e-02
-2.543992040002698157e-02,-3.952962454111709489e-02,-2.945702783861094964e-01,6.883447973593086189e-02,-6.666585628250902562e-02,1.288152338843764344e-01,1.739172380679171459e-01,-1.351074524860957915e-01,-1.274371245518333973e-01,2.454796483318302455e-02,-6.299355020605670874e-02,1.503445405695011394e-01,2.765048497265811256e-01,1.267816559216579375e-01,1.419548727125614085e-01,1.079867386138788111e-02,-1.254469454404221196e-01,-5.168373436131490362e-02,9.567624325703946719e-02,1.093290231246640126e-01,1.553626416126268617e-01,6.489155580242930710e-02,8.044215962142224619e-02,-3.547463385208580733e-01,2.158584474762277883e-01,3.254665352852981752e-01,4.806436913821127144e-02,-4.381250042854761828e-02,9.453103891734060404e-02,-6.139690476682639619e-02,-1.717289263019891321e-01,-3.262933472150590652e-02,-1.041942711311617947e-01,-6.466670141001702732e-02,6.964464375798931628e-02,-1.930583955900137538e-01,-2.670857542844456978e-02,4.435681620025466038e-02,1.814312925487161221e-01,1.884737530070059175e-01,2.408898570761454638e-01,4.737204803432933931e-01,-1.942821201564634559e-01,1.540192099833558870e-01,1.209703618028426519e-02,7.791401011420899525e-02,1.125862445125269951e-01,-2.237339203105515040e-02,1.129670807915992697e-01,1.182623285731495277e-01,4.294079322687489875e-02,-1.853073388030979929e-01,1.911859114534898429e-01,1.380582535663370802e-01,-1.053903301184160382e-02,5.907673487779940835e-02,1.600175486638222289e-01,1.247795738553886952e-01,-2.461057126262436723e-01,2.063740209496823519e-01
-1.777537360357918650e-01,-8.786584936509789917e-03,-3.770566350990763038e-02,-3.051171367742745444e-01,-1.560989175326450151e-01,-6.822395617705430404e-02,1.783303570102849067e-01,2.864500285850134498e-01,1.184409036320371589e-01,1.607191494711845414e-01,-2.253497896347018692e-01,-1.028465172039759734e-01,-2.118939470155128957e-02,8.769512422839498278e-02,4.936363871318043273e-02,5.231996989934016573e-02,-1.331180777057791309e-01,2.515484317145955107e-02,1.248259552975875819e-01,1.880328744271035357e-01,-1.309097234574082280e-01,1.658987484586829098e-01,7.293903845467206160e-02,1.849977313034167348e-01,2.331601756207987708e-01,-1.035305079633177111e-01,-8.962159699513348732e-02,-5.370127988236782224e-02,3.591324908473599864e-01,9.510452674852427901e-02,-6.358687239252851231e-02,-1.224646041307119876e-01,1.089707495505976842e-01,-1.276326989446945892e-01,-1.534068216437881604e-01,1.154282747430873390e-01,6.386606580982717718e-02,-2.774055403583182700e-01,1.466564355922801155e-01,4.975165084668380089e-02,-5.413609826262606728e-02,-9.889505940334589185e-02,1.570436083442756578e-02,8.485280705669454027e-02,-2.300444235143006000e-01,-3.971186298349300980e-02,-1.308567886410511028e-02,2.861830702371648272e-02,2.167954091187231924e-01,-1.954207969045249349e-01,-2.369562717483225389e-01,-2.512228434056417575e-02,-1.654583297307645265e-02,1.447851095633547469e-01,2.893190553586414415e-01,-3.131386750814827563e-02,1.903096276563173012e-02,-1.136922387923124250e-01,-4.673444540376452128e-02,-1.702398730065816101e-01
4.549269235174478038e-02,4.981410017155667863e-02,-7.199703751267058638e-02,8.358837276538422234e-02,-2.332350329754083185e-01,4.361695728948883355e-02,-2.312868455554395117e-02,-1.086456224113760971e-01,3.402305759299837362e-01,-9.909917913652799282e-02,-8.639416032798034883e-02,-1.894690945857250425e-02,1.750415792953327887e-01,-1.151842356266114670e-01,6.650420048044008992e-02,-6.258981418864779933e-02,1.167731265570269572e-01,1.153925237553978522e-01,-1.412599172898713895e-02,-2.549747002288568765e-02,-4.370680718276376969e-02,1.316852733251277011e-02,-1.312858530618221751e-03,7.580579525388073114e-02,-2.720449519621072065e-01,6.128381842587805883e-02,-6.801251559305958316e-02,-2.163844456940749450e-01,-5.445230859068167506e-02,2.000206361634483954e-01,2.311330782294191144e-01,-3.387997351225799370e-02,-1.880730134261449638e-01,-1.778562072364653357e-02,-5.100445095675743001e-02,-1.010198770527805240e-01,1.405780743889456785e-01,3.325747851789311732e-02,2.773702877906584346e-02,7.426795177160012973e-02,3.103039780350331719e-02,-3.209638138162380083e-01,2.106900868685636363e-01,-1.111519464671816004e-01,1.615242347499014908e-01,-1.130516173338067809e-01,-7.265116886800185303e-02,6.214920331189641850e-02,-2.269229282454141572e-01,-2.241326616088657742e-01,-3.111792847988441579e-01,2.329204541887607005e-01,-6.956752406983424120e-02,1.559108114968757973e-02,2.478899943909418369e-01,-1.936411262605115466e-02,-1.698602051059376616e-01,-2.509255040200930598e-01,-1.178819375456580387e-01,1.486337516375156043e-01
-4.621378710630118236e-02,5.390763190007642758e-02,-4.695864554642770888e-02,1.133545092531432069e-01,1.154549090192606570e-01,-5.033954819594024799e-03,2.529297744117471325e-01,-1.824978986524259938e-01,-1.627374953173060523e-01,2.702037843991674793e-01,-1.181102311106257269e-01,1.429470944182817116e-01,1.580679738311803750e-01,-1.598176953035711778e-01,1.014404629240194533e-01,1.248351368606685774e-01,-6.021024087282741272e-02,-7.594848172064794017e-04,-1.100090230600380206e-02,1.491688445477428460e-01,-4.414560182881503703e-02,2.814267484746587472e-02,8.326773925024370804e-02,2.017004860790626297e-01,-1.255098137065631669e-01,7.492470555785632480e-02,6.761950890710519135e-02,-2.496910780425916632e-01,-1.107188141796484199e-01,7.433599366167350717e-03,-1.105687095597224501e-01,-4.771084136126129555e-02,2.556202818717154268e-01,-1.386101233832449098e-01,1.727510464837320181e-01,1.977999813551212238e-02,-3.220194020644035482e-01,7.413387505444404835e-02,3.536805695380118575e-03,-2.073129846142868493e-01,1.716931838926689102e-01,-1.944079753975464786e-01,2.816136481825954468e-02,5.407231731763533222e-01,-1.527056536289516653e-01,-5.504512133441639282e-02,1.170966580889900577e-01,1.952884819840389197e-01,8.174932187293393326e-02,-1.816520545587151925e-01,2.653371030713164158e-01,2.146249697303067860e-01,1.440010124873778927e-02,4.046987681266456943e-02,-1.906746183729323210e-02,9.726503150735449355e-02,5.084268612980982066e-02,-2.148192784000126088e-01,6.442093989982403124e-02,1.235878446867518382e-01
1.502359853001952739e-01,-6.172199787910557373e-02,-3.019914090399077392e-02,1.965581825239008651e-02,-1.190658120554250604e-01,-6.635385607631358318e-02,-1.065532942368951630e-01,-8.793456936035388971e-02,-1.167503529240877455e-02,-2.952558520457938124e-02,2.448433441808722522e-01,2.025610931403769577e-01,9.563735458527192201e-02,-6.145798121590462237e-02,-2.056858069787808607e-01,-4.154376249206320065e-02,7.314047000919268737e-02,-2.386262547926593369e-01,3.433859536307090794e-03,-8.961087051186381047e-02,-3.518478844810302847e-02,-8.135945928841789576e-02,-3.645912619243096755e-03,-2.155561821694317037e-01,3.909234724138583306e-01,-3.941305261821025779e-02,-1.275565961009570148e-01,-1.094583788851258149e-01,-5.095949948426401616e-02,2.072890738589323045e-01,-4.241557743100622946e-01,3.445534637271275430e-02,-7.017935729168797709e-02,-3.742792195872960970e-01,-1.609502444568143287e-01,-1.783718384303450422e-01,-1.186048221885797477e-01,-2.397222788184852627e-01,-9.288275439150026069e-02,-1.851501091659463194e-01,3.616774816078062726e-01,-2.504903595482046996e-01,-2.646787857100105917e-02,-6.110187447741640548e-02,4.114698900663636694e-02,2.368900449621288151e-01,3.190112612827688543e-01,-1.881984710329062671e-02,1.700472949595884520e-01,-3.298234846024089562e-02,-2.117071583405108759e-01,2.664640237478594839e-02,1.608863559290019396e-01,1.919737457842157768e-01,1.259413329266478032e-01,-1.883064850194451911e-01,2.651042302466662948e-01,3.811153150957609648e-01,2.985454544928595744e-01,2.227330082165228098e-01
-1.440171746669657860e-02,1.047524453036424025e-01,-7.828592954400678816e-02,1.323891216364888046e-01,-1.571566085990883099e-01,3.277510900997719356e-01,-5.061435048930673294e-03,-3.834510079465808241e-02,-1.279417066350861387e-01,-3.283381075225035306e-01,-1.335907359003539185e-01,3.853660573086209636e-03,5.287058567280955579e-02,-1.564782844751012869e-01,3.468263428204713672e-01,2.145488457937418381e-01,-1.899062810673053381e-01,-2.409949088261591904e-02,5.385618583428115891e-02,2.465473815387073109e-01,-1.665846809864752198e-01,7.814745592707486588e-02,-2.110046121715069417e-02,-7.561751327782456622e-02,-1.034164017624340098e-01,-2.162666493275692756e-02,-6.505948183584152333e-02,-3.883880837160184896e-02,-1.188200974740218491e-01,1.476888668582518049e-01,6.860371005763313268e-02,7.623389020512225112e-02,1.586022651161552999e-01,7.040330135298875081e-02,1.170337117677659744e-01,2.186107624091741114e-02,1.598439459778560473e-02,9.905162867545563854e-02,-1.018965779054003679e-01,7.068195598008700058e-03,-2.576006761283635704e-01,2.670426589587896610e-02,-1.739057279125609257e-01,3.448000439230296255e-02,-6.302311480000213906e-02,-3.065282790731889695e-01,-1.499179205932034409e-01,1.574001872204111585e-02,1.345815970740116274e-02,1.860994093415082595e-01,-1.095442082932565897e-01,-2.397365976559075185e-01,-1.038337979119557525e-01,-1.797901148997382292e-01,-3.898582332928037658e-02,7.906244781885793382e-02,-4.076593076197820853e-02,3.077529682613293002e-02,-3.195247740060450786e-02,-2.601894602110929600e-01
-1.618274986985043518e-01,5.716412722035046912e-03,-3.012380536545450349e-01,-2.717983055751989618e-01,2.078107993237659490e-01,1.819917689726897048e-01,6.289102708337979131e-02,-2.757520250263870709e-01,1.522239344515644022e-01,-1.286095416503245104e-01,-7.975906701505977581e-02,1.088684703726040953e-01,-3.989583119175309917e-02,1.818553388916203661e-01,4.783120338122304194e-02,1.019007838468063420e-01,1.009708028867918050e-01,-6.669529436204690853e-02,1.045069618164387870e-01,6.393231890732757605e-02,-9.934858406005831789e-04,1.938133005763289715e-02,-2.220655283849400780e-02,-1.266492054390074284e-01,1.096703279463411285e-01,2.023485865992634969e-01,-1.906099978409387941e-01,-8.349211263802233662e-02,-1.063150351758217552e-02,-1.075191014806537587e-01,2.455812081093657756e-02,1.364943797259499381e-01,-1.595455803557754848e-01,1.739764993817529137e-01,-2.043673863173373351e-01,-2.480231145427217176e-01,7.176426211611712513e-02,-1.200486081578490544e-01,-4.604965820874876853e-02,6.796015522410463194e-02,2.160342342325897724e-01,1.143162911303826218e-01,4.632796949454149882e-01,-1.931761785796941855e-01,2.900717250094985711e-01,-8.579735737603885748e-02,-8.579117575342368185e-02,2.159077479751320416e-01,2.789464398327299866e-01,9.099464595737437322e-02,-4.126662274754404683e-03,1.809305999094695527e-01,-2.763376612161259072e-01,-2.132253776176623872e-01,2.817058505997979134e-01,-4.117945205551182819e-01,-2.398831496521348361e-01,-1.153065130502147484e-01,1.489511251778823930e-01,1.711948014561525400e-01
1.605304208902104401e-01,-6.642804566398334554e-02,3.495421191867647930e-03,3.744674717873444081e-01,3.248120093148643053e-03,4.575593555972843479e-02,-3.552126800115268379e-02,-1.358507025943178070e-01,4.155700974290958694e-02,2.088846775145999091e-01,-3.838967504696993993e-02,-4.319010838172441039e-03,-3.368193735537767380e-02,5.481079503554159293e-02,2.764503840010510971e-01,7.035264089022744138e-02,-1.617025549055878253e-01,-9.164630974992363233e-02,1.113702697098606321e-03,1.211098796711883863e-01,1.139627724202912640e-01,4.619224155319083536e-02,-7.252320339993101328e-02,1.446795501054122524e-01,-1.082695769697533950e-01,1.508149372617595685e-01,-6.093224217131896353e-02,-3.162072992268677996e-01,-3.874394552742042169e-02,5.467910681736529860e-02,-3.582253862528501920e-02,-2.629873137602022903e-01,9.511917296436656413e-03,3.089663170903084091e-03,-8.559409069326163327e-03,-2.259007914595857203e-01,3.567448517848587075e-01,-3.183429986631075570e-01,-5.676039767360736843e-02,-1.195220125156703228e-01,-5.221361943837515840e-02,5.320259847548287901e-02,6.639094865825216629e-02,-3.367171754074246293e-01,9.595679799112834252e-02,1.287744361968267692e-01,-1.615299173708051317e-01,3.262652701018419199e-01,7.721496243612861743e-02,1.806168472109533421e-02,-5.034660994850329724e-02,-1.558188441386670342e-01,-2.067102821968687942e-01,7.898674667678344530e-02,7.612198947015567929e-02,-1.049129568025222586e-01,4.526222718915631771e-01,1.344180654518098150e-01,1.272255591574771305e-01,3.025458144042482145e-01
-9.572630584116351149e-03,1.450403821066284515e-01,-2.526887099124760505e-01,2.702313943029672205e-01,3.752322726729652724e-01,-3.121912778953119250e-01,4.473898424354616141e-03,-2.053206551775886568e-01,-1.517646764845012076e-02,-9.055139213286542144e-02,6.191221915527415909e-02,1.391560801467743927e-02,1.638545319020471847e-01,5.317367850980982830e-02,4.266567016139005686e-02,-2.861939530846602797e-01,2.202457286151317528e-01,-2.083731987090853277e-01,-1.162036726855922436e-01,-8.689896136508280799e-02,-5.370938324359052218e-02,6.859991956303028438e-02,2.442684527690783258e-01,-6.208727001531151590e-02,6.495141346058001808e-02,-6.167098344560465600e-02,1.889750641503799844e-01,9.075670135123124760e-02,2.481180534903234744e-02,-1.194296276253763445e-01,6.354068666487948380e-02,1.040092041431426584e-01,1.204713214574479052e-01,-1.588755112208287135e-01,-3.979607037920220025e-02,-1.814985268686078734e-01,-5.011248292040637597e-02,-1.992374323910922618e-02,-1.156719309861069939e-01,4.485400691507873683e-02,1.836531026525404786e-01,4.273546551616300149e-02,-9.976709304254199884e-02,-2.287561095168308412e-02,9.133409776034628891e-02,-9.162402682735612536e-02,-2.868527875496291735e-01,-1.906926923714519773e-01,4.527400504460484670e-02,-2.154154668114786203e-02,-4.470657323137517021e-03,1.180672213629045120e-01,-2.005053134772659118e-01,2.857088482352171388e-01,1.336652996974970198e-01,-1.099805967081324692e-01,3.176360290494842920e-01,-8.223967116054042847e-02,-1.818604747492283402e-02,-3.099463159258864509e-01
4.314000821389600560e-02,1.298754836581020311e-01,1.877857412435552376e-01,-2.178293277943758599e-01,-6.720151965808889016e-02,-1.486404704837729351e-02,2.909797655710423259e-01,2.059285749142105576e-02,2.616999984849200933e-01,-1.474849292114114863e-01,-1.148195171543750642e-01,1.029038853778853069e-01,2.769834789068763639e-02,2.233492850700452836e-01,1.410536186007450010e-01,-1.898487352147915086e-01,-2.232015417738940355e-01,4.103364758562001030e-02,-3.434807081653061811e-01,2.595395497298266241e-01,-5.163622675649126581e-02,2.952666981956107994e-01,-2.157400406520141450e-02,-1.643501131554300221e-01,5.813071500147468790e-02,-2.202790871234664161e-01,6.910998413355631809e-02,-5.504916978533441752e-01,-3.017343118027437932e-01,2.298379617883554715e-01,3.449544710541143644e-01,-2.358943990403003510e-01,-1.194503160479553350e-01,-1.667500242500625784e-01,1.719951968313283563e-01,1.107564339113262103e-01,3.279245053169084767e-01,-1.017486745169979001e-01,2.524085190496376252e-01,2.028504482793140329e-01,3.435368760601299476e-01,-2.349278368167537212e-02,-7.412534220217882608e-02,-1.373108954296565001e-02,1.031348785977802274e-01,-9.619086731545214985e-02,1.629567217524154066e-01,-1.382998796898963767e-01,-4.296744511040755110e-02,2.779319002729566668e-01,-2.169243353508580954e-02,-1.016025300477245291e-01,4.638417560356541264e-02,-1.434943535104853951e-01,-4.776749647572080260e-02,1.653780342839279993e-01,1.587756060746375875e-02,-1.702422710137752870e-01,-2.317611551400051151e-01,2.160641094946530727e-01
-1.799806299715091262e-01,2.196967404197007756e-01,-2.633895260658344339e-01,4.351996073443243143e-03,-2.735891295730474154e-02,-1.432092657573046379e-01,2.389083806339496394e-02,-1.075595904913634326e-01,-9.621719719749304012e-02,4.468329348278690105e-01,-2.191734990397996852e-01,2.578156390675738763e-01,1.090864594650673147e-01,3.398936308077638024e-03,-1.643488960622706274e-01,-3.164177154185545682e-01,-3.032297625291789922e-01,2.755045063895262755e-02,1.349727862845164217e-01,-8.794090729366331460e-02,-8.318729554455193964e-02,-3.338111590951604590e-01,1.503901196388268691e-01,1.667350364916173611e-01,4.155305961572651752e-01,5.254567779539918299e-02,1.016708147628750947e-01,-1.342127386963540558e-01,2.060400201344310955e-01,2.169978661543111031e-01,1.463663702380358367e-01,2.191901144488424824e-01,2.143191145395011432e-01,3.422811664909253815e-01,-2.866005867004496332e-01,8.302420357434295295e-02,4.046057459754669183e-02,-7.238106347719532041e-02,3.142845896441176512e-02,-3.982776610455636135e-01,-4.598860274601449527e-01,1.314125661459465688e-01,5.849828505253967630e-03,-1.494521061047340317e-02,-2.787271542336188235e-01,-2.255903964099839898e-01,-1.907795420053400304e-01,-2.654811800180456594e-02,-3.972760039290315071e-01,6.228982790938260294e-02,1.587169318638539939e-02,1.525298235426100213e-01,-2.338308958696326198e-02,-9.373379703260213691e-02,-1.332994355865750324e-01,-8.366797240312497108e-02,3.455848905941465987e-01,1.013531763429555976e-01,4.964018884101522450e-02,-7.148043482417825931e-03
-7.294639140858021065e-02,5.212558604006294061e-02,-1.238197253897302258e-01,1.743194535870817852e-01,-3.292990014960355261e-01,-4.935883900936399726e-02,2.037844425260112308e-02,4.023056760658635933e-01,-1.282973974316480859e-01,4.117045785194009544e-02,-9.946627441153391147e-03,1.186851810266590646e-01,-1.668256750392119875e-02,-6.898023651328907824e-02,1.425762764458383125e-01,2.110783936078685363e-01,8.515350390648644685e-02,-2.000372904577123467e-01,9.838707434407226171e-02,9.835418321551195331e-02,-3.137053040249652147e-01,1.266662893990170256e-02,1.984468232712564284e-01,1.732211901711728785e-01,8.316666396392016769e-02,-1.557205099259856840e-01,6.516920519525409849e-02,6.291810212147193326e-02,7.803419897888493051e-02,2.178595937683211192e-01,8.952515194867473325e-02,1.919696353011363654e-01,-1.498978177115992128e-01,3.280696524623085142e-01,4.396803832649599786e-02,1.388545868123794436e-01,-1.712408945806097871e-01,4.268628661472500530e-01,-1.836547066183208954e-01,-8.901992379631779029e-02,-2.573332414017214798e-01,-8.169823213186386615e-03,2.598708890213968781e-01,1.292101088468250170e-01,-1.041316186337793714e-01,-5.192237377988455360e-02,1.471687806728153303e-01,1.307272170730924832e-01,2.294400078876849547e-01,-1.366422725510776370e-01,9.102764946344259200e-02,1.970548138425520790e-01,2.793917465025463343e-01,-1.221293153848645174e-01,-1.209577571556434972e-01,3.006560313126139736e-02,1.855380769519119066e-01,-2.513929346107831586e-01,1.139451045255142070e-01,-4.517220760926081158e-01
-1.168775852591274686e-02,-3.085151572204712991e-02,5.467133285243395285e-02,6.249632440246381815e-02,2.284312317261644465e-01,1.452698638241695928e-01,-9.610249489413555390e-02,5.335013431439043774e-02,3.300631611262744847e-01,2.561804324749387685e-01,2.240352472319933064e-01,1.259438156726769842e-01,2.810235573790127034e-02,-2.710202741572028673e-01,-1.460897203403502265e-01,1.250237564079855757e-01,7.930765181903517980e-02,3.033414177567875791e-01,1.316764011693861147e-01,1.210451184673448227e-01,-4.636590244962612850e-02,9.473820230049852242e-02,-1.432501415888324733e-02,3.375239059738928127e-01,3.077277213388580554e-02,2.610228368844951241e-01,1.129863846728456911e-01,-4.253480228167344501e-01,-7.194614606529746437e-02,5.964804917973791365e-02,1.479896139208688732e-01,6.777143280028576078e-02,2.813196983433880471e-01,-3.011079357267330142e-02,3.919875714058072141e-02,1.610699773799081080e-01,-2.628646273658530319e-01,1.820705788721255491e-01,1.858486603666976988e-01,-5.408164126872579136e-02,-9.708008436060866497e-02,-9.510831758863906582e-02,1.840950873907510332e-01,3.453737540943736112e-02,-1.411941085807073559e-01,-8.492283742996878382e-02,1.716636318105920489e-01,-2.988633081493800026e-01,-4.375272679066738446e-02,5.754587649886667988e-02,-3.855695476967434428e-03,-4.314891779559537621e-02,-1.883188136162780302e-01,9.578940102582725324e-02,2.617509163499089908e-01,1.173077084519234398e-01,-1.927748664922577793e-01,-1.219561824599403738e-01,-9.774655578169816339e-02,-1.857886631262305882e-02
3.428942404284779366e-01,2.349338251205139103e-02,1.247162626137094110e-01,1.926396305601310588e-01,-1.432421381198943355e-01,-4.052154892957243737e-02,1.427341949314923086e-01,-2.049618900030865942e-01,1.764708940820193250e-01,5.285455814311418310e-03,-2.540088758345621089e-02,-1.688217195186066388e-01,-5.710541793422511947e-02,1.323288583583576983e-01,-2.122232859771712721e-01,1.941212601397277193e-01,9.226538116449156668e-02,1.158508061621855711e-01,5.547370192951588119e-02,-5.441842260691361066e-02,1.747165556069479320e-01,2.689650191007431079e-01,-1.920047515512795511e-01,1.836565977275812500e-01,-7.004003193779417824e-02,-1.010400502814452761e-01,1.484866839213416778e-01,3.113600339012538298e-01,-5.204400426351309117e-02,7.399703362005409513e-02,2.058192058221387233e-01,2.245814556711484278e-01,8.370933310979875031e-02,-6.927987854724466932e-02,8.281292964104339238e-02,-1.564067383236891484e-01,7.478708241885714814e-02,-2.045514778921995735e-01,3.111207481848536349e-01,8.331128944228953503e-02,1.685510782301678501e-01,3.583945310894787739e-01,-4.444265549043278918e-02,-2.746062298431094506e-01,-3.760451670947723146e-01,5.131121409198689115e-02,-1.193057745918643386e-01,1.137587661889118279e-01,9.672612473384858967e-02,1.051669769088729584e-01,4.430296029711970618e-02,1.594992074314470210e-01,-2.071531746705347621e-01,-6.854216441471661092e-02,-2.330147196327547830e-03,6.790884855914655627e-02,5.493734465616179063e-02,-2.330399271314612109e-01,7.691794163785717342e-02,-2.929668439620120024e-01
2.287553874252063607e-02,-4.093876382189673424e-01,-5.863479996855835985e-02,2.914838046871145449e-01,2.179900926594396937e-03,-6.085048766725914549e-02,2.087845137333662338e-01,-3.524827924923008837e-02,-2.099730842925234472e-02,2.708694327291411019e-01,-8.494235214419272595e-02,-1.467801942495364498e-01,-1.295880148646269547e-01,-1.439844565994135017e-01,1.188036311314639125e-02,2.703671843678717712e-01,1.563241652240321411e-02,-2.706779392053117461e-01,7.250304414734796976e-02,-1.215899858736564088e-01,1.642463713249081303e-01,6.581459675107577054e-03,-1.909774630885944791e-01,-2.492528200557620030e-04,2.323236789611671411e-03,2.927049900950458583e-01,-1.264238268708741397e-01,2.983643139783516071e-02,-2.206885191830724458e-01,3.700339323289395660e-02,-2.728529108815653248e-01,4.234440106664465880e-02,9.811405031930293952e-02,4.207146445043822430e-02,2.354714110377882919e-01,-1.173232765274498518e-01,-2.093067304469664602e-01,-2.201393148854809412e-01,-9.574180045927616067e-02,9.279631527706741490e-02,6.712424338216342601e-02,-3.397722030277837701e-01,-3.315551729957475491e-01,8.183492891553620363e-02,-4.060211258094028469e-02,1.301709126188914378e-01,-9.416051988511342508e-02,2.434701551496411265e-01,1.954318667653722613e-02,2.758363952370259109e-01,-1.811550632652697279e-01,2.866656628672399343e-01,1.604563739402333766e-01,3.382509617716550343e-02,-7.228887168594654022e-02,-9.732978800301742006e-02,-9.253589874758053752e-03,-3.354365284011977949e-02,-3.331228243865502758e-02,-1.200730715806519744e-01
1.003117704008101158e-01,-5.329472697797693614e-02,-7.633857523890789920e-02,-3.958714065029567348e-04,2.156892106929902964e-02,-1.677091379222449274e-01,-4.376939153257118631e-02,5.322420333356803201e-01,1.162417190088210761e-01,-1.800293417319839828e-01,-3.081880951167550314e-02,-2.448087902257816972e-01,-4.905448687956929371e-02,-1.860578018207737494e-01,1.256404718057329006e-01,-1.023471493530251630e-01,1.863723209344383958e-01,1.390652366080848412e-01,-2.064921885355520403e-01,-1.296342734555282483e-01,-2.512033026921950407e-01,-1.436055731207594999e-01,-1.607045514672805209e-01,-4.082286347116984709e-02,2.871473372333642193e-01,1.790565124423651802e-02,-5.373414799903421940e-02,-7.135606763957898224e-02,-9.086175386557279743e-02,9.423678500726100082e-02,5.137801597924983310e-02,-3.646396174806537105e-01,1.083914314577545390e-01,1.179927167535169685e-01,1.136701763760969153e-01,-5.373918703983464329e-02,-5.365889972914555939e-02,-1.623992796020762019e-01,1.439751839798503186e-01,1.890788620645075524e-01,1.108885739283531208e-01,-9.017340522156181565e-03,2.676480453112312086e-02,5.796849824626788480e-03,-2.959285271983593674e-02,1.152325983460763814e-01,1.478053947781773902e-01,-3.218084240831782517e-02,3.948163473233205073e-02,1.541634241705391818e-04,1.208622114668350678e-01,-5.055899203756732962e-01,-1.951778199864841745e-01,2.823735982761216984e-02,-1.447297624135908123e-01,-1.091701540911325374e-01,-2.587711158685045421e-01,-3.100101597168828937e-01,1.650512158976709734e-02,9.939143546986869970e-02
-2.361923430404801461e-01,9.417487047931703825e-02,5.077172113931531505e-02,-1.728169798986183558e-01,-6.920681560643535124e-02,-2.625713057056869998e-02,-1.626394351431711127e-01,-2.443381841842190982e-01,-2.167091440738867780e-01,-2.687284294292113240e-01,6.511756945520995321e-02,1.328178421395298237e-01,1.054641639036485445e-01,1.075064022960317833e-01,-2.854211729331725469e-02,3.366827546669158566e-02,1.027245018262961176e-02,-2.032760488520820863e-01,-1.334746431887743612e-01,6.949335283813282138e-02,-1.124428384825626459e-01,-7.337113916984235040e-02,5.927887083908152388e-02,6.700397945697117441e-02,2.091960530231458115e-01,3.205142975827514062e-01,2.350300077597283210e-01,8.302087037755780802e-03,-1.275927475536847155e-01,2.808755974352019624e-01,-5.763577884726937134e-02,-8.480877979478031181e-02,-2.021272976586120304e-02,1.007924349579516904e-01,-2.917373036217669746e-01,-5.470223605405127865e-02,2.053992481607410867e-02,-1.890521682939916570e-01,-4.349577466009301591e-02,-2.572457371631803880e-01,1.929705787408812073e-02,-7.794489793092973517e-02,8.232035946093625711e-02,-1.736632937935142229e-01,1.929162139551961544e-02,-3.192644734839013010e-01,-7.808060817771281248e-02,-1.133095576569523172e-01,7.996360457045315062e-02,-1.306556914100524547e-01,4.653424898443413171e-02,6.487464275633522681e-02,-2.565695741292707902e-02,-1.078159678672591798e-01,1.140893035206194117e-01,1.058140169179319773e-01,2.894049053724088646e-02,-2.157030225710676596e-01,-2.129238033182002943e-01,9.142852271365511929e-02
-3.663390040284601745e-02,5.359738118104220156e-02,5.472711992532751368e-02,-7.251042668894214227e-02,2.173466044585760371e-01,-4.531484716575344407e-02,1.177448669245185695e-02,-8.024583642470387024e-02,-1.784914705577540506e-01,-1.197594343222555119e-01,6.220374376934140019e-03,7.960836001171536780e-02,-1.379156745970739339e-01,-6.957931815577318713e-02,7.665207595182077938e-04,-6.055935786418481515e-02,2.823288291171022202e-02,-1.402685821446250924e-01,3.077690900477196290e-01,7.286596294336922242e-05,6.613917270859451247e-02,-7.792773721192547409e-02,-2.877337216775731066e-01,-1.177820311313004381e-01,-2.806368326469531604e-01,-2.187228995344496774e-01,2.162044676384962671e-01,8.670608179597996679e-02,1.350078645945582967e-01,-1.461747317921589517e-01,-1.043932116605409133e-01,-3.332415387776050952e-01,-3.972162372760237870e-01,-1.062526652909948910e-01,5.975752994393346285e-03,1.101108882255219801e-01,1.273681405361358210e-01,-1.443350252685532131e-01,-1.069021844949071126e-01,-1.519075466911629924e-01,-6.897578891674580048e-02,1.022744274392115987e-01,1.579809803507038202e-01,-1.385853143821912450e-02,1.360450642890113047e-02,2.552488192913038301e-01,1.200325699860214368e-01,-5.767545600970329367e-02,9.580947957163725437e-02,9.846248600416052099e-02,7.698817093532830946e-02,3.952814356744826954e-04,2.061774327243227067e-01,-8.122255695064570236e-02,-3.900417705520502210e-02,3.307409657079362075e-01,2.313518517270155839e-01,-8.480014829899253093e-02,-1.721038363190233178e-01,-7.289986654678697053e-02
