-4.713347644135188474e-01,-2.744410427515170392e-01,-3.497992002811803336e-01,-1.261645557820064156e-01,-9.306116846392563369e-02,-1.132254301342577596e-01,-9.211970682210784273e-03,-9.912456699287429396e-02,-1.938040149688553468e-02,2.789044749141707941e-02,-1.459323954119287337e-01,-9.643740652959192916e-02,3.339377382952900264e-02,2.961777463602047189e-01,3.465335418661021072e-02,-7.367205545288731117e-02,-2.807653710493985821e-01,-6.471477509327117073e-01,-1.508505704423023785e-01,-2.646752572747840260e-01,6.453899695995660157e-02,3.723357638032155359e-01,-5.231693801082792916e-02,-1.398294716704064911e-01,-3.364044145232283900e-01,-1.649215584752866948e-01,2.198357682527481843e-02,3.773740598912312949e-01,6.003746233003963428e-02,6.068803280579047887e-02,-1.859061477472171708e-01,2.765795220281445088e-01,-1.856302134225538414e-01,-1.575411573334903892e-01,3.076091927058317507e-02,-4.475672593369307839e-02,-1.043022801855083836e-01,1.856340054532664569e-02,1.878751380725117159e-01,5.545122156903198318e-02,1.757853780003132416e-02,-1.297696682248044575e-01,2.537661444032227043e-01,-2.099696608931977959e-01,3.640423201161165773e-02,-2.180017292644749749e-01,4.119319119897447701e-01,3.735318165693272685e-01,-4.814782511131328324e-02,1.741859604760587765e-01,2.287750055849327724e-01,-5.153596902082739906e-01,8.524182853084641409e-02,-1.115075684648206833e-01,1.571262406937749267e-01,-2.532110577796008871e-02,1.274389048227191415e-02,2.841432916696906390e-03,2.603686200833160713e-01,3.719878201703467197e-02
-4.597910213491693265e-01,-4.298521709179151107e-01,-5.426019319244227423e-01,-4.537896615317162374e-01,-2.256915505873830496e-01,-2.020006921678657308e-01,-5.655671180105030504e-02,-2.267325477243476439e-01,1.973696016912106777e-01,-1.534007712957311254e-01,-5.181073029400669328e-02,-3.723009667468041121e-03,-1.967920641435265128e-01,5.927762635208064929e-02,3.373464743732335624e-01,1.651179248189866278e-01,-4.897866776580581671e-01,-4.285628692828839514e-01,2.657944580015301345e-02,-1.330168597815943043e-01,-1.876300002300158865e-01,2.074973087190747911e-01,-1.764803551081720878e-01,-5.484518874933970445e-02,7.523294160668562991e-02,-2.435960753287018735e-02,-2.304292181412970764e-01,-4.034974267773222545e-01,4.950106248547270563e-03,2.480766239824522268e-02,8.588636209229699725e-02,-5.468180713918322500e-01,4.861826492559455370e-02,5.067196457700398060e-01,-1.149676675800358552e-02,2.038045617460617076e-01,8.852172838862162885e-02,-1.290507776807549023e-01,-2.448271009580174074e-01,-2.121716882800860071e-01,7.662632292132215070e-03,-9.228572301185120064e-02,9.613295145115527407e-02,-8.975703393986775303e-02,-1.544996471679409011e-01,-1.332781463953559009e-01,-4.468724099304410141e-02,-7.827420783569968843e-02,1.664205664519173289e-01,-1.124728549957865198e-02,-7.761122756809188394e-02,-1.363632708299328256e-02,4.762440953712120117e-02,5.526519856877707554e-02,-3.232748335254586602e-01,7.174102960306451282e-02,8.444231016320499772e-02,4.199378705562989422e-01,3.786696809300862943e-02,7.670728381885871805e-02
-7.684060184377859981e-01,-8.803032904021916849e-01,-4.409963051990588023e-01,-6.255387886783156937e-01,-4.316795788953186053e-01,-4.338927022734530015e-01,-2.098745107214664285e-01,2.130492360504892407e-02,-2.792606169311225295e-01,1.498360805792472439e-01,-1.015626117094214076e-01,3.306532654693323248e-01,2.736104891909826170e-02,-3.942112993928998943e-01,2.827106628866949550e-02,1.501276136714994602e-01,1.530022136162236257e-01,1.089750520179355864e-01,-2.722603580122117672e-01,-9.792262885279570672e-02,2.087730239678851629e-01,-4.048010488455777711e-02,-1.955522241853673293e-01,3.531553964505353138e-02,-1.202010548239556414e-01,-1.594980007750139706e-01,-3.110338031375966539e-01,1.596821295311629807e-01,-1.938472706787672944e-02,1.345217002265016171e-01,1.521091774507828676e-01,-5.122430603796929161e-02,-3.117886963277894385e-01,-1.239105036294592538e-01,1.837133238800479212e-02,1.937713856428191495e-01,2.485727458819865787e-01,2.945917437303074427e-01,7.566345183437714339e-02,1.418194691248351735e-01,-1.106321655852393615e-03,-2.307524695119483604e-01,3.366071249987342279e-02,3.536549608237040121e-01,-1.996854737290317261e-01,2.901360604476075356e-01,1.099957210061371232e-01,-9.170529653237421974e-02,2.420616080150940763e-01,-1.383765201705024206e-01,-3.240578511499306869e-01,-6.935468944219885801e-02,-2.174677727955021678e-01,-3.197015633817043567e-01,5.435581030654042245e-02,-1.806741166709729673e-01,4.984820073546712693e-02,-7.208509478135090298e-02,7.874433809813928542e-02,1.431467243378326260e-01
-6.500612440818901439e-01,-6.643038484744751004e-01,-6.202444154554312972e-01,-5.530740466808404809e-01,-5.723179526995563204e-01,-4.746219239588608252e-01,-1.285077669740985196e-01,-4.699231511033163597e-03,-3.117068985655208624e-01,-3.941218588008731372e-01,-2.118269715813153320e-01,-6.743887932929516771e-02,-1.085422039482560469e-01,-1.267382303147760736e-01,-8.237675239569976215e-02,-4.154623577879212881e-02,-9.161463873341495201e-02,-2.459294577474186450e-01,-3.483866566115356167e-01,3.202627150328992700e-01,-1.534880126959563620e-02,-1.439742105296575592e-01,2.343716013004929766e-01,3.678823887028259774e-03,3.326067335126036695e-01,4.775968880063569122e-02,-1.048803939383440714e-01,-2.047958384205021132e-01,-1.347417068330967194e-01,-1.217185925319113904e-01,-1.461571783228483579e-01,9.665102386481613794e-02,9.143457071916332932e-03,-1.858258656594067859e-01,-9.288729461353380235e-02,2.236196030806356094e-01,-4.261328494959751301e-01,-7.518810713349285968e-02,-4.735795528797554638e-02,-3.470114881749193914e-01,-2.216989523129046097e-02,-3.891037229074533199e-01,4.323143510660315547e-02,-1.655516122910803412e-01,-9.252909092019599713e-02,-4.005704145029126417e-02,7.886075490491352424e-02,2.311578098332485107e-02,3.518645282725403334e-01,-2.340903184589926325e-03,-2.903398206656839231e-01,8.688290935929895986e-02,-3.139458240515958232e-01,-9.666557058991392948e-02,3.162933406064393216e-01,-1.326678615571457998e-01,-1.539391216648794414e-01,5.235828007232090631e-01,7.241135654609766326e-02,-1.548832319866029761e-01
-6.804142131460870768e-01,-8.085429010804752181e-01,-8.122316330779396631e-01,-7.393120731279172464e-01,-6.341603712701699980e-01,-5.349423394746388727e-01,-1.248379288921348529e-01,-1.762688293347063062e-01,-2.916307305569506431e-02,-1.926871057004566901e-01,8.293293554594041717e-02,-6.582225937660247939e-02,1.667771938415852848e-02,-4.085701638856111262e-01,1.028028443356441592e-02,-3.031334647139006799e-01,-7.914521717076491991e-02,-7.261477514524617045e-03,3.227863773962545979e-01,1.019914660224267716e-01,8.541367433971337741e-02,2.387225554214374434e-01,-1.851073602167651322e-01,-2.509345303986815767e-01,1.814614866517813563e-01,-3.559840975308394273e-01,3.564546567839014246e-01,2.776631617315544753e-01,-1.361800098353819488e-01,6.412869887481002784e-02,4.210399205783497689e-01,-6.017354559025604732e-02,-1.780987808600564548e-01,2.054483164757060221e-01,1.430912433496071556e-01,-4.077734890445244842e-01,4.181404431702825247e-02,1.847202345311660943e-01,-1.424288328955919478e-03,-2.833454214030841078e-01,-1.267738032366875767e-01,-1.274501347863293277e-01,-1.376876891807396197e-01,-5.944981340986245366e-02,4.182953888256967789e-01,2.732885868361422110e-01,-3.125162278097315394e-01,1.359029793400162167e-01,3.078526851152255800e-02,-1.913491754928647037e-01,7.139235047708517024e-02,3.521862788660425764e-02,2.523898935557257750e-01,-6.566533270082231151e-03,-2.396608600494100003e-02,-2.876974941889166026e-01,-1.233873591631595018e-01,2.640337711190245962e-01,-1.864151648046937643e-02,2.378608864722039085e-01
-7.960757830147968672e-01,-6.791400632415395267e-01,-7.407258472101612146e-01,-7.517404504096214524e-01,-5.119424392481272124e-01,-1.964136549343399873e-01,-3.524460122082614388e-01,-4.430503911213966306e-02,2.938857661006963329e-01,3.882687691027978533e-02,-1.602147108700213842e-05,3.786917009799647266e-02,7.208144398799830321e-02,-2.731119618434392146e-02,-1.310911413489297961e-01,3.637042356486412942e-01,4.892845564247622070e-02,-5.641342805535075333e-02,1.030943392862244609e-02,1.170823711509129117e-01,1.384986784794317582e-03,8.962565635090642691e-02,-2.571303521300253303e-01,-1.454590211880817940e-01,-3.065461090446216369e-02,5.643301652511496791e-02,-1.342977979114798048e-01,1.004610478922909611e-01,3.739244037533743792e-01,-2.706308443879945538e-03,1.045511429414586468e-01,-2.103735839830228049e-01,-4.452294514974449724e-01,-2.216410809332239606e-01,-4.072304427219696765e-01,-4.028160388075865267e-02,8.813203382276119102e-02,1.953793444658303291e-01,1.400498328231163936e-01,-1.449585659888579237e-01,2.077370829901786231e-01,-2.907770056172386333e-02,3.159639122294054248e-02,-2.398796736663061646e-01,-2.348757982114533793e-01,-1.827094368902968530e-02,1.311576175914143105e-01,2.236124211387603977e-01,3.527059443091893343e-01,3.453766758181144730e-02,1.622157508173246721e-01,-8.345584274100725786e-02,-2.488109541882207315e-02,2.434242988838898059e-01,-7.530661250991122109e-03,1.974019717981124189e-01,-1.170939480562162710e-01,1.705990970089748537e-01,2.356047493566895967e-01,-1.904532367550896832e-01
-7.498170497816140090e-01,-8.714912901520637245e-01,-7.356602968987806523e-01,-7.728352901540014308e-01,-4.367961331896831889e-01,-3.349030817468218180e-01,-2.953366167453316260e-01,-3.801208352056379414e-01,-5.148775334664424178e-03,4.703284421966373585e-02,1.825233529785132425e-01,-1.587898850080078639e-01,-6.510367228007417351e-02,1.520995174264345717e-01,1.277356341109195659e-01,-1.558493341278063826e-01,1.441288653992308377e-01,3.042512688063949700e-01,-4.281953392060115771e-02,-6.273681320931976391e-01,4.068758857681514796e-02,-1.146329848459248374e-01,3.602414815645421653e-02,-8.452233922772386943e-02,-1.865190836750356129e-01,-2.869104390230090007e-01,1.194359171283031762e-01,-4.757055049425454318e-01,5.137707795160051383e-02,9.555872955057201357e-02,4.740419784029654277e-02,1.809832551904107245e-01,2.576544175761800171e-01,8.978893406778987174e-03,-1.527478688106231053e-01,-1.698719190808755108e-01,7.015461121612877327e-02,-2.721971551140816570e-01,6.451187368857388971e-02,-1.314713941409245135e-01,1.455748162291359837e-01,3.203768066791889794e-03,-6.117617357766354236e-02,-1.271618240733144167e-01,-1.122409815921287992e-03,-3.263592762887469467e-01,-3.427836710138983944e-01,-5.131468981387006523e-02,-2.350722864858134642e-01,5.756511790605282897e-02,-1.868152957734272868e-01,1.712563193080618995e-01,7.965021983760944835e-02,1.606120248032033848e-01,1.277177185001271420e-02,1.432651006044454722e-01,1.680811965925067819e-01,-2.437667840599314351e-01,5.369726765889133724e-02,5.469149035996630909e-02
-7.935791644228439301e-01,-8.611770878800895090e-01,-8.206399553363523669e-01,-6.377609769002182682e-01,-2.481167551090014134e-01,-1.159978394973263383e-01,-4.636904761953327681e-01,9.178044010641824013e-02,-1.443236165837984419e-01,2.304177704945232497e-01,-3.981928635697837282e-01,-1.576148963980655293e-01,1.014852119382902707e-01,2.570840956645933373e-01,5.814918500227404113e-02,-4.271635245465400799e-02,-2.976301028056703157e-01,-3.777857606945681512e-01,7.675047361895827314e-02,3.719812827938563660e-02,2.061638499118447210e-01,-1.095357295522255692e-01,-1.810079146732911926e-01,2.069946390310596906e-01,-1.317045924998830851e-02,1.190153214350972155e-01,1.181719594770478110e-01,-2.124747129007661106e-01,5.718088703857722443e-02,5.177134554857567433e-02,-6.849014630414862470e-02,3.047947896779003019e-01,-1.068467778370024018e-01,1.195751265124576045e-02,1.062181271728442622e-01,1.029412587214904862e-01,-3.131383101729602603e-02,2.395744458613220940e-01,1.581746563048254117e-01,1.523290268784262269e-01,-3.105059472380837793e-01,4.557843994690051470e-02,1.466260354897878058e-02,-2.196733134402403531e-01,-2.839249351044253467e-01,-1.822990732890515664e-01,-8.442652788875527892e-02,6.074054715580932962e-02,-1.310731146827768256e-01,-6.483093888759630663e-02,-1.102476819401765340e-01,-7.806281503402229260e-02,-2.526199953052673391e-02,-2.819765275601586810e-02,2.253814390657670752e-01,2.232027434085953332e-01,3.679523915066618134e-02,3.053199325349010285e-01,-2.455412404212996627e-02,-3.330497876139940638e-01
-6.588984190349683745e-01,-6.981129372476779782e-01,-5.964381744870120849e-01,-5.639703332959650206e-01,-5.803408826716516256e-01,-5.582483127017681124e-01,-4.547486384838967943e-01,-5.798957763060895443e-02,-1.513718325384095197e-02,2.927128867865929629e-01,5.452017134001761051e-02,5.017103251981858310e-03,-2.169817132494240020e-01,-3.190925498553739276e-02,1.060646403033802948e-01,-3.048779888536191640e-01,3.442269449190739072e-01,-3.915165380353814728e-02,2.215194164846415181e-01,3.725245755001301284e-01,-1.798417076016886051e-01,-4.072317154644912451e-02,-4.009886371186322518e-01,-2.347444371519586126e-01,2.838888418551568371e-01,3.590899541365159819e-02,7.557907717221690191e-02,1.004221099862539351e-01,6.538687747558483143e-02,2.608113238634215403e-01,1.125632755770692404e-02,8.934207095636642615e-02,-3.090909853898110571e-01,9.994013199275948722e-02,-4.210219625798282406e-02,-6.425992383964668209e-02,-5.244423609849940826e-01,7.119985276028505117e-02,2.063525489393876755e-01,-2.769586030436546054e-01,-4.691367095152716438e-01,-1.073511532427921453e-02,1.539175474612753391e-01,1.330812696853073684e-01,1.365292437456486763e-01,4.898817343857958528e-02,4.741544133542096098e-03,1.075136535365234930e-01,-3.032494484158285153e-02,-8.582245142738387234e-02,3.828329299340420266e-02,-1.797969810130056190e-01,-2.557104777878860258e-01,3.377576903782474327e-01,-2.559266928880190584e-01,1.193514851273838086e-02,6.379420491497611936e-03,-1.780804494344839228e-01,1.916606174332676216e-01,1.907074441238705842e-01
-5.220332550516528780e-01,-5.755454996524724809e-01,-4.610412861473488499e-01,-3.046078105537716185e-01,-5.439086264034408424e-01,-2.443448485394891095e-02,-1.662886309278165942e-01,-4.535646376863629037e-01,-2.874192747618081745e-01,-1.571841230626911390e-01,-9.681957154945754207e-02,-9.533515006202235298e-02,3.558717915304303314e-02,-3.166197136572529436e-01,9.398394867408715880e-02,-5.811016701283873431e-02,-6.117608671303007700e-02,-4.250634483334241043e-02,-1.012933923132556674e-01,-6.263376963450424662e-02,2.419228684106033145e-01,5.848783058527206929e-04,1.662183295993753529e-01,-3.094623311120684450e-01,-4.089368123682620704e-01,-2.108009853489058172e-01,1.101789783195012279e-01,4.907571060322831608e-02,2.985787940798768081e-01,1.350746073664342850e-01,2.725697806521957256e-01,-3.055642439599468713e-02,-2.461777365848712429e-01,2.498948893838769461e-02,-8.923027443830644501e-02,2.016901798480295604e-01,1.520602703643847975e-01,-1.932888444932779337e-01,1.617332166248739433e-01,1.340295573026452913e-01,-1.703059304170675414e-01,-3.464841887999597358e-01,-2.482355162757122688e-02,2.478852448948332121e-02,-2.703345949818768412e-01,1.157034103387274832e-01,1.770688738433855991e-01,1.963023406404489912e-01,-1.753905003457876810e-01,2.391629242417632750e-01,1.196708687464214382e-01,4.287119017264201526e-01,-7.289742287337439008e-02,-6.158506241218987542e-02,-2.425220117732522773e-01,6.564377985410546276e-03,3.193996271855413238e-01,2.229510699591991385e-01,-2.007200767424636434e-01,-2.717400010359988238e-01
-4.389904274708499310e-01,-2.721581139114811476e-01,-2.791120010881900648e-01,-3.122101490685072478e-01,-2.143230477248597443e-01,1.746947102827739809e-02,-2.660152193016796507e-01,-1.019677492329094937e-01,-3.072131828487917882e-01,1.062838190067851366e-02,-5.843049068039303240e-01,-1.169835585181685789e-01,1.007179574336577177e-01,4.006618940997410533e-02,-3.286011592599620279e-01,3.030673169282148693e-01,-1.499562679477592919e-01,5.995516572643656839e-02,-3.580825982546452513e-02,-2.714882732899338569e-01,1.336652095892459403e-02,-1.700018660455371589e-01,-1.688684505440155026e-01,-2.618041405421972501e-01,2.000902169337081260e-01,-3.020782680877878712e-01,2.518315575460651767e-01,-1.074895278048697972e-01,-1.479960077679485786e-01,3.445139915968598119e-03,-9.760816742312862504e-02,2.412194508897626266e-01,-1.405218161362655205e-01,1.488141437409908341e-01,-9.730020918022641574e-02,-3.044949526220632197e-01,2.957072139778901126e-02,9.074665770012635413e-02,-1.422222085045258752e-02,4.576611789334007752e-02,2.130393683297451130e-02,-3.850812106616922081e-01,4.015920272089249649e-02,2.306302786154263915e-02,-2.721449947097835387e-01,-4.412373753332887172e-01,6.092919990506171640e-02,1.481157965579464053e-01,-1.328774032196690727e-02,6.117409942574344311e-02,-2.813150843992436312e-01,1.061926793061410967e-01,-7.274805296362669982e-02,2.436488405277001945e-01,-8.628194928642260453e-02,-1.487984311022667039e-01,-1.480297600650145873e-01,3.583757934259840239e-01,-3.020547429239986981e-01,-1.348031842225626276e-02
-2.632793236588302221e-01,-2.422057959818497697e-01,-4.405240988060036278e-01,-2.223492562675858930e-01,-5.891509043362217618e-02,-1.695035798459179066e-01,-2.674651428402791131e-01,-1.231776832202448740e-01,7.489801461293638107e-02,-1.866470175950210586e-02,-7.153075933217176163e-02,3.722683700552954500e-01,2.238059131221443315e-02,-2.953155830276429361e-01,-1.469133224856449260e-01,-3.460475936752518272e-02,-2.127068727850519037e-01,1.279622311800893975e-01,-3.053116631001351333e-01,-1.337480458395388094e-01,-8.253178996158563874e-02,5.790709113468615193e-02,3.965426772015316625e-02,1.928113717398360905e-02,-1.678036259915566958e-02,-1.216747411000993762e-01,-3.547657648755258575e-01,1.356362308790554638e-01,-2.038724769881766485e-01,3.120773305280615667e-02,-9.057832620480595065e-02,-4.677873837301484150e-02,2.974088843154398809e-01,3.883604195512374568e-02,-2.361966470498142942e-02,1.461433332845276101e-01,9.544593250684425823e-02,-8.004639156112576537e-02,8.506730094942349663e-02,3.696017653970139483e-01,6.567999859257681039e-02,3.799940572312296427e-01,-2.323874867890591833e-01,1.636838594581394579e-01,-6.215944382486634362e-02,3.330161266415756494e-01,1.855581511953829643e-01,-2.955987816724468531e-01,4.111893396222255914e-01,1.220323566814422167e-01,-1.419510324420065195e-01,2.640182263705476151e-01,-5.890635127438033358e-02,-6.212272119598285375e-02,-3.830905484993844812e-02,1.901108172851029843e-01,1.069096879128370176e-01,-9.030434404804769943e-02,3.368229775701525510e-03,-1.968496323960187144e-01
-1.910662840473640045e-01,-2.611561485602892918e-01,-2.355183103844045722e-01,-8.114707379715264957e-02,-3.028022150560654713e-01,-2.579883019288318688e-02,6.735947252791502082e-02,1.361810472524353430e-02,2.521003323980862687e-01,1.372070006090451710e-01,-1.505096625392887133e-01,-1.136866449791712891e-01,-1.653819433237118386e-01,-2.464626774755205862e-01,5.237237051294084400e-02,-4.543480674082334830e-02,1.097046223650766511e-01,-5.224904397411824636e-02,5.987285148436829324e-02,1.671952262217072105e-01,-2.185922600503535929e-01,1.985007184745103126e-01,-6.352631655221101237e-02,-8.310565096176041056e-02,6.770046072769522749e-02,8.124776284663845494e-02,-8.153079238112835581e-02,-1.828195140210542580e-01,2.658671484649599570e-03,-6.430151370628264806e-02,-2.327263662181792703e-01,-3.238424028468180060e-02,1.165168898713427187e-01,-1.063966314038089500e-01,-2.800605134850764344e-02,4.388605693485476966e-02,5.518442529404634506e-02,1.415028377782105440e-01,-3.751743421735441730e-01,-1.285874096672521838e-01,4.733204684674414270e-02,6.144376050331989969e-02,5.042593269468801515e-02,2.318688192112668828e-02,1.175594349064688765e-01,2.670209858637018763e-01,-1.426989405704640057e-01,2.345650117179401070e-02,2.370120863128288846e-01,4.405649603445873086e-01,1.867985136912271027e-01,-1.345653755367488824e-01,-9.606951821075026404e-03,-1.561627875656213527e-01,1.815773401748614346e-01,-6.313205487677910066e-02,1.384948755851385660e-01,1.018116969429126162e-01,-5.830468836481310368e-02,-2.750819973990253908e-01
-2.963403989963017127e-01,-1.108567476408941904e-01,-1.116312402782414087e-01,-1.860236692140509462e-01,4.076557727069597681e-02,7.827172009374946948e-02,-9.358125114202321335e-03,-1.919428689196975013e-01,-1.884991126138553796e-01,2.267848083607986176e-01,1.097538315848702595e-01,1.141447006748105009e-01,-1.894352955007898576e-01,2.546955103280821309e-01,-9.919649927656758182e-02,1.400906339732356787e-01,-1.353017435467476770e-01,1.674943822611544425e-02,1.458318984724045753e-01,-1.013203216498799603e-01,4.810303812991664069e-02,5.829468987051598938e-02,-1.054848710254405325e-01,-2.833965566397006475e-01,-3.416893985082062324e-01,9.802783595071350164e-02,9.631349729934560178e-02,2.255189341500288963e-02,-1.575977529632089369e-01,1.910636736474694841e-01,-5.784267284105344686e-02,1.212924775629099505e-01,1.940627014131336425e-01,-7.233844319024725078e-02,-1.086489747794090882e-01,-5.833461664184835804e-02,1.453430504153807035e-01,1.739557314722111891e-01,1.072844634161664451e-01,1.744213903440142155e-01,-2.130476088138343049e-01,3.238234969072140146e-01,-1.546130891431323762e-01,9.054788214879493785e-03,-1.160900938478135469e-01,9.947914677674836448e-02,-7.399410418686339086e-02,-4.465096367556405793e-02,-2.368137596200103334e-01,-2.358638379133580487e-01,1.030811940657430092e-01,4.464687917947846030e-01,-2.128237820130038094e-01,1.176355862974979710e-01,4.290551534319976545e-02,-2.843390413911661696e-01,-1.038685749707661532e-01,-1.581650429233862065e-01,-4.435300594550317665e-02,4.149506465984115211e-01
-5.912922481602624764e-02,-2.828028828734953093e-01,-1.179753241157559945e-01,-7.510021400158051197e-02,2.290109571292477941e-01,-1.647884218910254384e-01,-5.829298994616867458e-02,1.020105002268842931e-01,2.089836090825120118e-02,-1.272489371789049528e-01,-2.073182146794232961e-01,-1.448356357284307228e-01,1.512169567455680930e-01,-4.976073931464079780e-02,-3.858462058321281141e-02,-1.958673246792391742e-02,-2.302143949477733487e-01,1.105967179172395315e-01,2.158615506644218363e-01,3.143018727599080631e-01,5.221766814477234175e-02,5.167934075192363863e-02,1.809483207521576098e-01,-1.059334693882856004e-01,1.129270439676040849e-01,5.062421761542133802e-02,-1.517092249468617593e-01,1.518873482297483368e-01,9.422029366503626227e-03,-1.603183993556248355e-01,-2.444657822130696934e-02,-3.095842991780162201e-01,3.333215583503423840e-02,-1.658277356635037558e-01,4.767002030087601205e-02,-2.609962737764758844e-01,-4.255717543561936544e-01,1.013772559804693163e-01,8.894912427075163039e-03,-3.074916986959196907e-01,8.349370729938936087e-02,-3.743919756450140857e-01,2.259520417101864020e-01,-2.191517159930953529e-01,-9.719171488606065390e-02,-1.495628504738398187e-02,2.687176187734299226e-01,4.620913139820172211e-02,-8.286105654109451879e-02,3.762390094519661998e-01,-1.481574797572532964e-01,1.363357956115192060e-01,-3.269589877253005206e-01,2.949002302772699702e-01,-4.924593885372233748e-01,-2.024388437835862864e-01,-6.930817704684037739e-02,2.866010533093506507e-01,-1.606670394944579860e-01,2.725946122972261465e-01
8.253507754280316189e-02,-7.220085595099653974e-02,-2.336877178908752517e-01,-1.435710323497782215e-01,-1.185598207142042337e-01,-2.763361928896566622e-01,-2.523460654782734847e-01,-3.518035458993397369e-02,-1.249425091811004612e-01,-6.640354966824460470e-02,-9.272253324419657550e-02,4.281423612937872158e-02,2.075935974568270462e-02,1.804335683119727141e-01,3.829132982545731534e-01,-1.601304257437042300e-01,1.273781547286815218e-02,-6.451097797180509186e-02,-9.199985948982829231e-02,-2.250604162029781752e-01,2.173892022616435438e-01,2.171128866306655802e-01,1.783854513264996333e-01,1.633798021697038805e-01,4.308443331210509708e-02,-3.220147755673256063e-01,-1.223120159816395019e-01,1.111896212320975796e-02,-1.501190494279420751e-01,1.868372098388050573e-01,3.170706784898332797e-01,-1.327393738773926801e-01,1.705031805307705151e-01,3.569823653343197623e-01,-1.224777300067368124e-01,1.458296005276327190e-01,3.280006265559090584e-02,2.427236009661302707e-01,-7.560549364219379398e-02,2.034921459755151818e-01,3.012274563868422121e-03,2.217944845087180261e-01,3.153334706553817535e-01,-1.444079841068389158e-01,1.613979878856475758e-01,3.371969797521564560e-01,-5.356485727842461575e-01,-2.533126585470973913e-01,1.059331682020130394e-01,-2.106418552848332015e-01,2.286884343118938678e-01,-6.127411846428111597e-02,-1.682419643240805063e-01,1.073198598940415111e-01,1.845200209836029837e-01,-7.146694036634515523e-02,-3.094953336231719490e-02,2.038422877300575045e-02,-4.036435149527035082e-01,-6.098041220367482473e-02
-1.657709206333268237e-01,-1.833707459575366350e-01,-1.347981441217652177e-01,-3.730026891783342485e-02,-1.965670580376782106e-01,3.441551651523790112e-02,-1.201868254289772675e-01,3.321929371745804133e-02,1.527750559033867472e-01,-1.290011891867059446e-01,-2.102507796324304401e-01,1.714453507838947233e-01,1.545998189719642937e-02,-2.987927345547399666e-02,9.768795102311553236e-02,9.990265205809524540e-02,1.412136746179099012e-01,-1.402963088659246738e-01,5.767868409361794069e-02,3.436358634258379618e-02,-1.886266472828939389e-01,-1.386681623469808167e-01,2.062877822342863987e-01,-4.611838437478172487e-02,-7.471183968072533932e-02,2.676218299588354887e-01,-2.172177662844724799e-01,3.517487999951775524e-01,-2.839503401385098380e-01,-1.373445691092873844e-01,5.878719689416158495e-02,-3.914510846851640413e-03,-2.873817687447761671e-01,-2.949820038152512480e-01,-2.884074604518671037e-01,-2.084269586796228813e-01,-3.302304874576012655e-02,1.779497919581855270e-01,-1.323082621664790071e-01,2.693324914354588984e-03,1.065599422420477477e-01,1.379849678559746384e-01,-1.663893905979904331e-01,1.014418487687159115e-01,-1.707278484391707984e-01,-1.412322162979328111e-01,5.559774338360159301e-02,1.255911749188650395e-01,1.047817345521307314e-01,1.714554931987570807e-01,1.700391022106264097e-02,-8.464590737715298185e-02,2.509969187171746108e-01,-2.874433853898460400e-01,-1.347818646263517217e-01,1.148285728987870485e-01,1.598092448954004097e-01,2.856069763110864398e-02,1.074547945396320675e-01,-2.309539412651841483e-01
-4.371593883597682528e-02,-1.035558302405860387e-01,-9.738906997899055354e-03,-2.426038435150328770e-02,-7.626282405935917719e-02,-6.170452068374106258e-02,-8.232731659539773567e-03,1.465068896537514986e-01,-3.000943341239151740e-01,8.614358469513978822e-02,-1.372961639072378115e-01,3.036133306522200218e-02,-1.108940849152172670e-01,-1.975808994672202668e-02,5.446213475333779030e-02,-3.196207475845943558e-01,4.313077711454103152e-02,1.565083478460971844e-01,-2.499590653978454174e-02,2.706074665880467967e-01,-3.153130807001465474e-02,-2.363669752577348682e-01,-7.097413884983685972e-02,-2.253433641727844439e-01,1.195455310940353455e-01,1.808305848723191500e-01,-1.433127664099445864e-01,1.277017122357128609e-01,-8.127095585644582287e-02,1.931386363264951667e-01,1.195881202188718156e-01,-1.579475816949718892e-01,3.635391677175945913e-01,-2.671269962393967856e-01,1.032725663986547582e-01,1.442420308373220106e-01,-4.784749313175436225e-02,-1.310897259328501485e-01,1.012091962141012519e-01,-1.222962414248235652e-01,1.914164221149241008e-01,1.205140596452126400e-01,4.452515667950626144e-01,1.231243747934987337e-01,-2.655011025056307553e-02,-1.228460691858557496e-01,1.353455540771849597e-01,-1.140162060334962285e-01,-1.839812305510686308e-01,1.890098135795797163e-01,7.137347985654088345e-02,4.912739508732640037e-02,-1.748348722109024922e-01,1.178292597474199788e-01,2.641505997134740991e-02,3.827789358786622131e-02,-1.026699283850807942e-01,1.581659269164787524e-02,-3.133896776587724586e-01,-1.702800815280970936e-01
-3.926470194445372611e-03,-1.958337531228231815e-02,-1.532217707237625882e-02,3.251323698460337891e-02,-2.747713529693347062e-02,-1.001387112719414468e-01,-1.132240317062060547e-01,-3.649705022588042164e-02,-8.742774385656631661e-03,-7.888384849787907771e-02,7.652307135406355432e-02,1.686112421935286598e-01,-8.804921093257486731e-02,1.831420126342212656e-02,3.188291151456783268e-02,-3.086138369352028343e-01,2.607043907850556397e-01,2.347692800352861597e-01,2.272228356664919013e-01,5.647389543064111617e-02,-1.309090059906853065e-01,1.066966489577411172e-02,-2.808760990197591845e-01,-1.243147455690424702e-01,-2.821479241055129816e-01,-9.018655772280967375e-02,1.114832658063399096e-01,1.430736142471389361e-01,2.788285763740350198e-03,-7.410482733659576327e-02,-6.579897091178588467e-03,1.860790549307654584e-01,-1.761187810224562056e-01,-6.463217493754094822e-02,2.440450868439391352e-01,-9.098447902246689645e-02,2.657979900763354220e-01,6.717103760575023064e-02,-2.395580674372942698e-01,-7.709740404047415833e-03,-4.384414720197688520e-01,-2.509277407734045728e-01,-6.031215245095997851e-02,2.389506992735266899e-01,1.403419741513548813e-01,7.019131217186880267e-02,2.257564249990407640e-02,-2.943918491895295975e-01,2.310004900978332443e-01,-2.167907220838735383e-01,-4.027763188832753083e-02,1.007972058982054830e-01,-2.067840579703333626e-01,-3.578518273283802231e-01,8.347927159037259182e-02,-1.464859320393003261e-01,-5.012188743454600026e-02,-2.354398202803472118e-01,9.672871546656877650e-02,-8.948198718180841449e-02
2.027329723916915932e-02,-7.605144437710098515e-02,5.004346253002885103e-02,9.772089302155551049e-02,-4.330917209595702873e-03,-1.454297444145251639e-01,-1.902491429867993189e-01,-1.487294805237504014e-01,1.273570177306004511e-02,-1.460278897984115809e-01,-1.272914709585785953e-01,5.636580896974509314e-02,-5.259700546049258379e-02,3.477490485152989579e-03,1.948208808447405294e-01,-2.930473882237830674e-01,1.600227497824111000e-01,-3.975243971306593460e-01,6.478099156870481545e-02,2.934673801949098659e-01,9.117767382121866326e-02,-6.117131536817046328e-02,-7.931227966823363451e-02,-1.622795096896740424e-02,-4.144288000452281406e-02,1.089550494932239183e-01,1.906863706601065814e-02,5.257742847888737664e-02,1.089084253264476498e-01,3.740562134154060830e-02,3.570919723754530095e-02,2.549605933640468614e-01,-3.350758118822267373e-01,-5.954126615216694812e-02,-2.096187037240586706e-02,-8.987084869047723412e-02,1.157536935003582457e-01,6.752765669402968629e-02,5.365569684969812014e-01,-1.226326567326078108e-02,-1.855907494959997683e-01,1.237939163102810269e-01,8.816146924708247179e-02,-1.295387474957481744e-01,1.951798651686979802e-01,-3.066496108855546951e-02,3.294638825073026300e-03,1.377109295216843131e-02,1.638849645651206709e-03,-1.021766334281417124e-02,-1.874177278997748997e-01,-1.539846998459874494e-01,-2.149356058704676720e-01,-2.887783891070779818e-01,9.306523289873411264e-02,-9.325015426213230374e-02,-1.770751635380821143e-01,-1.438926682969803028e-02,-9.378494150234950588e-03,-1.478382045483278007e-01
4.713099907905586583e-02,1.548726156865271042e-02,-1.989600873862110431e-01,-1.307848800235797970e-01,-1.337848112208209206e-01,7.115235228984673199e-02,-1.616514841360075783e-01,-7.513580062370535384e-02,2.597836220723128142e-01,1.156504868355372473e-01,9.319819007709531644e-02,-1.077413398728766375e-01,-1.794896529229625393e-01,9.201876004456589764e-02,1.685131987180708557e-01,-2.799749324380108040e-01,-3.627062039377938751e-02,1.065005461733028735e-01,2.134028527999893773e-02,3.093277996008644282e-01,7.307013238631504537e-03,1.387014102495499335e-01,-5.617252093773610067e-02,1.216518088362813221e-01,1.524143265601340391e-01,1.291849208013353123e-01,1.286069693904121625e-01,7.870712170302818916e-03,-1.172740558207847200e-01,5.510326554015800016e-02,-1.550361188741796181e-01,-2.458607185464048717e-01,2.937820712818782765e-01,-2.552941697071496943e-02,8.895564457243317069e-02,-2.513196320686666985e-02,1.767625615546563611e-01,3.174028107654266462e-01,1.540594872314387798e-01,-3.441004204961747859e-01,6.622944150289918064e-02,-1.148904647323938794e-01,-9.021223466110657452e-02,-2.662035500929705867e-01,-6.875138470436323312e-02,-1.687013238819329020e-01,-1.737886952126628803e-01,3.374617948108289689e-02,-2.073409552810028672e-02,1.958865452844744115e-01,-9.588519135037384955e-02,-5.213667035181690501e-02,1.946243929531955297e-01,-2.856274575261692414e-02,-3.082709864005414024e-01,6.076190342712532028e-02,1.009354063288617070e-01,-1.935010061677538418e-01,5.125678061780494094e-02,-3.170695400773886341e-01
1.026303430103080450e-01,-1.634230247653693235e-01,-8.721662177682257266e-02,2.221862309080627901e-02,-1.308703308949026867e-01,-4.385333262589795333e-02,-4.102400111356883927e-02,9.916585060262554652e-02,5.306715788338622897e-02,-3.704343732423679564e-02,1.367018100610189468e-01,2.617010162373506477e-01,-2.317134656052624031e-01,-1.166288762965012882e-01,-8.457077292403135382e-02,-9.169483080859244795e-02,-2.116990575657338308e-02,1.728398630009355674e-01,6.689182922058234393e-02,1.390205010844806077e-01,7.182520535285147334e-02,-1.210486710313886036e-02,8.847810629316905928e-02,-7.070710989609260699e-02,1.919809505238623260e-04,-2.568658043373718280e-01,8.642645901580377210e-02,-1.317604974682374738e-02,-1.997238185434797864e-01,3.230460748715584945e-02,4.314959829211586356e-02,1.722030320782471091e-01,3.390696660346634913e-03,1.891053426457147968e-01,-1.482759663334931631e-03,-3.899194912357036025e-02,-7.066884763035344297e-02,6.498164706903716836e-03,-1.767950966424427228e-01,-8.800647352639554000e-02,2.168094817551127415e-02,-2.252164026588205081e-01,-6.551237594754504012e-02,-4.973534324527247724e-02,-2.868782899687147975e-02,4.374345290034167277e-01,8.267831050776278112e-02,5.589116763531964960e-02,-2.724411370057714388e-01,3.166107170277852878e-02,1.095052526929129605e-01,9.894327953045799207e-02,1.963373965659857279e-01,2.574146011997658912e-01,-1.846119291461926493e-01,5.398779164430866917e-02,2.272185281854806060e-01,-1.630051359581416170e-01,1.712167891889003479e-01,-1.244340210036047958e-02
-9.882604124803803791e-02,-1.175597833866668385e-01,2.801511497103563106e-02,-1.257477050396622331e-01,-5.207970151308880663e-02,-6.878959120017159867e-02,1.341044711473901030e-01,-2.925815974054901854e-03,-7.588968415606425766e-02,8.029522873228137070e-02,-1.527998894095841387e-01,1.679229462311789267e-01,-1.317544159483561850e-01,-1.339710363886878561e-03,-1.317029405401693443e-01,-1.854928481152184894e-01,-6.470778000844305822e-02,-5.504012503158518810e-02,-2.252093665700118374e-01,-1.035507277358911572e-04,-1.689932416177291619e-01,9.709378083495198708e-02,-1.137148215320019362e-01,2.434575437726841651e-01,-1.672139313359838064e-01,1.745121594996167091e-01,-2.313089285569198683e-01,-1.304772966368353271e-01,1.746260414614483891e-01,-1.288230622554806803e-01,-2.981765304064986147e-02,-4.792786464763774956e-02,-9.412705159685222367e-02,-1.032385608621046724e-01,-3.837666948333329775e-01,2.245915310839053380e-01,-1.187871514934630834e-01,3.290634063800418254e-03,-6.730470348940628678e-02,1.846831419483818404e-01,-4.579610009160032386e-02,-3.418634745422353266e-02,-3.883873249563728480e-01,-1.508820189640412979e-01,1.567071755607589156e-01,2.281450379471048340e-01,-5.404700402852284646e-02,-2.093899491457844597e-01,-1.671046750963739724e-01,1.224169015161028912e-01,-2.411631364906102470e-01,1.139656797997365550e-01,-1.214802676436458617e-01,-3.086814988683745375e-01,1.072404217259604192e-01,1.761240905497776874e-03,-2.191752709846893354e-01,1.861564475360591719e-01,-1.969386790293316952e-02,-1.713902202913612505e-01
-4.771080116018779071e-02,3.227329982929012797e-02,-9.560669933537521703e-02,-2.336991071881243942e-01,8.431027981106769403e-03,-3.551982553370290618e-02,-8.497817240515306847e-02,-2.876677175360803362e-01,-1.215358296417963641e-01,-2.776243871208937744e-02,-5.061189883606109774e-02,2.059270219882951003e-01,2.800381274670521448e-01,7.440951048729446682e-02,-5.267561686898538514e-02,1.400530586936363231e-01,1.485388537061033409e-01,-9.651884253436163186e-02,-8.612187128558765337e-02,3.587820979471705307e-01,1.825606167880576280e-01,3.667889683727442729e-01,-2.377901735343844469e-01,-2.711482621253834963e-02,-9.239304745782488115e-02,-6.854732100912148962e-02,-2.078246328700264489e-01,-6.689414362360043831e-02,5.582747783589394469e-02,-9.923960116336247306e-02,-3.426949850681534349e-01,1.149963709705004583e-01,-5.554767762957438931e-02,2.420824675829689673e-02,6.381433483319445821e-02,1.576461649000598930e-01,3.285606978354723706e-01,-9.172641020636615461e-02,-1.811904680870077000e-01,2.187076827480353425e-01,-8.486132908829153998e-02,1.052545830562500451e-01,1.169097505454595731e-01,-2.392464650018918948e-01,1.012818085120171380e-01,-1.511223700997176567e-01,-2.418258687021631326e-01,2.178096036937526847e-01,-1.905352614851179294e-01,3.478513611494776780e-01,1.550007691256971298e-01,-9.782401133257923043e-02,-3.934462614750508513e-02,1.681476657963412724e-01,1.228951753072548697e-01,2.626987490678756205e-03,3.648134700458264268e-01,1.292300075737758402e-01,1.028425872266924002e-01,-1.513056326593354428e-01
-5.854296468442584528e-02,-4.451013971857950557e-02,-4.374050706603653527e-02,-2.407702669450051229e-03,-9.495900915762334193e-02,1.198950506780493697e-01,-5.471007679088938508e-02,-1.926621895780417093e-02,-6.858400231930508739e-02,-9.507418758569155526e-02,-1.514407889228438775e-01,6.657982994283953571e-02,1.859637427432701551e-01,2.123421710348495986e-02,-1.951552673997090578e-02,-6.306469619176860442e-02,5.109775149707779240e-02,2.317665116831760415e-03,-3.647554206324307158e-01,3.040701352337499275e-01,-1.025971512259033769e-01,-3.213132404395164232e-01,-2.417329015313428656e-02,-7.349960536422295299e-02,3.784012678093714444e-01,-2.094360061617202839e-01,-2.205636969550460805e-02,1.251492559713189290e-01,-3.486990256965751267e-01,1.742515115731363418e-01,1.527364299374444345e-01,3.878721279496433281e-03,1.735331413643692311e-01,2.509351749991281522e-01,-1.805823002820515499e-01,-7.178202521316556783e-02,-1.827725576257132611e-01,1.582895828850381936e-01,-1.604067818734810913e-01,-1.380150749652542808e-01,1.443690545698107265e-02,1.980242421818862453e-01,-2.983706310289293007e-01,4.309257151325562862e-02,6.508219314985508319e-02,-3.214548980801010258e-01,1.740046351154744264e-01,-4.462186741496246833e-01,7.229183311820713484e-03,-5.458124237278255686e-01,5.511076203292397668e-02,2.029961957588389265e-01,3.316664461547363940e-01,-3.321855638960752224e-03,-1.077445312015483242e-01,1.183609163401606185e-01,8.087307557192757734e-02,-6.441242292774387868e-02,8.697899041556055033e-02,-2.073937045713905580e-01
-1.241210216563442235e-02,1.608830829347095148e-02,3.047042513690350132e-02,-4.534966044150293141e-02,-3.252324038868119049e-01,-5.946190012094515476e-02,-7.793562143690384303e-02,6.909237559148079244e-02,-1.469874213105865912e-01,1.937307178138122088e-01,-1.114551602257874557e-01,-2.343051998154818405e-01,-1.526433168668209772e-01,-1.391215747576592110e-01,-1.947419876219926016e-01,1.073656141936377151e-02,-2.249360738229172398e-03,-3.487174070942294229e-02,-1.034910708765048870e-01,-3.443701889786975751e-02,2.762770768186919440e-02,2.725299984249437424e-01,1.537489627967369710e-01,-1.153691332757364185e-01,-1.038515586313320249e-01,2.169064421860530251e-02,-2.339649175917282997e-01,-2.260795603173385016e-01,-2.922306559129846798e-02,1.639322901332799232e-01,4.540780615887439475e-02,-6.072502439121405665e-02,-1.757530232651157154e-01,2.996844332409333012e-01,-3.866633942924712630e-01,2.269337892197186568e-01,-3.058262942956556721e-02,-4.738150165961647897e-02,1.544366044503687196e-01,-1.006166093356537089e-01,-1.583049701799688624e-01,1.043332497506695156e-01,1.088904125854112809e-01,1.342663255117287624e-01,3.044399330771665468e-01,2.842117956810481447e-02,-1.184145587130882166e-01,-6.833354765687563170e-02,1.683759292905185889e-01,9.519259360412006543e-02,-1.943199725984756654e-01,-1.460784837830166327e-01,8.154894280377492088e-02,3.004511346714690972e-02,-2.302147016959565744e-03,-6.307468664639177824e-02,-5.530329497682660855e-02,1.945690911422530076e-02,2.379032093220407457e-02,8.822085913036989413e-02
1.066647140004540473e-01,2.725801896295435706e-02,2.153402207129380408e-02,3.671717142172351706e-02,-1.209328548703389183e-01,-4.879248088986992693e-02,-1.713547957051742704e-02,3.620401618943692723e-01,8.886361800385070286e-02,7.512569116520194379e-02,-2.371751677822083182e-01,9.706402652407392084e-02,4.143746953426469259e-02,1.762235271289742111e-01,-5.823740960565355895e-02,1.137708500192639860e-01,8.590477467734336514e-02,1.129911013041037943e-01,-1.363653320296379923e-01,5.179109653425166548e-02,-6.594732707807254846e-02,-8.874004404716165362e-02,2.693466629237049187e-02,-4.128228513591553073e-02,2.504978826373917972e-02,5.781294618948708275e-02,1.640660688120414434e-01,-2.875978229942284178e-02,-5.124711862024496078e-02,2.079347845766059133e-01,-5.754730108140930500e-02,1.641005563372930076e-01,1.716502172999993803e-01,-1.877507972091898569e-01,-9.717920248676042982e-02,3.046248378664569989e-01,3.569454196544488145e-01,-2.749630967369385420e-02,-1.319057893011386096e-01,1.305646499634860180e-01,1.034341529042257929e-01,-6.367534265788273029e-02,2.137388241558926261e-01,3.902325383286312649e-02,3.511275896770365001e-01,-2.004138091422786039e-01,6.695269143017638924e-02,8.441752144331522711e-02,6.421529188937510901e-02,-4.403973687416340432e-02,1.319604248561553339e-01,-3.270661788127342262e-02,-1.246342152274465542e-02,2.936175356199446917e-01,-1.068210560906059925e-01,6.013109310131013047e-02,-5.194244196303045291e-02,1.126734683912631318e-01,-1.617717330112394269e-01,1.228959929224690689e-01
1.487917577380641065e-01,-7.944851278811740358e-02,-2.330967308515104544e-02,-1.500870955734716350e-01,-5.255395748663795746e-02,-9.094060778955939672e-02,5.101789390184696682e-02,-1.660164129760454133e-01,3.392605601312403962e-02,3.709019344416144420e-02,-1.962670918862750580e-01,1.431066185061728203e-02,-3.390662641437063030e-02,1.771595082520088238e-01,-1.240197968972420323e-01,2.928720695650362527e-01,-9.757102782781302153e-04,-1.173882453157976125e-02,-2.339413684049130304e-01,-5.192007658704822677e-03,-1.699212998572946498e-01,7.622479112332034012e-02,-1.328094480154528856e-01,-3.835008419428143252e-03,3.475082910894342764e-02,-1.482720229078707541e-01,1.237425565722183041e-01,-2.600245332137449128e-01,7.756877293453216804e-02,-7.250116397412952052e-02,1.796516598544806165e-01,-6.803119682687152735e-04,2.274451636451866876e-01,2.535263509247827687e-02,-6.165015834892546842e-02,-2.054606425638426104e-01,2.089549178542090060e-02,9.297447056730707982e-02,3.905921833424457756e-01,2.086622617706331562e-01,8.529843153021884894e-02,1.246408136430998681e-02,-1.437428355757699172e-01,-7.057935661235041624e-02,-1.613150768574012628e-01,-1.680840743726261244e-01,2.914440112970250740e-01,1.386860833638349152e-02,4.653936113022926965e-03,-3.716101878868052766e-02,7.240244811626701804e-02,-1.337580280028184965e-01,2.689240423806987801e-01,2.768747789763567613e-01,-1.040609272131892693e-01,1.337054274058574743e-01,3.366988252022730388e-02,1.706449197191052536e-01,-2.180118629622029292e-01,-2.968571094703171820e-01
-3.130354435549861924e-02,-5.332275911933599677e-02,6.136215381073439890e-02,-8.969057247739872785e-02,7.553632656081141206e-02,-1.321470092274097674e-01,6.820842487200634574e-02,9.055598329139713520e-02,-1.876520472807262016e-02,1.836905511700580307e-01,-8.644892751739708184e-03,5.505657668648640535e-02,3.062502867547628460e-01,-1.511311482627916147e-01,3.654800868492541488e-03,-9.619115232207312016e-02,-8.355262898104409697e-02,1.960324195862736540e-01,1.034036315273628437e-01,2.399591798317593505e-01,-2.076732349149712498e-01,1.313354748111781878e-01,5.445976799754226327e-02,-2.376612124496768619e-02,6.825829504159050543e-02,-6.430151487073577921e-02,8.585671592453286705e-02,3.315358253122308030e-01,-1.474251919708403635e-01,1.866828838305518712e-01,7.989774185652591398e-02,-7.842556866288927231e-02,-1.417828718875402405e-01,5.248893026656595989e-02,1.053525500266981607e-01,-2.159897189604984558e-01,-1.856119264284883386e-02,-1.995995056411506430e-01,-1.203919413780397407e-01,-1.077412051702787699e-01,1.332143711888091331e-01,-2.979689256391201968e-01,1.330414906511185047e-01,2.627480682790235833e-01,2.125533013353174405e-01,-9.697111540876209024e-02,-5.800960856364998502e-02,-2.999979313545836357e-02,-1.503798744076859650e-01,-2.808965110718882746e-02,-1.179882580270839865e-01,-8.520248319897485989e-02,2.572904810308637158e-01,-3.351805048430909761e-01,-2.836381127705884242e-01,2.782345986933768001e-01,-1.317899489481874631e-01,-1.461425431366575600e-01,-3.201700502638090140e-01,1.978171259202395338e-01
7.794923318511579047e-02,-8.188239097993606219e-02,-6.594785715393988723e-02,8.303947704511741024e-02,3.223848696381975687e-02,3.628936726507385468e-02,-3.162149797900483394e-02,2.243502296714560418e-01,4.197242147385295968e-02,-6.915918406766183302e-02,-5.941212058052129652e-02,-2.290116330261915759e-02,-1.077879291611533868e-01,9.604115667215286367e-02,1.473295413610357096e-01,-1.321228940345545444e-01,8.762306794410046340e-02,-1.889737745755016296e-01,-2.994111836356968398e-02,-1.678215276281287138e-01,2.212604619978980891e-01,1.287468189766342308e-01,8.473965013490133980e-02,2.410071614235729243e-01,1.437958731514153432e-01,1.202871671186273861e-01,2.531749070705420768e-01,-9.836113860692567712e-02,1.985185193203012344e-01,1.508421560967143915e-01,-1.137752836407415202e-01,1.683513060812885653e-02,-1.115370777150938714e-01,-1.926369432548603600e-01,1.713139272427766369e-01,1.242355213380349072e-01,-3.723357859624600724e-02,1.135811200698670226e-01,-2.050673308556738017e-01,-9.256078430852190952e-02,1.558082200632688596e-01,6.329468943915281254e-02,-5.420476239168613153e-02,-4.369521493516528160e-02,-2.382188453776710180e-01,1.216327565483366069e-01,2.880851501849207574e-01,-1.259857718106372204e-01,-7.118184092813054087e-02,-2.409392869323724248e-02,2.668438438762368303e-01,-5.969774082529868270e-02,-1.139419688444205797e-01,1.974492883066767956e-01,-2.575866716080542629e-01,4.958001196695054069e-02,-1.043222628879808961e-01,-7.791009331738582566e-02,-2.432727770909491327e-01,-1.045996254601028186e-02
-5.662987035660455026e-02,1.033405089455632572e-02,4.799354926021861395e-02,7.653012580131549059e-02,6.455029605106757384e-02,-5.995533724543628158e-03,2.482973520789669500e-02,-5.330775895799357705e-02,1.505820806175283966e-01,-1.595823124947681054e-02,-5.027812388794263704e-02,-5.279694410682225086e-02,1.847750894085322948e-01,-9.737606711310142771e-02,-2.424515324992769227e-01,6.619615495199267230e-02,-8.106927334106847627e-02,-1.307890505510075907e-01,-5.797716011345310783e-02,7.485647365317538160e-03,-2.016812902791943057e-02,-6.191105348335644576e-02,-7.376345056853107762e-02,-1.660502543716759760e-01,2.524247063366120286e-02,-3.060532229961472339e-01,-1.301643661914878569e-01,3.257079434909100346e-01,-3.289722705910917006e-02,1.838646232334007202e-01,-6.412746772338639989e-02,3.739140230116520108e-02,-2.297713764997091901e-01,2.745334659417405978e-03,2.627339923260664234e-01,6.786783686926245451e-02,-6.115342501737817960e-02,-1.399011460863511525e-01,6.069835109477550450e-02,-3.185971706376292678e-01,-6.260382361068941859e-02,-1.886759357933781578e-02,-5.207471855989272147e-02,-1.584212126057655545e-01,2.129779567738014079e-01,4.273620721333985795e-02,-2.740530465808482252e-01,-1.510172080504750824e-01,2.229708435136647238e-01,2.179160594467513534e-01,-8.620659315872487155e-03,3.321703797490176413e-01,2.420982402181451332e-01,1.294738912609733616e-01,-6.088270688176532219e-02,1.956434366896179222e-01,-2.788695667171526837e-01,1.185035985859376195e-01,2.462282284509912933e-01,-8.156052191012870545e-02
3.777664964060779840e-02,1.411414014433569689e-02,-6.622005695891181043e-02,1.731288494239744194e-02,7.668873154459174279e-02,-1.403119687486151512e-01,-5.144140510406960271e-02,-1.866562949120827430e-01,5.169660717532194305e-02,-7.946859783348618478e-02,2.240447453691884472e-01,-2.958174106852866705e-02,2.571840004154616888e-01,8.746160956379386842e-02,-8.701684118887612063e-02,1.228772877658218937e-01,-1.064892228397050847e-02,-3.139446317495698802e-01,-1.364116605108064706e-01,1.234034001151413512e-02,-2.071429156586939158e-01,-6.189490821455059105e-02,1.839868833663952652e-01,-9.476037141184252832e-02,-3.300415015345922187e-01,1.672799742874367668e-01,-1.553356179421930272e-01,-4.868602310141231099e-02,4.139852847795010699e-02,7.927415336164475579e-02,1.685094022767769373e-01,-1.498712588987028901e-02,-3.567969285976190646e-02,2.136321788320242610e-01,-4.457619577586120485e-01,1.968032512768091435e-01,4.106739560322131277e-01,-1.864322978144650200e-03,4.626096745108639052e-02,-1.058246849074205576e-01,-1.048663044656061166e-01,9.075661270466639508e-02,-1.428337836018163665e-01,-4.589307085658497209e-01,-1.090845787347785867e-01,-7.054811699054501506e-02,-4.241019272847590393e-02,-1.201167119242109865e-01,1.912903857981611000e-01,3.010075539307531176e-02,-5.296874720672553778e-03,-3.160518383760686778e-02,-3.250386820750948702e-02,5.309812009897189877e-02,-4.916137304000871289e-02,1.846807398581967047e-02,-1.279449950150044202e-01,2.045985798558593305e-01,3.864748236639539009e-02,-2.217170851905367890e-01
-5.992782895634477663e-02,1.408938478637378755e-01,1.529089049553152869e-02,-1.492045121272988772e-01,-2.687954490013382339e-02,5.451519180116293217e-02,-7.471951190756827288e-02,-1.129368055512534053e-01,-3.514640884909556087e-03,2.093720150758150711e-01,4.624353610051121222e-02,1.339908718378495789e-01,-3.547668551038626189e-02,1.244018105315611300e-02,8.928071427511645453e-02,-1.076430849472738149e-01,-1.191537292039151763e-01,6.547704501506716734e-02,-3.711022385775116644e-02,-2.838518152549596163e-02,6.225290789046122875e-02,-1.193665437370378529e-01,-8.163223009128398044e-02,1.265952108156437050e-01,-5.833094439169461253e-04,-2.626856733004317990e-01,1.237182674654761227e-01,1.945451037248233650e-01,-9.167231819360428802e-02,6.085579277453144476e-02,-2.183236809655221822e-01,-2.137034875768990538e-01,1.425074974118094862e-01,-1.917687414802084211e-01,-2.915228781065582475e-01,7.106953395033477339e-02,-3.390927024729913086e-02,-1.349044476763059386e-01,-1.092599421609775356e-01,-9.053710084945984504e-02,1.847632998591900444e-01,3.128078943488168395e-01,-1.661304908533122182e-01,-2.403594464042700662e-01,5.106268031116114464e-02,2.203396771030125267e-01,9.254244128352089038e-02,6.290727592352422792e-02,1.123345114086139740e-01,2.402273456688780173e-01,-4.212087577206169442e-01,1.633652601896030399e-01,1.857515112440810690e-01,1.518754990383584524e-01,3.767944398341752654e-01,1.514162595814061985e-01,3.313445064383430116e-02,-1.754701096928210774e-02,-3.263615236397213737e-01,1.219213108340470447e-01
-7.747182551443056175e-02,6.266403703883242915e-02,-6.990039053548499637e-02,1.292494527084395682e-02,-1.197775852464895568e-01,2.474464790551428144e-03,-2.339404098347006022e-01,2.975777220319410499e-01,-2.967540979901522324e-01,6.642911859780094297e-02,-2.971281214469837506e-01,-1.823826803676440456e-01,5.514420431212106039e-02,-7.043290337281893354e-02,-1.604674728647717818e-01,2.750511156708962401e-01,-2.674349005380917133e-01,2.340919404481535682e-01,-4.604808050995649882e-02,1.205271558919882545e-02,1.538689204419288470e-01,2.723296841909550459e-01,-2.913328922028508017e-01,3.136455173747222658e-02,-9.865781496880068890e-02,1.184872732183239047e-01,7.781296080529276349e-02,7.225251169773645732e-02,-1.053729070210388252e-01,-9.247608541789217873e-02,-1.288231789358730839e-01,1.554206382699624411e-01,2.873882254128037883e-02,3.804041062091610692e-02,-2.830865590532168907e-01,1.128886728194091471e-01,2.917989366861543088e-01,-2.110161258386406280e-01,-3.092982715234516844e-01,-1.328731296382383298e-01,-1.213390816254896060e-01,1.037450198036080351e-01,-1.291596065379641556e-01,1.219010431748744072e-01,4.106391364342654388e-04,-1.230045781203071426e-01,1.781579226133215843e-01,-3.616916117973906220e-02,-1.685567422967233775e-01,2.473311155749967349e-01,9.994834330152600754e-02,1.674078844944980049e-01,3.929510610173510277e-02,2.671114423634181612e-01,-1.278040646487534349e-01,-2.090118897664531017e-01,4.813170366984774462e-02,5.134311622014472443e-01,8.450116786813259562e-02,-1.976015589489051039e-02
-2.503649847907566534e-02,1.009415322132452796e-02,6.223478102433543935e-02,6.064283646060016075e-02,-3.890087835979550573e-02,1.743212127473210138e-01,1.101414907310331454e-01,7.547161646346199626e-02,8.084098723420567179e-02,-5.367977446704223082e-02,1.379775240018293360e-02,-1.352401212433647359e-01,1.149953567861775189e-01,-5.814001061365395989e-02,-1.163942632643200081e-02,-1.812837726637523683e-01,-4.691124207667031476e-02,1.359046512773664506e-01,-7.032742703566138842e-02,2.428591402596385063e-01,-1.688923614170663723e-01,-1.662569224004138702e-01,-2.080121361869389784e-01,-3.217781391487752746e-02,2.379502191762291052e-01,3.073211022762570993e-02,2.440495923752092067e-01,6.477222926862975794e-02,3.350187177142565503e-02,-2.661056372505373191e-01,-2.114438837041427433e-01,5.536417418973191978e-02,-3.048661905327687549e-01,-2.635322705410513278e-01,-2.659437616740267796e-02,-1.961179597131200714e-01,3.669964657644344402e-02,1.622720729941340700e-01,1.125826764459801621e-01,9.194355654088659513e-03,-3.301783036747051314e-01,-1.536730132766640777e-01,-2.206518485180342104e-02,-2.062063281048090446e-01,-3.414291322887426094e-01,1.290043217951679921e-01,1.979080523318533721e-02,-2.706036774398447031e-01,-7.827999922688811188e-03,1.983587562704306750e-01,-1.414106669837831287e-01,-2.058436354529700196e-01,1.134230428662131585e-01,-4.457846292553933193e-02,-3.182936135783161480e-01,9.870589668478044199e-02,8.025994008096568044e-02,-1.020603680667727942e-01,-1.173197554602587872e-01,1.563491080961760260e-01
9.460521141392255751e-02,4.749356721238850998e-02,-3.435342406563297868e-02,-9.292170867192291184e-02,-4.417372967342392265e-02,-1.106227292719661956e-02,1.748372177409816541e-01,-6.055290913476044784e-02,-1.172682599697871392e-01,-1.809910889380626220e-01,-5.568751463001798963e-02,1.096704137554604663e-01,-6.139921898143813062e-02,-1.380114234613818158e-01,-1.018614014395484713e-01,-7.710005326081055543e-02,-3.425285913252962278e-02,4.530428756628053499e-02,-1.029044534338163785e-01,-3.845496054169855737e-02,3.523267438335854485e-02,6.542125298287086721e-02,1.139863269728886852e-01,7.878670775285871730e-02,2.045944190890793268e-01,3.308656501494263574e-02,-3.932653773951572118e-02,1.500033295976401226e-01,1.024305119337730330e-01,-8.992843706131499470e-02,1.250880301275571760e-01,9.493692789091334738e-02,-4.826310095625167135e-02,8.773216309902900911e-02,3.430307890083986871e-02,-3.536796849309579299e-02,-7.298432889149988889e-02,-1.478040323533555966e-01,2.574360246476776679e-02,6.578386486311638137e-02,-7.137032508577458023e-02,-2.255366295240631147e-01,1.682912690455343752e-01,-4.884681271654127410e-02,1.931189898372766001e-01,-1.015216478301087799e-01,-1.499619480060853868e-02,1.400929538566961230e-01,-9.091671481702293112e-02,1.181479518471258705e-01,1.690296599867123495e-01,4.505089480221467074e-02,2.556556999223740245e-01,-6.430088897552037330e-02,2.409023972096106109e-02,-3.804827392314277107e-02,3.169859172457845098e-01,7.899293665851578328e-02,7.966623411292876600e-02,-1.920911854536786478e-01
-1.338125541401119847e-02,-5.133502193055560978e-03,8.846555918895750159e-02,1.085849140228546394e-01,1.677494329823554786e-02,-3.501946419474536581e-02,-2.007812911432664202e-02,-2.312222521692190377e-02,-3.068182232117707686e-01,-6.367483170325476116e-02,-8.406974280310634817e-02,-2.048193452472154286e-01,2.061284809569299270e-01,2.635889289852089701e-01,9.204799198392821236e-02,-1.275038016285335862e-01,-1.293291229948572152e-01,-1.644249895012350193e-01,-6.178651352116250328e-02,6.739023236689745122e-02,-1.346991694166767561e-01,1.951147099092347403e-01,-2.948946735954174336e-01,-4.299754174912431837e-02,2.742113986247828317e-01,-1.714504801661982381e-01,9.165786736795654421e-03,-4.421589584100011489e-02,5.334305689498571729e-02,1.755454248697020658e-01,6.333176315046458449e-02,1.756706781392060879e-01,6.183598818818434456e-02,-3.077514720939767967e-01,-5.797847847605166680e-03,4.779646029425675680e-02,-2.581239639812823450e-01,1.114320834167808194e-01,-8.500085984952369944e-02,5.363453399029495527e-02,-2.775929334667791570e-01,-1.449003757518220747e-01,-8.870732760048700982e-02,2.899650155596159018e-01,5.986976533275593926e-02,-3.412755657133153403e-02,-2.319308291900215591e-01,2.057098748507446562e-01,2.384922437619951818e-01,1.494712185319214126e-01,1.554364257560932883e-01,-2.152004831949159702e-01,7.224488610450745252e-02,8.149851410803428398e-02,-9.055961977728596568e-02,-5.165190645753368198e-02,6.165854668424810420e-02,2.674792235710575783e-01,2.707545995629643265e-01,-2.676703551449616802e-01
-4.784918798822810834e-03,9.690856288261909257e-02,1.199347970266643887e-01,5.678712904245475368e-02,2.700545597949679383e-02,1.429013991996909427e-01,-2.174558278214567264e-01,-1.518153557504890380e-02,-1.051126896740219446e-01,-6.135738213695631632e-02,-4.524331879213502883e-02,1.611439029323626093e-01,-1.081912229351867510e-01,-5.229668884002740270e-02,6.515036613482844130e-02,6.644577527662753891e-02,-1.253097499868388309e-01,2.826379838892547625e-01,-1.730355936496528191e-01,-1.516203537931348488e-01,-3.187584820228991367e-01,1.330695028419252302e-01,2.903744661542446634e-02,3.388060555495241433e-01,1.100879706298787120e-01,-1.758805734636006979e-03,4.932475479093503812e-02,-2.872682391881104056e-03,-3.528781009651651285e-02,-1.023652327368888004e-01,5.249261938930364219e-02,3.288648932818770132e-01,3.447640132300459209e-02,1.689908487918838076e-01,2.010107881699173815e-01,7.041617467765796945e-02,1.509083040143888443e-01,3.898927980359240819e-01,1.538627924281522341e-01,-1.696210211119432432e-01,-2.919509815143340736e-01,-1.997352748634543262e-01,2.581362264000030410e-02,-1.100961976887902399e-01,-1.306423143677125018e-02,2.077564158871985645e-01,-2.094054013522183288e-01,-1.722452291971331984e-01,-3.432221930438988239e-02,1.836952636182196119e-01,2.708900624177226074e-02,2.970779798029754473e-03,1.665549019683261467e-01,-1.121472811936164993e-01,3.039003198812101347e-01,3.222704474101652505e-01,-1.878686493201459917e-01,-1.858894284193473578e-01,-1.605728581484941464e-01,6.035883096566767303e-02
-1.260066097878870250e-01,-1.020941713489976685e-02,2.280306037313661049e-01,3.053644328633488975e-02,-7.113563004022228908e-02,-3.190946439618495140e-02,-1.294234930657768567e-02,3.212622002738016458e-02,2.390568463808536437e-01,2.272967200284558564e-01,8.535128291096583802e-03,-7.053688818951897414e-03,-2.507895932324467614e-01,5.934410882958560812e-02,1.770416825046106091e-02,-1.055068569513546162e-01,1.083062982957353898e-01,-1.218248060042620151e-01,6.953377765058695037e-02,-5.359673489955603387e-02,1.159712455183616042e-01,-7.493084733799496022e-02,-3.867341941633829494e-01,-1.957589126997674733e-01,2.336599599886078280e-02,1.136740522522721869e-01,-6.145866017671852699e-02,-3.274817746277679242e-02,-2.459140325031421437e-01,1.206660750628905793e-01,3.252833429049940828e-02,-2.621226323173225792e-01,-1.722131672903933486e-01,1.319673506612359035e-02,1.129928562555411187e-01,5.088572000316281263e-02,-1.627442865538353822e-01,2.382518535204546442e-02,9.565033573017527047e-02,2.825534365595039898e-01,4.711665485832800537e-01,-3.391656483330485194e-01,-1.757761712896189210e-01,1.806405881714107375e-01,-1.761578775352425769e-02,-1.328690452164311142e-01,5.222806484106090608e-02,-9.153954054414595309e-02,-3.116247894597262008e-02,-1.729471784000341517e-02,6.713402518322900137e-02,9.511075560377224569e-02,3.545332868813241139e-02,-2.220102433728531055e-01,-9.642351300004174675e-02,-1.278797073217619040e-01,3.914769641978163017e-01,1.373302807933270697e-01,-2.489163472123020193e-01,-1.114713043989037367e-01
-1.157982195225392558e-01,1.213579489864643063e-01,6.538372450024484972e-02,9.141577560287683646e-02,2.155085848587666442e-02,-1.057132583157509159e-01,1.382735763546629193e-01,-4.189478725065961390e-02,1.059136184743285219e-01,5.399891632679465481e-02,-1.235111379353642791e-03,-3.151232705391097261e-02,-2.095280845844841033e-01,-5.721872964896981134e-02,-8.652831729385054849e-02,3.469582383016603933e-01,-1.505892582734752738e-01,-1.261417941839261814e-01,-1.029372039345041179e-01,-4.022632037636894413e-03,6.756265507452262342e-02,1.927587909661314380e-01,6.712173796011730587e-02,-5.958131507422087525e-02,2.110220569059043094e-01,2.929555710071385290e-03,1.173226958117274885e-02,-1.258944478722074933e-01,3.622904269160708013e-02,-1.218298581447499751e-01,-1.701939498428083897e-01,3.389042637711815742e-02,-1.035341282542252273e-01,-2.322026379604796853e-02,-1.482998732390945484e-01,-1.913826447665220032e-01,-3.552832132678394872e-02,4.075247638755112589e-02,-2.750596358811531125e-02,-9.723265174988604542e-02,-3.314258806830696624e-01,-4.220176153034152500e-02,-2.449497485022332222e-01,2.262177512194599172e-01,-1.737970927835744694e-01,1.049995796443445872e-01,-1.478597944607994985e-01,-1.337827090278000397e-01,3.630185361576849790e-01,-3.390523721056787343e-01,1.262310276439509438e-01,1.731173598362802102e-01,1.323333683683803330e-01,2.450131313617419926e-01,-2.441880660834015726e-01,1.968990631344660347e-01,5.934596787926516184e-06,3.317733321016604758e-02,-1.057274993206038516e-01,-2.608725484242896409e-01
-1.260134606087267295e-01,-2.102641458450822398e-01,9.337771511452921946e-02,-8.223148655510648108e-02,-1.421445350638164407e-01,-1.199324885034283444e-01,1.344487531873531094e-01,-2.312046638143847033e-02,9.224187639138017869e-02,-1.543442649911113684e-01,-1.574145173579327428e-01,2.352243421383366506e-01,3.122952108434696658e-02,5.958229134072316052e-02,4.418493433790093849e-02,-1.885089899941859715e-01,2.906876639357710568e-01,6.530750944784627365e-02,-4.803521437245266562e-02,-1.583190003820227065e-01,-2.995693490539318993e-01,-6.178564814888785200e-02,-2.654614704166852190e-01,-1.547046423570570539e-01,1.064825010562684415e-01,-2.116601704883359567e-02,-1.122196940630302703e-01,2.216034483902440053e-02,-1.594289859873715409e-01,1.084738591993415213e-01,1.413516192630898394e-01,8.180158271766514722e-02,-1.239133805087348633e-01,5.983047315134306515e-02,-1.228126333684690652e-01,4.499659846013417952e-02,-5.318541188359328376e-02,3.593208532867823712e-01,-3.413446201551512127e-02,-1.337598134863893229e-01,-1.107763523162669933e-01,-2.873479287330031329e-01,-1.350117743211934618e-01,1.837062869535419640e-01,-4.596680230960022151e-02,5.056576705415187500e-02,5.055405485550144157e-02,-3.242691455420977364e-01,5.496562066249177647e-02,1.448556159102440122e-01,1.796330655205481686e-01,2.841671180024922805e-01,-1.563803689692757487e-02,4.450326516727510784e-01,-6.021426175943846854e-02,-2.175493787812429747e-01,1.728792149950629867e-02,-9.165754429002033465e-02,2.963952094722368535e-01,-1.040168999486434515e-01
2.148853726415053591e-03,5.670928057464323657e-02,-2.278318376732961781e-01,-1.905806739127705596e-01,-1.199352364862823067e-01,-2.608063183709733446e-01,8.491826581151266928e-02,-9.393610786838378635e-02,-7.402029423687950249e-03,-4.017685256510170611e-01,5.005883881463465274e-02,-1.774315625007635844e-01,3.231238385039125575e-03,1.906956204359071261e-01,2.618426650595179206e-02,9.026909293991922101e-02,-1.642618091849324113e-01,-1.612612073606409929e-02,2.223417144281701341e-01,-1.615801346605370281e-01,-2.016926916156575600e-01,-1.647774123689668413e-01,1.285855550345219034e-01,7.539621766126236579e-02,7.103847739353544299e-02,6.872661209543766414e-02,-1.010025093860495576e-01,-1.673447463789539125e-01,-4.263992896395664423e-02,1.539612293169608237e-01,-1.219540453111973149e-01,-4.292430853872070129e-02,1.353356646566082622e-01,-1.692193869344492396e-01,5.914074631723673786e-02,1.483949103522093083e-01,3.493625372263445272e-01,-1.573596667811480998e-01,6.537574981569723928e-03,-1.224119225437678704e-01,-1.614928715626824940e-01,3.476698615095783623e-02,8.195469283686186018e-03,-3.453859726527429980e-02,-8.563135419983147756e-02,1.323613593060705973e-01,1.226905233778219362e-01,-3.114117801956400311e-01,1.734386791998004940e-01,2.757304188861528504e-01,3.836672343072883296e-02,-2.188758328359878894e-02,-1.150733408423294246e-01,-1.408420043740735428e-01,1.204526592347069658e-01,-8.611652064142996665e-02,2.556538816727826902e-01,2.621386579613684265e-01,3.914579176085239420e-01,1.204143655908761490e-01
2.416972924949170598e-02,3.915853621617821495e-02,2.876408245432633959e-01,-4.818103948152106797e-02,8.293677475225774698e-02,-1.026785282126307514e-01,-1.176106637965286528e-01,9.757281288622712823e-02,1.311705420472854544e-01,-3.409017466838061561e-02,4.798456187977125781e-02,-1.838748445679840027e-01,-3.801758986386096217e-01,-1.967731160291282255e-01,-1.914568736802719218e-01,-5.552252666054239422e-02,5.329459395150111523e-02,2.338693546733155298e-02,1.712578414077859379e-01,-5.078890940148041155e-02,-8.376520596026224008e-02,2.829662556415957295e-03,8.419709870098782134e-02,2.284446184599286944e-01,-1.279123255709646023e-01,-2.503972451306496483e-01,-4.364363675258533387e-02,-2.095544992512511639e-01,6.421652192036640672e-02,7.339553078236049979e-03,9.132106285382241007e-02,3.537633367287290522e-03,1.433953602119114878e-01,1.335552696479211932e-01,2.566802238326591074e-02,1.325746667023884051e-01,-1.072677581080357240e-01,-1.395935464175265817e-01,-3.868803216845831394e-01,-9.310238444213399245e-02,-2.186794060999649181e-01,-3.115836565109553757e-01,5.021580866382249070e-02,4.182621421177401544e-02,-1.130272260051492922e-01,-9.911471000596358549e-02,-1.297822184496025787e-02,-1.235384603941374337e-01,-1.508710248036984336e-01,-8.601412101092276163e-03,-9.428864092633440497e-02,-1.774024264438917586e-01,2.417071556431226592e-02,-1.631763663562121602e-01,6.018528594152772540e-03,6.036388087979259465e-02,-1.952333200902310606e-01,-2.291195921235342770e-01,6.751023208494874583e-02,-2.115655301051851400e-01
1.779725213887908830e-01,-2.443645361837732018e-03,5.925892459342256557e-02,2.953330765596486884e-01,1.656195574195405418e-01,2.653149874164396557e-02,-1.982842342171787509e-01,-2.617370013062939593e-01,-1.067434032065438104e-01,-1.011739317060317278e-01,2.478441729382735159e-01,1.096626144422475635e-01,6.427271374975784823e-02,-1.057835665582603085e-01,1.831911267674887073e-02,-1.853722502635959252e-02,1.348246558609579870e-01,-3.903965208804651560e-02,-1.927804180971114112e-01,-2.413457683079864857e-01,5.968819681295247509e-02,-3.356367668494780049e-02,-1.788059817384938799e-01,-1.260997804886025420e-01,-1.723509507699471366e-01,4.148352763954528399e-02,-1.334460738146655591e-02,2.089358851054133326e-01,-2.474289250030491105e-01,-5.137385996347629963e-02,3.143341705254056734e-02,1.714959345567213800e-01,6.167930974817992240e-03,4.826391590165571115e-03,9.883736801295930907e-02,-6.070350548239252658e-02,-3.142162370958552220e-01,2.252641292060671430e-01,-1.571978184299692993e-01,2.295725116955443790e-03,6.481374012890238345e-02,8.700495208931458002e-02,-5.350272158933709610e-02,5.104381842740726011e-02,3.809286098347741678e-02,-2.523700446129657077e-02,-2.057470971346012922e-01,7.845411727274224922e-02,1.289824220759071272e-01,1.859852474144312040e-01,1.212012257622765848e-01,5.193464608977192698e-02,1.104624761222301882e-01,-1.093861317882800083e-01,-2.474040704255911771e-01,-1.519784103607252634e-01,-1.327543745307486478e-01,1.934633658995325300e-01,2.306792778268513255e-01,9.319171548230663349e-02
-4.257171787237483407e-02,-5.689003126311005520e-02,5.950831440414705575e-02,-8.731407548265178453e-02,2.032364657921702233e-01,-2.774137491434718397e-02,-1.776269909749043224e-02,7.497289886235354583e-02,-3.593056130945377902e-01,9.974794188478361412e-02,7.637887079308243454e-02,1.059907766702918863e-01,-1.593015876889334326e-01,1.488390641802499192e-01,-1.194235020006086979e-02,9.181449222100804275e-02,-1.823809283483289467e-01,-1.319296183212047280e-01,-9.833390064168656686e-02,1.355357974340468119e-01,1.571086069127928531e-01,5.717593688377414773e-02,-1.368047017371772645e-01,-1.211356997466412622e-01,2.570600971925512956e-01,6.608526814889761902e-02,-1.714869999048814486e-01,1.221037546986991629e-01,1.959186547696145086e-01,-1.343822570150914886e-01,-3.703090294635609792e-01,-3.335847205398399101e-02,1.753732931351155711e-01,1.799551315807980043e-02,1.597064615323745551e-02,-2.034771200205705982e-02,-9.140798210585777961e-02,-8.679128292324560234e-02,1.051323309122694782e-01,-1.715818926492026497e-01,1.339903050186510569e-01,2.014062298591549338e-01,1.369454387866836653e-01,1.853538481300911756e-01,-7.936537170453733525e-02,1.525234302770511197e-01,4.396005022991025107e-02,-1.440765776795294995e-01,3.674215539955839605e-01,1.032067790545549979e-01,2.150657692973107216e-01,-1.699070348940959208e-01,1.487064413834340293e-01,-3.683567190341557190e-02,-3.332332439922568446e-01,1.477275953940933029e-01,2.064489122708028021e-02,4.838507289735751726e-01,-1.045799411263690082e-01,-1.133926711951004640e-01
3.692821292447301396e-02,-5.215642225262841908e-02,1.860768861378224101e-02,-1.217618706910100351e-01,-1.528824849577375966e-01,2.086823865846307302e-02,-2.222621864932641245e-01,2.541132537251917234e-01,1.900317967701244948e-01,-2.190644426904838349e-01,1.186214883443452717e-01,-2.400409983678881698e-01,-1.461982118686814824e-01,2.285654891011601551e-03,-1.809613384192542210e-02,-3.271839546471951715e-02,5.132662619263415188e-02,5.421237124351332287e-02,-1.429129019104339315e-01,-1.174137549627825294e-01,2.055992262197923193e-01,3.896512795481071184e-02,-1.828902812758756991e-01,-4.541695285741259580e-02,1.371082866568797409e-01,7.114462157700865430e-02,1.045417123663169023e-01,2.338632007696133108e-01,6.277372990685994858e-02,-2.293107165663864702e-02,1.050577051254984601e-01,1.737940677607159035e-01,-3.253602072731102690e-01,1.612880262150075961e-01,-7.313359088747767300e-02,-4.168256483356288372e-02,3.909425138220028462e-01,-1.037671245886230553e-01,4.395272603406212564e-02,2.413421564619546156e-01,-7.710494472169066027e-02,8.188163318311203476e-02,3.123741747779894620e-02,-3.641007744935396695e-01,1.455881542569174569e-01,-2.939620484278014922e-01,6.538868171063336177e-02,-2.781772178123486094e-01,-1.516127297827219167e-01,7.071405030768992961e-02,-2.678949495952568371e-01,1.400695739010668871e-02,-5.837604140050867141e-02,9.450394314431283943e-03,7.047461991245865254e-02,-2.781401171333340860e-01,-2.866394750228269395e-01,3.968583967912421850e-01,1.683390094947532362e-02,-2.686609202220346763e-03
-1.543121850227383851e-01,6.398692061655647523e-02,5.407846916194367776e-02,-3.984337557574901822e-02,1.240857863474938289e-01,1.007078596897366951e-01,1.756766912495413835e-01,9.485939539483492777e-02,1.023202651593202450e-02,-1.473012318472233240e-02,-2.004961027084041780e-01,-3.322690494738401168e-01,-1.100275697162689525e-01,2.558778681608547129e-02,7.987273202341614586e-02,1.274753618680465883e-01,-2.676838190330362716e-02,2.809645828080102326e-01,-3.909435804576429085e-02,-2.279968439078683753e-02,5.494566385996203783e-02,-1.097798588976054701e-01,4.246342680548886167e-02,1.302957089482980335e-01,-3.312668540525181005e-01,-4.663657046795210981e-02,1.888784734663775944e-01,8.541766323892195645e-02,-3.109730668097026099e-02,-2.748372440784612181e-01,3.827603854448856646e-01,1.391851511768731932e-02,3.506067861453398930e-03,7.356086657723798217e-02,1.663654790498571567e-01,9.141316887627203014e-02,3.199950817590302421e-01,1.146662745713666054e-01,1.072836256149732048e-01,-1.239976187685116749e-01,-4.736444151105108635e-01,1.980044736215281209e-01,-6.151044143526790756e-03,-5.238129202475065582e-02,-3.077808674421260784e-02,-3.253711458736673334e-01,-5.953236107097207436e-02,9.713839268584502362e-02,-1.575610906290785262e-01,3.021464489197218245e-02,3.025937944239691646e-01,-1.402401799322112140e-02,-3.019504258191695323e-01,-1.335154678448301213e-01,-2.701936002722132857e-01,4.458269183546365033e-02,-1.842238594016407105e-01,7.609182327026406401e-02,-2.019353395996522360e-01,-1.287241861892159112e-01
1.602351847673168586e-02,-1.169023604563035335e-01,7.756673796087287798e-02,-1.448310294211295479e-01,1.622009107238680525e-01,-3.662977622475094286e-01,-8.164107088270122423e-03,3.768737685165798879e-02,7.506240895764351717e-02,3.013142610276609012e-01,1.053769133524785906e-01,1.340405429486692113e-02,-3.686196768091606901e-02,1.227329510181060235e-01,-3.887502338055602857e-01,-2.357029398067541914e-01,1.630143134939505412e-01,3.548049061518955549e-02,1.074822543277958314e-01,-1.033051443991005180e-01,2.973010339798859980e-01,-1.197675415845233238e-01,6.296138533861221631e-02,2.123673685519163745e-01,-1.112750571717296445e-02,1.747765930110147664e-02,2.051164568045679010e-02,1.871347796393676988e-02,-3.007238082222740520e-03,-4.539546810179026504e-02,-4.862210744843606380e-02,-2.155192785796699595e-01,-2.212143813289802752e-01,3.530653841884735019e-03,5.021424984841299684e-03,-7.434816499490339015e-02,1.358911290935905791e-01,-8.474905832797009764e-02,-5.143318326067829183e-02,3.208661338444342148e-02,2.213320192785867557e-01,1.639514387192926234e-02,2.566383466419665527e-01,-1.268560275548534233e-01,1.537574021337440033e-01,2.238658566914844827e-01,1.206255075158841200e-01,-1.464382202943876332e-01,-1.531210281921072391e-01,-1.470363137337355186e-01,1.635951244252478731e-01,2.525303359731712605e-01,1.637667170412776818e-01,8.685425884909488137e-02,-1.089927281626934114e-01,4.116764331576755823e-03,-7.601140220762646338e-02,-1.992089591539642213e-01,1.609048522081187038e-01,4.025290165965486611e-01
1.581929063178285910e-01,5.156604281311672269e-03,3.230213752421994822e-01,2.838352783068117113e-01,-2.100569437349896484e-01,-1.898325463718090744e-01,-7.013830544225593822e-02,2.646645243827315808e-01,-1.488598634962071121e-01,1.304898280147171463e-01,2.986546814428197097e-02,-2.342507150044748077e-02,9.469931343109517369e-03,-1.363636398922926651e-01,-1.596337919871876898e-01,-6.274933769714921561e-02,-6.727840256533926255e-02,7.689494760597177792e-02,-8.276928436677624679e-02,-5.931015894810322958e-02,5.244401443705878213e-02,1.497740499171303363e-01,-8.828327401909392969e-02,3.013208419692741530e-02,-1.218678600137715617e-01,-2.885965927956466587e-02,2.811706181309279740e-01,-9.870062176538500764e-02,-8.418682985995684653e-03,2.689347924400382547e-02,-5.117723625057246650e-03,-3.232441446908734697e-04,7.665327707066342533e-02,-1.844936435254542623e-02,1.985888059204442835e-01,1.021075827831405408e-01,-1.879284300694017418e-01,-3.323051513654989245e-03,8.338806419910535506e-02,-1.262748392780038420e-01,-5.399654224639693911e-02,-8.141121126412796671e-02,-3.194009549543205262e-01,2.013104948883069345e-01,-2.054400619340154832e-01,3.688984911554947788e-01,1.930157898197034372e-01,-1.865764963839429691e-01,-3.834991672113855499e-01,1.624019215007578842e-01,2.274639585905003647e-01,2.809716209940597148e-02,1.627819066220660693e-01,1.186121662347317807e-01,-1.240638683551297528e-01,3.104717701741663838e-01,2.955251321811143139e-01,-2.653671223733647944e-01,-3.351089962977000791e-01,-2.242202115052849831e-01
-1.623303345900612427e-01,6.307369267862637796e-02,-1.411577676046834630e-02,-3.724192593356532299e-01,-1.955389844770254529e-02,-2.723295342902153429e-02,2.565134790679281934e-02,1.227232281606150111e-01,-8.776778522150871856e-03,-1.766380303157400466e-01,-5.332979764716031662e-02,1.365052231634991155e-02,-6.395233171298098269e-03,-7.420954919177036313e-02,-2.790427284968764465e-01,-1.472241561093090611e-03,1.282055411468359385e-01,7.020065556386825834e-02,-1.844886050429284021e-03,-1.344499898573215668e-01,-1.884254591696696846e-01,-1.688501816331672983e-02,5.059063164866105244e-02,-1.455940271957237298e-01,5.804762611826058682e-02,-1.167839748363745517e-01,1.596715903697818462e-01,3.650850310132228715e-01,-9.218630967157474820e-02,-9.461194471098052783e-02,2.227431907429180402e-01,2.137292571841058475e-01,5.537044558444862569e-02,1.297323138787014885e-01,-1.117097376296991573e-01,4.118563972670746115e-02,-3.678732120519981330e-01,6.830572581114545405e-02,-1.441305749466520458e-02,1.300660893792259243e-01,2.775779339395550993e-02,-3.001191336837475071e-04,-2.387861688500187429e-01,3.731627478586951874e-01,-7.584456090293635599e-02,-1.404613259050422336e-01,-1.550690723495897760e-01,-2.438795909051438282e-01,-4.329437044943536955e-02,2.489395770486045600e-01,1.121401996918895971e-01,2.398713479649710115e-02,2.677849745733172915e-01,1.291103238889564631e-01,-2.141029246027501554e-01,1.279245160076387111e-01,-3.281390418181662771e-01,-1.065285746168369296e-01,-2.907405426247314795e-01,-1.492828099829062727e-01
6.998176325897257147e-03,-1.398006792355139249e-01,2.327014416058174329e-01,-2.552833845521141898e-01,-3.768998051555870754e-01,3.053369252931263378e-01,-2.762354703502253178e-02,2.124785227506326701e-01,5.892924511235290291e-02,1.156019393703131143e-01,-7.163668636492108444e-02,-3.307648806489236343e-02,-1.384591401499781493e-01,-5.512228380841284470e-02,-4.676596920838415467e-02,3.491461833647896973e-01,-2.091187910710478604e-01,1.218581826835323928e-01,5.568202395153616646e-02,1.008109932716063917e-01,1.949494861151967323e-02,7.130195218524004730e-02,-3.111186927680441028e-01,6.475434489622436396e-02,-5.739735651753593432e-02,5.335769200473695906e-02,-2.768846915526776975e-01,-1.430935554650811237e-01,-1.927128519564290932e-01,2.627346603718603429e-02,-1.724738330865728808e-01,1.420966757305365258e-01,-2.016763150177208475e-01,1.420101126605642639e-01,3.848584614734412625e-03,3.377146171343055336e-02,-1.965889682762069629e-02,-1.552358514762099406e-01,8.581190551490389118e-02,-8.567892835564092091e-02,-1.653495560911572571e-01,-1.284853904995900686e-01,-4.152618063900428286e-02,-4.096401052820443367e-02,1.640235717766130308e-01,3.226039323352759003e-01,3.319175094675322901e-01,1.710057423949758459e-01,8.970041223728804358e-02,2.977072873480322152e-02,-1.714453596380203226e-01,-1.074275274296853516e-01,2.583455475095037812e-01,-2.350429155595886999e-01,2.119482327838767000e-01,8.063396408586268049e-02,-1.586071572138191277e-01,9.444461654033493858e-02,-1.244604893327696943e-01,7.381724607607602351e-02
-4.311489450749480395e-02,-1.432338863098870374e-01,-1.891764398521880164e-01,2.291262331717882628e-01,8.612572401568442670e-02,1.932531641443413495e-02,-3.037774199365902428e-01,1.783668559422340108e-02,-2.717447071010257731e-01,1.317420175555392148e-01,1.765410654020748704e-01,-7.622275697677802220e-02,-4.510357124435836890e-02,-2.066608324208128733e-01,-1.162767834889865126e-01,1.513903411498632445e-01,1.884468069944754687e-01,-8.643636404763152536e-02,2.780993923417823810e-01,-1.388149445684487837e-01,7.709387150388496979e-02,-3.940622392114143113e-01,-8.034064598952532499e-02,1.818062615395729664e-01,-2.589017600364186267e-01,3.058597626659473323e-01,-1.995812622030191386e-01,4.874645742866421938e-01,3.954177411848422419e-01,-9.044545698924918997e-02,-1.900497430466663307e-01,2.136287038817452980e-02,1.462698707865340286e-01,1.229697975523563469e-01,-2.725902946499030310e-01,-6.965390243279047378e-02,-2.904418583616084071e-01,1.645251813796947959e-01,-2.150561876030647745e-01,-2.417914793908821081e-01,-2.603072637653124910e-01,6.813972479923534331e-02,4.119202742389746486e-02,8.834463031893331764e-02,-7.926872183076963396e-02,2.759926309364801877e-01,-2.829821171289513271e-01,-1.184613241175138248e-01,-7.775306683206903435e-02,-4.940797055696782847e-02,1.855878559986455234e-01,-1.602571076390101601e-01,5.839745844661603513e-02,1.706799510709397505e-01,1.619229951105951443e-02,-2.108921476203510503e-01,-4.503024991568333607e-02,4.719735364640084696e-02,1.351547587296978159e-01,-2.872691686215723128e-01
1.796236666829171824e-01,-2.081256529920330056e-01,2.553166572890127051e-01,-2.142039968494828875e-02,4.598792288525222621e-02,1.002261860801379606e-01,-6.738678490255521625e-02,1.295287166106138532e-01,8.459007914969193798e-02,-3.783226713199145941e-01,2.275425524372340080e-01,-3.425444840952312497e-01,-8.107049594021618899e-02,4.957748209910356474e-02,1.824164891588101745e-01,3.879690733888562226e-01,2.168949728518353992e-01,7.988477539901550628e-02,-1.319960810967709952e-01,1.309137450646606360e-01,7.958358559664906184e-02,3.982267946339270170e-01,-1.634256144400239863e-01,-1.745609868561731615e-01,-4.452571790903124271e-01,-1.848267308561827443e-02,1.677679619114453430e-02,7.084428185519961452e-02,-5.910961357062770316e-02,-1.395696157176112839e-01,2.980346048379119844e-02,-1.173255168612451077e-01,-1.113962619642603069e-01,-2.923818938722527183e-01,3.124173076016399375e-01,-1.308732167917334988e-01,-1.102887655708494064e-01,-1.009629509129823521e-01,-1.653038247591311072e-01,1.467017853627907709e-01,2.671720164456999891e-01,-3.318636200302061967e-01,-1.872399523665243259e-01,-1.265091375998854406e-01,3.186340706733508665e-01,2.913666533302783357e-02,-5.239145641727596149e-03,9.772521030009853615e-02,3.233104037895223604e-01,-1.211117817741534652e-01,-8.538644529061126254e-02,-7.643126461294641460e-03,6.359727576859304510e-02,-7.175835909957908876e-02,-1.643714615163537063e-01,-8.833587660605821124e-02,-1.611274569141937507e-01,8.302586676613857297e-02,1.771143670613363821e-02,-1.848252836355215867e-01
7.643974000576743422e-02,-7.071720694353497705e-02,1.200907837261611794e-01,-1.722391835538148452e-01,3.205044828186908168e-01,6.509111314285269401e-02,-3.526982247648966645e-02,-3.803175979705029075e-01,1.435984901060950725e-01,-5.472767978923132048e-02,-3.919325686663214375e-02,-1.284933659940347139e-01,6.193644404504009687e-02,1.100316663347402357e-01,-1.735007658774422867e-01,-2.267125496071082380e-01,-5.101793978197853574e-02,1.556994937148387659e-01,-8.943545950350166585e-02,-4.867521261976244518e-02,3.308949799668773339e-01,-9.636308091769929529e-02,-1.776796840199922067e-01,-2.362848366000142586e-01,-4.510197392035338732e-02,1.508211774586870890e-01,-1.998134725562374370e-01,-1.625337259556924874e-01,-1.151721180915820375e-01,-2.556652714492166356e-01,-9.401961765261721005e-02,-2.752065340017398332e-01,1.434332801016256487e-01,-2.145297691366985227e-01,-1.018542897193573243e-01,-1.051580280061740619e-01,2.258555698568403824e-01,-3.600922731098515905e-01,6.257841265670849307e-02,2.491125607414209908e-01,3.283152508359295924e-02,2.989745664175965170e-02,-1.907252788904891250e-01,-9.928563065249643160e-02,8.657602236649404592e-02,1.330902269374477018e-02,-8.480131917518674012e-03,-1.181116748703561203e-01,-2.544717466526379424e-01,1.373017553405213032e-01,1.002799078231443597e-01,-8.830967372158696205e-02,-1.211125211342282959e-01,-1.526558647473151009e-01,1.568737165287973079e-01,-5.246522384218244017e-04,-1.082292369487903860e-01,3.324456477454112435e-01,1.360853829890155964e-01,2.519921714155405335e-01
1.116741080385920924e-02,4.091614516140379409e-02,-6.220833325281842352e-02,-9.908043558846060805e-02,-2.203604944789021580e-01,-1.049944365243955513e-01,1.186750220766315672e-01,-5.494408406687263657e-02,-3.122115252090266191e-01,-2.441614700884945921e-01,-1.578672727044175272e-01,-1.327201182977424676e-01,-5.414052089138748913e-02,2.834225142948819665e-01,2.400598925833324626e-01,-2.173576154336746280e-01,-3.763792291367397402e-02,-1.725032091200614792e-01,-1.276556433282619585e-01,-1.091020375611352067e-01,5.233950733630241686e-02,-1.332542295170545121e-01,5.102056604120848438e-02,-3.608172981557218328e-01,-1.177737092128705587e-02,-2.585968972264007237e-01,-1.502070152951026361e-01,4.237578970256524191e-01,1.728145908182278923e-01,-2.079385473961387343e-01,-1.385031772957597274e-01,-6.112034164052335822e-02,-2.065394167019453664e-01,5.461927810280886586e-02,1.109337416634647716e-01,-7.850570330549255793e-02,3.816720802302263627e-01,-8.248030731302118113e-02,-2.509545543500105724e-01,-1.640184418386476245e-02,2.781386114272221734e-03,1.394861101165121853e-01,-1.365988139323985051e-01,-2.375355072683746904e-01,1.470819925797030581e-01,1.382273119277384887e-01,-8.505115957836095752e-03,2.422996980232935971e-01,-1.055768509795172588e-01,-3.919829028804400761e-01,-1.700237357021001094e-01,1.852650414327375594e-01,-3.205069682012843396e-02,2.037840864125098628e-01,-1.292358197344185555e-01,5.319605812868618416e-02,2.720999154270449805e-01,-4.298702028803297326e-02,2.780417712922708673e-01,1.155173012384104886e-01
-3.434041989395874017e-01,-2.942945387108729036e-02,-1.128771422396484259e-01,-1.771161474953993620e-01,1.573468482136732294e-01,4.900338100990793422e-02,-1.757359660360708065e-01,1.612271969977295549e-01,-1.817745206457295759e-01,2.242393355788839873e-02,5.309429719575191331e-02,1.908416811562291815e-01,7.643305094955896162e-02,-1.720337802255724469e-01,3.082612862048975111e-01,-1.246441291878425950e-01,-5.729686979277161946e-02,-1.842463037958184946e-01,-1.658495052799857095e-01,1.563404774745594528e-01,-1.002889894072751115e-01,-2.012974708962152748e-01,2.224402344411681720e-01,-3.082648043619695861e-03,1.161111818754753805e-01,2.362916831057111366e-01,-2.487486161999989953e-01,-1.888362361917738097e-01,7.043965809823521385e-02,-2.607186243868089837e-02,-1.845840554868596883e-01,-1.746970455075974038e-01,-8.226868700900821785e-02,-1.499066650975179951e-02,-4.945914806323139373e-02,6.951137107315495667e-02,3.612113238612772032e-02,5.598403897937774543e-02,-2.988877152282276017e-01,3.594454222364673514e-03,1.235692546084404819e-02,-2.207508807841768728e-01,4.533161078088907697e-02,2.227380274849722341e-01,1.244121967763804071e-01,1.071182659821822425e-01,6.153562630146806878e-02,-2.088075382653764578e-02,-5.064264060828956027e-02,3.904535795482259875e-02,-4.656732756514063432e-02,-2.270509293047642124e-02,6.604753025358381727e-03,2.165628620660753345e-02,-1.728958689685585470e-01,-1.525776835352504746e-01,7.401926904725070200e-02,1.592541715406023406e-01,-6.033677059318668517e-02,3.337208166419426414e-01
-1.783599306809981883e-02,4.149000505857018406e-01,5.513994279548811717e-02,-2.934191568019504648e-01,1.464545334175942817e-03,4.790484834896975574e-02,-1.769406734433960071e-01,-3.564191657538235553e-02,1.487073339449295449e-02,-2.823504243936578173e-01,1.077538846594496419e-01,1.233039729633338827e-01,5.897519831652608957e-02,2.069301212026163628e-01,-2.052024635631878244e-02,-2.436331448772356689e-01,7.262227054272238358e-02,2.039449688689681517e-01,1.615329004603964849e-02,1.069828395736996535e-01,-2.370217576226170686e-01,8.720760742685096725e-03,3.143389426946717746e-01,-3.562257558315386208e-02,1.019519800712810065e-01,-2.986073265040995461e-01,-2.449463002433690043e-02,4.376509517934519707e-03,1.696486668943877063e-01,-7.955607334664208108e-02,4.462254595100880183e-01,-1.702528185757146983e-01,-2.180678849566463628e-01,9.399085823487213220e-02,-3.280201452930936457e-01,-5.539547110867200364e-02,2.401218025782797805e-01,1.780128446142561771e-01,1.624093647088377668e-01,-3.155205879238817124e-01,-2.041729546069204898e-02,2.239172189013770020e-01,1.639767434286260872e-01,-6.884708752923590636e-02,-3.577645354521400561e-02,-7.843091776710524321e-02,-4.680563967914760232e-02,-6.427462918181968410e-02,1.525380446814406654e-01,-1.643627823875862953e-02,2.382959418550525399e-01,-9.497619536945502150e-02,-1.264873525437231472e-01,2.706046200353520812e-03,9.127756473908052448e-02,-6.425691649729334265e-02,-1.463939893109255930e-01,1.379679118469656586e-03,5.740770853818854668e-04,-3.059639242711952381e-02
-9.788755031829379782e-02,4.524852885774830608e-02,8.232545011404548974e-02,1.671189769962576691e-02,6.539322790241758505e-03,1.716069647930246744e-01,3.093253082502193246e-02,-5.328725775250147123e-01,-1.797798432154188442e-01,1.797151313487032609e-01,3.251062464100241967e-02,2.261240294643138693e-01,5.773743091808243577e-02,2.252467212229070093e-01,-5.077839818709563302e-02,5.423539167494143692e-02,-1.940688069805712179e-01,-1.622766444112898609e-01,1.489724080660793093e-01,1.006737142813033115e-01,1.869954920191493619e-01,2.319538387387310718e-01,2.164962019282850592e-01,1.197517821309021790e-01,-2.906360553731312524e-01,8.422940060363943993e-02,7.046531926219654074e-02,-1.216579686979608541e-02,1.877798344709684097e-01,-1.260406269565975956e-01,3.778904955407837163e-02,3.745446970216220750e-01,5.522218041022970703e-02,-1.425333102842814628e-02,1.103757715037753141e-02,1.434324851711556437e-01,1.667112829982022593e-01,1.200269748315726248e-01,-5.417811599346324808e-02,-3.667669813453094396e-01,-4.843960778840546849e-02,2.417233334577169601e-01,-1.528409334253692242e-01,1.247414908398411654e-01,2.749695653466101009e-01,-2.754406157757716220e-03,-2.846979349932252656e-01,2.113357305559357135e-01,-1.690909565616364185e-01,-2.277206475159265775e-01,-6.949356255244948724e-03,4.251196194449576859e-01,-2.537755245244966915e-02,-8.367481063108841988e-02,1.394346213510759824e-01,-1.302159361094233636e-01,1.574769863961358873e-01,3.225008265051716450e-01,9.196648132845999801e-02,1.543440512729601644e-01
2.351985274129466119e-01,-9.815154772112721915e-02,-5.218915251032056613e-02,1.724842433060580216e-01,6.897361618325703603e-02,3.724207179842761728e-02,1.515301105783959934e-01,2.608947137816937656e-01,2.140234531013410491e-01,2.301492042228895640e-01,-8.093605694002867224e-02,-4.728586409685710257e-02,-1.650084271770694833e-01,-7.181419478291203862e-02,-2.467806563623764146e-02,-3.820565022667295890e-02,-5.144707633922251944e-02,2.123012448672229602e-01,1.492770779742587650e-01,-4.437376571925129298e-02,6.351894756107114015e-02,4.260112271599717643e-02,-3.889428894475173426e-02,-3.300808762546257602e-02,-1.516646564998528346e-01,-2.462472945610855446e-01,-3.149230975961230250e-01,-7.867656022199535915e-02,-1.270990063346467969e-02,-2.117895240105192867e-01,-1.010351650083756228e-02,1.254423318812836197e-01,4.696984300139896845e-02,-1.570466415262268198e-02,2.295248188152045343e-01,3.356226740301606476e-02,1.044874180158413407e-01,3.017582841514386272e-01,1.057396449796730725e-01,2.715608270969529503e-01,-1.837908542134807782e-02,1.370740536582749358e-01,2.567904557345847619e-02,8.287694208501717591e-03,1.992284354875202210e-02,1.798786155997175729e-01,1.941193114026760758e-01,8.878365679548358425e-02,-1.134482565378933661e-01,8.029092684389613210e-02,-2.436009338448663630e-02,8.902650104855575411e-03,4.030739569937157041e-02,2.910222457066297674e-01,-1.243424635112172216e-01,-1.035232804896313030e-01,1.351133034962563595e-01,1.242160996533746564e-01,2.857540297474298607e-01,-2.390116347338494263e-01
3.605690508365601288e-02,-5.619678809232107192e-02,-5.492700380268737692e-02,6.848347413302360853e-02,-1.964687709998165221e-01,7.936585847356515677e-02,2.149489071779132551e-02,1.209834578258228432e-01,1.404315960553500775e-01,1.434350896784478135e-01,1.141516222562344307e-02,-7.766574838165132832e-02,7.233368191395278535e-02,1.054037187487503885e-01,-1.875857003772124498e-02,4.104079623000654597e-02,-4.383166116946390911e-03,1.198349811177976398e-01,-3.780573057773706780e-01,-7.206580847536658667e-03,-1.195045430374867684e-01,1.861377605146242661e-02,2.163267748085429543e-01,2.107372199722131190e-01,1.683532964947255239e-01,2.413810898090048840e-01,-2.361609140744008184e-01,-2.406877213495612830e-02,-7.237594125059865430e-04,3.468802151150465751e-02,1.911901954770755252e-01,2.575133531624934635e-01,4.400316966548271647e-01,3.718028719228071849e-02,-6.797739062493189655e-02,-7.928553059724383067e-02,-2.515458855572916957e-02,2.059264038960712528e-01,1.981578288813254096e-01,4.697672570855523921e-02,-5.494174132990163606e-02,-2.300244530649583896e-01,-4.064186164637514573e-03,1.004550695709593156e-01,-1.689581532604215314e-02,-2.060334000614866545e-01,4.445737269688288147e-03,9.576028252949826680e-02,-1.128709083897279919e-01,-1.012494569568655189e-01,-1.910134273929424142e-01,2.286117586799709112e-01,-1.373268509127307524e-01,2.908092868922541041e-01,-1.988072805296096576e-02,-7.773323188146932794e-02,-2.273925006206267141e-01,3.729548953423449109e-02,2.965326515822157005e-01,-1.488989016933626730e-01
