7.065281262920839467e-01,6.003155631547880677e-01,3.395815316390649041e-01,9.061312062505347265e-02,-1.687687923747306640e-01,1.019540102832704465e-01,1.299609145606357152e-01,-2.181945602709195742e-01,1.728447072386947794e-02,-3.295896389488502110e-02,9.950227922155412130e-02,-2.633599305349554331e-02,-1.181532271518318244e-01,7.625612564719790043e-02,-1.472531054065029654e-01,2.631554854084248302e-02,-8.302146667242370215e-02,-1.182797067008849040e-01,-9.330677997950902192e-02,9.192396180239589820e-02,1.971945078077174673e-01,9.024242838860964400e-02,-1.021370061861985763e-02,-7.528672361487244447e-02,1.782288218808325553e-01,-1.089110701656072350e-01,1.710897899752742701e-01,-9.939235178201191734e-02,1.526651256601973539e-01,1.012943699922267682e-01,-6.399536510588907379e-02,1.005328613201063870e-01,1.617312054842613978e-01,3.614025757852094151e-02,3.286506475009123851e-02,-6.177936312565766169e-02,-5.691553095486914099e-02,2.998303002712746079e-01,-1.455514141230827840e-01,4.599001375168906489e-03,-1.303743320379320558e-01,5.920523346056118241e-02,-8.094459818865200329e-02,1.858280258573660748e-02,2.277879310992723255e-02,-3.676258212403367420e-02,-2.102231003074285509e-01,1.497106832774994234e-01,-4.117544103386212156e-02,1.311738271678152545e-01,-9.400961503694507670e-02,1.302182195992732626e-02,3.618400282249647493e-01,-2.524709033240813416e-01,1.452191204991877260e-01,3.630239338543717748e-02,-1.172582901847562392e-01,-2.342612880213024162e-02,-1.908008646726269686e-01,4.106438017265956475e-03
7.089807025439167631e-01,7.349476704011224104e-01,6.120063563596453982e-01,3.125318879565856522e-01,-1.090321250377780660e-01,-1.457023229989778401e-01,2.308492723704442806e-01,-1.492513484967146753e-01,5.771628346262579201e-02,1.479641937605131186e-01,1.869670743680260094e-01,1.007231661261033875e-02,-3.280793717355443007e-02,7.085945803757230654e-02,1.599750218939532996e-03,-4.106457764921261910e-02,-1.928948694689635590e-01,1.518281549290557975e-01,-1.430377387722402971e-01,-3.575370147582974251e-02,4.943327391451093900e-02,-1.266659964349034495e-01,1.430525035885547580e-01,1.057927295832774076e-02,1.718841955377199693e-01,-6.370447118417291166e-02,1.157111554515196650e-01,-2.083206440396529469e-01,-6.548381760476854052e-02,2.497966816103975030e-01,-1.943515006634588260e-01,-4.733201618016263240e-02,-1.052813048210192309e-01,-1.674323189026842296e-01,6.662156452704257048e-02,6.130597032344842212e-02,-3.748240818621333126e-02,4.092590693520670869e-02,-1.586464875363367277e-01,8.933788947968207550e-02,1.846660722070297411e-01,-8.083024643446948265e-02,1.376023570484091185e-01,-1.534521152865231941e-01,1.255347115529051316e-01,8.692415792280572262e-02,1.736849997110742339e-01,1.135885072163407214e-02,5.533928503636838941e-02,1.408166042816192121e-01,6.243952184749260864e-02,2.068582310944453440e-01,7.231134911312339653e-02,-5.216370314816263370e-02,-1.863695720696993408e-01,4.985111197379591547e-02,2.122862600340448547e-01,3.163235903674721516e-01,1.481262268523454995e-01,-1.381083973109956120e-01
8.128651127892758677e-01,7.365572302450578146e-01,6.860019887192403409e-01,4.723902873386900403e-01,4.044297126150002697e-01,-4.196973206916825017e-02,-1.429597960127917122e-01,-8.388548597807855833e-02,-2.123510652023475123e-02,-7.360141477445780733e-02,-6.512501529102776576e-02,6.232822367954439502e-02,6.066961680981768079e-02,-6.744339661144423126e-02,-3.767701027953242188e-02,-5.997648809844507989e-02,9.387542912958424593e-03,-9.681252340597679834e-03,-1.750649921772547690e-01,-1.334013887232332052e-01,-1.328152146485171436e-01,2.803058395333197714e-02,-4.194639786642984092e-02,7.624568397602175807e-02,-1.987734399281343711e-01,1.406307711635462233e-02,-2.296034381299780127e-03,-8.094758429385912057e-02,-9.389458547961204715e-02,-5.998604749556698396e-02,1.388044002208977667e-01,2.572513230357150738e-01,3.063484128535551992e-02,-4.933302408809623479e-02,1.546883230038970936e-01,5.078777859496311914e-02,-1.428100186521880643e-01,2.425724291336863736e-01,-3.437682709942715270e-02,-4.650571278909278877e-02,-8.611877211668246546e-02,-1.176174607145849815e-01,5.068742909481581405e-02,-5.157165565703077797e-02,-2.461728149784244146e-01,-1.630803029748833788e-01,7.214471160994737065e-02,5.853052020740918959e-02,-8.504353690194485504e-02,-1.867282224609100386e-02,7.343297762830458542e-02,8.913881599694858026e-04,-2.181669833266816350e-01,7.367818582313691300e-02,2.220833794214734647e-01,-1.110322659818373248e-01,-2.956015713458953753e-02,4.905370071183130613e-03,9.662485028227113526e-03,2.672897113452887830e-01
8.118077611184396636e-01,7.991702723750079285e-01,3.448960357874453764e-01,4.308804907101523307e-01,4.783977673401363373e-01,1.960904378382196112e-01,1.405295724902838883e-01,1.116926346533096276e-01,1.600598779551021256e-01,-1.625643590322367604e-01,3.058064634291571271e-02,3.634160978010862048e-02,-3.105993570312866048e-01,-1.092651620580868954e-01,4.682443544097159016e-02,-2.331240696252621925e-01,-1.628720322273280495e-03,-9.460583137052525418e-03,-1.229466401968517947e-01,-1.187940786786605835e-01,1.388830645489083637e-01,7.816386319345475231e-02,-9.003567796241838603e-03,4.404819107471399237e-02,1.340463517847234566e-03,-1.099267258580072237e-01,7.446236487511381785e-02,-2.269649723685782799e-02,-5.587206207796002744e-02,-8.124007906140345847e-03,3.082083054401156194e-02,2.329941887513430759e-02,-5.654337343166665475e-02,1.046738475408986319e-01,2.887640793563992642e-02,6.410800251591824983e-02,5.259716722722355964e-02,-1.099577495888870854e-01,-9.158506186524675852e-02,-4.293275446216514996e-02,7.331593959773134717e-02,-1.608997120974914596e-01,-1.572645883246886200e-01,-1.123293897812744913e-01,2.737157899084274315e-01,-8.247160369411629666e-02,-1.438130333743959863e-02,-5.088008209390500192e-02,3.929802873918971512e-02,6.808761029921060748e-02,2.704118105686057622e-02,6.951549703463369423e-02,6.789016221584671940e-02,-1.105396997661816094e-01,-9.853831839491100641e-02,1.278859224120278415e-01,3.469092563110654035e-03,-1.327861602058054771e-02,9.684760486635493604e-02,7.723064832158679782e-02
7.954818761417421502e-01,7.706733117536830324e-01,7.036563338263053247e-01,4.423794053120173042e-01,3.436559564978592940e-01,3.454216340151481934e-01,4.952061672494004890e-02,9.318166143628969778e-02,1.605816013313826340e-01,2.540423348862249492e-02,-6.512647120865527883e-02,-3.259695557978141700e-01,-4.295937069887210136e-01,-1.734169653938968936e-01,1.952552271371699733e-01,6.847821925651996489e-02,1.953423681228124986e-01,-5.171828253114407747e-03,6.915801020129788701e-02,1.203500970801390790e-01,6.685703725618233340e-02,-1.909223880792870198e-01,2.064629847569729171e-01,1.839312467918416683e-01,1.469046283778595863e-01,-3.395897258102414246e-02,-2.588988039744298808e-01,-1.685848579194011987e-01,-2.578098053377482213e-01,-3.826884829918806852e-01,3.792532063328976077e-01,-1.885778265120023056e-01,1.225855169075318286e-03,1.370637562505231354e-02,4.968708263326637037e-02,2.576834622347634607e-02,3.893696257664210764e-02,1.439959173550716953e-01,1.645987882838305938e-01,2.444376969076094211e-02,9.840044467413368301e-02,7.271955460115694936e-02,-1.180530948039901773e-01,-7.896684684203485183e-02,5.176347082171477154e-02,2.210749706849222673e-01,-1.140571823045777338e-04,2.224591889955098156e-01,1.837917033504994913e-01,-3.269807864207522341e-01,3.288933898109146214e-02,2.910007666266931636e-01,-9.664530954653573203e-02,-6.981053487835481297e-02,3.906194294007055839e-02,-6.219006288602040022e-02,-3.004569055069248318e-01,-1.544393894216283258e-01,-4.239208592740458664e-02,-2.240688182479715906e-01
6.464024519503581701e-01,6.269591236671138157e-01,4.911859542137387291e-01,4.122003803720821757e-01,3.445504457444797941e-01,2.462376647119050299e-01,3.554290316683267337e-01,2.343667170201273464e-01,-1.151051751969418141e-01,3.824381599136587040e-01,2.721701785656200911e-01,1.830565141199010787e-02,6.014464369684608194e-03,1.841575353743936105e-01,1.062653574150904251e-01,-2.565237234065993396e-02,-1.355675188112464569e-01,-7.916598368715613288e-02,7.833051766694794360e-02,1.217331226290838397e-01,-8.232783799769350166e-03,1.046837488149009454e-01,7.894264596811420565e-02,2.786941189228493362e-02,1.729344367453664044e-01,4.950313884267811687e-02,-2.277376450431631005e-01,7.697721677609799251e-02,4.795959903666809770e-02,-9.855965971386265734e-02,-1.576958013945564674e-02,1.864847538360844825e-01,-5.625080680123423216e-02,-4.363127356588192285e-02,-1.098091152827446182e-01,1.802627401847974389e-02,6.495617117865842838e-02,-1.248751147879926943e-01,-7.293004376609443784e-02,7.694901567424333733e-02,-2.394735157728119235e-01,9.937311366457450557e-02,3.545660492889283338e-02,-5.943649530903998002e-02,-2.811443765943925227e-02,1.470965383968425022e-01,1.420014578923220819e-02,1.053588177846459806e-01,-6.074720158325992714e-02,-1.470571628601151093e-01,-5.561421354988303756e-02,6.345140245489770681e-02,-1.080664071179947977e-01,9.963576269340687630e-02,1.591387562840471392e-01,-1.958557594775201527e-01,2.889830074615484246e-01,2.196443756285519355e-01,-2.682939863532030067e-02,-7.122890458832302485e-02
6.469903628328256273e-01,3.382991572213777109e-01,4.058892166849742966e-01,4.241619266555538559e-01,1.821244854319476469e-01,1.288179819213907951e-01,-4.585047546071144980e-02,2.549968988067098374e-01,-1.504380868683524199e-02,6.471992467513418279e-02,-2.178357189923440032e-02,-3.316584749229076756e-01,5.619179058249305914e-02,-1.136407736825074399e-01,-1.619366068392368296e-01,1.548702081253456875e-01,5.333188830590607221e-02,3.206526112494686304e-02,2.067481236781488485e-01,9.743134687668379354e-03,-1.450419471673143612e-01,8.872680166813731728e-02,-1.037773017949544796e-02,5.189637259847156014e-02,3.493609978355191048e-01,1.489412602469291913e-01,4.034922065619154369e-02,3.610747261995408269e-02,-1.513225669493835635e-01,-6.378295249792387267e-02,9.085544914561780039e-02,-1.829017607121390387e-01,1.008112255921222167e-01,7.461274084221494740e-02,-2.495863834204762460e-02,-4.370457615783869543e-02,9.379890618133107649e-02,-1.859848906024245685e-01,-1.360936735911775775e-01,1.881574662709747936e-01,8.994212115995477153e-02,-6.765237837802702547e-02,-1.592490224898413798e-01,-1.805104546263806564e-01,-8.751285251090035189e-02,9.037076805945032376e-02,1.690914651038008254e-01,-1.285278748374944491e-01,-1.760912159914524225e-02,-1.342893210816095417e-01,1.954034404021640081e-01,-3.273309283630263661e-02,4.329356116498248724e-02,-2.328346793522975688e-01,-1.213815400973975028e-01,-6.031960505578539550e-02,9.671118828266779544e-02,-2.623298779204646936e-01,-4.905769375481315239e-03,2.211666881260472839e-01
3.460462898488924077e-01,1.592105342097024645e-01,4.309231977828668070e-01,9.940524037098280585e-02,6.639291836583702255e-02,3.854245805651345530e-02,2.386521753660295064e-02,4.324480867351677971e-02,5.099681502743136363e-02,3.048790662859435230e-01,2.089279486425937860e-02,-8.335248222180298427e-02,-4.678341591039188868e-02,3.129831584638586017e-01,1.034294850739931881e-01,1.360015037056672704e-01,-9.382157714705111062e-02,-1.436984385694589361e-01,-9.203125290487308707e-02,1.891185352302258149e-01,-1.000621480437306615e-01,1.066446267759842276e-01,-1.903377757382361882e-02,-1.219453150145268297e-02,-8.385033998960857160e-02,1.936161047173040328e-01,9.895122782260298844e-02,7.057829689933010908e-02,-1.323287680394092392e-01,-1.118648667170226291e-01,-4.246331044979687053e-02,5.872584073163378271e-03,8.606379209712647360e-02,4.201837666609513355e-02,-1.368253846706044552e-01,2.008160743388786307e-01,-2.539800066143576077e-02,3.721557914920191334e-02,8.801499418503207217e-02,3.304771809013745676e-02,1.922652412788652398e-01,-7.947633306841420109e-02,1.188504451926857275e-01,6.463599361036245772e-02,-1.999999801315432146e-01,-1.155645608085491965e-01,5.322976114979980494e-02,-1.563004790022710921e-01,-9.081646529549056157e-02,-7.842169467591381116e-02,9.280490213377359798e-02,2.005211282942832851e-01,-1.592400960922064207e-02,7.936989912056821583e-02,-9.345548055153422851e-02,-1.806783574608618326e-01,3.006780895477160764e-01,1.864815827802607795e-01,-4.385405906773942597e-02,4.141248356914297574e-02
3.106638255290066208e-01,3.939455684490409393e-01,2.203505092561665324e-01,3.980846664815692465e-02,2.076052187462229526e-01,9.737456328367063985e-02,-1.214150097917688492e-01,6.113787125032112135e-02,1.274982594516737289e-01,2.377969169223964618e-02,-6.446730432404973281e-03,1.624521279034328303e-01,-4.898821692288740474e-03,1.426791567371774594e-01,4.226073958874662639e-02,1.828637279732699822e-02,-2.638790526906990008e-01,-4.312611724659669299e-02,-1.828451161236248623e-01,-1.019965505615983981e-01,-8.240589566608892691e-02,2.932018646493129641e-02,-9.873226428135895016e-02,-1.785779796401546771e-01,2.651633643260637579e-02,-6.032153474695733930e-02,-2.446671039117644109e-02,2.338598290539726232e-01,3.484817678348176712e-02,-7.300178446358328299e-02,-1.461813121883896449e-01,5.417126953829733832e-02,-5.468877749447736969e-02,-2.066169554054141932e-01,-6.594472849512128705e-03,-9.151093230154343228e-02,-1.782047956551480877e-02,-1.825242113906603847e-01,-1.450865453194825037e-02,-2.629447570058510847e-02,3.034256677154414245e-02,-2.666292192428801888e-01,-4.524490316207362139e-02,2.164772997719943137e-01,2.005358609565376093e-01,4.664366043615424118e-02,-9.199213812401789425e-02,8.091521395883773116e-02,1.237070018218774659e-01,1.454803621163565652e-01,-2.295933763220785462e-01,8.616354799994878355e-02,2.852217655709586852e-01,-5.056253311949475415e-02,-1.523486620092357746e-01,-5.895980745290844982e-02,2.151302581149155679e-01,-2.540513847096438280e-02,-5.112579883615679666e-02,-2.089468190730977282e-01
1.573606125145593782e-01,1.846745950801670089e-01,3.300061252839013304e-01,1.750738473266333917e-01,2.001181749693152212e-01,3.630324657181195624e-02,-8.998380950800774492e-02,-4.573035848024716715e-02,1.154167682960971081e-01,8.760843738271723025e-02,-1.262889132216965249e-01,8.278078987646264597e-03,6.178656067640218158e-02,8.661966601060457072e-02,1.387401681935450035e-02,-1.846744919325808698e-01,-3.155158394275997535e-01,6.906485500817693968e-02,-1.081071728400529591e-01,4.236053922236564934e-02,5.240661324502985524e-02,3.968028594088084116e-02,-3.474350882375100702e-01,-1.115118381268010300e-01,-1.380182482835677071e-01,-1.670851348490782207e-01,7.525676439905998327e-02,1.022302755590101253e-01,1.237698728031230155e-01,6.368632769350589251e-02,-1.788294164336779457e-01,-6.705620270358003676e-02,1.040709469076295940e-01,6.894449980987162052e-02,-8.266670247977525587e-02,-1.358990873744682082e-01,1.312239152341905524e-01,9.938973468894930080e-03,-4.607469720975580774e-02,-1.268199555736047868e-01,-1.030441086372275300e-01,4.017168003467600640e-02,-1.252952538588699150e-01,-1.167042550190720319e-02,-6.732385991588826779e-02,-1.742713672452344542e-01,5.701666661069700048e-02,1.306574470680962052e-01,-1.513299962199545282e-02,2.258393625972759250e-02,1.241220559327500805e-01,-7.801732003878485144e-02,-2.591749141138325330e-01,-1.687729877369993914e-01,3.442052618830307442e-01,-1.805195104992095290e-01,-8.949772754810156328e-02,-2.677566749249560285e-01,-3.257283925048725520e-02,-7.455303622574221967e-02
2.566612936839665071e-01,1.399973847819486750e-01,1.210062814337796722e-01,1.498643524585643871e-02,-3.939033062480582631e-02,1.597847988425182275e-01,1.490237486646008372e-02,2.585299032606440672e-01,2.303568901360413326e-02,1.189937050906885452e-01,2.032340035552610696e-02,2.315900810940379473e-01,7.013674702752328849e-02,-2.259422825742837815e-02,1.730159903851671011e-01,1.344496215838266173e-01,2.460116057268863510e-01,4.704919400222336290e-02,-2.066891633527030980e-01,-1.959938413168806626e-01,2.240259158984160004e-01,-5.556751594584562193e-02,8.900444716414775137e-02,1.947142586429537886e-02,-2.284823624743474169e-01,4.479796326672683821e-02,4.928007129588013457e-02,-5.581566837435374129e-02,2.292426221368245864e-01,3.457334467431690261e-01,-9.461921985682457403e-02,1.349767782506710312e-01,1.847855393777909638e-01,6.252261861368461904e-02,-1.588971877763915574e-01,-2.232387544322939621e-01,4.566139384708121918e-02,3.847295105626158569e-03,3.107764706429453905e-01,1.449169431266649766e-01,2.539471225258645992e-01,-9.718158170920596084e-02,-3.956011483037441372e-03,3.651464524469801021e-02,-2.392889132376742334e-01,4.351198718179849489e-02,-1.510047938637551490e-01,9.553768029874980250e-02,1.387070725144519956e-01,-2.136747406841609798e-01,-7.517740371676494282e-02,-1.313197923602943129e-01,3.658502194492652126e-03,1.035857971381336576e-02,1.123303447225269466e-02,4.002144313275357926e-03,-1.632567742356389462e-01,-9.051093861960753106e-02,1.283414768236064429e-01,-8.640750996903232006e-02
1.525706478215779760e-01,7.255885770705836069e-02,5.887685237902987381e-03,4.462709336557584006e-02,1.372724747143451995e-01,5.376116259366457012e-02,2.004030867729613558e-02,1.421614442826954761e-01,1.535236679473714616e-01,4.537419151492273588e-03,4.106892727791498776e-02,1.419846318731908530e-01,-1.122946239236591315e-02,8.340569903146002884e-02,-7.681291397990810954e-02,1.532557265153536852e-01,2.973671287045459022e-01,7.623168195363488886e-02,-1.260016936625583672e-01,-8.318603975577126830e-03,1.140755251822321570e-01,-3.717354196729579785e-01,1.422202921124529340e-01,5.445951538748594438e-03,-3.191840247197654246e-01,-1.600736731640325927e-01,6.627398822387214894e-02,5.194780091181754045e-02,1.285265036399850236e-01,5.227730131421966936e-02,-3.316729480042044931e-01,-1.570169903332659378e-01,-1.713703267724042134e-01,7.083098801530932076e-02,1.511629692396717628e-01,-1.181672695232070802e-01,-2.667825583679491186e-01,2.287682979924775262e-01,2.273225061152740756e-01,-7.157297333396082928e-02,-1.235792337472774449e-01,1.435272004050714388e-02,1.227853106547551060e-01,3.351770392891580130e-02,7.027452525513058768e-02,-1.524838841857605876e-01,1.051589733162073409e-01,2.103165737575467958e-02,7.100739975896992739e-02,-5.958825116384109007e-03,1.700622490643555473e-01,2.504746804385253323e-01,1.086944411795610910e-01,-1.837133387848333410e-01,1.356531336027674561e-01,-1.000194719612017974e-01,1.453110674757710219e-01,-6.794790891170396363e-02,1.567333570471808046e-01,-2.788759947539077612e-03
1.555650964757622767e-01,1.663723751973029408e-01,6.458897499377902474e-02,-4.175215458974380553e-03,1.980382494440722785e-01,5.549162206455213880e-02,-3.793475332948612055e-02,-2.476425521612742736e-02,4.360891210517039290e-02,1.943803509973267007e-01,1.821829246576979477e-02,5.961670469945758166e-02,2.557229580462747620e-01,-8.953230297822203920e-02,2.484601961523550881e-02,3.962863959951766490e-02,-4.104918037701295319e-02,1.307611239457321939e-01,-1.646199567495235383e-01,5.865427192742962703e-02,5.282971490461383368e-01,2.450987184889842629e-01,3.098181204594305932e-02,1.633988935625513561e-01,3.555047153585252223e-02,3.626708854442780572e-01,-2.871477584412532869e-01,1.145911983195991024e-01,-6.166978680947536595e-02,-1.101762295040285417e-01,1.689114625012179405e-01,6.844779133871728427e-02,-9.962919723046848031e-02,2.249860714159766101e-02,-5.416028580053999439e-03,-2.066831956684735822e-02,-1.127716414876238638e-01,1.245542134243250026e-01,-3.939264342467205249e-01,1.329269261167407845e-01,1.627621332983799490e-02,-2.243875629948465303e-02,1.080973129266486615e-01,3.718478531494084308e-03,-1.791855962736479402e-01,1.409543230907932820e-01,3.315237660157247523e-01,1.928452055943707388e-01,-3.194807043349706666e-01,2.334900930970303101e-02,1.289675081252008026e-01,-1.667107379834798508e-01,1.310429488332444103e-01,-1.087489262797975559e-01,3.269712356532720327e-02,-2.813571747276714663e-01,-4.527954625002421352e-02,-2.400755964044117285e-01,-1.625235873986554530e-02,-5.839425101963280351e-02
3.413989046083848455e-02,1.392185272437296006e-01,1.589510511185574307e-02,-8.589352677589232044e-02,1.293533060682204930e-02,5.506878639920770313e-02,2.610952296149732788e-01,1.629212883330877215e-01,1.329297018110896234e-01,1.786061502704056336e-01,3.104777667845488517e-02,4.045949142963527201e-02,1.818102858644458225e-02,1.150531443102794649e-01,-6.155323351062735870e-02,-4.607144645197616337e-03,2.724707814502546066e-01,6.272862305839038699e-02,1.294072835562103951e-01,4.909530672110624938e-02,2.150368513677826734e-02,2.332214151839800964e-02,-8.084566550308255883e-02,-2.149070962099414867e-02,6.570771660770965972e-02,-2.044777065289041240e-01,7.814490405322024880e-02,-2.012246350067144474e-01,-2.758555394133887020e-02,-1.107183162906777846e-01,-5.271960060762365119e-02,1.562915744842268209e-02,-1.410411540856225665e-01,2.338278963928136223e-01,4.748506158235221153e-01,9.070111607578534851e-03,-1.191087547747589764e-01,7.219844582606488315e-02,-1.635010037487256637e-02,-4.255344522760618094e-03,-1.810767909701179179e-01,9.889123733334179156e-02,6.856749592453703634e-02,-1.604335948270856418e-02,-8.138926517305125619e-02,2.999561498669588849e-02,-3.148345236008489451e-02,-4.359075282761512571e-02,-3.015617489858995470e-01,1.522262434143655530e-01,1.093219213440937976e-01,-3.126053837581060368e-01,-5.631339549989533913e-03,-8.815397321993252711e-02,1.688356376237177825e-01,8.555458402667517892e-02,1.462254658120928641e-01,4.363275868011097514e-02,6.567973065612300876e-02,7.150938641795705208e-02
4.349444935479730018e-02,7.536424558539747687e-02,-4.528792131719106343e-03,-6.844748120398572167e-02,-1.340668975277520825e-01,7.705419750246692012e-02,-1.129091428083097010e-01,1.962073293122673368e-01,5.543365416476037089e-02,-7.142266259139487539e-02,9.007469159064933339e-02,5.951784848742096290e-02,6.318583714864058065e-02,-1.087220203631267673e-01,-1.311620186747633476e-01,1.412117372834523210e-01,4.818270551766724863e-02,1.751452996097477566e-01,-1.361616123677485135e-02,-1.938426852855611171e-01,1.770726416078988730e-01,4.145636695080709977e-01,3.959986652608528390e-02,-3.123533316167727628e-02,-7.052616019134679004e-02,7.045837912147071003e-02,2.282147514574465741e-01,-2.650716443087518526e-01,5.710380226376127188e-02,-1.276959071691294856e-01,1.633119097851656321e-01,-2.295967688319038302e-01,-1.062872371857037923e-01,-2.045684015361787789e-01,1.269444439882943046e-02,1.506193584659314688e-01,1.098317928594438053e-01,-6.641556018386146620e-03,-2.038878521377275044e-01,1.585306464814334113e-02,-1.780233867708601661e-02,-5.594487444040324893e-03,-1.191520521027787660e-01,-1.036455604654245855e-01,2.683830720192323938e-01,6.054998606100216174e-02,-1.492345100993389129e-01,3.007804133791576184e-01,3.443204826368513605e-02,-1.268945149739001965e-01,-1.886785598569719613e-01,-1.345379327164616667e-01,5.148951163722825797e-02,6.315028416474852135e-02,-5.152330473367140729e-02,9.261988471687328250e-02,-1.222259126673789636e-01,3.585158724040836409e-02,3.306381482770432423e-01,-2.631420165689080659e-01
7.846391731779295275e-02,-1.588312239470917320e-01,-1.387701380403261742e-01,8.759270605052034420e-02,7.350521062015406837e-02,-1.072342731218400569e-01,3.161668459621493066e-02,1.170156831671003428e-01,1.083693118976660347e-01,-1.173106091339302520e-01,-1.475569713500032853e-01,1.892773563628859929e-02,4.859898334353247862e-02,8.131234782786556092e-02,3.683055640086443927e-02,-4.483273273711561174e-02,-4.634980007663478535e-02,5.822467901208910890e-02,-3.082822097989491028e-01,-1.704791145709213251e-01,-1.421983707943527409e-01,2.376885961328778323e-03,-5.847383909597340251e-02,3.044725377833664703e-01,6.406942536317636328e-02,6.862407801056651102e-02,-3.613745741583261617e-02,-5.772240791114437164e-02,1.494807227302122898e-01,-2.113080858609430734e-01,-1.496151054304038774e-01,-8.825140621677071695e-02,-5.125282175023548707e-03,-3.054768176987662787e-02,2.020886241392963745e-01,4.187449645388716113e-02,1.237254342718003552e-01,-4.336332241613862770e-01,-4.499992900083862185e-02,-1.032499508369244950e-01,4.861898231898179046e-02,-5.829519248728742831e-02,9.923185205564213907e-02,9.028430284769507069e-03,2.402609165132309488e-01,1.651413837081891212e-01,3.275768001359878889e-01,-4.146028656863118972e-02,-4.731010698063359277e-02,4.571584650501826080e-02,-1.636359591220874765e-02,-1.580711282863302980e-01,-2.079492705795850382e-01,-1.514150540268822120e-01,-7.625780907416582211e-02,-4.229275497368103348e-02,-1.174803806278146290e-02,5.506244206968011895e-02,7.365935680427995735e-02,1.044440959159418786e-01
-2.476507712851631904e-02,1.765069896865336663e-01,-5.444435244771670540e-02,4.978685131302552913e-02,1.547534404236863836e-01,9.064617732898846980e-02,-4.572520432556680114e-02,6.727147828594927208e-03,-7.188725302362009018e-02,5.161207411006761558e-02,-1.675411257474199861e-02,-1.127151368424576666e-01,6.106639473791164452e-02,-2.110305655405341624e-02,8.295402351673347718e-02,9.089670644313711800e-02,1.368582232538405677e-02,1.106431180737771271e-03,3.224582846942618958e-02,-2.102975506772208902e-01,-1.321865379193704337e-01,-1.164199324013027032e-01,-6.549338874919796716e-02,5.196286021398809074e-02,-1.314383310693556794e-01,2.856690242990632678e-01,-8.882134353454035347e-02,-5.821113547947386405e-03,3.897103654545125417e-02,-1.669250738780325705e-01,-1.795692709669534648e-01,-8.000824288822458441e-02,5.055121048988699822e-02,-8.649906962016552098e-03,-3.663550562610928124e-02,1.486449057396813100e-01,-2.692029719665033419e-02,1.649613470707598784e-01,-1.044316826391801512e-01,3.125868111752257983e-01,1.665817475524417751e-02,2.356604174692147335e-01,-4.915386834119996051e-02,9.547388010722054896e-02,9.495428727033936034e-02,-3.312480288366022596e-01,-1.773905609301320019e-01,2.770993605492899636e-01,4.810783970169180829e-02,1.046420529468671534e-01,2.828523161630720414e-02,-1.874796124617128801e-01,-1.111078138646180574e-01,1.053321124122027774e-01,-3.002474241624619820e-03,1.713515912573022881e-01,-1.307232268144869203e-01,-2.484741065032268492e-02,-3.265728066555138587e-01,-8.817962051067118612e-02
7.538471410452324273e-02,-2.141606090579512706e-02,-1.016574231869891848e-01,-5.729930155599005648e-02,-1.552502621211355668e-02,6.063838245760462542e-02,1.897934957416340107e-01,5.382848577449691335e-02,-4.867582285262261887e-02,1.039717506242596456e-01,1.541269182827962325e-01,2.008257330833419091e-02,9.457817084494400672e-02,9.657175581357466121e-02,3.434314826845612234e-02,1.560065799715370238e-01,-1.432032605667794556e-01,8.775105330627923361e-02,8.359542798328498114e-02,7.158087955613448572e-02,-3.460044249928919541e-02,2.790603451167256860e-02,8.175666613759022261e-02,-1.766945255658546390e-02,-7.910062547228516316e-02,2.368741030969207517e-01,-1.586561770268353488e-01,8.890746436906279970e-03,2.354397504731552820e-02,-1.883457362149005554e-01,2.319151403738140549e-01,-8.811843199398908255e-02,2.001355765515783758e-01,-2.452116733598762310e-01,1.659537834831553982e-01,-1.524607105272952623e-01,-1.049444346936054123e-01,2.111344615863147978e-01,-9.228928999028238045e-02,2.307030434629610549e-01,-6.061193044527420776e-02,7.753308934003991237e-02,7.988459514557229302e-02,1.739470821056144367e-01,7.235222385824635616e-03,1.555726716306297663e-01,-2.299631988144406614e-01,8.792025029412348092e-02,1.669916578630714077e-01,-1.874442179925595725e-02,2.966005613868085700e-01,-5.247218116070615640e-02,-1.894633236889480821e-01,-2.943084358669695311e-01,2.118358723458753923e-01,1.354394779881584188e-01,1.057077709213724015e-01,-1.642761152092283017e-01,-9.026081271478021695e-02,2.653552617255097029e-02
-1.660501073252532850e-02,1.083265054818633999e-01,1.286123960036356650e-01,-4.032377303808955260e-02,-2.726431200128881516e-02,3.170684187265673110e-02,1.201661350396062977e-01,-5.392702678532477339e-02,9.348955893411387344e-03,6.554204431417580412e-02,7.806306069250881774e-02,1.640029445883546266e-01,1.395397006116272098e-01,2.043077142309087171e-02,1.596653812782527354e-02,5.716474720078559141e-02,-1.151361386751746652e-01,8.679726671321549153e-03,3.312790567454880486e-02,-4.071008904473945311e-02,6.019231731900460958e-02,2.174471963249004491e-01,2.883282427147770832e-02,1.427961901553835289e-01,-2.160597752405916394e-01,4.154030944937295300e-01,2.295316375865744940e-01,1.958764197967090559e-01,-3.783760070702088529e-01,-3.760999033032153081e-03,2.974796206918550734e-02,-2.173315374298576130e-01,1.745753987797508400e-01,1.661752924818984262e-02,1.174820687808707798e-01,-8.841116192914592886e-02,1.994401062258473883e-02,2.848711069479094582e-01,-5.799396261777276657e-02,1.101560827024698208e-01,-1.484277449754599354e-01,4.418711313692728904e-02,-6.581767818086066424e-02,-6.382578321846864300e-02,1.397406586250696595e-02,-9.420223067927344096e-02,-2.507518160446041700e-01,-1.338186259404325340e-01,9.580983267499157408e-02,2.638082046879606235e-01,3.652911003998895317e-02,1.257387522609640373e-02,6.973013193476759741e-02,5.596464212512768099e-02,-4.119654928408215955e-02,-1.416041716796537508e-01,-1.166080539849070757e-01,-3.917398355956955638e-03,9.920419099844961230e-02,-6.044430242827325897e-03
9.318825454086576698e-02,1.933835302816611645e-01,-6.387553743098602077e-02,1.076377577925500678e-01,9.808810991395429391e-02,1.174954455950214111e-01,1.611431326205453596e-01,7.823699434032919953e-02,-1.188028362424345397e-02,-1.274532127102512846e-01,-9.786213411941732665e-02,6.520400293554715065e-02,1.189275602840081103e-01,1.167889645954047345e-01,1.491226745502221840e-01,-1.176520822136250671e-01,4.492843765968105446e-02,9.453632899696062797e-02,1.819803507487208205e-01,-5.681532453898977680e-02,1.645972569722181644e-03,-1.625882288632944303e-02,1.870220001999262638e-01,2.114788709767742303e-01,-1.920871344329737884e-01,-8.616304601072403979e-02,-1.870730195027703047e-01,-4.419222054967149316e-02,2.530069846345588958e-01,1.554270281037667956e-01,2.914412752528028339e-02,2.024596493904079753e-01,1.777347941559139777e-01,8.303850932553902275e-02,1.860001898875977555e-01,9.450165956489259278e-04,8.097002307366800433e-02,-1.416567023088821098e-01,7.545760159693645774e-02,2.188943156045259353e-01,1.246860057258153132e-01,1.220847463366471902e-01,-9.363428385619296246e-02,-1.210692286266792789e-01,-2.212683600489565305e-01,7.792769976124437614e-02,-1.800874311851657639e-01,1.514493093070979346e-01,1.432937726440837722e-01,1.937763516384004014e-01,7.105047076226178593e-02,-2.638399934699159344e-02,2.203933360190882262e-03,9.612899305870117872e-02,-3.096600704898239131e-01,-3.919959636269739617e-02,-9.992876035722499106e-02,-1.425133726466089878e-01,1.139416454909949472e-01,-2.364102484704216738e-03
6.560596773444393737e-02,1.140737345163938266e-01,2.347836566009564585e-01,1.222427852650026237e-01,-6.167308457914588704e-02,2.028634491551831870e-02,-9.141549401833791444e-02,5.439600394492085517e-02,-3.323444992628765693e-03,-5.826280926908300462e-02,1.687524976994744796e-03,7.573365509151716579e-02,1.415593552891336593e-03,2.562006364830412414e-02,-1.404443953691215941e-01,-9.383414333511466698e-02,1.085463281110499584e-01,-5.486664722799570321e-02,1.041679613663410303e-01,1.804522522591806566e-01,1.953394971733364016e-01,-4.082027121296634420e-02,9.661930918956965209e-02,-2.651780183001778510e-03,6.638573498874114631e-02,-9.124060232016642513e-02,-1.264423258671624473e-01,1.316790843613065143e-01,-1.373928737589624749e-01,-1.531519664918012114e-01,2.437569215500656195e-01,-8.256961762367136248e-02,-1.303421027098134177e-01,-1.176038999550237385e-01,2.440099566291850479e-03,-1.500990139299170911e-01,8.567772466367705453e-02,9.502596754217437769e-02,-2.800039108272179833e-01,3.691818395159341959e-01,9.963557851961321599e-02,-8.157445912786573383e-02,1.877299313348123333e-01,6.688294635330896409e-02,-2.336451718502138841e-01,2.019381456813074127e-01,1.686628762213793209e-02,2.500961962376668790e-01,2.042027237148980878e-01,-2.926991244308373430e-01,3.714046497380957268e-02,7.717246530547389183e-02,3.286838917771149338e-01,-4.982963417517946580e-02,-6.268286333378222941e-02,-1.705489223043402391e-01,-2.553782391406801411e-01,-4.532572147452906992e-03,2.745807083988768826e-01,2.069964191503330386e-02
-3.741318510006506198e-02,9.593272995053506169e-02,1.556192245303307797e-01,3.839094809548208864e-02,1.087415565488625696e-01,6.231559223685294302e-02,-4.729663043580506487e-02,-5.216897190408254122e-03,1.807688874262569911e-01,-9.308493626671879295e-02,2.514495427838759831e-02,2.162725712184666513e-02,1.243791178766150696e-01,2.524014396808531985e-02,7.938207006919575925e-02,-7.714509967127555767e-02,1.272708865564737279e-01,1.075081088339934904e-01,1.803304584159503288e-01,-2.723740526901256148e-02,-1.047144176630223841e-02,1.804411079286867836e-01,-5.276485589804758014e-02,-6.782148548908240038e-02,-1.667106049781356611e-02,-7.481783278336040510e-02,4.659324429108714638e-02,-2.210830224604806021e-02,-1.048890193148593886e-01,1.546588998059428809e-02,1.818963601198623492e-01,2.035993497499281324e-01,-4.607271149269690641e-02,-8.672025225201890342e-02,-9.703755010608414167e-02,-1.179344647836811089e-01,-3.975960435757611711e-01,-2.249589681731163984e-02,-1.138321089184816115e-01,1.216094540033037380e-01,9.914569140913651046e-02,-1.787961603462696059e-01,4.505762297760627921e-02,-9.522851333663544249e-02,3.450933585586072466e-02,3.437898824554266181e-02,2.714652277003664627e-01,-5.356730764074041536e-03,-6.146292803704296592e-02,-8.923341384543170829e-02,-4.034735252929023963e-02,-1.859159509909284469e-01,1.860868258683830850e-02,2.092565847969316550e-01,1.748249215446502983e-02,-1.471293930385145221e-01,-2.028913740461995019e-01,-9.947767525701842195e-02,1.765981994248196352e-01,1.774751326510566884e-01
1.801964158898196888e-01,1.273671636365965865e-01,1.903608351321056658e-02,1.356294891578166406e-01,2.096260315009884079e-01,1.297393784686753405e-02,-5.662866390679799182e-03,1.716248158606034080e-01,-4.920888806720683656e-02,1.551835218621306911e-01,1.467849396966650066e-02,-8.649399830577061965e-02,-1.545448234741408217e-03,5.235240767927126088e-02,-1.113530491597407995e-01,1.037345001609446121e-01,-5.768421535322807575e-02,5.914096729090430327e-02,-7.789272205544173211e-02,1.716612176639595311e-01,-1.216768118833547047e-01,2.371620094409087609e-01,4.165900434829050702e-02,9.185766028125344485e-02,1.166765567235123202e-01,2.401939872475324783e-02,1.211143643130849351e-01,-1.946450731917173937e-01,1.051081274848898739e-01,7.762469558445646289e-02,-1.220488459408697844e-02,-1.963579647238533898e-01,-8.525487469953851871e-02,1.861150443404085419e-01,2.737147427083381698e-02,6.255201391650051790e-02,-4.282519092184784021e-02,-2.039573300789319643e-01,1.390128387700439484e-02,9.122429974117116092e-02,1.307900720177138619e-02,1.551611095701285747e-01,1.581355848410711251e-01,-7.838537199059222860e-02,-1.821906653669949638e-01,2.927241131847932443e-01,4.834297684768465442e-01,1.640929263880848699e-01,3.153923885053688259e-01,2.199030809194051361e-01,1.151751118780814515e-02,1.130333408146881602e-01,6.493768059317994723e-02,-2.456837017295717199e-02,2.801291940489860632e-01,6.957722786162734430e-02,1.473437385788627652e-01,1.256786937455460842e-02,-4.549278414187159225e-02,1.880429346474779551e-01
-6.253234592888412720e-03,1.316500768704115774e-02,-1.198825920858777039e-01,-3.893616601906536856e-02,-1.311881715272071869e-01,1.842412995979154089e-01,1.347323892249500110e-01,3.872055862472620347e-02,7.366050222107393963e-02,2.929640863734513795e-02,-6.362455319315833691e-02,1.000175033857697154e-01,-8.066385886914981262e-02,-4.930426550214427051e-02,-6.790625184933284098e-02,4.479390771762795098e-02,1.518416457615132109e-01,-2.779830738360777181e-02,-1.166290626813850234e-01,9.193525862232657109e-02,5.755981251702851562e-03,1.271661902678859479e-01,-4.582815571160653995e-02,1.923671708720749163e-01,1.110775640136527596e-02,2.857867400110951084e-01,5.183062093784549136e-03,-7.214206379190431229e-02,1.149686974420632835e-01,8.657168786487182133e-02,1.230617135341938173e-01,2.682303853524629078e-01,-2.669546104549967019e-02,-1.111883164880778929e-01,-1.118884585478322896e-01,-9.366747601610221630e-02,6.615737626369477820e-02,2.801193836078389454e-01,7.178055795691787311e-02,1.296403693947754676e-01,8.413495229304326917e-02,8.621175107122205916e-02,-8.167946896670995327e-02,1.065980908499982761e-02,-6.918618282316449375e-02,1.441056253221133787e-01,-2.272606741038908640e-01,1.459101793106184208e-01,2.354321619718606207e-01,-5.164043131608718473e-02,9.239138397398163893e-02,1.961583129602115227e-01,-2.097484097717727813e-02,-6.874648581720872731e-02,9.728050226168820369e-02,-2.998222158334790111e-01,-2.045925175990640221e-01,-2.427923408706588460e-01,7.244874786171276448e-02,1.312648028299798486e-01
1.444453362213484193e-01,-1.074877825400083753e-01,8.850562745013887400e-02,5.078154364606783655e-02,7.039001905564158668e-02,6.046980415582925254e-03,-3.956923545554459631e-02,1.145153997203999519e-01,-3.804838527904830930e-02,-1.715491385967312377e-01,1.129167589845951891e-01,5.175684095681089975e-02,4.672925732017576411e-02,-1.040680269200268820e-01,-6.294429520083051621e-02,-1.167351199562313840e-01,-2.254160863301326104e-02,2.581309075062351854e-02,5.434304203604215650e-02,-7.184689645035821637e-02,3.694356059383775703e-02,2.518219980485589260e-01,9.966600656973487182e-02,8.561345864544067999e-03,-2.396148716155533862e-02,1.077064419628674941e-01,-6.912446898297531020e-03,-1.847845112054100347e-01,-7.515049908729296013e-03,9.687922238577567624e-02,-8.463766353761776121e-03,-2.664036388484495865e-01,-7.115063136882826544e-02,3.437911900269274151e-02,1.190380052200049332e-01,3.045954139479543632e-01,8.720203432134346344e-02,-8.354064679734665710e-02,1.881351798056166841e-02,-1.577100876594338466e-02,-4.151417107077580437e-02,-3.901488352996118625e-02,-7.280811965625399833e-03,5.971762460156032626e-02,-9.119562753193016097e-03,2.774205664978087599e-02,9.010324031515769272e-02,9.643537711660113421e-02,2.036914384144121737e-01,3.555381775749288844e-03,-3.259852377492729325e-02,3.329623669049875945e-01,8.277523868668330842e-02,-1.383332454288697111e-01,2.604852623194767181e-01,-1.220240582205632529e-01,-9.771468714575584635e-02,1.590375420329880607e-01,1.099310914794541932e-01,2.311283864383230011e-02
-5.201923552702486520e-02,-7.157449173798085922e-03,-8.942535376895152655e-02,-9.381583258592780805e-02,-1.530922067291972943e-01,-3.138386152028492526e-02,3.814296000130844300e-02,-2.300156211809155707e-02,4.962789372303694213e-02,-1.443170451849321578e-01,-5.940941036402669351e-02,5.502685484857390563e-02,-2.986523661523868278e-02,-5.538416402863712701e-02,1.208294622213228892e-01,-9.210773654781083397e-02,7.594454224339181048e-02,-8.704620612641374156e-02,2.805180909959556490e-02,6.888002580946553377e-02,2.874757581353989261e-02,8.244822218113720402e-02,-1.375904572843186791e-01,7.401010249883932524e-04,-1.790237312869046374e-02,7.665155384840585673e-02,1.530213347432157756e-01,7.894832781712787795e-02,2.930375878139890311e-02,4.788426850512417232e-02,5.691843934573204145e-02,2.187883108205587734e-02,1.261133457492083221e-01,-1.249645473610086349e-01,-1.851676734984141620e-02,-1.221898176389835805e-01,-2.666707421727162325e-02,4.316550379408692906e-02,-3.358037494150935554e-01,-1.377101502244003906e-01,-1.992943101721869614e-01,2.306691266660025053e-01,4.821907565276965790e-02,1.060813739169352565e-01,2.128105691156253754e-01,6.458737249232774161e-03,-5.532116543408767406e-02,1.431616194240407647e-01,-9.797566235945953661e-02,1.523793116799009861e-01,1.383678988241915930e-01,2.325819449413735751e-01,2.155390919197945343e-01,2.150409273146781583e-02,-2.246973181774187256e-01,-2.112995417980365609e-01,5.590769463682414286e-02,9.751406483746849485e-02,4.973860407891260438e-02,1.928816469386428201e-01
1.189240315815409330e-02,-6.673824338993472605e-02,-9.093140063792682498e-03,8.610241751246225372e-02,-8.117509886235971250e-02,-2.928484032177389174e-02,-2.895792718119843956e-02,-3.826975829624301717e-02,-7.921213515921056436e-02,-1.009000492203866034e-01,2.032887903603266544e-01,1.357208339534276276e-01,-8.401042826451779466e-02,-5.076423847712684123e-02,8.852096813901910721e-02,3.167059651255003938e-02,-4.964600958280313003e-02,1.181699021916992748e-01,1.328303250145267955e-01,1.942848898780218936e-01,-1.006729339353132219e-01,1.573474885790573374e-01,-6.599296036753175831e-02,9.293528724604116845e-03,-1.343219100844336711e-01,-1.925458733097105135e-01,-4.416356432680726418e-02,2.346745850609909673e-02,-1.174364035018639896e-01,6.296257581128357483e-02,4.968208839020578360e-02,2.031207985762888413e-01,-3.517137296123459822e-01,-9.749741505903834760e-02,1.307792754987451844e-01,-1.768947050049284875e-01,-1.609422906896188776e-01,8.917126532933351835e-02,-2.423015767160148839e-02,4.877457186686773999e-02,2.158581133790626883e-02,7.054494327456450886e-02,-9.896120098348826916e-03,3.767589032791769932e-01,9.465545454580374940e-02,1.382858512881290358e-01,2.453406335636703628e-01,-2.054288201670183278e-01,-2.297821069107432446e-01,-8.200740342412146666e-02,6.590426690967386703e-02,-5.887588242356628365e-02,-7.987015267790141537e-02,3.085443466414860940e-03,7.407938419474734137e-02,-3.961348258550929924e-02,8.886115517722878443e-02,2.155145907232107749e-01,1.794362537500083787e-01,-2.134538168593425045e-01
-7.271835040304890085e-02,1.076461063869791528e-03,-3.315901707040763008e-02,1.740733930262039209e-01,9.179914020894013038e-02,-1.218911136711345183e-01,-1.839462595079588078e-02,3.077422140462273206e-02,-2.396874143394526341e-02,-2.458601148296882949e-02,4.660441709410975686e-02,-6.157873188073240828e-02,-3.701196535030244761e-02,2.471440224953071890e-02,-2.976093808841747193e-02,2.026605335476518860e-02,-2.016357232904262414e-02,-4.546003859302340244e-02,-2.341809962058004069e-01,1.267106927963153606e-01,-3.944766284282148067e-02,3.244825739189770575e-01,1.108296306957120975e-01,4.507947877723208346e-02,6.847296626533282138e-02,2.057952781625143057e-01,-2.764325305561929347e-01,3.399419629663514852e-01,-3.570815986508175943e-02,-1.717718534893671323e-01,2.396987914011018128e-01,-1.230800369884496315e-01,2.129583299252501560e-01,-2.533826800067723317e-02,-1.979533846607384739e-01,9.220244373823086037e-02,-1.105770101407799466e-01,-1.534491091975279109e-01,-8.165235556590077701e-03,-1.180007492924027429e-01,-1.615700927297028522e-01,-2.521746375607133439e-01,2.004114488116062187e-01,1.822016482014748029e-01,-2.717129207493112000e-02,1.041691001293520297e-01,-2.741688405441902732e-02,3.071434799657867809e-01,-9.005068955951019138e-02,-4.174721583806317859e-02,-2.213937263423796931e-01,6.377683155232570511e-02,-1.294782375181212364e-01,7.894170260362994018e-02,1.572770658085003229e-02,1.411168805648004843e-01,-3.135707209134663831e-02,-1.519915392460515491e-01,-7.143890088717885431e-03,3.750305536159547620e-02
-1.784882744234253873e-02,-1.452230789693615375e-02,1.441753736463623550e-02,3.168049549220869343e-02,9.533548206055289520e-02,2.485139699262252713e-02,4.818178579254465965e-02,2.491321848571045189e-02,-8.756950230043455963e-02,2.587248388785774039e-02,3.604331374314617698e-02,-8.290909470800396364e-02,-5.866549569662057526e-03,1.994031542596639422e-02,-3.287951320238393510e-02,2.338933867683841775e-02,7.431292946864037630e-02,3.830459448687588420e-02,-5.943125215020568508e-02,7.775293609690199503e-02,1.010469240611961278e-01,2.214941118984899426e-01,-1.489196295221160635e-02,6.841376474898945570e-02,-1.075189989541590341e-01,9.457210955488058735e-02,-2.174880012551166641e-01,-5.717872290308835537e-02,-7.331242570808213510e-02,1.876462655818494961e-03,1.404373981603700972e-01,2.526761650475940063e-02,1.469437804740237608e-01,-1.038265544971159471e-01,1.034525241773529142e-01,7.334822042523235497e-02,4.093494223297130391e-02,-1.782103915535967753e-01,-6.620391173811648877e-02,-5.885989620040445874e-02,-3.428382192255106931e-02,1.060873570623768226e-02,-6.734116081239738261e-02,-3.030889090533260902e-02,-2.651315388913298432e-01,1.960367630549973150e-01,-2.156848622933511123e-02,2.012729064487165098e-01,-1.050442509013386205e-01,2.823647057232339108e-01,-6.511341044367931208e-02,-2.160483814692156501e-01,-6.603608871889962706e-02,8.930789288513805990e-02,-1.835114851276577197e-01,-1.266047909380016157e-01,3.441575519592845328e-02,-2.570065630858166944e-02,1.727152161841089828e-01,-1.467956570356530044e-01
-9.181691980557771249e-02,-7.751153771202994036e-02,3.137323845035724229e-02,3.999041458035865193e-02,-4.843720146032245294e-02,1.081199582012479510e-01,-9.529735182552104278e-02,-1.046398244382397424e-01,9.895331172661700481e-02,3.613486622713415336e-02,1.796248973467085563e-01,-1.178026956391099722e-01,-4.843338942146866583e-02,1.790687763806832547e-02,7.216791841442922462e-02,7.935130264995890470e-02,-1.522938469438602227e-01,-6.977477135932039221e-02,-1.083280816759139009e-01,3.342046869310055790e-03,-1.661856218036041333e-01,2.715202793814899124e-02,-3.268997443626797672e-03,8.967351106896717661e-02,-2.238596224890539166e-02,1.796537959593905165e-01,2.421118219429397589e-01,-5.630977164554431397e-02,9.232345404093925123e-02,-1.904880301258243258e-01,1.066036533100440942e-01,8.180139643326719834e-02,-5.836444454347081839e-02,-5.544970572885148108e-02,9.480559802722408891e-02,-3.792536483934549982e-03,-2.969468892165257334e-01,-2.077740927043934902e-03,2.541452165623673265e-01,1.311857155622920268e-01,-2.097346423022563577e-01,2.008193635612337269e-01,2.579015887367460680e-01,1.522067375787266100e-02,-1.073248243846490063e-01,-7.630736316907142658e-02,8.936328188531897365e-02,7.836774748611438635e-02,1.442325048328338966e-01,3.280283384851693240e-01,-9.300366109219777855e-02,2.769773120682100104e-02,-1.066062596127098638e-02,1.572677674553654356e-02,1.592544876837879708e-01,-1.437428051795230401e-02,1.632004384957626633e-02,1.985690917195820360e-02,-1.985819454858938488e-02,-2.017816068391767304e-01
-9.936732113174256975e-02,9.455504474294847139e-02,-2.395947848668456837e-01,-1.232110173919089835e-01,1.492399379789438596e-01,9.518207681083692973e-02,-7.265541236833357452e-02,-5.621066654407964880e-02,4.952168314819536260e-02,8.571994934650228881e-02,1.435980283712206818e-01,-5.043549322607054908e-02,7.625153706996253000e-02,4.725729210700948396e-02,-5.848575821761976823e-02,1.111376113395709381e-01,-1.592673957570226451e-01,3.988590391093577159e-02,1.057619079894698555e-01,6.597920707572382804e-02,3.237334795826486700e-02,-1.898069536488464215e-01,-2.921310551050674414e-02,-7.440681191271750206e-02,-1.319786878291266397e-01,1.343986514317294656e-01,-2.187296181131925116e-02,1.085869915362988464e-01,1.279442618195800185e-01,6.109922589537038901e-02,-1.694844822819896735e-01,9.669414674390838793e-02,-2.850312370915891735e-01,-1.722913753030978490e-01,-5.620706787490788864e-02,-1.106565659200725305e-01,2.013890660949045341e-01,-1.451132264021733065e-01,2.993377753309243647e-02,-9.988661075425617208e-02,-1.810371806824598584e-01,-3.107278638565312834e-01,2.113352778260032816e-01,-6.927184297056679374e-02,3.717425905462179523e-03,9.441251041679485367e-02,-4.147109350084535184e-02,2.508667611928647179e-01,-2.769501072452391632e-01,1.684557404415421011e-01,-1.814460014500986484e-01,6.023414085529923273e-02,-2.271207810752493700e-02,-3.369691341852069921e-02,7.968208040943895731e-02,-1.906824975618721107e-01,1.203414854641484399e-01,8.759887212764264075e-02,-8.364100283412685688e-02,2.047991974675012761e-01
1.081440078476789413e-01,1.542586330947874271e-02,4.028456290979150201e-02,1.042087766061338891e-02,1.994365307289940135e-03,-4.662089185213343784e-02,3.061643790685212446e-02,2.006070530431149912e-01,-5.220795231597652464e-02,-4.385708928459058908e-02,5.674323371276074335e-03,3.312908923906249248e-02,4.622454532741847311e-02,-1.337151126371809440e-01,-1.386130973282875822e-01,-4.020959485230707342e-02,7.944140664431584287e-02,-1.737157544367636322e-02,5.849121515645953895e-02,5.370976466251581316e-02,6.742984698471725380e-02,3.000997306157955277e-02,-9.870315095223113067e-02,1.023254886163013910e-01,-8.053302390622493756e-02,-2.065554144619604904e-01,-3.498596406170189493e-02,1.422474298395214609e-01,-7.405444210714311193e-02,-8.701527007752941911e-02,4.383607375702978926e-02,-6.195050404795343635e-02,2.805797099834518235e-02,-9.585446005921456625e-02,5.573804808573832453e-02,-1.478599177272534315e-01,1.364634861976622981e-01,-8.980298793481220065e-02,-2.905452449749440502e-01,6.320145588550232785e-02,2.414627497295871450e-01,8.744917847915578690e-02,-1.539068422267236835e-01,-7.377871548986925099e-02,-9.632936919977033718e-02,-1.686979576087017096e-01,1.809667841509186303e-01,-1.390448225304539709e-01,1.789394907976120733e-02,-1.010593022596895096e-01,-8.042103917425779541e-03,-1.421754367591597235e-01,-3.051436262359944473e-01,5.395288954124164565e-02,2.355972575567408245e-01,-1.822841954773041185e-03,-2.227383282493188565e-01,-1.111135332814469495e-01,-4.303207557672129868e-02,3.378547310037004481e-01
-5.744656602139963653e-02,-5.156721231616138296e-02,-5.523412730013748349e-03,-8.551606485356150894e-03,-1.548761048768199644e-01,1.697099023126785733e-02,2.967569784191464999e-02,-2.597841950423945747e-03,-4.064926476062297070e-04,-6.067917449862723217e-02,5.655853146987609159e-02,1.893302496101182397e-01,-6.060242186197722924e-02,-5.753228669209181634e-02,-3.159222150944802909e-02,6.572050054102529515e-02,-3.445050273693582299e-01,-1.146581952693881135e-01,1.105719094873273134e-01,-8.113289269906023837e-02,1.556854588657876348e-01,1.961936025164250363e-01,2.262673997411540905e-01,1.429835186367384436e-01,-2.792688158902010762e-02,-9.721544335085824384e-02,1.553980990840165277e-01,8.237185472537320030e-02,-4.556017577812548902e-02,-3.398884749705150671e-02,-1.881208527327524471e-01,-1.410421520235049520e-01,1.224737044424818455e-01,-1.042633224582833508e-02,-1.653087045307234104e-01,1.767479417618260037e-02,-2.098264860371535367e-01,-4.004585833767765335e-02,-4.612027944143327896e-02,8.406015421043164237e-02,2.509979649598560458e-01,1.537744669144669452e-01,-3.072621746304140047e-02,2.484213320178422779e-01,-4.754548045464640667e-03,1.087610646167850997e-01,-1.921440958315029646e-01,9.026012631743829395e-02,-6.306528524998417096e-02,-7.656852603585016792e-02,3.560195101347243818e-01,-5.917796498705486796e-02,1.155998877945102754e-01,3.236700922019685178e-01,-1.514393170673771494e-01,-1.986436758844076500e-01,5.879702688180538095e-02,9.218785317987743255e-02,1.496591856812031773e-01,-1.514298352638229483e-01
1.756594362763849726e-01,3.118901441273087480e-02,-3.833991051306452624e-02,-5.429376321674874578e-02,6.464211476769896048e-02,-1.769646056668763151e-02,1.974012202379063843e-02,8.352105785731948895e-02,-4.279178607093544334e-02,6.289167821860439100e-03,-2.156077361379333396e-02,-6.752647180495452428e-02,-3.499038017781598564e-02,3.781104892457933658e-02,-1.267592269863659048e-02,5.805604737682749233e-02,8.864239052470257452e-02,3.058645687408484415e-02,1.333473854475992482e-01,-1.115977374498070968e-01,-1.090705025677380507e-01,-1.013874720465995638e-01,-8.915220124634377213e-03,-1.246425758102431142e-01,-5.682201992465429723e-03,-1.579325587803129538e-01,5.975622200264670003e-02,1.983643287581251038e-02,3.538874812382602824e-04,-2.045833473115689638e-01,-5.124180237038566954e-02,-2.118286427025553031e-01,1.648874164467261372e-01,1.006917109881100975e-01,-1.693806538578911461e-02,5.240389196868935201e-02,7.057487536655515648e-02,1.118031093919821528e-01,1.002747138015150224e-01,-1.141194111004807665e-01,-1.709681371858948196e-01,-9.454936038115753505e-02,-2.921148018550823178e-02,-6.329932097362790666e-02,2.917464627851703574e-01,2.845676150458500975e-02,-2.618671722066320262e-01,-1.208636939849761990e-02,1.030308683147590221e-01,-1.436874316010068875e-01,1.623534572250518934e-02,1.349501244521596199e-01,-2.490936915581805702e-02,7.202238849922845687e-02,-8.090300905713422586e-02,9.755674120151322515e-02,2.611897159044041516e-01,1.210222342937705003e-01,-1.141943776227156704e-01,5.018402374815322808e-02
1.662395037148390320e-01,1.207775603838071865e-01,-7.026155327882235846e-02,-1.506870521516012230e-02,-1.211205668959697695e-01,-2.512009903523000284e-02,-5.453177052920721302e-02,1.621859534342798559e-01,-1.624927748546068848e-02,4.477556411311968410e-02,1.198629971347201506e-01,4.966883638378001564e-02,4.878207896268958038e-02,3.450916405645227530e-02,-2.410825250184253643e-02,9.000217648468120113e-02,-9.934627936489927313e-02,2.202285557613914979e-01,3.249145186116862011e-02,1.508831531332351372e-01,4.211960685519278158e-02,1.643142050803420018e-02,-1.592437910019942338e-01,8.164418356095723417e-02,-9.312428784760327233e-03,-6.692840500814599414e-02,3.211028638960565784e-01,-2.834155852241598827e-02,-1.936465013309906363e-02,-4.044919178462294540e-03,1.857858228018767210e-01,1.834551303322632942e-01,4.839058726932400911e-01,-3.800261006688757798e-02,-6.371393789743833025e-02,-6.921101909640031691e-02,-1.712985415925277199e-01,-1.646830064863249732e-01,-1.637464734978966441e-01,-7.270557047570243292e-02,-1.094985381877458808e-01,-1.023925136701980404e-01,-3.115311085631630728e-01,4.184857352958080284e-02,-1.103221247015339357e-01,-1.184458353583962287e-01,8.393921782770950857e-02,1.209941425368955270e-01,5.219076041241489661e-02,-2.870229516617043841e-01,1.443934323073717552e-01,2.011998021970604067e-01,1.757261784096296742e-01,-1.523736307151735414e-01,-6.222301170324715663e-02,-1.872276923147404848e-01,-1.560933709956146553e-01,3.298361775763629204e-03,1.705347310822714346e-01,-6.470247237292195593e-03
-9.310259827062192239e-02,-8.560681064057827638e-02,1.716967014643318024e-01,8.567959837123215183e-02,-4.410529444177439806e-02,3.908913199529801680e-02,1.280126722429151820e-01,-8.024421095824751243e-03,3.752990795013344538e-02,9.449520697552941939e-02,1.918853714067069588e-02,-6.447386553773833129e-02,-1.949463879719801757e-02,-2.022647595188253322e-01,2.271508142627630053e-02,1.826277658747177055e-02,-3.853291839024445414e-02,8.639475839113333611e-02,6.096724387127538947e-02,4.853944206678739021e-02,-1.176788130959574297e-01,-3.065895691159604627e-02,1.270077637351934852e-01,-1.339074044916581108e-01,-6.413870381456096559e-02,-2.341459544708092075e-02,-2.786900107296177292e-02,8.165233843284293302e-02,1.565162238348056789e-01,-5.712876835241420537e-02,8.898104227764155882e-02,1.047682962525212924e-01,1.741783427043399612e-01,1.768060044045167978e-01,6.988892607128083245e-02,-1.181238766890410907e-01,1.131523503819442250e-01,-2.131697663800873332e-01,-7.607812287378132310e-02,3.444978067476573425e-01,1.130170888726209598e-02,1.027481522377555051e-01,-1.314570224732535264e-01,-9.472229333738653445e-02,1.246988859147894757e-01,7.209831299225302748e-02,-8.956727514077138241e-02,8.379077126905234985e-02,5.243734789918291783e-02,-9.531584575601792855e-03,-2.134856994591917689e-01,-1.377728210244180684e-01,8.835137507573521953e-02,1.549018524901009664e-01,3.178892902399909487e-02,-1.726769087928105642e-02,5.679498481057264174e-03,2.512064629034408414e-01,-4.595958273884015108e-03,-5.117682878357036197e-02
2.330427752675659492e-02,3.339782514278873127e-02,6.653328164860461240e-03,-4.261269028647212548e-02,-6.601265987586033002e-02,-1.070012469447423065e-01,-1.314822673162155953e-01,5.906220806218899499e-02,-1.453790677593118086e-01,3.651759869069624159e-02,-6.331694588542549629e-02,1.175534174788680497e-01,2.519411275958557406e-01,-1.318715605086266326e-02,1.706189589361600256e-01,3.492765307070959391e-02,1.287255872088287692e-02,-1.832329969293068281e-02,-7.596122941528335448e-02,2.019677151977885554e-01,-1.622136636969261636e-01,1.081330994898166836e-01,1.064589661263478648e-01,4.771251472031466656e-02,1.226453676813899774e-01,-3.841921548729686914e-02,1.411712502301672445e-01,1.370917400121395013e-01,-1.408624055923819729e-01,-2.585652321363128905e-02,1.864984466792044826e-01,-1.484150344742281302e-01,-1.240848289970466062e-01,-3.086148515776853188e-02,-1.057298549072895055e-01,-2.072071948742609804e-02,-3.839820384357418848e-02,8.156846681354393280e-02,-1.276744158949948138e-02,-1.922001180429694410e-03,2.317696536349918845e-01,2.960770470087298878e-01,-8.668451361718769455e-02,-5.463720943703004665e-03,-1.668774929914552604e-02,-9.371660457426062713e-03,-3.357720454510967345e-01,1.529968699992116654e-01,3.963178728049610022e-02,1.893019494404531433e-01,-1.445583305335650659e-01,1.651301722784566037e-02,3.813960136067177653e-01,-3.289457882689660051e-02,6.946530467288840327e-02,3.755034008857653649e-02,-1.107494781239732606e-01,1.045844349693964091e-03,-4.917655421603166210e-02,-2.978932190675807057e-01
2.948837322622094997e-02,2.110873377744176740e-03,-4.694852182428086579e-02,-2.143941373380445214e-02,3.669333519186030595e-02,1.520398690165470842e-02,9.823291541990333831e-02,-1.195644511459271753e-01,1.164480221807571159e-01,1.727645672722060224e-02,7.926303257515465717e-02,5.549154401392553115e-02,-4.311751733586635833e-03,4.517577374808219581e-02,3.095724190070840362e-02,5.009304710868121152e-02,-5.096688091178167707e-03,2.630424079680730373e-02,1.186940940958242513e-01,-5.331679908335835993e-02,-4.087707098370807479e-04,3.358577732405784722e-02,-9.980232198801079757e-02,-2.620346283413482052e-02,-6.424271705354989148e-02,-9.048936344699101686e-02,1.091500264650902691e-01,-1.293842079357135355e-01,1.253979825679222004e-01,-1.149914694910375845e-01,-5.045032792868411192e-02,-9.884771323278232491e-02,1.081461341082197575e-01,9.154303020815930669e-02,-1.463124995401881567e-01,-4.274162129871979243e-02,-6.924986476014505232e-02,-1.028811627370966597e-02,-2.633411923249114883e-01,9.044316103003752216e-02,-2.892594818535642980e-03,-1.629938574938586127e-01,-1.194452372615257135e-01,-1.079274817290865468e-01,-1.228513447013179251e-02,-1.415169642874502531e-01,-7.396419991121441773e-02,-5.340845284802917675e-02,-1.469888218068420849e-01,-9.872515815437828135e-02,1.909410717178376404e-01,3.950678526863076606e-02,-2.640297616786967949e-01,4.774950488840693646e-02,6.531676781926923359e-02,9.546303458485545790e-02,8.580036205682936568e-02,9.966801212259678022e-02,-2.403531965597096587e-01,-1.515750139865762181e-01
1.240452675385311787e-01,-1.364862364065140207e-02,1.674143383860593470e-01,4.504548036625446311e-02,5.885808894085300252e-02,5.300931452962572704e-02,-8.866153593253175980e-02,1.417659540158350794e-02,-5.818356017022405929e-02,-2.242914541713262044e-01,3.327444797483847336e-03,9.724001003498590479e-02,6.532384337529807683e-02,-1.508532210873816670e-01,-2.643972049729618329e-02,-1.191200334749218381e-01,-1.641483255370625172e-01,1.820873120846952242e-01,9.278155209135141579e-02,-1.244217983745294492e-01,-3.938546887404398289e-02,2.375700870518292762e-01,-1.828001161676438835e-01,-6.138939044811806550e-02,6.176370381116108588e-02,-3.254909791918531720e-02,-2.091335823769206390e-02,5.646883006317946624e-02,-4.778105498903000015e-02,8.177396140780859857e-02,-1.392678738833894037e-01,2.248995406091219840e-02,8.484679570984221542e-02,-8.455693547120031461e-02,-2.573397903070591131e-01,7.320910519973708452e-02,1.272370705217439057e-01,-4.909444787380569386e-02,-2.746195810208771348e-01,-1.856335204646299142e-01,1.542338238689329732e-01,-5.393049147060224868e-02,6.500370055709628336e-02,-3.386929930929772486e-02,1.523809102839761287e-01,-8.151864661202168350e-02,-5.708549430656410795e-02,1.283958910662385267e-01,2.782388074454389404e-02,-2.267457604974458252e-01,2.054420352026646857e-01,-1.890791705084511332e-01,5.884851075275380344e-02,-5.776654599479846830e-02,-2.195523439493610451e-01,-2.151693031004117407e-01,7.184859082417034692e-02,-3.678825312399062741e-01,1.653644651837209711e-01,-2.931694960327766997e-01
-7.065140896416648164e-02,7.537574484035006184e-02,-1.064558740475646664e-01,1.504245848504170979e-01,8.716640502038378036e-02,1.274693556572174813e-01,-4.899484926550871228e-02,6.525499774604348602e-02,2.971219894409656351e-02,9.617862122988417653e-03,-3.545746309984999789e-02,3.241187238578356611e-02,2.208534736987517386e-02,2.431339837953772065e-01,-2.218767842741513618e-01,-1.647624453555507351e-01,-2.276750140584247323e-02,6.596642569404718992e-02,-5.900487817151008063e-02,1.182300704887677412e-01,-1.743491499885906071e-01,6.369614915674437321e-03,8.128819402033646280e-02,8.424387197918188630e-02,1.377241871814916530e-01,5.276837028560081577e-02,-1.023276278939300454e-01,-1.684837128435655584e-01,1.268606760148069112e-01,5.444126067078279563e-02,2.125110784780595008e-01,-5.308645040765740120e-02,1.876903212593557801e-01,5.076059523414344632e-02,-1.408225428664446055e-01,9.697606220383246656e-02,1.027256686694040522e-01,-1.145697543622828246e-01,-1.590372535880661131e-01,-3.517318941322609277e-02,5.162462073894045350e-02,-1.557796975651984106e-01,-2.835658219492619425e-01,6.413654577584622374e-02,6.334919119467502524e-02,8.128540016032125004e-02,1.855596924701930772e-01,-9.117035393514676123e-02,1.358768372895240995e-01,1.142857720037016023e-02,-7.885923025248689489e-02,2.948853746387249813e-02,-1.148631545322810615e-01,1.301440251890145783e-02,-2.672319924712703298e-01,-5.638412081388892438e-02,-1.804187924941601795e-01,5.703768974941235415e-02,-2.435495579219841555e-02,4.474950649574630651e-02
-1.702777999386885788e-01,-8.959709433680604351e-02,1.348095434218591904e-01,-1.110498060503327389e-01,2.957292314018734533e-02,1.869722571454446314e-02,5.429079470242648142e-02,1.151189632911966410e-01,-1.992968673849778230e-02,7.742447255637552317e-02,-9.459338428259617126e-02,-7.327340758172505575e-03,-1.660432639499623830e-01,-4.245469139438375061e-02,-1.719908453245215171e-02,1.658225964722657986e-01,-7.577156692414242778e-02,2.179493610575958511e-03,8.792608613675818863e-02,-3.318282770496620848e-02,-2.363739064258028703e-03,-7.733840917149296945e-02,-5.212512809294385374e-02,-1.325215422181078018e-01,-9.884127712531655396e-02,1.665871699325444932e-01,-2.454374452338210083e-02,2.391217519043048814e-02,-1.592600122881870084e-01,1.706885066081677560e-01,-1.524056436451722285e-01,-7.001514311419856917e-02,-4.757378304809102565e-02,-1.747242027971134329e-02,-1.366256873869792776e-01,8.207199789954688907e-02,1.915803127200926825e-02,4.451161181586221066e-02,3.508509636501364048e-02,4.570654113715611096e-03,-4.094181043144816401e-02,-9.498666884714349057e-02,1.401538626755257089e-01,1.924293397698332575e-01,1.676293434085800726e-01,-1.214665807694399885e-01,-8.447082640853510738e-02,-9.506329082790118679e-02,7.754769311043245572e-02,1.325794385524922681e-01,-7.229933865162836704e-02,-2.424667384866073250e-01,-1.953036520736109727e-01,-7.890091699100551526e-02,-1.699867318480096923e-01,1.136953178601048525e-01,8.018913024516403920e-02,-3.129233638121186045e-01,2.380574988335501518e-01,1.604485084573214204e-01
-5.938772916883303804e-02,-6.607767233044654909e-02,-3.472274776385498446e-02,-3.797397440941799318e-02,-1.097604986014223682e-01,9.800217881929704222e-02,5.656067130339265288e-03,-4.846894650970107882e-02,1.269542965815349464e-02,-2.445489058998399218e-02,-1.257149419564043691e-01,1.471649629487755372e-02,-1.370048198338382206e-01,2.792005294817084815e-02,-1.965021073494067991e-03,-4.634411971007547371e-02,-1.266688386686866397e-01,2.547154218890181759e-02,-5.074935234674449180e-02,3.729480199499550508e-02,-1.323656493918005661e-01,6.310806027719810529e-02,1.642134733007358238e-01,1.884487415503694197e-01,-1.351502918417727683e-01,-2.120440165870188520e-01,3.849416019273760314e-02,-1.082009483661016125e-01,1.211798833522261323e-02,-2.001086319560222912e-02,1.986228698338738108e-01,1.794819183994415118e-02,-1.537190984834271301e-01,-5.102466203690701058e-02,-9.066158625010800609e-02,-7.597504042995910367e-02,-9.455017659043370160e-02,-1.094125121024450975e-01,-1.622357593261966324e-01,1.357613908354880425e-02,-4.495769800372950153e-01,-7.145477455430943037e-02,1.768351460466109290e-02,3.611251064310808667e-01,4.928055680754301476e-02,-1.612218531275956546e-01,2.488259676594496012e-02,-4.612180524637214674e-02,6.506871368019365165e-02,1.579588282980333436e-01,1.152068998377633324e-01,6.033006039966202355e-02,-2.537513106978228714e-03,1.433431063117157067e-01,2.212457281739427517e-01,1.173533629263929096e-01,-2.872644605566139139e-02,1.356455257175422091e-01,3.275460543847584505e-02,-7.578441402879518285e-02
1.518553008330242871e-01,8.147013051525373029e-02,-1.499021323748661039e-01,5.494665271912695104e-02,3.592182618964417928e-02,-4.941318189080398660e-02,-8.729528287288346611e-04,1.195324406501445252e-01,6.855737078726922840e-02,-3.319485909304633470e-02,-5.331593292027568542e-02,-6.692409572287895403e-02,-4.328662264699480178e-02,-2.491948838990582643e-02,6.917913188216950893e-02,1.101731827485484538e-01,-1.739352770779046542e-01,-1.227761140319917343e-01,1.349970017004883949e-01,4.880874682178699964e-02,-4.460546456437171348e-02,3.509716485792743756e-02,1.178733568998626274e-01,-2.408437580305076708e-01,-5.736731750366926008e-02,-1.082712152997221955e-01,-3.094887312476027885e-01,6.961154317815690384e-02,8.354851054583979642e-02,-6.478413049805181734e-02,1.928867615407936541e-03,-2.965821154490239642e-01,-7.998113203097292900e-02,8.189917153268241878e-02,-2.009499789290122018e-01,-5.798430930927762905e-02,-2.522741229601978552e-01,5.232491310996765371e-02,4.563248040429169344e-02,4.362358749091462679e-02,4.248560279785994209e-02,-1.746166659034206481e-01,3.059491480969455113e-01,-2.452091198980419634e-02,7.139910435061472271e-02,-6.884559749933102935e-02,-1.479033568663658260e-01,-2.362105542109092099e-02,-8.553714457070983601e-02,1.674549685390554488e-01,-1.273260119801574164e-01,9.265381086215948581e-02,3.635352884381872623e-02,5.387783451245577171e-02,1.602257636846788902e-01,-8.841809059738252319e-02,2.362912017527695474e-01,-7.732842735106684739e-02,1.652985000527077142e-01,-1.033838903477316551e-01
-1.968987828197551332e-02,1.477524606962487552e-01,3.607527133810031869e-04,-4.443944414660626341e-02,-1.417764095605222874e-02,1.092226316016545462e-01,-1.170131902631063314e-01,5.428905459345882006e-02,3.492274102879022735e-02,1.052978629154801560e-01,7.557843192133334442e-02,-6.862786102627227089e-03,-2.790512430765785742e-02,2.864687944099425509e-02,1.722652747038365129e-01,-2.582550217165596740e-02,-6.783308597018142261e-02,-1.079375417945557247e-01,9.278224451807434714e-02,-3.426022507821036706e-02,-2.258728316115853410e-02,1.668998266414992715e-01,-3.080863624448383908e-01,1.651055260902219504e-02,-1.522453684774258131e-01,-7.633291136487913020e-02,-7.069251213052446525e-02,-1.112679003985108245e-01,1.981613811636667721e-01,-9.612606703506531777e-03,-9.229787923854651521e-02,-7.621714050166220056e-02,-1.548483518372903156e-01,1.349770124427269458e-01,4.689438188931149831e-02,-1.691613660021631382e-01,-4.306190301549012167e-02,1.233964623866304067e-01,2.555757848053815673e-01,-5.545645241142369702e-02,-1.604379862768825493e-01,-2.301997717253126685e-01,-1.511954553984303506e-01,6.666631525292218696e-02,1.260730206529558639e-01,3.387264776380552456e-02,3.141663649519756962e-01,1.026578771438974302e-01,1.848301329260194359e-01,-1.091252380692895041e-01,1.316966222379402918e-01,-1.476181097461748970e-01,1.429786949571343613e-01,6.342944618185447636e-02,1.141882183536968992e-01,1.693467783773308644e-02,1.188085601563102223e-01,2.440336489631972638e-01,-2.068361080607882541e-01,-1.019514660814528628e-01
5.018369812143134295e-02,1.123088514156276099e-02,1.096708192774452917e-01,-4.473502425053135778e-02,5.128086161756452432e-02,1.061782581320397101e-01,1.126112783664303396e-01,-2.489375501429933607e-02,4.268073451888806241e-02,-5.749807174848613200e-02,-9.880333671937586992e-02,8.570221154826443422e-02,4.605468107737518274e-02,-2.936965455957728580e-02,2.804516163210844099e-02,8.345877582195866673e-02,-2.016290723029243170e-02,1.245068015134573464e-01,1.486850812028539005e-02,-1.093226664120865027e-01,2.133477490351768854e-02,-2.349256424355186494e-03,-9.103663530784227020e-02,-1.742734818739054281e-01,4.220793905727837809e-03,8.564180008523072929e-02,5.371645212158589894e-02,-5.242970813019112025e-02,-6.487951197174740559e-03,1.008231587680030322e-01,-1.276233259659672881e-01,-3.470606237722670406e-02,3.081448674725484338e-02,-9.226873419456729786e-02,1.811247793998205236e-02,-3.174591956873059617e-01,1.927050103387915048e-01,-1.783991069429426979e-01,-6.507024725619170447e-02,-9.304375131511265565e-03,3.804527765793556254e-02,4.405025847679180234e-02,4.797726422398383705e-02,-1.227563355173748316e-01,-1.433837788851072548e-01,-5.785425859054676989e-02,-1.539247616825576703e-01,-2.818946052377685474e-01,3.177194018551006138e-01,-3.592863579765438048e-02,-5.282950371498151831e-02,-2.647070016074472010e-01,1.879294728281787064e-01,-7.763696124711683307e-03,-3.312995421110027233e-02,1.466197058677375931e-01,1.022275088041784546e-01,-7.542196932899522532e-02,-7.918547930750780006e-02,-1.357427621069810797e-01
1.044472079532635933e-01,-1.914536320685963910e-01,1.142434198676364233e-02,-6.555780430274668613e-02,-1.438254646798235725e-01,7.113828169042948901e-02,-6.673296399746977969e-02,-1.691942247371033825e-02,1.578428062446238789e-01,1.439842941458288894e-01,7.812571736896950503e-02,1.778470332906727930e-02,1.374246785158978190e-01,-9.347319070180082345e-02,4.028910590159996696e-02,4.119762336861598415e-03,6.531758414501746823e-02,-1.282443135312064629e-02,5.263912480809120747e-02,-6.599994776748177583e-02,1.386947679886471607e-01,2.703483929224770321e-02,9.497490512974597621e-02,-1.428391994578032675e-01,-6.799213135162189559e-02,-7.290658480103417993e-02,6.206464595032388371e-02,1.716738254775746486e-01,1.213156936259044832e-01,6.372769280247611579e-02,5.914498305190387523e-02,9.855091869325616552e-03,-2.276232368441880316e-01,9.950671302727684409e-02,3.700128290886099403e-01,-1.120766801998052953e-01,2.164439374883598763e-02,2.704419485495410669e-01,-1.964659397522151019e-01,7.987038338647463320e-02,-1.124513214816981882e-01,2.436323149294995771e-01,-1.009480376696839099e-02,-5.268523328612147172e-02,9.237944431119382571e-02,2.062876267411959397e-01,-1.568119378366789607e-01,-2.342160603960464355e-02,3.793014188913746976e-01,1.046604183154763168e-01,7.652238474363387555e-03,-1.875334067989894438e-01,-2.343957766732228110e-01,-1.227992997225372217e-02,3.395148704999312317e-02,-1.599167977636849758e-01,-5.822516218757602113e-02,-2.026365670049364298e-01,2.394752331946847779e-02,-1.974951067023451301e-01
1.477705461650904162e-01,-7.795403435369488432e-02,-2.470903655294753778e-03,7.551705414738013600e-02,9.860604967471198190e-02,-5.740948285619028313e-02,-9.661270750037738095e-03,1.726487295297787772e-01,-1.173010623432518551e-01,2.506377703122999318e-02,4.014607734820931084e-02,-2.015081101265307414e-02,3.106797209822469846e-02,5.540543531134500821e-02,-5.073795091530166473e-02,1.122536871404212176e-02,-1.765472942475886931e-01,1.068478187835764509e-01,1.665913116742568159e-02,1.142779532766298872e-01,1.710062548572800420e-02,-1.990255034150091862e-01,-1.352363107104272433e-01,-8.193640048670114417e-02,-3.877733904288720168e-02,1.746371691502271450e-01,1.520099553114734880e-01,-1.342027050941141386e-02,-1.206500321382036889e-02,9.414582724917100465e-02,4.380927498956836003e-02,-7.774956466947727241e-02,-1.654890927567884834e-02,9.480517838481967996e-02,1.056312771836240838e-01,-1.683389864835927729e-01,-3.511181822079719739e-01,6.628877865668374170e-02,1.106301096123137595e-01,8.363141675622905169e-02,-5.190448052850060723e-02,1.272650482384799220e-01,1.598866340764047989e-01,3.993476200724111608e-02,7.426746774719095168e-02,1.690560785362522217e-02,-1.412806844901056402e-01,7.920369748187736092e-02,-1.376070586155564990e-01,-1.515982310982762551e-02,1.251210697724469134e-01,2.418933166968109949e-01,-1.885732535750420102e-01,8.646433492734065251e-02,-1.303341831747456825e-01,1.258977702744967508e-01,-1.283317441095799816e-01,1.536312534692179654e-01,8.918476088668081392e-03,-6.654836644440872973e-02
7.977011258054032827e-02,9.832411220325551482e-02,1.711877839837994131e-02,3.958609343499424477e-02,-1.335389386792187605e-01,-3.170573234860225853e-02,-8.332300872213010533e-04,6.203388093026514227e-02,-9.003748957000588804e-02,1.190800136760865602e-01,2.929865644123915563e-02,1.237968427588928000e-01,-2.099557177087309559e-02,-6.276940714680417921e-02,1.065823015804194529e-02,-1.285307340072241733e-01,3.078126089985586122e-02,2.451173943175349174e-02,1.372606007919796034e-01,3.434362924410073320e-02,1.662600485361399594e-01,6.814509824598465049e-02,3.361056507459975196e-02,-1.107258588877669536e-01,9.127855594194707323e-02,5.280352684598912244e-02,3.325822284952138774e-02,-2.252903103633127624e-01,1.086780702939511289e-01,2.548836210296275689e-02,-1.045879424001789834e-02,-1.207810883619085673e-01,5.665134573985097354e-04,-3.422332495583949030e-01,-1.446466568836399513e-01,3.380230619103137268e-01,1.077529585914307059e-01,-8.809110633373025412e-02,8.090777651782155022e-02,1.044122103664960194e-01,-5.278454858962855489e-02,9.119676707899393442e-02,2.948519311121082162e-02,-1.698406827742066916e-01,8.983386193057829160e-04,3.875913549234703132e-02,-1.686777046040827677e-01,-4.343960321458071455e-02,-2.320669202196854464e-01,-2.519089658678327903e-01,3.074276794626943921e-01,-1.654196137448721571e-01,-1.145237927041438952e-01,1.381897899963011045e-01,-8.518454695409197197e-03,-3.536093684968246720e-01,-2.951357209094568335e-01,-3.188052381801663449e-02,-1.314043497806949012e-01,-2.591567268788910056e-02
-9.667278105822148249e-02,3.273812891763065447e-01,-1.083222366861759378e-01,-4.565151587737131811e-02,-1.329200236281593561e-01,6.247311801691368682e-02,-8.546890432013952432e-02,-6.072723121329907936e-02,2.700883032782821352e-02,-7.522138101141646882e-02,7.463606510652810722e-02,-5.583608667121053859e-02,-1.418305678952857564e-02,2.474501178376334667e-02,9.858946946530550148e-02,-6.321590055250778106e-02,-2.767556832792845145e-01,1.146491076072586601e-01,1.160239565332823464e-01,-1.628201319445108514e-02,-1.541769686245430260e-01,9.331541955916601572e-02,-1.053259269740947079e-01,6.082605679592058279e-02,-7.242011175683824020e-02,-5.615604253466775081e-02,-3.667898388876619092e-02,-1.145161936796023350e-01,-5.547732027271670002e-02,-6.695261676886832269e-02,3.577214007031346427e-02,-1.516853232419088614e-02,3.119952749472865161e-01,8.643895188734550955e-03,8.939811163666626370e-02,-2.028152158728608878e-01,1.145098259121333645e-01,-9.037382938330247584e-02,-2.263629943010962431e-01,-1.602154509662812309e-01,6.117746528386245469e-02,3.030231009876321879e-02,2.105102614419391283e-01,4.238584182528522953e-02,-2.334279138585179381e-01,1.469715582325523962e-01,-4.276359249070298130e-02,-3.657184663998239854e-02,9.395258564107590582e-02,-1.677366484245590428e-01,-8.941091866263775612e-02,3.711339517828715628e-02,-1.149310274386974341e-02,1.386559530036546306e-02,-9.447214641229222110e-02,-5.297913874891960889e-02,1.215267387235277885e-01,2.436216236981788297e-01,-7.756037466247814316e-02,7.878905628450780241e-02
-8.154264693876558251e-03,2.030399732161167550e-02,6.147420975614038829e-02,5.119047985896326564e-02,5.728719283202277079e-02,1.249139611757355828e-01,1.239238137447785659e-01,1.616771824054245854e-01,-1.106866851747886765e-01,9.800723609690453406e-03,-3.384569623885300225e-03,-8.869477308130526913e-03,-1.537313443225101287e-02,-3.811824084387697292e-02,7.065319067745194637e-02,-2.009574901324658394e-02,8.566291301753778398e-02,2.784327412673888100e-02,2.278129979176312173e-02,6.849764300264023220e-02,-1.169953699393643243e-01,5.519777315423547714e-02,2.246090742966980105e-03,2.839138309740544819e-01,5.807097286828480018e-03,-9.462626653614231165e-02,1.602478580134172187e-02,1.136104027608496603e-01,-2.468663693053780861e-01,4.578587591171038446e-02,1.322211670460105015e-01,-1.742674504698374927e-01,4.131828173054565012e-02,-1.750372295841987752e-02,8.194083733369508793e-02,-6.940022969854265159e-03,-1.478350025391404476e-01,-6.593115442425566408e-02,-4.623307776228099270e-02,-3.068230652560345953e-02,-4.030892713394719495e-02,8.546518467602490232e-02,-3.903664346916165262e-01,-2.026156825565957748e-02,1.121352919156902994e-01,-8.514697335908993914e-02,-1.593958293192532794e-01,-3.245884455110331079e-01,-3.756202515331834579e-01,-1.976693708349469836e-01,-8.124015778375068275e-02,-1.777258819577543780e-01,-2.466944683554582463e-01,-1.855172875559322684e-02,-8.329001167311247955e-02,7.273076250640676810e-02,-8.239103053537477628e-02,-1.275668823109871730e-01,9.323296129934442733e-02,-9.347240759621500139e-02
-1.813419686732817282e-01,-1.994509368220874490e-01,3.067569356261483013e-02,-2.378572947751026942e-02,1.684118942999721091e-02,2.138991186508788431e-02,-1.304085916862904038e-01,-1.164621826217749484e-01,-9.972432250264483267e-02,-8.861847922715135328e-02,1.218964886473969111e-01,-7.044189590884895880e-02,-7.352570409604289314e-02,2.606078823772343261e-02,6.416756540291038147e-02,-1.700004960906599250e-01,5.741131962643338665e-02,-3.298313502298332311e-01,-1.286800349049626105e-02,-1.857106838737278554e-01,2.735368000540764344e-01,-2.507750553755619949e-01,-1.787464048609626460e-02,1.962286857341563606e-01,1.978733144434714070e-02,8.944751752830218394e-02,-9.284879655716743452e-02,1.941899366437548416e-02,-1.363701975232913255e-01,4.696658279115301440e-03,2.700769755081543558e-02,-1.816260092133005488e-01,1.402492241322004195e-02,1.273696228419399501e-01,2.106321947936730388e-01,3.787622029695183329e-02,2.400562375423709316e-02,1.057302311713638476e-01,3.640725699509667762e-02,-1.663524335781597085e-01,1.578573544346823232e-01,-1.267855013951001697e-01,1.463608871590057203e-01,5.292801653852659272e-02,1.035414760823633457e-01,-1.923777043211187254e-01,-2.277080831464918798e-01,-2.575282302594000816e-02,-3.158485322807901285e-01,-2.396360102776879109e-01,1.921548238918810436e-01,4.338561797682068955e-01,-2.813085321264066074e-01,2.281126572458988255e-01,-1.857387396641913269e-01,3.262686208414582179e-02,-4.063010799889481273e-02,1.748270627898173279e-01,6.905690380538002937e-02,1.444553389910677998e-01
-1.813235000533753305e-01,-6.246814507413517292e-03,7.862938944175475176e-02,-1.953450192121047868e-01,9.851865534677897718e-02,-1.280844628482630532e-01,-1.158343029369259675e-02,8.073418998831127357e-04,-3.846408620592160071e-02,-1.069688073941881326e-02,-2.227865497021823127e-01,-2.218484958383207528e-01,2.202388082883682263e-01,-5.636658851585076707e-02,5.557883221884546768e-03,1.345142074828503675e-01,1.593807042750092495e-01,-7.635266350539272884e-02,-1.032064055089300381e-01,-2.310889196532107392e-01,-8.008731183305640988e-02,-1.078431213782250764e-01,8.025008320325238698e-03,7.542748700231778625e-02,2.624114935416595878e-02,3.408301549827028737e-02,1.490690440429824348e-01,-1.050223547825615902e-02,1.423891032017855773e-01,-4.978983096144667941e-02,2.810701929951833072e-02,8.885670236163686897e-02,-4.235864851464070380e-02,9.873187524606097387e-02,1.428328856311819328e-01,-2.454125615265785876e-01,-3.111985561563136438e-01,-4.397041961696666196e-02,-1.678242886047340288e-01,-4.127465256187000386e-02,-1.038522666842261327e-01,-1.375355740731866727e-01,-3.412934533567701934e-02,-9.660058994264190957e-02,2.090410207298465384e-01,-2.405022277621315235e-02,3.003494107959605031e-01,-2.592615212344503428e-01,5.147920124393434715e-02,-1.632802248063540129e-01,2.054767394351678100e-01,1.035491907752525698e-01,-4.574674445953250818e-02,6.654449704002596278e-02,-1.216704435672537610e-01,-1.177312810763837259e-01,-1.797103196436838357e-01,-1.356104080269084078e-01,-1.110415649178517067e-01,-1.670344339101754172e-01
4.969317320032829582e-02,3.844110057946478753e-02,-1.669289210416592117e-01,-1.109095375747298079e-01,-1.280201921804809129e-01,5.489729872051143239e-02,-1.464329514879429694e-01,1.077390415449807071e-01,-1.846411708860469236e-01,-7.638329080464761889e-02,-1.646873832106413305e-01,-5.209695113935207400e-02,-1.102211837510804482e-01,-2.147169455114657927e-02,1.194931605571728783e-01,-1.846420667150340186e-02,-1.496696789537075023e-01,-2.596431573571456042e-01,-1.199596070795138775e-01,1.448931918382009854e-01,5.564480880339935098e-02,1.115034123689628565e-01,-1.535543674894588317e-01,-1.395107338021154275e-01,-1.619460051171022208e-01,8.176034410103028352e-03,1.632966146017028053e-01,-3.755897416232854835e-02,-4.203967160216239007e-02,8.602170327194505126e-03,-9.435498223734592460e-02,9.659624792078111422e-02,5.846050807571397112e-02,-4.544750865524247591e-02,3.852815568738807844e-02,-1.225216859627862274e-02,4.685592333952920407e-02,-1.747131235214807732e-01,-9.367730278823087342e-02,-9.845618339667873420e-02,-1.375867478326959770e-01,-1.693567617312865745e-02,-4.547280570596582971e-01,-4.563327137605194261e-02,-3.493207104844794908e-02,-5.975902697353922127e-02,2.724695521788361718e-02,-3.028123663992402514e-01,4.748899011374141388e-02,-4.478967705330749727e-02,2.285468661012236002e-01,2.091698561557726599e-01,-2.790101163160517081e-02,2.282064063854108704e-01,7.627748134132703028e-02,2.107343206081203207e-02,3.727912679739814883e-01,-1.892068941415572803e-01,-1.213088278590356284e-01,-4.714000896023823155e-03
2.526778793671130476e-03,8.474888963097540473e-02,-4.747595101759613523e-02,-4.339842181786501829e-02,3.548722054476039162e-04,-1.561077286191398517e-01,-4.208269239798934080e-02,1.193498583533742219e-01,4.196221521445529790e-02,6.867783966054150091e-02,-7.977446688937055858e-03,-8.359564683572426325e-02,3.879611960435324497e-02,5.344418154512446673e-02,-9.719502873975797985e-02,2.135801902352459786e-02,7.418164917182057394e-02,-3.369282091095040371e-02,4.445940754263068284e-02,1.486383591645637405e-03,-5.234345454201263896e-03,1.366672851141070800e-03,2.611086757787150006e-02,6.625037262029123686e-02,-1.090253294635500081e-01,-1.821121566806951919e-01,-9.531678468991137965e-02,-8.118198461663933552e-02,-1.322862898848838620e-01,2.809707499345549461e-02,-6.630351419745664221e-02,3.416285162924870278e-02,1.833177639998336272e-01,-1.350284733693898898e-01,8.393643172033596334e-02,4.967874880631543977e-02,1.028018284015444345e-01,-1.741134613415152854e-01,3.862676933667415907e-02,-1.963846843443514956e-01,-1.721382544465510688e-03,1.491662516671769757e-03,-9.824446325968587412e-02,6.692294971269538428e-02,4.388184068467911730e-02,1.084860280582639336e-01,-1.349186484982199154e-02,4.271380093012657614e-02,1.849829327919582170e-02,1.282897535188776972e-01,2.625486111566022740e-01,-3.492885440344747211e-02,1.372677580314477785e-01,3.765614156877905572e-02,2.285342605435510266e-01,1.265501167120511583e-01,1.887439265686177703e-01,-2.720993967974342786e-01,7.553318003117906465e-02,-1.036618293152962861e-01
-1.031542657764678711e-01,6.543986986202196543e-02,8.771092176631387072e-02,4.810957244707857877e-02,1.771926159442115956e-01,5.994939235663445526e-02,9.865928579324265146e-02,-1.542445461535327245e-01,-1.046515942720833425e-01,-7.118291643458614371e-02,-3.601209439579438482e-02,-9.351945212641729274e-03,-1.991497396144930113e-02,-9.252402951304102008e-02,-2.618531062932649874e-03,-3.530877084086919801e-04,8.875273729673219258e-02,9.566984816853710272e-02,-9.556434168559777009e-02,8.847573559675311894e-02,1.727797683587373222e-03,-9.829940720550597866e-02,5.092907556793818680e-02,-6.504574210672476806e-03,1.670956481523679371e-01,3.396009824513972208e-02,5.728539064001454684e-02,8.009216445382388513e-03,-4.789230327530401288e-02,-8.680244807490744986e-07,8.070387716525151411e-02,4.813296073780733153e-02,4.867359542584361043e-02,4.564294964620041820e-03,-2.780041884243785594e-02,7.734021332356219580e-02,2.640809384707816163e-02,-2.120104403196433063e-01,5.892131434567923071e-02,3.225176187300354269e-01,-6.993597210812435572e-02,-2.670521889912602642e-01,-2.424023447031062317e-01,-2.185284106774943724e-01,3.174446181698731273e-02,-6.824933093435657516e-02,-8.904445994787268601e-03,-1.656666447416909604e-01,-7.843834922968916101e-02,-1.721358897880493344e-01,1.009040711511760835e-01,7.107507670130326638e-02,-1.736224455127911015e-01,2.282429851482146721e-01,-2.224501331628996881e-01,-2.164385630859158860e-01,-1.037270486280435638e-01,-1.901229904714422589e-02,1.141572481106266912e-01,1.046149768721622297e-01
-1.952660886348548536e-02,1.932720132246848813e-02,8.942683736721446230e-02,9.479570947227934641e-02,1.252348735244063482e-01,-4.890531135633992971e-02,4.728055521680281370e-02,9.568716345280432745e-02,-2.516263578722582189e-02,-2.774638351365780325e-02,9.248014237860447198e-03,-8.435246485627522980e-03,-1.604174740749991224e-01,-8.313122266238791302e-02,-5.202786137652701953e-02,-3.205283111100899057e-02,2.615442450468298888e-02,-8.087799931362651962e-02,-1.214393400322423960e-01,-9.205785565446053531e-02,-3.010615160881536800e-01,-1.428461389695801220e-01,-4.766121966425371226e-02,8.107748045973568740e-02,-2.243444111205165625e-01,-3.473867372291296329e-02,-1.284079127407943555e-01,-3.084319839707044125e-02,1.818735321727546206e-01,2.017023632068717931e-01,2.034226225651095399e-01,-1.070391266966127242e-01,-7.646624811449979908e-02,3.542210828253458677e-01,7.563682148740029365e-02,1.180586966443731151e-01,-4.647729767445962432e-03,-4.403830963814819692e-03,-3.088104973735468842e-02,4.878681558719662886e-02,1.815350405542870416e-01,-1.087418521192985155e-01,2.303334882265285211e-01,2.791371124263938297e-01,-2.237991101056304721e-01,1.558157005286403829e-01,8.439179129297422199e-02,-1.871061412568147866e-03,-3.274659730818572090e-01,-2.472277006961154724e-02,-3.837655411930963878e-02,2.179858143359487133e-01,-5.300362994662338907e-03,-6.783694607336894500e-02,-2.843869952797197787e-01,-1.375552611815984427e-01,1.659291261008133400e-01,-1.527553127276710387e-01,7.752333721747288464e-02,-2.468488955754771230e-01
-1.024740501167531875e-01,-1.001974511757403735e-01,-1.954450711367436977e-01,-1.077230981247810221e-01,1.426324246622157343e-01,-1.774212314852654238e-01,6.703421261728181651e-04,-3.864091817115374722e-02,-1.632195068198967758e-01,-1.142073578530325706e-01,-1.422865461053084493e-02,-9.746364987967781612e-02,-5.713580650505223346e-02,1.131695810040385802e-01,2.661646838622198641e-01,-6.119112268985761605e-02,1.367455709226036639e-02,-2.126506026431100246e-02,-8.080198524168396429e-03,1.888495262991038703e-01,8.513994273061140095e-02,7.011974236044275777e-02,7.934901600326893512e-03,-2.093361870969612237e-01,1.846852141794241009e-01,2.012291355997471512e-02,-7.722379632420788009e-02,7.645273807181805770e-02,-1.465603264616952561e-01,3.331103128516110790e-02,1.579014922802514376e-01,1.483146399582890573e-01,7.728143815008407802e-02,3.727654096801297223e-02,2.749113523750199711e-02,-1.309030038795650774e-01,2.631844494532482037e-01,2.318691825160921205e-01,-7.070206138060614043e-02,-1.649164534217676392e-01,-3.206336553265112799e-02,-9.032980716568906124e-03,-7.555714093858761915e-02,-4.284726324370931316e-02,8.544483946427194887e-02,-2.326608551906495792e-01,2.215663332822599974e-01,1.795355492446691348e-01,-1.527824181391369829e-01,-1.123617513283759750e-01,9.350323715784276957e-02,6.807898370757450857e-02,-2.992210565789469451e-02,-4.239631879623118049e-03,1.569321836670100612e-01,1.646496427027008547e-01,-9.668494540563854489e-02,1.316455454121650062e-02,1.868595365854367196e-01,9.781949203071357846e-02
4.724278601891680751e-02,2.410696052766589034e-02,1.590986655092686483e-02,-5.230932698128964997e-02,-1.321268766251420257e-01,-2.374885327648139019e-02,-1.680731229436078222e-01,1.082170105853462044e-01,3.532682983227155432e-02,-1.141703162596650056e-01,4.635594844592755281e-02,1.001479873875288085e-01,1.059210598529294334e-01,3.843144424540882731e-02,-3.937283795396244457e-02,-1.753434512916890453e-01,-7.743458275346762343e-02,-5.048964244864553169e-02,3.597388936205818122e-01,-8.623695119089892780e-02,1.354645307455154268e-01,-1.298307909296314566e-01,-9.957334073694663890e-02,1.429903132039152813e-01,1.015689577525675513e-01,-2.169610835814244909e-01,-1.317985803939259459e-01,1.020642223549900890e-01,-3.235589828484812525e-02,2.629006963779813993e-02,1.167008022986279203e-01,2.839349724130880645e-02,-1.192298147622927462e-01,1.855542237036546527e-01,-1.093534032052189964e-01,9.007145292668480852e-02,1.546198552819741390e-01,1.108778266050593347e-01,-7.841435829555330750e-02,-4.999555994373153234e-02,8.898715244925659018e-02,4.384883363186216354e-02,3.277725335546063379e-01,-5.334380386409247332e-02,4.019247777129154597e-01,-1.841200242151807553e-01,7.092462688386687308e-02,-1.330836653796194369e-01,3.836378598163759923e-01,-1.631727336349441670e-01,-9.990541849774116356e-02,-6.101791131079763175e-02,1.846534467472455976e-01,-1.292208377409866937e-01,-7.544157397493925221e-02,1.242278745211896213e-01,-2.298093949675417969e-01,5.508645355343327887e-02,1.614808976811455410e-01,-1.948853418811003491e-01
9.709665388618010651e-02,-1.257069173736864720e-01,-5.050144834531764687e-02,-1.674322412659895731e-01,4.304826010577118833e-02,1.764897232180553110e-01,6.707714912884629732e-02,-1.983003168115105574e-01,-1.248381183321431304e-01,9.699245159604708011e-02,-1.279330012189068000e-01,1.630372003445921814e-01,1.250521133639756477e-01,6.585723684183687754e-02,-1.733543959400957735e-01,-2.119447039384261475e-02,3.935801284349287055e-02,-1.866028213785069292e-02,1.258525745176066746e-01,1.167936200175684336e-01,2.109423206868236284e-02,1.632309982795632176e-03,1.644354277163582179e-01,2.367348867941952359e-02,-5.136156757606187562e-02,-1.330536010510210698e-01,-1.070780376565394765e-01,-7.863206119864632471e-02,1.100307708879085106e-01,1.307094288736901089e-01,-1.656827935574137489e-01,7.151824119594743512e-02,1.070884815126641881e-01,-5.157462638171803754e-02,4.195793155811981118e-03,1.320799293766895255e-01,-3.078712198590257548e-02,7.945216556804463037e-02,-2.802451536458475112e-01,-2.679144318736317171e-02,-1.276067436531688401e-02,-1.144626842872084882e-01,5.471549459409164040e-02,1.549323957772317795e-01,2.841875603010613968e-02,8.232691843065138848e-02,1.947954370488094722e-01,-2.144257487656941463e-01,-6.186954455555443433e-02,6.594998823287386014e-02,-1.640967323735998892e-02,-3.119557274419593185e-03,1.632532432964220459e-01,-1.143366127433198126e-01,-1.412633792308929936e-01,-7.448486042347055025e-02,2.103327563281775225e-01,-2.768162885999279621e-01,2.147854553676807332e-01,1.578218721087756848e-01
-1.094991837984616578e-01,3.608059413579008112e-02,1.112078646292625171e-02,4.662091843957982817e-02,7.253149839759807926e-02,-3.606320317053183372e-02,5.711799754060487011e-02,4.188320754249624800e-02,7.506282174205189395e-02,1.045075284143582584e-01,5.836318089150482891e-02,-4.304560126287127614e-02,1.938155538894488217e-01,6.897033636554136989e-03,-1.201011509228685908e-01,-1.472781253224555720e-01,8.757928691121906473e-02,-2.337773206966554940e-01,-6.854367659654328482e-02,-5.388077987030513716e-02,-5.337008409827263822e-02,-2.030630634876208138e-02,4.633177698138098155e-02,2.146759725004013519e-01,-1.957704899069828142e-01,-2.757940482761432957e-02,1.996429582745484765e-02,9.278242829545678416e-02,7.907722526688351627e-02,1.361337180780264246e-03,-1.710902208854057083e-01,-1.476761437700964685e-01,1.424857748686501058e-01,8.035070017064621650e-02,-2.778251271644048837e-01,7.794456656857846888e-02,-2.875355193001835064e-01,9.609739600072698951e-02,7.785468430730199674e-02,3.271623980337171056e-01,-2.464398444921518938e-01,7.203492378421387510e-02,-5.654581504583362783e-02,1.758725043067752569e-01,8.199072474480176287e-02,1.990932729693284664e-01,2.595146705102900908e-01,-2.937672173938360356e-03,-1.684625691912545742e-01,1.090445534903891345e-01,-1.526817874159602795e-02,4.936333817753229929e-03,1.019542876909609319e-01,-3.026528737407572361e-02,2.060004223070516782e-01,-2.279154740407956792e-01,-1.297026997790658720e-01,1.166650994909123051e-01,5.908336945650923683e-02,-1.479503636779024855e-01
