-4.421610349398772399e-01,-6.941596594793264519e-01,-8.660862578571757453e-01,-5.997334836916131673e-01,-2.727995834507702666e-01,-1.739945334205884597e-01,-1.079686695385018158e-01,3.828873510398272950e-02,-8.543483070961681997e-03,9.977460807346699712e-02,-4.277912215072081359e-02,-6.483629388829117990e-02,5.353599944481309686e-02,8.464649876880490920e-02,-5.836887857984585093e-02,-1.640460488756300128e-01,1.217521082160218648e-01,6.389885892260889488e-02,9.043970983031346389e-02,1.086743020813064620e-01,-2.075733527994408356e-01,2.608727159476031260e-02,-2.021655648431707475e-01,1.336491216232642554e-01,9.129537924964070683e-03,4.056777903877438474e-02,-5.360293251490215460e-02,1.535319667708898161e-01,1.220229523593052701e-01,4.350942712534348195e-02,-1.120110046931735159e-01,-2.898156372920710488e-01,1.430444717142450271e-02,-2.603581128758568689e-02,1.921570100600319964e-01,-4.815669675658875160e-01,-3.254989647668511676e-02,2.191872098547060360e-02,-3.451722834770708237e-02,2.324659113894683160e-01,-1.221267772370215471e-01,-2.423566912274740040e-02,-8.808642493072030288e-02,5.096599009627487270e-02,1.365580685334689126e-01,1.279670794340050377e-01,1.183612058504401043e-01,3.155403176706357282e-01,-2.954070395766854040e-01,2.297793269707170682e-01,5.774983516490406026e-03,1.929751644727586979e-01,1.185962688925528558e-01,2.042977015201710156e-01,2.864854645146621692e-01,-2.607853674452866310e-01,-1.922809792816480845e-01,2.539122512257630526e-01,-4.975741909229954019e-02,-2.947316241315515728e-01
-3.085211733507371434e-01,-7.384423290345648594e-01,-4.715104936349646669e-01,-5.938458413477371023e-01,-4.956255199873312867e-01,-1.641260812540275560e-01,-1.083115676197304866e-01,-8.451103653863195619e-02,-1.694694418061049035e-02,-1.347001484869484178e-01,6.154776073747557363e-02,-1.931298489092588277e-01,-2.810983605027977950e-02,-9.155792736741144577e-02,-3.266873670811244745e-02,1.814348541884403809e-01,-3.286500794694731387e-02,4.572102359347235412e-02,-2.776398827749260168e-02,6.592849226766767101e-02,-1.226653431939765254e-01,-9.499745842240980842e-02,1.299810469204679651e-02,1.747707903568436819e-02,-1.117725774783534798e-01,-2.081043324972900732e-01,1.765243121650649227e-01,-2.098332740401341601e-01,1.199707435271016170e-01,-3.497039857918857186e-02,7.508836204799271274e-02,-6.760915883223210521e-02,1.684514884670871293e-01,1.575606766777245260e-01,2.073458779948307851e-01,-6.910891053265499906e-02,-2.520516029352611875e-01,1.396129234182037493e-01,-7.740438094882518168e-03,1.504790397414062231e-01,4.005784876861560179e-02,-1.639608028868776990e-01,9.988026836939449538e-02,-1.277387635759240081e-01,-9.450520679786460210e-02,5.203684683907157382e-02,-3.902268360743474940e-01,1.081038551624794453e-01,-2.626219369519493529e-01,2.024516918871859666e-02,1.385446843313658527e-01,-1.182266558634647025e-01,3.468111741248505048e-02,3.595212508705137311e-01,-2.972788698719041056e-01,-3.127902174101171440e-01,-3.913067770993385042e-02,1.623959562197126449e-01,-7.795187189432797870e-02,-3.562201088057592169e-01
-3.406761822560769870e-01,-6.286072343384059291e-01,-4.664204876386411902e-01,-4.855111764057045143e-01,-5.745654829215416370e-01,-2.133622321248314080e-01,-3.149165210052733421e-01,-1.123775239101410806e-01,-2.079917525066119488e-01,-1.480016582786198021e-01,-4.784120896870733969e-02,-4.512950659051119529e-02,-3.930295228681686404e-02,-6.868260847424725868e-02,-1.991079890571087752e-01,-9.843971625592151664e-02,-1.845384215550917306e-02,5.982899925816091702e-02,1.595802066246491610e-02,-1.096104435055353515e-01,-1.526355876956239366e-01,3.888876000584917669e-02,-2.766909968006117659e-02,2.353729629843834964e-02,-1.336039620210467405e-01,-4.046960553060485744e-02,6.380624593763989383e-02,-1.809737920210874361e-03,1.284713477766578626e-01,7.139661787308809737e-02,-2.462352634330531309e-01,-1.333494795793639318e-02,-1.201459946064238754e-01,2.623710242625039088e-02,-1.231369092961971112e-01,1.125659556216239005e-01,1.158022868988064225e-01,-1.516766053171016149e-01,2.503111128382711215e-01,1.121470556498028494e-02,8.797392574884758953e-02,-3.259356999520752751e-01,-2.656541560774516777e-03,-5.140848383184765114e-02,3.964370731696765793e-01,1.432224254795836163e-02,1.812597539910207611e-01,-5.751070723845167626e-02,-2.814798061973841081e-01,-2.078472814231545895e-01,1.617701896837898251e-02,-2.155965916087082823e-01,2.493886243644657941e-01,2.808089214736099737e-01,1.826248736154065244e-01,2.408854372264570554e-01,-1.857116757767394988e-01,-3.880669248363614876e-02,1.533518478933711404e-01,-1.758889669116408538e-01
-6.768257491948637128e-02,-2.994879818300234531e-01,-2.631850409570229421e-01,-2.662703332123101396e-01,-3.315066859036259750e-01,-6.202956113860649268e-01,-2.438591518363950605e-01,4.440236991353483514e-02,-2.713220359957042582e-01,2.111700770312583408e-01,-1.186015943969968428e-01,-5.027915389836554866e-02,-3.514748116402093281e-01,-1.675853720539910441e-01,4.689416693570674921e-02,3.071412917297461354e-02,1.412792469094063252e-01,1.167760486415652804e-01,-1.250226713717405604e-02,7.626496756843567648e-02,-3.295775141155521393e-02,1.038168318751970381e-01,-3.184170302382862555e-02,-2.356679813986468572e-02,-1.859923216827187586e-02,2.131501500084391210e-01,-4.785100440720375936e-02,-2.270528335139906928e-01,8.360439266518451817e-02,1.446373429636115815e-01,-2.630884181654191689e-01,1.843947638017938775e-02,2.574440775390677422e-02,1.688294244444480952e-01,-6.427170592935985138e-02,-2.038156472519833395e-01,8.271102958323395260e-03,8.403735476815210603e-02,1.262326435600086803e-02,1.938990942015089659e-03,1.826582593092326845e-01,2.276047634778946838e-01,-1.267841584174966008e-01,-1.149372349100845694e-02,-1.881851027503359253e-01,1.650024515294712113e-01,5.590408023598201354e-02,3.451258173348215746e-02,1.719875978115465998e-01,2.629282828698918939e-01,-1.986107398760772469e-01,3.079109209955052107e-01,-1.768207438379144625e-01,-4.185910720708396759e-02,-2.165750518648545120e-01,-1.289338857006072647e-02,-1.745952036882291447e-01,-1.699854817266494567e-01,-8.836837355734342148e-02,2.704498167286073507e-02
-1.610088193787463373e-01,-4.781734882643179918e-01,-3.544790997890400752e-01,-1.778659846383985055e-01,-5.037589931361562134e-02,-4.281145501450032143e-01,1.620893582915197695e-01,-1.754583125122928799e-01,-1.601574069032227210e-01,-2.057735756496653357e-01,-7.999795393869728322e-02,-1.580578260068579710e-02,6.535801401602002458e-02,5.687796014683890039e-02,8.505169275254797611e-04,2.041741763013722646e-03,-2.274862113253057691e-02,-7.933918804668746438e-02,1.254527165982745607e-01,-3.378400014114080196e-02,-2.605724265279200647e-01,-1.897831337535746399e-01,-1.411286341418143686e-01,-4.948658551083236212e-02,1.280127359788241770e-01,1.534319945322505305e-02,-2.093534562179312497e-02,1.721417446729694295e-02,4.196405704031335726e-01,8.692812402224656121e-02,-2.886909508605229879e-01,-5.901453023501611328e-02,-1.211392007857459430e-01,-2.665885002805571391e-01,2.436550005127660623e-01,9.352499730426340474e-02,-2.635820840195474135e-01,1.131959845803639543e-02,-9.867290397352826425e-02,3.723611702844895760e-02,4.394703141197238427e-02,-1.461826069731010369e-01,1.558253708319455311e-01,1.011564277581222804e-02,-7.942989769866844185e-02,5.172063958984422088e-02,8.365998045414976825e-02,2.328844895606181353e-01,-1.730007770603066430e-01,6.144154825825252214e-02,-2.016286085723517085e-01,4.235393721207311377e-03,1.029210579382884017e-01,1.597791313067171148e-01,8.493344718281989336e-02,2.315782213424155134e-01,3.566086406474300394e-03,1.173890874951697694e-01,2.391215086134043655e-01,1.036606025183184343e-04
4.112239202737278526e-02,-5.278434798823002094e-02,-1.632559458821900011e-01,-3.147430618587212514e-01,-2.579849353227989250e-01,9.826339889575225195e-02,-1.666635552229623618e-01,-1.462378255639897907e-02,-9.208566147281421754e-02,7.725361456486593004e-02,-9.176887866450569864e-02,-2.342213877341048443e-03,5.437702274896660803e-02,-1.693377975219441112e-01,-3.917761312642258770e-02,-2.320974936177346709e-02,-1.184853829121624152e-01,-1.025869585411650353e-01,6.700040969518425427e-02,-8.146527730789986099e-02,-8.773450304706995051e-02,3.092643800083737515e-01,-1.164509704631798703e-01,4.527046300787450350e-02,7.537370592666629843e-02,1.709152010297300059e-02,7.376338906135168627e-02,5.862558475151143783e-02,-1.694657422051346618e-01,7.460900665257423625e-02,-2.312660167199647732e-01,1.476345760576665833e-01,1.443575629775039337e-01,1.154545238258832852e-02,3.087101725616601261e-02,7.130473449019569809e-02,-1.515112981355642707e-01,1.788717087447748433e-01,1.668299948575286407e-01,-1.268738282091801117e-01,1.212267256901336659e-01,1.880961552514067159e-01,2.486378689856377777e-02,-1.048925655450703848e-01,-7.459056801766673905e-02,-2.741523531282777926e-01,1.822859623205823065e-01,1.097902334368460256e-02,2.645591729420087440e-02,5.789711175563910794e-02,-5.627894291054049564e-02,1.953321503811643878e-01,-1.084025059631282539e-01,-1.753549223585752215e-01,-2.492728847235112927e-02,-4.501468763210348008e-03,1.191430395124508240e-01,4.418558120343949597e-02,7.704412566458782030e-02,1.078980335866169538e-01
2.894241371939444973e-01,9.368794900119983837e-02,-1.448228068190673956e-01,2.607239601724357231e-02,-2.298053564703054774e-01,-3.486364183201734468e-01,-6.719246353622790671e-03,1.220013116923399227e-01,1.852142783451038721e-01,3.401574884961620082e-01,-4.240713929740755894e-01,-2.429174287836005086e-01,-6.455236189694173177e-02,-1.636656585451573831e-01,-3.141157852518087212e-01,-8.447356917331254322e-02,-5.004627639826775103e-03,-1.135355636363745840e-01,-1.724671721479253961e-02,-2.267544688683648113e-02,1.145151103076061244e-01,-1.770191203180179751e-02,-5.912168077220043838e-02,2.217014548534968973e-02,-1.074731242525136798e-01,1.515676233844822918e-01,1.284822223540869612e-01,-1.126371183353367111e-01,4.150884963656478743e-02,-1.717062245928933362e-01,-2.212613827989304283e-01,-1.509859888915738302e-01,3.953748691708376672e-02,-1.395727327831551845e-01,4.194300579292766784e-01,5.429710023726154466e-02,-1.331554791701935470e-01,-1.203213959107346520e-02,1.850710641235465970e-01,1.941149009143901816e-01,-2.993229387090318161e-01,-2.595260566618001752e-01,2.388192362140401787e-02,-2.212936986930142402e-01,-1.020122045681231271e-01,1.381144028499066700e-01,-7.950199870703103522e-02,3.016631567013677850e-01,-1.156948785281435715e-01,-3.311575172967220343e-02,-1.014534668940838963e-01,-2.259828572633576782e-01,-3.108289808705675394e-01,-5.634625359841018838e-02,8.817738622666955461e-02,1.295531802716985703e-01,6.522044048349470713e-02,-1.130958484809681808e-01,1.493048414184908190e-01,-1.546230399992377380e-01
-4.887937305797579457e-01,-7.946027410423381343e-02,-1.077899102474102894e-01,-2.430777991573124519e-01,1.349117295917681182e-02,2.815502392609113835e-01,-2.705053868907082437e-01,-2.230125309612493167e-01,-1.013960113698241239e-01,3.677969953196347785e-01,-1.405060284828263950e-01,-1.249401963578265218e-01,2.612882429584710911e-02,8.977547810008101870e-02,-1.288763459981285275e-01,1.044565554180948153e-01,-9.899434406422097724e-03,-1.544167158157811748e-01,-2.909769285448617418e-02,-3.082177718145727094e-02,-7.536741761894827363e-02,1.671844421000774350e-01,1.803991447663609859e-01,-1.656296411882778319e-01,1.551343996773094612e-02,2.622667214642487778e-03,-1.284496468028824834e-01,1.985502255538751284e-03,1.488755653239042243e-01,2.008719870349799999e-02,-1.733265386866055802e-01,1.164514169114433811e-01,2.001020359947542349e-01,-9.368186916200441083e-02,5.633045695041960510e-02,-2.485262440608776990e-01,1.997296722802154867e-01,9.002110612564243053e-02,1.893197505430001606e-02,-2.022537002729529743e-02,2.922550020344350519e-01,7.548197082995927731e-02,-2.559685545593675116e-01,2.457276172758242616e-01,1.175419948356742073e-01,-6.049193082281527356e-02,3.969739762038539815e-02,-2.647462595617545711e-01,1.958227137830839681e-01,1.194398666722115872e-02,6.737793181447231106e-02,-7.964764825332845688e-02,-1.275132601309361680e-01,5.475310001578975738e-02,1.611281684407611103e-01,4.119579356667163461e-02,9.842790168485408830e-02,-2.491791562007680816e-01,1.639784615366531584e-01,2.026154884787746968e-01
-2.174863760144126468e-01,-2.535340213265254716e-01,9.258297503506025816e-02,3.162446854360191628e-02,-2.251960767441585354e-02,-5.369135675699750199e-02,-1.377127177265001223e-01,-2.373365657212690161e-01,4.025748551560155014e-02,1.065411897384899165e-01,-2.385707261558350500e-01,-1.188619412081215986e-02,1.246868206204779506e-01,-6.847834222330882736e-02,-1.063053826948459485e-01,-7.703554512550861433e-02,-1.164977548395139395e-01,-4.786556663334927408e-02,7.111309159526259249e-02,4.670549618890797172e-02,9.125264430821897199e-02,1.119377474408557449e-01,3.416340157886181561e-02,1.486689252163196362e-01,1.692307367506331872e-01,-1.372519685686214852e-01,4.748723818277463676e-02,7.041345150861970381e-02,1.050944310766825512e-01,-3.674330713706271123e-02,-1.344433254621525131e-01,-1.026248640084698599e-01,3.045571867044583048e-02,3.313843790510546256e-02,1.107442859367787358e-01,-2.064582043276728118e-01,1.899274963764724100e-01,3.619816208238869210e-02,-9.144790838862786042e-02,-1.739908289648618156e-01,1.800725511478085128e-03,-1.142397879900380470e-01,-9.246981434302561920e-02,7.471648500972864759e-02,-2.170885287239732730e-01,-5.138857021997614988e-02,1.007069603243017780e-01,-2.918862939689362834e-01,-3.404369153736980236e-02,-3.178571266864155254e-02,-3.619215819082553520e-01,7.366746931165632506e-02,-1.941115191901442438e-01,5.820049374755689175e-01,4.051345472461226338e-01,1.379664116348434666e-01,3.244642839712933435e-01,2.899523716690500796e-01,-1.266794132269513096e-01,-1.957078330000313476e-02
-9.588111097061934041e-02,2.833658600291282803e-01,2.023262740979407392e-01,-1.348780426085807171e-01,-3.468074683562362148e-01,-1.576025920655042545e-01,1.053881594314516751e-01,5.822453046143031413e-02,-1.386743720751521247e-01,2.302162937155982549e-03,8.528243581466664336e-02,-4.249463370180672772e-03,9.749822349981354663e-02,-8.349564491195921034e-02,-5.621019284884822692e-02,-4.608245157683889953e-02,-1.867826170730391977e-01,4.756094013023497158e-02,9.003492693002375369e-02,7.845963448583567756e-02,-1.565718111671488555e-01,-4.033393515446437316e-02,1.719316573505576817e-01,-6.673214212280746682e-02,-3.990243527789803096e-02,-1.442799463789792014e-01,-1.134283182086137376e-01,4.536574915255908724e-02,-1.448723353510041056e-02,2.341619527842595527e-01,-1.249736510732420564e-01,1.897434395882172109e-01,-4.670531409541494802e-03,5.618375646440074839e-02,1.810165189413749653e-01,6.365003957776282917e-02,8.346550775042434200e-02,1.834408351595763764e-01,-1.438286332488675767e-01,-1.005517178252457872e-01,1.358424267794407225e-01,1.020028662802481001e-01,1.581130892335912697e-01,3.773818792744245559e-02,6.005656377149794223e-02,-8.479318459175598510e-02,-2.104290470305499317e-01,-9.794185688134378343e-02,2.184362734393484329e-01,2.739992952105568119e-02,6.217727018464484084e-02,-2.192251753159066979e-02,-7.909156715379145330e-02,-2.628723759798231030e-01,8.678683761698065269e-02,4.034170980242068327e-01,3.635140930724726771e-01,5.919795738963149617e-02,5.955341853549336179e-02,2.981893087914588847e-02
-7.962755957501337079e-02,-4.253541084468947520e-01,-1.772604081567940304e-01,-2.300567027784961027e-02,3.388856109397565541e-01,8.510356973983963791e-02,1.748242584029113811e-03,-5.579173301908633975e-02,-6.292266775289891145e-02,1.146332671691895067e-01,-2.770636712177562133e-01,-1.214329652131594314e-02,9.657565098078746413e-03,-5.024210425978633404e-02,5.592502007409676235e-02,2.941694612481188936e-02,-5.444680505248022592e-03,-1.761899634510872836e-01,4.668522409684886659e-02,1.592448571596018561e-02,4.596475902938117891e-02,-5.258875547277066381e-02,1.395161013726229325e-02,-2.448563879466962301e-01,1.061088239240630046e-02,4.233116297819149859e-02,-1.451847649688765007e-01,-1.052271961412634127e-01,-7.158632886041946253e-02,1.298091033450459730e-01,1.150011998669135949e-01,-1.257787522538162950e-01,9.014112199078999632e-02,5.464693036946875054e-02,-1.369547849640463319e-02,-3.583808626045646983e-01,1.270016841713570988e-01,-3.549933757760083408e-02,-6.973500263474971539e-02,-7.915849479455519533e-02,-9.399220700381760718e-02,-7.487193766373145820e-02,-1.842375087441370518e-01,-2.600550541085342934e-02,-1.588940442756910099e-01,9.052639872645548702e-02,1.895893337395374301e-01,-4.755858841986405211e-02,1.643212880768263329e-01,-1.497378774494193265e-01,-3.630160900482675146e-01,4.060321640725705547e-03,3.892529013574663743e-02,1.493114944874639194e-01,-3.079676969927901409e-01,-2.850535343739111216e-01,-2.489352254222853278e-01,1.901353653671962740e-01,-1.386220197806040388e-01,8.564218485807414960e-02
3.987237603543433151e-01,-1.676115674937246891e-01,-4.336667911017724752e-01,-1.982877977188147178e-01,2.363849617025547967e-01,-1.699846322605139126e-01,1.889673883220239770e-01,3.791618580951201106e-02,-2.316086270554575943e-01,-5.116980910446523867e-02,1.172470934696040884e-01,3.283514054027425293e-03,-4.696800873042086127e-02,-1.666204643504735627e-01,1.801171207809774688e-01,8.362962384737933352e-02,8.195948229125493700e-02,4.067403469612083933e-02,1.025717082386162771e-02,3.225377327009752715e-02,1.848831931169158185e-02,-1.718115378798860948e-01,1.515518103301268238e-01,-2.704442401301493937e-01,1.357620051491923927e-02,1.640268215700067117e-02,-5.558788582282740004e-02,2.537978694836042215e-01,-3.950941935512099906e-02,5.706270279243004506e-02,1.436103634806494278e-01,-1.530551962259119603e-01,1.986951898639046504e-02,1.345435719563558563e-01,-5.003994049654538617e-02,-6.249125712447763104e-02,1.320171671366521249e-01,-9.892676164511955694e-02,-8.538187348032834356e-02,-1.196185298885905635e-01,-1.759132404657219595e-01,2.653305435538767520e-01,5.710314796751365940e-02,1.814146623827256610e-01,-1.310459448074375310e-01,2.781865039318687227e-01,-1.363943679266827191e-01,6.102311741197628814e-02,1.551008024308591360e-01,-1.696268920761087318e-01,1.281445157132984070e-01,-6.962898599565289781e-02,1.762718786992528430e-01,-2.645491645118976942e-01,-7.213027211016065365e-02,-7.045404700584116664e-02,5.318861100688235949e-02,-1.453664552158281109e-01,-1.565065045412862010e-01,6.508436695614674972e-02
1.804932980009352761e-01,-1.351764326132930683e-01,3.584854089029744784e-01,-1.688168800602814906e-02,3.984878613372767886e-02,3.353763088451095498e-01,-1.971891654673293137e-01,-2.102278215109891768e-01,-1.061744689968786293e-01,1.409481005808517762e-01,-1.826948403772938323e-01,-3.185171713683728756e-01,-1.453545947991801979e-01,1.777011477208609858e-01,2.254418181913417363e-01,-7.464739499347505802e-02,-1.505584034262246254e-02,-2.323629081741352687e-01,-1.324581792323637798e-02,-2.361559862757058315e-01,-1.921065437139963250e-01,-1.257135770407433184e-01,-1.160815791262153132e-02,-3.090079991145390156e-02,-7.968035446391819390e-03,2.128729992127690873e-01,-9.431270821474785349e-02,9.460618452442567938e-02,1.080303842601506997e-01,-2.338116747804153128e-02,3.897637245546198975e-02,9.407379799159916456e-02,2.124468904037161640e-02,-1.440510438566933726e-01,2.760662405739863767e-01,1.048908307409326425e-02,-5.322040689714646611e-03,-1.263819586578207033e-01,-8.077956199164640361e-02,8.590484244991611340e-02,-4.384802730275551286e-02,1.121948521202386362e-01,-1.030707137131027171e-02,1.058545084675269060e-01,9.598572367587454579e-02,5.458071493593393692e-02,1.215292075569549511e-02,1.783840013995858370e-02,-8.582847137767671275e-02,1.019079442822689724e-01,4.962075583466509648e-02,7.761846759276629093e-02,-2.556585105666638325e-01,2.588358262665432230e-01,-7.699631435724151041e-02,-7.458308301111463146e-02,-1.510435292040538113e-01,-1.252249900014232031e-01,-3.482686120243672079e-02,-1.644492330659146906e-01
-2.037617208374418731e-01,-2.485938628952385349e-02,9.960088206402353816e-02,-1.379805239012597273e-01,-2.072705496518855231e-02,1.078481813424558011e-01,-2.470827288385894216e-01,-4.298359393131511164e-01,-2.706656963018973516e-01,-2.700373119848207826e-01,-5.109591057256340774e-02,2.042189350666105130e-01,-1.859275082902874521e-01,-2.498358560787294347e-01,-2.274365028297179181e-01,-4.634193063192594553e-02,-5.450929967181986774e-02,1.111713556377208478e-02,1.829302883722661033e-02,-9.896372921660676059e-02,-3.136200651577082388e-01,2.363633152712237701e-02,1.120745559147496018e-01,-1.223688170908926731e-01,-5.893538707811605409e-02,-1.913030825442265381e-01,1.205718315264711349e-01,-9.400002571218155079e-02,1.524178523777588445e-01,-3.414009988819084740e-02,-2.146591082392226152e-02,-1.836397566602921555e-02,2.452599138505572041e-01,-1.935766768432431451e-02,1.680671052674990312e-02,-4.709095269898473657e-02,-1.530616531457209273e-01,-3.311725580903024206e-03,-8.806996172840765580e-02,-1.158746594789928225e-01,-2.443208618101923579e-01,-3.334261138219899445e-01,-1.934671870057516618e-01,4.723867174476613362e-02,-3.722177097298932230e-02,8.072314075149626678e-02,-1.508038672255609600e-02,4.115696904140462437e-02,-2.572185010168390878e-02,-2.031230301175462188e-02,6.645808388375544495e-02,6.604548195275139477e-02,1.010822436569827065e-01,1.745580513687403079e-01,8.625899435812867111e-02,-1.941937002626767383e-01,-9.616508586170566253e-02,2.686423746994053355e-02,4.515158899076913285e-02,4.886782786564419223e-01
-1.257386618508397023e-02,1.814775602615216754e-01,8.167350427515554512e-02,-2.421002618990396871e-01,-6.624153115863237740e-02,3.465150232861807789e-01,2.804587543353033730e-01,-1.133684931854608696e-01,-8.729169055452005999e-02,-2.786928987637969923e-01,-2.046409643659135025e-01,2.717522059268584478e-01,2.128778302100245712e-01,-3.230583995812751907e-01,-2.695816172348460826e-01,-8.676139997592000053e-02,-1.949275065906692084e-01,-9.012474165017976546e-02,-2.362729899156541108e-02,8.585761404131693475e-02,2.110233336796034087e-01,-1.422749572471447010e-01,-8.550279870967289475e-02,-7.402794139433696574e-02,3.906440845063658546e-02,7.406580848151032848e-02,-1.156672724897587906e-01,8.336948791330608954e-02,-1.256963267973325027e-01,2.948313066080167633e-01,2.272857637312616225e-02,-1.234967411814250904e-01,-2.990579223690438201e-02,-6.184656385045226440e-02,1.105923188411558900e-02,2.700124928613098496e-01,3.991100307190122154e-02,2.696705223747778990e-01,-8.182216933268424142e-02,-3.026893846496689355e-02,2.948658431807030245e-01,1.627326682074490827e-01,8.490282887299929748e-02,-2.658658895056446592e-01,-2.650148469170298116e-01,-2.820809856404650137e-02,2.244025682643277231e-01,5.489811085119158246e-02,-3.931803405573022075e-02,1.170988926365903043e-01,-1.261419890983062619e-01,4.719291826060255379e-02,-3.511724228220444166e-01,9.581690295854709827e-02,-2.975027340219743577e-01,-1.134685595678874837e-01,9.127103544176792815e-02,6.503153172762628220e-02,1.934219938357194246e-01,-2.271931702165556344e-01
-3.370552647073757346e-01,1.791748701642734143e-01,-6.206408839422513507e-02,2.060340378651973892e-01,-5.869932796571764033e-01,-5.848590627235246420e-02,-2.534042887804410782e-02,-2.798002941813329536e-01,4.070552030030034629e-01,-2.289510516014584274e-01,-1.479383794881987749e-02,1.793673470630242628e-01,2.599276505568300366e-01,1.289921851415208043e-01,-7.117496417727535440e-02,4.842149312338306713e-03,2.473924021578740445e-02,-1.058281962788143460e-02,-7.449874734413881872e-02,-1.170260797803060748e-01,-5.815140631471304826e-03,-9.088516373906573020e-02,-7.190022010345098469e-02,1.447414963554344335e-03,-2.755393878561903653e-01,-5.379421515443916224e-02,-6.368358507337315566e-03,-9.837190223661912425e-02,-1.298913157099234605e-01,-8.746327596745392952e-02,-1.111524579098664284e-01,-2.466457555497240245e-02,-3.791195877248694501e-02,8.841559704749912818e-02,-2.197052772612546612e-01,-1.300110083999732880e-01,3.469433030369454274e-01,9.722927419235562196e-02,-5.624396862163614369e-02,4.011720219261147996e-02,1.446488056819703050e-01,-7.153714760575984044e-02,1.776631603183986274e-01,1.854186179866918471e-01,-1.337807836565583185e-02,7.272574190291783425e-02,-4.749285839308577117e-02,-1.609849295919248691e-01,1.089061113921961643e-01,4.745606544884842237e-02,1.016765390097851551e-01,1.769372408626494475e-01,-2.138451756978385770e-02,-2.665953992936808681e-01,7.154519097923793536e-02,4.271922580409707321e-02,-2.833261185744520017e-01,2.207206226292279250e-01,-2.790906933212479110e-02,1.339106213328216666e-01
-7.783505850431050865e-02,6.549163719464515254e-02,5.035717852298809971e-01,1.602410244365763334e-02,-7.999067120020787736e-02,2.981101264950134500e-01,4.478358224905233942e-01,3.504237111750873601e-01,6.895418634606904906e-02,2.051560773247741720e-01,-1.854678201109507263e-01,-9.856794231767976311e-02,-2.601459179326287563e-01,1.542921709831023558e-01,-1.532989538795198337e-01,2.375349972362542916e-01,4.592581864228999916e-02,2.447945050961777835e-01,3.877473842900458489e-02,1.621941130836297429e-01,4.051540401441427325e-02,-2.149147225954643470e-01,-1.977755453141413072e-02,-1.052238880534644705e-01,3.602782950094952918e-02,-6.930201614612843675e-02,-1.332896118595734980e-01,-4.316840255896763068e-02,1.019114879864032631e-02,-1.332165629029504750e-01,-1.067819319922081317e-01,-1.467189046147194739e-02,-4.584941094091907893e-02,-2.137601900870000071e-01,2.755235919830595348e-01,-1.050621016837616217e-01,-1.620471366299164884e-01,-1.480191206580915853e-01,1.874619370496694304e-01,-2.241826148551330500e-01,1.946709162347469435e-01,-3.640086746471478396e-02,-7.821340622907424489e-02,2.042091588351684431e-02,1.687475158872481272e-03,1.018538417399145607e-01,4.439738996855225883e-01,5.483001916981031926e-02,6.493856871784439710e-02,-1.837193704038644071e-01,1.168710929321219449e-01,-3.100990585446185971e-02,-2.016905696115017244e-01,1.889779160590037560e-02,2.003494284922648083e-01,3.727099517161552161e-02,5.621959202526691929e-02,-1.248981471877278274e-02,-2.964090407167656663e-02,-3.015098018527380686e-01
-2.104077141273641982e-01,2.845961610140237408e-01,2.622006038741261924e-02,-1.617760519109282258e-01,2.949239993493134038e-01,-2.832698991037722047e-01,-1.975003928610097152e-03,7.987342418806406275e-02,1.588551519891909930e-02,8.077461480916145464e-02,1.921012005908616094e-01,4.139460086819332085e-01,-2.396808226930606869e-02,-1.333472634386050418e-02,-1.225592511684973490e-01,4.514939320300562914e-02,-1.523836396739394750e-01,-1.400142309187181189e-01,-6.250115703831253533e-02,-6.678505059163375446e-02,-2.187989489781144159e-01,-6.916679874231494718e-02,-4.972814052507953247e-02,1.166950508237460105e-01,9.374376928974752221e-02,9.719648284649606623e-04,-1.303116440235031204e-01,-1.038208842723855607e-01,1.473369835331939104e-01,7.485173020164309805e-03,-9.946622602271167068e-02,1.045793301720426794e-03,6.360017097984169317e-03,-1.974812752718902442e-01,1.909554201076190533e-02,-4.918954123812475931e-02,1.979473909300793477e-01,-1.386657174449849594e-01,8.443165968171762251e-03,2.040283622492860827e-01,2.005108520218220058e-01,1.483920980143501878e-01,6.456717373796885817e-02,-2.255852644277155927e-01,-1.582354251238207721e-01,-2.993792857659607204e-02,-2.937338574097592137e-02,-1.577356493649364477e-01,7.740322084696082613e-03,-2.507401464421826764e-01,1.383007880013560065e-01,9.950535408046456975e-02,3.791588650556998452e-02,-1.807117226706649316e-01,2.514228822014569209e-02,-1.629206197028671144e-01,5.277922481451866737e-02,7.741221639111087183e-02,1.120198642205488815e-02,-2.458716618131309012e-02
1.920966080469474480e-01,-3.771752882369346915e-01,2.866655042091111327e-01,5.411880465273648244e-02,2.311101105309570913e-02,-1.035504059043804714e-01,-1.489834485361296590e-01,-1.468076397606115635e-01,7.563121501235101074e-02,2.591339016023453540e-02,-8.962060223542940574e-02,1.513890132494328244e-01,1.344719457890835579e-01,-7.061202578481617573e-03,4.922059300803144008e-03,2.442000162685483144e-01,3.197497391440693448e-01,-6.468363030540466574e-02,7.285443160685409203e-02,-1.063410358496402475e-01,-1.249333748824903723e-01,-9.266283623932070057e-02,-2.860140379109554071e-02,3.230925475143777564e-02,1.801616592843398590e-01,1.086239812325761889e-01,7.984958112582610235e-02,1.162366392816757549e-01,-9.371360279921055192e-02,-9.167229637873822168e-02,3.820164374269215818e-02,-3.386663006769618511e-01,4.089713949504724874e-03,3.105783014719538590e-02,3.440589494205298360e-02,-8.704620171180479926e-02,-6.891700398344011158e-03,1.844755771761807384e-01,6.040225057473226633e-02,2.373112826231427996e-01,3.211761888590797948e-02,1.949513329629394831e-01,-1.849990308306283249e-01,1.023486215940749011e-01,3.000318627509875394e-02,-2.082075402189553226e-01,-8.696795976253139659e-02,-1.568443546197689220e-01,7.019840965275461753e-02,1.578998913762882234e-02,2.602468758049687469e-01,1.954616434618767704e-02,-2.394649741841209101e-01,1.015846049718561045e-01,-7.099856860276873571e-02,-1.957858028683457929e-01,-1.005582243335434861e-01,-2.494898012571429916e-02,-1.471520254545057860e-01,5.154725300887956496e-02
-1.494083027689842025e-01,3.760907096066407052e-01,1.688956899745308882e-01,1.170015344788179201e-01,-1.823481128460593959e-01,9.056268900579081405e-02,-5.187925458705067161e-01,-4.542967990933877848e-02,2.323512453169721270e-01,3.080608386134351395e-01,-1.307660629873680647e-01,3.788142425119134238e-02,5.460114165996775293e-02,2.334631030308351174e-01,1.141644621366199874e-01,-1.617262332859870644e-01,1.082945108439253568e-01,1.906222789723939492e-01,-3.715195440936227000e-01,1.448792919323223793e-01,1.677686168491664132e-01,-1.703545271682915252e-01,5.131116503829748904e-02,-1.253775921752870171e-01,2.026942905645192500e-02,1.100092035216707342e-01,1.096292068141304227e-01,7.553120365865839680e-02,-2.185264039209726117e-01,3.256106689402342436e-02,-2.251371166572751770e-01,1.407928368516386808e-02,1.834446191101839763e-01,-1.578725380931551570e-01,-1.607478361081112195e-01,-2.594125193682951871e-02,7.561611245118518565e-03,-1.449421602949125254e-01,1.388620369551292755e-01,-2.287088177336315253e-01,-4.341949279163406089e-02,-2.258921161045754009e-02,1.957816179409491153e-01,1.256752766458554826e-01,-8.029265113852417091e-02,-1.081513118932645040e-01,-2.923062971080078731e-01,2.686138870848205767e-02,1.339349902050898655e-01,-1.998916451893595625e-01,-4.919067300048203528e-02,-7.724878632887505203e-02,-1.788761495748936725e-01,-1.856274695829098209e-01,-6.450168315599048852e-02,-3.709363949563721646e-02,-5.070090985553492302e-02,2.096419920012255189e-01,-5.727210652353327547e-02,-4.046690581838733453e-02
-3.848052069958764199e-02,2.451760521110114832e-01,-4.946054856957497053e-02,-3.706973507088151543e-02,9.424394509765288142e-02,1.779016145458721943e-01,1.107411206455120034e-01,-1.976024352979938448e-01,2.382264487897606808e-01,2.555606388895235170e-01,1.399810955177139826e-01,-9.727593098964069929e-02,-2.643105412015508415e-01,1.442252126479872387e-01,-1.572756982807040627e-01,3.151685188465466192e-01,1.602072470030815321e-01,3.623065631820994448e-02,1.757067195424832223e-02,-2.617662258577445056e-01,2.143226515535316123e-01,-1.806278547595484632e-02,-3.316215712080717304e-01,-2.597960355326873194e-01,-2.620438413581673287e-01,-1.391138918358461943e-02,-9.937821998661332257e-02,9.498450397916621823e-02,1.783716099106460451e-01,-2.184321837919277892e-02,-6.119820554844702942e-02,-1.188939954153224177e-01,-1.191056386667904976e-01,-9.369817967499842470e-02,2.168428357794406625e-01,-1.694872130636571605e-01,-7.688436399596895732e-02,2.528571733277244077e-02,-7.761314164272820060e-02,3.980256987408357233e-02,1.824813129648311105e-01,2.092849873298183172e-01,2.127755011402737151e-01,-1.050463481476091310e-01,2.177788056079432710e-04,-4.236347183834288654e-01,5.163429290192400253e-03,-1.946713465748413086e-01,-2.499635443874566043e-01,-2.474320401577257689e-01,-2.197925529095916958e-02,-3.911723658345366006e-02,1.672161872554434880e-01,6.166982326655300051e-02,-3.457138438303044015e-01,1.450073475406326029e-01,-2.083925301415479603e-01,1.666559038307432461e-01,-8.864386857820258370e-02,7.473630263172154412e-03
-1.703177105084261178e-01,1.108241463588286423e-02,-1.344149918800642829e-01,2.523191337706246623e-02,1.777492026618140986e-01,-2.271454611284753899e-01,1.691254497166983506e-01,-3.781537040840813879e-01,-1.271001192474168276e-02,-7.160409455879265805e-02,4.753306021135831338e-01,1.010898220075380216e-01,1.607953084258049725e-01,5.144356141460536269e-02,2.263069226715834770e-01,3.247457938033641023e-01,-3.525569178872380721e-02,-9.023318748775735476e-02,-4.437006380786314569e-02,6.676678605909679154e-02,-4.235375248565654421e-02,2.147743893950163074e-01,1.166789702415737262e-01,4.233858529738683540e-02,-2.602848774558834677e-01,1.946574016732749157e-01,1.295879400467310760e-01,1.918941028904654067e-01,6.434689324036839408e-02,-5.601590226258042204e-02,-2.498544730170003392e-01,-7.141211954454054767e-02,-1.083812372439239835e-01,-1.886957130420193196e-01,-9.413192167420250667e-02,-1.036459868735799955e-01,1.181043123783560855e-02,-2.096558808672730478e-01,-2.636332989837916196e-01,8.216576388797747210e-02,1.402062026244586534e-01,-1.205560948298257384e-01,-2.195677863869553159e-01,-2.641342013753236739e-02,-9.587186629660732207e-02,9.615843895435718935e-02,-1.584677714820169059e-01,-1.010316176678468791e-01,-1.044438096575483754e-01,2.759997581886056706e-01,-2.394887856399594700e-02,1.102811273807595416e-01,2.566531612514541538e-02,7.765661695711749413e-02,7.360835176242921940e-02,-6.332686461978258297e-02,-1.197130547928997035e-01,-2.832726226782584233e-01,-2.000891578689301675e-01,4.959137051950882752e-02
-8.986719921526971355e-02,-4.396372418471267696e-01,-1.492760136633318468e-01,-2.920516203144197243e-01,2.549224597825827110e-01,4.323328599103169745e-02,1.212181219191699605e-01,4.844762659836850949e-01,-3.275397382575931937e-01,2.350133158007773268e-02,1.020282933623347862e-02,1.423891217592894165e-01,9.694569451801778037e-02,-6.977688606982677955e-02,-7.343843575175411365e-02,4.509475518658332543e-02,-2.680686464686034554e-01,9.760347406714437249e-03,9.103830066233213614e-02,-2.388322615216345868e-01,-2.004068144374326066e-01,-6.986805626188816176e-02,-7.777491713904560733e-02,-4.793552485698883148e-01,1.750614501650174792e-01,-1.827355190593218381e-01,1.339098723228990782e-02,2.992147398659731894e-01,-8.149479337112472410e-02,3.558958953874414438e-02,-1.311363135025682136e-01,-2.785854160965722890e-03,8.919053015413662411e-02,4.835975442561810805e-02,6.710790734809035651e-02,-1.476406738071988634e-01,2.168186462538106846e-02,1.963154577618536067e-01,1.893248066441206162e-02,1.408953721899315059e-01,1.650705228811572556e-01,2.951535512600322788e-03,5.872199233151437214e-03,2.226703138668050808e-01,1.241939066333878350e-01,1.564615443295468145e-01,3.730087131639833187e-01,4.194853244159512523e-02,-6.061669575963987006e-02,-3.753537516136504909e-02,6.704863572446036202e-02,-8.397305187682760352e-02,6.587327929972877638e-02,-6.118606306861439081e-02,-5.321033560305195309e-02,-2.254787131084176333e-01,3.768726980174692300e-03,-8.454350802467200388e-02,-3.670521022820448787e-01,-3.365478053435947969e-01
3.680300655271162569e-01,-8.716534262353145546e-02,7.888320461918454929e-02,2.628870473316750611e-01,2.432726015447817802e-01,-5.960504012721216938e-02,9.258404269498686501e-02,-1.746747636605508469e-01,-5.111562595981701262e-01,-6.907714256962776966e-02,-4.814531115479007972e-02,-2.297008836879287919e-01,3.634015929240579090e-02,6.199616552632416372e-02,1.967003255444852439e-01,-9.739121603297413998e-02,-4.380728591237669778e-01,2.183798362047059682e-03,-2.519489704579673875e-02,1.075264307559303523e-01,7.411719826923823806e-02,-4.250073044384997806e-02,6.508212045545780020e-03,-5.959891189642478604e-02,2.154098333975850432e-01,-4.314241947118190035e-02,6.512644885886767487e-02,-3.477219937349235179e-02,1.200439841943281988e-01,-1.231318816170045294e-01,9.808776099996663334e-02,1.663736495556802919e-01,5.346378656638024751e-02,-3.215178165992087223e-02,1.046379586794511374e-01,-1.471515390624263953e-01,1.146211587864527787e-01,-3.497134437071239277e-01,1.550145483351865194e-01,2.520728092429936895e-01,2.828820517072384508e-02,2.412965722731045537e-01,-9.580053584597383876e-02,2.608436134004492590e-01,-6.182734185910785524e-02,-4.257407583125719791e-02,2.764554875335383244e-01,2.111419281465327230e-02,-2.228819339831268065e-01,-2.054234487808804382e-02,-1.808749861617812427e-01,3.488750202999285066e-01,-1.315602520872242165e-01,-2.052944849461736943e-01,1.468020279564395125e-01,-6.356401122430181683e-02,-1.062020541882344737e-01,-1.919553956410293694e-01,-3.773342783596816963e-02,1.568265337312637620e-01
-3.566402395399923680e-02,3.110930111048733071e-01,1.626795706237949089e-03,6.011142581341400067e-03,3.774073717101787684e-02,-1.500446012682326302e-01,-3.384569311710483412e-03,2.985533911079244485e-01,-3.069422312971674671e-01,4.412366264714170233e-02,-1.474642458143239077e-01,-1.007803091222136960e-01,3.574250073388314242e-01,-3.839018696982224310e-01,-5.145181511826938531e-02,2.093897766133605981e-02,-1.462415334179813786e-01,-8.027909737415059310e-02,-6.077058918062455684e-02,-1.117585307431813169e-01,2.983379126206860965e-01,-5.358400074936753299e-01,9.878767535334723182e-02,-3.937253368321848301e-02,-1.510979180565266144e-01,3.825012864141040525e-02,1.388162190916258920e-01,2.118983044908779451e-02,-1.816973142383146167e-01,-1.389012649167717106e-01,1.906359463038539287e-02,-2.615533307798902363e-01,-1.916209277196443406e-01,2.487816933294510480e-01,2.249463022847825351e-03,-2.945976339999797911e-01,-2.374329805544358740e-01,-1.380264321088043034e-01,-8.982220892451972527e-02,2.382911624460874456e-01,5.083577858981819415e-03,-2.686007135143469449e-01,3.600525419617112838e-02,5.719537778336457323e-02,-3.086006132437651289e-02,6.770791002670970005e-02,1.555881332124924854e-01,-2.338681019990073440e-01,7.731976409372975922e-02,1.984418571174533519e-01,2.381850350087592605e-01,-2.651438373677429405e-01,1.519578279969648893e-01,3.348302871828011396e-02,-8.720020313676282719e-02,-9.358047578549923140e-02,3.276263587932958798e-01,-2.194958730123987289e-01,-1.283958342467188263e-01,1.029043301372671027e-01
3.468521452214512468e-01,-4.824009056737011969e-01,-1.706962037662152765e-01,-4.799797170833515481e-02,-2.036264816326083422e-03,3.732027445166093832e-02,-1.546540833094444678e-01,-1.574227592188377073e-02,-1.667013345543530423e-01,2.476733648224769269e-01,-1.674237239365952701e-01,5.267655768916480741e-02,-3.112550667650190728e-01,-2.550839366686089016e-01,-2.307125985081709685e-01,1.388809901962942683e-01,-4.508087478042109852e-01,1.816167410557806006e-01,-4.450018861643680740e-02,1.188141053738249325e-01,3.165835107139394755e-01,1.346192508054776596e-02,-3.917161459934855039e-02,1.775700169716861732e-01,1.363102017188005388e-01,-1.460989128464499909e-01,9.158523806227994446e-02,1.533229234990003964e-01,2.918454100968387310e-02,-3.599658433073711916e-01,4.570774729921711285e-03,3.132666138327685340e-02,1.016737379139778519e-01,2.578075166415762925e-02,6.655559941214514441e-02,2.428581570058613026e-01,-2.314559427745099818e-01,-4.869971534070891700e-02,-2.773507687185726711e-01,1.256482993028649187e-01,-5.089509002666876558e-01,-3.186628263694936125e-01,-1.769576907753604433e-01,5.914544290207231214e-02,-2.981872293048631190e-02,1.403703619885410259e-01,-2.044788763799968156e-01,-1.297168325810125200e-01,-3.396080316137712884e-01,2.442208067824195028e-01,2.799423447977152923e-01,-8.214201724418131179e-02,1.024520100007676737e-01,1.280709312939728485e-02,-1.812146098453943921e-01,-1.776500206237007773e-01,3.266749756779996523e-03,1.670021924579464731e-02,1.413761184876521360e-01,2.286708632823265114e-02
-3.849035937150881159e-02,-1.305092324989459707e-01,-5.194351813258167583e-02,-1.050886067385185252e-01,3.967378870536377722e-01,6.040221067923468024e-02,2.696970344526088970e-01,5.334584062842032820e-02,3.566950234281684451e-01,3.071014851809280438e-02,-9.099777361154057220e-02,2.871717321099925280e-01,-2.183499453986914030e-01,-5.893492727566321948e-02,-1.599034621754652774e-01,1.956864454772189177e-01,2.468343593589383822e-01,1.861468859624254013e-01,-8.230646021312262861e-02,-1.014300981926403653e-02,2.124387855146228909e-01,-3.278365933222797679e-01,-2.366072621118363306e-01,-2.219356777347437082e-01,-6.296752244148182132e-02,-1.301415683399634593e-01,3.031679479401064858e-01,3.505935432900361692e-01,-1.593848713683971019e-01,1.434982141112287335e-01,-1.317382045306648708e-01,-1.049394380689731704e-01,-2.291848997922902031e-01,3.630384325920400779e-02,-1.314028809245554874e-01,-3.712976231303144470e-02,-1.384292399821989150e-01,-6.028029002774910883e-02,7.015012250093247137e-02,-1.411846978620301951e-01,-2.450083560321071607e-01,2.583887223723279059e-01,1.893020814847042876e-01,-1.844709482932089251e-01,1.414422562068749500e-01,1.615171652137991354e-01,-3.063277214806440218e-01,2.311567382444443958e-02,1.134451610138872135e-01,3.511085840769840316e-01,-1.174870792429577177e-01,-7.083476596976859274e-02,-2.328333186860736398e-02,9.147649613247687758e-03,-3.721786059201840496e-02,2.204915486596161628e-02,-1.915449585082851930e-02,1.179973594221626898e-01,-2.447317302135877323e-02,2.291806866452047731e-01
1.882107204165610614e-01,2.438510213920630498e-01,2.094315834596707782e-01,8.180085931687371137e-02,1.938271255323121278e-01,8.453564011856103122e-02,1.442347352440451480e-01,-1.028534553748410574e-01,-1.995900510075147571e-01,7.970383666535568734e-02,6.929731714694831179e-01,1.880124523422049831e-02,1.281050832923932847e-01,4.239943169186066174e-01,-4.680306292118407985e-02,1.360159273268021253e-02,-1.690917609386591303e-01,1.016139290233226689e-01,3.311130080153293354e-01,-3.015118950008234266e-01,-1.177524331595026785e-01,-1.482697758779115329e-03,-1.674926959610928134e-01,-1.202609855026710584e-01,5.605167877913613643e-03,-1.532675282028024277e-01,-6.459474131121917262e-02,3.215690034881540232e-02,6.038182950202564125e-02,-1.576667278857968868e-01,3.390102358563707452e-01,-1.371855744337271421e-01,3.382458063864252074e-01,3.708654802399408146e-01,-1.434760923946327982e-01,-2.022737923831245954e-01,-3.679231738085754488e-02,-1.168762518946010881e-01,-1.840752087025734202e-02,-2.851078526741693819e-01,1.055342994557542519e-01,-1.073248704467927028e-01,-8.223378986846470451e-02,3.835143016321706849e-04,3.031192473448818259e-01,3.720653236835983098e-03,1.230031396128518500e-01,1.348173839255869255e-01,-2.710006768584084513e-01,-4.403004507524994199e-02,1.632811756041775697e-01,-1.320321938553223329e-01,-1.877155759219682751e-01,3.673261140690311510e-01,-3.555361616718951123e-01,2.128195078926207184e-01,1.705227649690631980e-02,-3.190300935525562653e-02,8.464833398665649877e-02,-9.757563629197414656e-02
6.291834991986588847e-03,1.585988545762272994e-01,-2.402579446519146344e-01,-3.924346325704066579e-02,-2.708892758398637191e-01,-3.078613268566816052e-01,-1.444709194861709123e-01,2.827642566471507135e-01,2.464830062746670991e-01,1.155744836702697620e-01,7.679714709465319811e-02,-3.557513714377894543e-01,-4.306860616086643501e-01,-1.991884532069552460e-01,2.827278592422655112e-03,6.679585332998319580e-02,-1.063385795992491945e-01,1.549737910906144878e-01,1.163069946463412829e-01,3.993250152433918121e-01,1.178192941500720917e-02,2.571862999789700094e-02,-9.274639670157373839e-02,-1.855498315929896003e-01,-5.994104328756105771e-02,-1.734727301738877292e-01,-3.226908984976010752e-01,-2.789855229467309017e-01,6.013231492293149780e-03,1.759089967050853163e-03,1.473916387662564387e-01,-3.143664448819183214e-03,1.385426893900140455e-01,1.216809947121239299e-01,9.663903051633938868e-02,2.943848075034934814e-02,-2.328885470038933592e-01,-1.904094685434489231e-01,-2.917621193184459782e-01,-1.557071801427011293e-01,-2.534171994737364209e-01,-6.772909040563886152e-02,1.847377351094844911e-01,-2.658386123198908210e-04,1.492913752927335913e-01,-2.435810925764942958e-01,-3.485471763503052156e-02,-1.830708313435187168e-02,1.632697937155538903e-01,8.301180016477633511e-03,2.169418516190330104e-02,1.117924319958451401e-01,-3.085360721718615751e-01,-7.082864350945013154e-02,1.247010229273582127e-01,9.603422077768120069e-02,-9.462798162831350529e-03,3.117866585941623803e-01,2.087090533603014331e-02,1.528798917131622415e-01
-2.495851540131700241e-01,-2.310935674528621087e-01,-8.572945534937798095e-02,-2.477233796164675927e-01,-6.752849953689062101e-02,-1.704851818661850815e-01,-4.906894207294718729e-02,2.467327016687706487e-01,-4.734810759976404437e-02,3.594486208270813443e-01,2.428942205306774405e-01,-1.640923220066342336e-01,-9.865042105019050656e-02,1.015037714403669022e-01,1.237812308070693063e-01,5.613665173605714154e-01,-1.818285306750057617e-01,1.279760016995669381e-01,7.910252032750496320e-02,1.785767019809915146e-01,3.439419048713548976e-02,-2.505417245966854584e-02,2.772994963701488347e-01,-1.107528883330702180e-01,-1.686847312271019805e-01,-1.518859644478481319e-01,-1.821558068704536848e-01,-5.078630994775171908e-02,-2.273892040661456837e-01,-2.437075515946820481e-01,-3.509821647226204488e-01,3.018062833656490751e-01,-3.401797852743602968e-02,1.173587889282153851e-01,1.174642345301272206e-01,3.567193814997923068e-02,-1.042919853358482002e-01,4.318277079386699524e-02,-1.369452660539659528e-01,2.439017498207686832e-02,1.756325172548516347e-02,2.466332177704227968e-02,-3.396726879704606850e-01,2.550427630363026957e-02,-2.246765407429576755e-01,-1.271225271225045472e-01,2.164964496576234354e-01,-2.336330340779896597e-01,1.171410921890857770e-01,-6.486828567186411765e-02,1.599630733966614926e-01,1.018362951909513175e-01,-1.360035227510678624e-01,6.889187010026848190e-02,6.148417446422944910e-02,-4.042311103160263486e-02,-5.602961292210872739e-03,-3.131164339492852333e-01,-6.817226671691119233e-02,8.951575171143512366e-02
-1.482646132957282925e-01,-1.486737445311842321e-01,1.410243589545261966e-01,1.011223740670206955e-01,2.275396378121338492e-01,-1.841085998609948704e-01,4.881825611780169494e-01,4.483826788931791762e-01,8.554160519036686783e-02,3.964631898147286115e-02,-1.039448401305743258e-01,4.269719468980496258e-01,8.924088099837246268e-02,-1.010485053021003693e-01,7.595146340830286058e-02,-1.026567109290646707e-01,-2.601346155784818870e-01,-2.434816660629800233e-01,1.488329185556675760e-01,-4.536667351379333746e-02,-1.432752216813882803e-02,-3.714663227947550550e-01,3.144509955942276225e-01,5.547629718584214803e-02,-8.204958532625863943e-02,6.359397412829370655e-02,-1.689833317917221189e-01,7.374553970940766860e-03,1.710007059717106800e-02,-1.926515355146879716e-01,-1.245059869582101075e-01,-3.696798201277190499e-02,-2.577481256396264575e-01,1.217708008417827115e-01,-1.296614444365097639e-03,-2.350684776271254606e-01,5.366679786702790306e-02,6.793940448676405452e-02,-1.555385682644438716e-01,-4.732281424169020728e-02,7.387344259300775151e-02,-1.122321562820467050e-01,1.553860160893570999e-02,-1.423309426452752380e-01,3.235107105577863379e-02,-1.132077596557151955e-01,-1.525726365756938097e-01,-2.821417566611345018e-01,-3.608509342189873681e-02,-3.453987099515176684e-02,-4.081664597617680468e-02,-1.279171916756409177e-01,-5.194741650675303163e-02,7.307153124374050901e-02,-1.207301481212924577e-01,4.947198050150552473e-01,1.841350752672814561e-01,-9.685893783953050673e-02,-1.192557212463184538e-02,-3.341322177317551101e-01
-1.101949324676917835e-01,4.065780977433136600e-01,1.019815492736967366e-01,1.857042607372624832e-01,6.785256867990850649e-02,8.286970286634859351e-02,-5.845630349163971617e-02,-5.331064806233658526e-01,-1.061203879638465963e-01,9.025185186912208779e-02,3.413225623799580610e-01,5.113288806548860199e-02,-1.007865608819512315e-01,1.643713781694234599e-01,-4.276375962454070923e-01,1.625275705240593338e-01,7.814914432791478238e-02,1.155275696261895552e-01,-4.565899838953814682e-01,-1.287631356074666333e-01,8.729539254218263156e-02,-1.024666439528746781e-01,1.036525594457002042e-01,-1.176058212417370602e-01,1.134679756500862613e-01,-5.208364360825151751e-02,3.636648295765157468e-01,3.486118163172402529e-02,2.095538912446291008e-02,-1.478030441871319989e-01,7.485093277144480584e-02,1.430376036356930114e-01,2.363688116500245184e-01,-1.173301958563219560e-01,1.712808425383727587e-02,1.724491061429384853e-01,1.568165321227154574e-01,-5.796158827251859241e-02,-2.140131947196524664e-01,-1.609601550480862231e-01,1.714632479777535579e-01,1.990157747784094752e-02,4.241798611468403785e-02,3.181667097766394114e-02,-1.581435410669760899e-01,-1.567491717183117639e-01,1.226117579873561014e-01,-9.466939543669870838e-02,8.763151575697082640e-02,-2.827380689443305117e-01,2.315009144488980319e-01,3.463990896398945474e-02,-2.707802851251728260e-02,-1.065289021326962515e-01,-6.490849636517548316e-02,1.491646574246371926e-02,-8.639069894450292220e-02,-2.379894156274181272e-01,1.358319446337174496e-01,-4.154449399749542138e-02
-7.126376553714930395e-02,2.730349606522768369e-01,-2.101620954587150314e-01,3.596846995418643833e-01,5.437697955290669155e-02,1.740612267191747886e-01,1.345755987508328033e-01,-1.850302609529508313e-01,-2.934163045070484754e-01,-1.770487253816481477e-01,3.861037688076374153e-02,-1.447039808790814286e-01,-1.426918381575197348e-01,-1.273798919406333441e-01,1.206604925157159780e-01,-1.442392085309145977e-01,6.754055581844248257e-02,2.222824173929983382e-01,-6.693919257504107878e-02,1.837041220705391553e-01,2.796941177927514954e-01,-2.546588378692308807e-01,2.017195176524183217e-02,1.074052335571515499e-01,1.570539885087747223e-01,6.447851630209104623e-02,2.364093125266752971e-01,-7.313093216019814213e-02,1.150803654304621004e-01,-2.372659329810744566e-01,9.014720248804602987e-02,-4.404502253253905764e-01,-3.614102830517525872e-02,1.854683983066345854e-01,-5.887428787082945453e-02,5.048746543600517167e-02,-1.061117995872194325e-01,1.116931668974357195e-01,-1.512839525040663990e-01,-7.384539673720895425e-02,1.155166374722293998e-01,6.331807426984678577e-02,1.628403651505581223e-02,6.758469623423801753e-03,-6.084888907039875949e-02,1.017050045662816898e-01,-2.449474926679199790e-02,1.328691034924385506e-01,1.741803854888896441e-01,-7.840207112474489870e-02,2.765084707976101994e-02,-1.300488878521969538e-01,-2.858943705846092032e-01,8.932000212544614903e-02,7.730337953670227136e-02,-2.569952838430745734e-01,2.781927189138645451e-01,-3.590955013063082957e-01,1.533851709466807489e-01,4.050339575694480998e-02
-8.630293473404604399e-02,-1.549934256345840977e-01,-2.782510590516730220e-01,5.804512241095937872e-03,1.869693113602852175e-01,9.061449557261767873e-02,4.169759465464196735e-01,-1.132994826607217898e-01,9.419587876486060218e-02,-2.688450273237381546e-02,-1.413709704584074356e-01,-5.645912497212866865e-02,2.803268051207208345e-01,-8.237891421601087338e-02,1.252530388432661623e-01,2.548016587564456634e-02,3.473290405845641526e-02,2.976476461815818000e-02,-2.679259453271469194e-01,-1.718922431318745669e-01,-1.858148375561644305e-01,-6.943342495505834544e-02,3.099585700811354760e-01,-1.266443291141376992e-01,3.496422738959166499e-02,1.384209025886454746e-02,-1.186022185944525242e-01,1.549864525089853784e-01,2.823161220278121858e-02,2.594032972039156948e-01,2.418212670423162680e-01,-1.946227077315229592e-01,2.952499208344202541e-01,5.335982755653036896e-02,-3.120954027472686021e-01,4.164082815903093204e-02,2.719582068009251952e-02,1.154482537685592308e-01,1.717442668951950913e-01,7.869481272524639359e-02,-1.190635281063947976e-01,-9.207523249506870122e-02,1.082540598942816068e-01,8.499100777233567494e-02,-3.973480529479045289e-04,-2.375481835021988064e-01,9.485991445791548682e-02,5.440364001663177893e-03,4.400944231668674905e-02,1.009492856763875845e-01,-6.742669531232051150e-02,1.825093425467388397e-01,-8.284234035799016571e-02,9.548776325480631821e-02,-2.200014381599186275e-01,2.346989742401393853e-01,-8.067014397888064292e-02,1.266226194490645274e-02,5.497115216912393937e-02,-8.603769452152494612e-02
4.316693805082439002e-03,3.722979663651502791e-01,-1.061635973815215905e-01,5.925127222290227542e-03,-4.111847495780464046e-01,-4.404493515939178483e-02,-3.539065951104728436e-01,2.260207658668245134e-01,-9.133371587400386515e-02,6.621402143970198106e-02,1.676720632137903844e-01,-6.852825140229865108e-02,-3.622504303409193049e-01,-9.639883522303911711e-02,2.394539177665253593e-01,-7.004018359375666081e-02,1.141711424149169235e-01,5.328719707323067295e-02,-8.851547895053658854e-02,3.151721542915042473e-02,5.159536388677248286e-01,-2.961499513969142461e-01,-1.301930230591160087e-01,2.066803594112209819e-03,4.242952836866419053e-02,-9.298417676336886983e-02,-4.390778988403649663e-01,-6.933610791789659999e-02,-1.452600874196572356e-01,-6.279541402088387181e-02,4.828189851456782256e-02,-1.860142697303405757e-01,1.739142828092930804e-01,8.770476990864089703e-03,-1.408963533989882055e-01,9.172721200749979487e-02,-1.828841979163549347e-01,-2.320638130502123905e-02,-5.402842364607109149e-02,-2.988452190794930186e-01,2.211626686738630831e-01,6.388771654902873631e-02,-7.502192382741935950e-02,-8.678198701010908858e-03,-3.192156408465449818e-02,2.755720874901514406e-01,1.394579750524770068e-01,6.280336202548621183e-02,3.206428690928329189e-02,1.599542543431756170e-01,-1.006331200676323645e-01,-2.553023539003133613e-01,-1.262824597474567212e-01,-1.182823574666582722e-01,3.937230607744746647e-01,-3.030517193004510501e-01,1.139535482271640393e-01,-2.235767648204749561e-02,-2.597279853830873342e-01,4.480239247119965212e-02
1.731185142719831871e-01,2.918685925638673725e-02,-8.050122619412777847e-02,1.094160389557151253e-01,-1.644310619325273504e-01,-3.256365950732312831e-01,4.033724510152549708e-02,-2.451972411230053939e-01,1.666807571017116518e-01,-2.114248045157462452e-01,-6.470140307895977036e-03,8.082983155395914721e-02,-3.307450704853039936e-01,-3.851802099650949301e-02,-1.297198861664388136e-01,-1.185598760113188571e-01,2.552360653164930659e-01,4.488151749597987794e-02,2.485596019334351120e-02,-1.747631614954507084e-01,-2.614052519544963760e-01,1.570071429196801260e-01,2.592729883943759583e-01,2.614533972597426481e-01,1.445978404614465807e-01,-1.261815712723448890e-01,5.559748778536856978e-02,1.071599894002071424e-01,-1.649638090574738203e-01,-2.024103629153741757e-01,-9.080494538946848326e-02,-3.032525693444256265e-01,-8.644491204852888366e-04,1.443814826011266816e-01,1.268052349339008900e-01,1.876972680282687489e-01,1.195824845535236880e-01,1.811643793887223464e-01,3.067082842187225933e-01,4.491736500425439621e-02,1.734272383470158163e-01,8.390337552541510258e-02,2.275419682657862097e-01,1.738948288179843760e-01,1.024990319249646509e-01,-4.169467456936707533e-02,-7.522535256154652683e-02,9.297320012845301795e-02,-1.538907901374879719e-02,1.597430753152799809e-01,1.964531795911220180e-02,1.516835582832741780e-01,-4.998578720368879180e-01,-2.421674117029553597e-01,-1.607121424606278992e-01,3.613253649405333001e-01,-2.033774783190110680e-01,2.751471391351781870e-01,-1.632408455987885421e-01,-1.671265784508805738e-02
-1.070885894114887993e-01,1.681480594983862653e-01,9.810361934989283994e-02,-7.009993591613275510e-02,5.404493810511775548e-02,-4.410282103495515860e-01,-2.054158050255285306e-01,9.256701856809712581e-02,-9.828393464866365392e-02,-2.825073765401090592e-02,-2.066012005140713259e-01,-2.527161933998753884e-01,-3.856177352273811865e-01,-1.333025594388922985e-01,1.821116819536311160e-01,-7.093949751143392712e-02,-3.336610187183421949e-01,1.949792236593551054e-01,9.497463474709369469e-02,-6.699168379341038926e-02,1.507206392101352876e-01,-1.828505869077197699e-01,2.097188072395816394e-01,-1.089300008822844355e-02,-5.265723831098647473e-02,3.248721917081067723e-01,9.791533728870385755e-02,1.484688421992085838e-01,2.639465149818406853e-02,-5.217445605958959121e-02,1.051078422500606041e-01,-1.973422250534744293e-01,2.539558052032819813e-02,7.376993813325969165e-03,1.258762542779547633e-01,-7.603177002602416745e-02,-3.850479110532221971e-02,-3.468059898665161178e-01,-5.452484039056748784e-03,6.017024223725742083e-03,-1.695173972087252179e-01,-2.352255129345147966e-01,2.313909448866581786e-01,7.966359432121367101e-02,-1.823255272661012880e-02,2.239276991178959231e-01,2.091374583917626935e-03,1.718289925307016353e-01,1.210261498181576176e-02,-2.497992903383046692e-01,-2.900622082378127020e-01,4.139781399796382128e-02,-2.707066152202266540e-01,2.431271968079021517e-01,3.659992132340589843e-01,-1.090205055942324863e-01,-5.891757495976805009e-02,2.001463327216826682e-01,-2.733857462867521626e-01,3.460471632485360993e-02
1.915581779435728549e-01,-6.130419997489437722e-02,-1.188165771671364536e-02,2.641410827347149409e-02,-1.270950014814846152e-01,2.353660251691859148e-02,-1.405557029320463405e-02,-6.937551730464191872e-03,3.157629407611282080e-01,1.363783583546674394e-01,8.333779989069081684e-02,1.702368937128464002e-02,1.687397222129747298e-01,-3.938091929948331904e-01,-3.377275718511089653e-01,1.146278964795400118e-01,-2.302203555663304702e-01,-4.168912414843130992e-02,3.771351030410635685e-01,-1.611687321460860897e-02,-3.013089225468063015e-01,4.726570039665520945e-02,1.286999749970695883e-01,2.069562301733423038e-01,1.291905090450569671e-01,2.336154564742985440e-01,-3.862724937670777292e-01,-6.769754008786782462e-02,1.880688277662268537e-01,-8.129511445598097338e-03,3.855343102720912296e-01,-1.248695166757520791e-01,1.234345630085495991e-02,9.144128046236853213e-02,-1.184153654937398353e-01,-3.163892448074299146e-01,-5.749107110574077500e-02,4.522170011464098083e-02,1.791312326973707736e-01,7.512952783705433013e-02,1.514472674988672496e-01,4.095042834080777072e-01,-8.005271392316781753e-02,1.636491652720803991e-01,-7.198558183473242889e-02,-4.138364009757467682e-02,-1.731404561250173280e-01,-1.494063736492988181e-01,1.184784870023645881e-01,1.486089447308621136e-01,6.792631001097665724e-03,-9.646426827200083043e-02,-2.224614630834405582e-01,4.749586495458424373e-03,6.646971352110962739e-02,-2.312319948482718934e-02,5.342575323401638210e-02,7.345060254396489074e-02,2.361213190439195309e-01,-4.921509386059771257e-02
-1.865930730606005783e-01,1.091167698899457861e-01,-2.284655998674633981e-01,2.037474299878524187e-01,7.961046028504710492e-02,8.172477657976276455e-02,-6.814458554925542644e-02,-2.762612489751151701e-01,-6.066671703203145583e-02,2.286738840455370195e-02,1.028036319538485621e-01,1.977184499018405650e-01,2.031729968605741621e-01,7.324874995157049096e-03,1.547025398656273754e-01,1.569579115946557191e-01,5.882652279949755758e-02,2.168362898717744736e-01,-2.187755072299627790e-01,2.818677520533107161e-01,-2.878621069533056701e-02,2.087859190547506835e-02,5.822857691036851385e-02,1.303809666407057255e-01,1.741483973648211836e-01,1.815647939971609393e-01,-9.268223734219109555e-02,4.051112960843076399e-02,-1.753744666669148911e-01,2.776398594219431359e-01,-5.726328522638542140e-02,-2.306748116034413043e-01,3.656316143722698198e-01,1.192395394529844194e-01,8.297523660232516973e-02,-1.319250362131424992e-01,1.650713559519030871e-01,1.504232482512044000e-01,8.121600652286392955e-03,-3.009857285030929572e-02,9.645013567466252657e-02,1.054796682946639585e-01,-1.165448770875363999e-01,-2.290256769329369890e-01,2.893781353408532084e-02,4.711008570472276225e-02,-1.480669177356187249e-01,-5.572989893502811216e-03,1.646706442411449700e-01,-2.054949716963366535e-01,9.379963697614626672e-02,2.489162003152107228e-01,-1.602296802774957063e-01,1.365759242590781075e-01,7.437973157791270828e-02,8.366561947249305520e-02,5.283905982949558405e-02,-1.426132853809964074e-01,2.407048163302042895e-02,7.955325782768729592e-02
3.044533240551253184e-01,-1.556422583182836064e-02,-1.674962569114536448e-01,-1.103275597100590033e-01,1.494484575157937756e-01,-1.018386358505002087e-01,9.240487736213280623e-02,2.915834989228928142e-01,-2.762567698664382121e-01,-1.303252235790920699e-01,-1.999680349170759874e-01,-3.304864095681478986e-01,-4.938985911095631481e-02,-1.753214277481117411e-01,-4.110148548707487359e-02,5.935939024552574356e-02,-9.465823223180191287e-03,2.440979832283649564e-01,1.288220210077304917e-01,-8.568688589177078652e-02,1.802104843589325267e-01,-3.582767715173780509e-02,2.009200941537856444e-01,8.491978633059438231e-02,-6.045545520381292309e-02,-2.210971084219168770e-01,-3.097843234918913891e-01,-2.874893854937717319e-01,-3.331157429595253960e-01,-3.914116612111145921e-02,-1.079565439545830674e-01,-2.051555845214584062e-01,2.443788416598015600e-01,2.061101558654643839e-01,-3.857053609800903393e-03,-1.140957685718077264e-01,-2.244858507622490007e-01,1.790172025902274089e-01,-1.409174319285139143e-01,4.675914732139664631e-02,3.026792317073029315e-01,2.751568831494522025e-04,-2.457248178367176655e-02,4.306408127407347630e-02,-1.110290758328132260e-01,1.686137275500528276e-01,1.145352582188723378e-01,8.985454114640795478e-03,1.615258029174490018e-01,2.168444855840279475e-02,-9.184290745940207334e-02,-1.902006322442382491e-01,-1.315772082783983055e-01,-2.610485267142327315e-01,-1.848535335898389698e-01,-1.503116865041463635e-01,3.434824460782138766e-01,3.001432710660626446e-01,-2.155812034212350459e-01,-1.104845557706449072e-01
-1.995793707218061486e-01,6.173036580503436094e-02,-4.123928808472019369e-01,1.155867093579939810e-02,4.800731999528376481e-01,1.020347745249098291e-02,-9.640321842800147686e-03,1.581101697330423439e-01,1.937731834762952340e-02,2.966490798546276286e-01,-4.259617610290856726e-01,-2.998385575183905027e-01,-7.008108625368139610e-02,-3.499329509373371588e-02,-3.533583955969280543e-01,2.690273650000408190e-01,-6.735654747512584417e-02,3.605207522061598668e-01,2.960422962078941914e-02,5.472889397788882442e-03,-9.918741390192357954e-02,-1.734444255399923418e-01,2.148852842768941007e-01,1.195972160180232002e-01,-2.300976062254505433e-02,3.259162080375640480e-01,-5.555717015729081526e-02,-9.834110456951619672e-02,2.035294282012395373e-02,1.239013474950842325e-01,5.965268709637874117e-02,1.717519316912146168e-02,1.790321106072929602e-01,9.260065782502339971e-02,6.654991237091457956e-02,1.858044160471391260e-01,4.233059994297400097e-02,9.431587151298033433e-02,1.379887242442437711e-01,9.927992780045379051e-02,-3.512248561410749037e-01,1.982457388850329683e-01,5.249994204346601634e-02,1.062959898483517990e-01,5.755476980080377614e-02,6.786694527952351341e-02,-5.725889153151697553e-02,-2.616746324086484041e-02,2.346837954963410522e-01,-2.937240292436025246e-01,-7.978886462958678649e-02,-1.379334083496914221e-01,-3.521934007750369966e-02,-1.771367260632554785e-01,2.281859160940453712e-01,1.836740738707638987e-01,-9.848677638773294801e-03,-2.996630312720361018e-03,-4.636275036161205954e-01,-5.078405182869372148e-02
4.209252971195748816e-01,-1.236301120065244341e-01,2.888286889652147416e-03,-1.966407499615269450e-01,1.100236308812198721e-01,-9.521160714678025827e-02,1.918167010571697195e-01,2.055144764722072193e-01,-1.386921923095659481e-01,-2.076681593667576986e-01,-2.127547654144582856e-01,-4.837689763689656704e-03,-4.274902536740789877e-02,-1.355627252414369210e-01,-3.522374108255777458e-01,-1.772999256528547396e-01,-4.558143099589927888e-02,-3.100554250379202736e-01,1.269766631474399943e-01,-2.984501916137015098e-01,-4.563342079565868015e-01,1.981168172810957306e-01,-1.552618848352925809e-02,-2.374222456333709985e-01,-7.611641570861113482e-02,-1.243315713591102850e-01,1.376922069944309379e-01,-2.834830282795320483e-02,5.317913851423739305e-03,-1.284801880243826300e-01,-1.102281064128394182e-02,7.463628347736478647e-04,-1.108154519239638314e-01,5.959224231709030206e-02,2.490601428628020919e-01,2.091687107021070538e-02,-4.805921227796332296e-02,-5.194344506336905087e-02,-8.305439856413442123e-02,4.650537766514977606e-02,1.121593821446756484e-01,2.474242122911538000e-01,1.073338938704398587e-01,-1.052852945632752474e-01,6.449831961455804175e-02,-5.699845725628195636e-02,-1.264002871970088537e-01,2.867781037046238657e-01,2.124849632314014802e-01,1.463244903689009391e-02,-2.039760205317292241e-01,4.378902032747837292e-01,1.345979463172321811e-01,-4.975964220434249130e-01,7.143858525129978543e-02,1.577354297110364623e-01,-1.399416554954857062e-01,-2.061395013398191201e-01,-2.115460689685981777e-01,-3.537350771777636460e-03
-2.707203852804650479e-01,-6.025788378774147441e-02,-1.040842476121444787e-01,-2.116933798378416512e-02,3.024587169243070361e-01,-2.184508407493829518e-01,-2.894301726610864489e-01,1.655781631405268128e-01,-1.502336432961052792e-01,2.922680111268390335e-01,2.225802487053878953e-01,2.306880685876283310e-01,-9.086900308635806334e-02,2.831507752680400003e-01,4.765769100568881950e-02,1.750462534962282102e-01,-1.534901029841879150e-01,-5.890650779386155320e-03,5.193208606752434120e-01,-1.205552668239686376e-01,2.151689106716623417e-02,-1.986485835428977720e-01,-2.688369478289273640e-02,1.268130754166594230e-02,2.657028658765973606e-01,4.370735793699862676e-02,-1.050996667203484003e-01,6.378114763646766661e-02,-2.606189434433467400e-02,-1.983233738777698818e-01,-3.184031250033848015e-01,-1.210641969541557533e-01,1.831682183522947427e-01,-9.213934418558429595e-02,3.577485542158855003e-02,-8.296012382753288616e-02,-1.748320762300424325e-01,-2.767248064580730693e-01,-3.456234763512161523e-02,1.728173222194211434e-01,-1.209416062625246341e-01,-2.498691033683049234e-01,-1.461549183927718376e-01,-3.506408222580278400e-01,-6.471155264064570867e-02,1.291841303195040702e-01,5.125555872844185235e-01,-9.145803620191217051e-03,4.439203859019847931e-01,1.818564397462377469e-01,-3.814964751298147161e-01,3.064792755775072597e-01,-3.967612641416967678e-01,1.131752328787772599e-01,-1.332591344660877808e-01,-5.045132858487379884e-02,-1.482183020748000790e-01,5.148686811697104904e-02,2.914324544504872661e-01,-7.118251929724669913e-02
-1.133735100878395380e-01,-2.244278694885802616e-01,-2.490469149333608134e-01,-1.441082931613539841e-01,-3.400501175916632035e-01,3.846405255747596674e-02,-6.697224843608774736e-02,6.067423865127605925e-02,-1.934484229526230864e-02,2.314500149229031106e-02,-2.841204083423701926e-02,-4.711644065252790226e-02,3.512175134571476898e-01,4.976325524962450786e-02,-3.219745608871161791e-01,-2.983067299620472679e-01,-3.748221683944275573e-01,2.110179595794458296e-01,-1.633944786288677453e-01,-1.657343590884130802e-01,-9.250970819594117600e-02,-2.386829763370498098e-02,-4.974447591548534359e-02,-1.644900367545492487e-02,2.339912347959072214e-02,-1.809740997911831462e-01,-2.903333286803264079e-01,-2.134719487280850037e-01,-1.801322309542740044e-02,2.344843617478878650e-01,-1.025619539138626218e-01,2.040302938762367513e-01,6.505792741831761816e-02,-8.994128737616936820e-02,-1.861622897311462632e-01,1.164282723164557568e-02,3.203135031251612419e-02,2.612244952055584046e-02,-6.734382217125034487e-02,-4.159796278294138755e-02,1.310779625410235794e-01,3.164728877088690551e-02,-9.825696166365502360e-02,1.837141405596130761e-01,1.527405147243087735e-01,7.216837072603976902e-03,6.108425879471647557e-02,-1.812213385857705528e-02,-1.028031694081759095e-01,3.000381581902487604e-01,-1.582556658374376923e-01,-9.909179667914333467e-02,-8.447517764025933018e-02,-4.441729142818985343e-01,1.542377280420324237e-01,7.417065502239680863e-02,9.348290646503980283e-02,-6.018458009034867440e-02,-1.022179296046060032e-01,-3.875218934706948365e-02
-2.838864396145653890e-01,3.714361377210142479e-01,3.601957607037231668e-01,-2.412757915401829989e-01,1.455087806179643228e-01,6.194095736571538641e-02,-4.413660508788219694e-02,1.895111581908570098e-01,-2.619916757897765569e-01,-2.181216461048738897e-01,3.636778094872544775e-02,5.996730992443934927e-01,7.186798961579168865e-02,-3.390596064952147715e-02,-2.311984068451064696e-03,-2.273785076959040641e-01,1.664214283242450299e-01,1.396172872397050124e-01,-2.914378768193304128e-03,-2.891904220398893235e-02,8.610783193753679399e-02,-3.835781900859031035e-02,3.854322793387364443e-02,1.167591365337702775e-01,7.151129323204911958e-02,6.208326545540008429e-02,-2.494460969026418284e-01,-1.632217060468196257e-01,1.389017746479425663e-01,-1.177076398059433149e-01,1.299960655599153581e-01,-3.433919801465908778e-02,-1.504901011209679174e-01,1.716617833232034762e-01,-1.454581004729302296e-01,-2.119378393264507443e-01,-8.658606224657440509e-02,-2.072923039180796234e-01,-3.108232794855320669e-01,1.550694756107201533e-01,-3.466650220401960580e-01,1.945475742685138232e-01,1.562404018172462439e-01,1.269823781807556951e-01,2.757320294529964563e-02,-1.357201299748715673e-01,-3.308763064189570446e-01,-3.692868429094041394e-02,1.109145282919335312e-01,2.798944822199607718e-01,1.343949781439978952e-01,-8.555422733574652439e-02,-1.309343571557365082e-01,1.095753337127545607e-01,-1.319261643672270112e-01,-5.803605118381816030e-02,-5.157468094168364547e-02,1.227977528701110072e-01,-1.559729956878852797e-01,-1.505090956324601770e-01
1.265687091024683963e-01,-1.397597679012124727e-01,2.314134390529275775e-01,1.483437206511080131e-01,2.380928610653526845e-01,1.637589998766778854e-01,3.473494545266381794e-01,6.478974065093770496e-02,-4.940149100667993731e-01,-1.263828986501868701e-01,-1.104949020128057208e-01,-2.255030944453340124e-04,4.134830655562766744e-01,1.075977853239403065e-01,6.559264014130820886e-02,1.472735343810951392e-01,1.210763105849378130e-01,-1.647490899910029893e-01,1.213139744889205895e-01,-6.543239411646831205e-02,2.454616735450790288e-01,-2.792430729761182784e-01,6.348692257676974426e-02,6.980185964390127340e-02,-9.390509612234274051e-02,1.760196376540703600e-01,1.129955981624837513e-01,3.305417147399428712e-01,1.738848834277006983e-01,-8.805710285577089680e-02,4.156698743560101328e-02,1.438480333265989841e-01,-1.547612170278012678e-01,2.158493752810913546e-01,-2.707084175511707547e-01,8.831404779079193856e-02,-3.231017051052856859e-01,-1.596759854452020622e-01,2.123260517867323754e-02,-1.052610441092925730e-01,2.890516514156335481e-01,-2.297356518038920492e-02,-3.590558804399072990e-02,2.419213825219395514e-02,-7.819961308428782787e-02,2.311099347648232771e-01,4.055767438161680394e-01,-8.252426234984239217e-02,-5.401842386838977272e-02,1.278565119348016310e-01,1.676017331356927098e-01,-1.161042777935618331e-01,3.340336504823239183e-01,-5.671440573227094772e-02,2.866669200619014202e-01,3.660492409794250945e-01,5.068944525335872253e-02,-5.940502481748088752e-03,3.048333953742330404e-01,1.848102584567994644e-01
2.527915895278258773e-01,2.301780210874752597e-01,-1.589263652234477672e-02,1.512750213559310719e-01,-1.462430529245850874e-01,1.070338994749884254e-01,-2.341139091644143522e-01,-3.779493069154480356e-01,6.445206037496285789e-02,6.462578532454259228e-02,3.432539312435441137e-02,-2.293381608985596287e-01,7.114562944736294026e-02,2.430360908135560313e-02,4.617919040057332225e-01,1.877589510693370156e-01,1.651604495836110353e-01,-2.548401730336911086e-01,-1.794284109989218445e-01,-7.064641757306264203e-02,-9.199484990849293720e-02,1.782920741019966560e-01,-2.069747414331036539e-01,-2.165943219731222003e-01,5.325174863700510644e-03,2.135514355809690346e-01,-2.902630427500665217e-02,-9.461468168016569369e-02,1.665629139177215168e-01,-3.332443523507104821e-01,5.235077257334889989e-02,3.456815059562089176e-02,-1.963801768750645382e-01,-1.433564491087832571e-01,-2.152271465751120216e-01,-1.783839988570485799e-02,-9.592339873715433410e-03,-3.440327430884169979e-02,1.151431471763368075e-01,-2.899211703685535269e-01,-6.540428107517935741e-02,-3.520244725390344470e-02,1.674456284928504124e-01,3.149663732347599554e-01,1.926901710066458162e-01,-2.729444517344622317e-02,1.321930633659582077e-01,-1.333621627099868534e-01,-1.023080938562168640e-01,-4.141090554446212602e-02,-1.000146152098067842e-01,-7.941839052494574502e-02,5.581043479188163917e-03,-2.774768427400156057e-01,-8.819648251645603731e-02,-1.130040544218164911e-01,-3.151291202305827599e-01,5.966332014076488471e-02,9.970679359990669566e-02,9.553392897685517027e-02
5.939150888161591479e-02,1.716588510019850800e-02,3.257597209294926972e-03,4.019433868804963422e-02,-1.905324178348625774e-01,3.082296554288387405e-02,-3.929127260828846890e-01,-1.957810581067834232e-01,-1.405702208215667270e-01,-3.025274100365849539e-01,-1.629304688695291659e-01,-6.997622104732789672e-02,-3.270881232677568251e-01,-1.311533759926406806e-01,-3.005027575407220181e-02,-7.820782852275957875e-02,1.959525132077095944e-01,3.015697507471765126e-02,7.395714826392904909e-03,3.083673283361663686e-01,1.146901016288659758e-01,4.081048589697115758e-02,-4.244233532634453243e-01,-1.778580698853060582e-01,-1.124626018358974855e-01,-1.286416588378525294e-01,3.447503015532364656e-02,-9.736581685868705982e-02,-1.673904345130387133e-02,-8.134644750339539709e-02,4.035421111492675655e-02,-2.947328416651183725e-01,-2.653921665368332294e-01,6.978738869053412175e-02,-1.060829009807257861e-01,-3.423103009083516141e-02,1.116954158561054011e-01,3.005604070357589808e-01,-3.116350323843113945e-01,4.340592248969474265e-02,-2.352072820229137162e-01,1.137213657638139752e-01,-3.384121464973158799e-01,-4.520700432401388857e-01,6.689112238519116793e-02,3.522977882712541309e-02,3.153035532553487286e-02,-2.544604081488864925e-02,6.898695486439858360e-02,5.412081217322106674e-02,1.270163048060143907e-01,2.095995217589257109e-01,-2.160169416845815135e-02,6.063469037006820328e-02,-2.399417212235546715e-01,1.042817375022065118e-01,-1.733463966976206694e-01,9.239781448435600841e-02,2.312078228662348134e-01,3.773762958824940922e-02
-2.237466728562747531e-01,1.502915801813298480e-01,-1.056482586448232730e-01,1.478257395322539192e-01,1.507083175318900403e-01,3.066396767998617601e-01,8.268825677136945607e-02,2.247500289202215562e-01,4.701277297026117408e-01,1.548722638049241096e-01,-3.708285510735692125e-01,-3.965734759497500650e-01,-1.173951369309388371e-01,-3.482660619914340616e-01,-1.062019393072803977e-02,-1.180134583987729746e-01,-1.173640756212990244e-02,2.987480892620035799e-01,-1.378037230960950377e-01,-4.112756648206373766e-01,1.075029546872323383e-01,5.079803297859589867e-02,3.576104944562171761e-01,-1.375012574826019462e-01,3.129261054494053562e-01,-3.294616579701523662e-01,2.368837745347921950e-02,2.731105327034877295e-01,1.467424782910468628e-01,4.531243252653352482e-01,9.482624280392011606e-02,-2.761936085210235300e-02,-3.034382852224584148e-01,-1.366894549891954636e-01,9.873285652739223484e-02,-2.793082615045395789e-01,-2.871570671713193357e-01,6.144520754448072608e-02,-2.707622413130579275e-01,5.155201329535854388e-02,-1.326011943000466597e-01,6.475221924260810219e-04,-2.882212085694838000e-01,-1.332071104301836006e-01,1.401962621967804412e-01,-4.780653044813375219e-02,-1.040400915580498575e-01,2.173105075435953215e-01,-7.042396176584821144e-02,7.519122829330896970e-03,-4.918594769354038554e-02,-2.197767640938573241e-01,2.205984512320742774e-01,2.471133297602788326e-01,-3.153178859417987701e-02,-5.418846592985195054e-02,-1.652038851336946335e-01,-1.139645372821935787e-01,2.461148260949443389e-01,1.709068524814800205e-01
-1.895090181031492127e-01,2.493328645182631420e-01,1.531474585896585583e-01,-5.098325793179107890e-02,2.651379926984568924e-01,2.865910240623212868e-01,-1.790612533964240360e-01,-1.213692373291090504e-01,3.462241538355524673e-02,-1.885782636240666554e-01,6.096349807191155795e-02,-2.892648264213638076e-01,-1.106205789012995079e-02,2.877590074564023159e-01,-3.487200493890985076e-02,1.326732513161272276e-01,-1.473864507736724061e-01,1.865468972920329704e-01,-4.649821332057394591e-02,-4.268612421787058575e-01,-1.591371017791746723e-01,1.067604299625735803e-01,-1.587999369562688445e-01,1.737160474581773417e-01,-3.730547757434223288e-01,8.000352559813550535e-02,1.753260995375728881e-01,-8.204628440451788157e-03,-1.115364467013782168e-01,-1.500976107835868822e-01,-2.371230771361595713e-01,-1.480747676885369457e-01,-2.149351461095757032e-01,-2.412038541749110809e-01,-2.761645848336290524e-02,-2.227769188512666310e-01,-4.099617609358528481e-01,-3.109619230735966022e-02,-2.682277881552713183e-01,4.855852141302241520e-03,2.915478830692495582e-01,1.173536819780945512e-01,2.309345052756519023e-01,-2.538060521275694106e-02,-5.600624824179654265e-02,2.464420694892057728e-01,1.264748790462044137e-01,-1.072558341920532010e-01,2.756514569264395531e-02,6.321857362599610231e-02,2.539117373336442496e-01,1.309199407724035147e-01,1.617101717517283391e-02,-2.673939356075075713e-01,1.349522588611355989e-01,2.122325932097998413e-01,-4.325750914783892398e-01,-2.697630717988817040e-01,3.669211727858901484e-01,-7.806635881659260146e-02
2.820628000423376913e-01,9.651809856662425802e-02,-2.281940682455597114e-01,-1.642244572666227975e-01,-1.886222959894413853e-01,-3.392034553070413239e-01,2.584333119516925015e-01,-2.348893164759952301e-01,-1.488083459465870395e-01,3.276999751599705274e-02,2.341022458098921538e-02,2.215559584494879997e-01,-1.389849425750777079e-01,-1.196465221625924585e-01,1.806790943960519535e-01,-5.172302024535350984e-02,1.909651014699500493e-01,-1.148434492986180472e-01,1.590028937675969645e-01,-1.625228654520914640e-01,-1.223695001979387548e-01,-6.615081261620801845e-02,1.388894958071021368e-01,-2.014260684517584499e-01,1.520586547765967553e-03,-3.472007646574758466e-01,1.635039905794151982e-01,4.465327523701408813e-02,-1.502182175474732831e-02,5.030628091497604121e-02,5.702180692388845312e-02,1.408739944831577107e-01,3.122642429852183210e-01,1.315223031444083257e-01,-1.063504308972185132e-03,-2.226503380513241565e-02,-1.563700543906086093e-01,-1.472386584696216971e-01,-1.335518209508215759e-01,5.371853041053522432e-02,2.205277091056303540e-01,-1.653579423617734523e-01,-7.893523858333964527e-02,1.745806573517406368e-01,-1.832743412427944307e-01,6.428726704982937190e-02,1.346583279431930735e-01,6.331142449641784242e-02,-8.776775648447199263e-02,2.692683239818360330e-01,-1.163557259010914169e-01,1.395778584170058803e-02,1.982973299675881429e-01,2.034658211690418966e-02,-7.105944084882083456e-02,-1.841346911977787271e-01,1.627668301410707952e-01,3.533224777500204583e-03,1.230228499707371609e-01,-5.797216139596861328e-02
-2.264913465998722591e-02,-2.537077022011907101e-01,-1.670047269009422852e-01,1.003164284508059334e-01,-4.394618083184274882e-02,4.003940269927057649e-01,-1.293206394095676171e-01,-1.836063372510736147e-01,3.263055332873585068e-01,-6.819766352868066039e-02,-2.690572892611987621e-01,-7.141099281137053278e-02,1.229170860853218139e-01,1.215949386473594573e-01,1.538823151190693017e-01,-1.044882299503787221e-01,-8.067805416904051674e-02,1.205283835245401364e-01,3.535508494973608334e-02,-2.448291607513216062e-01,-1.408607681254680222e-01,-2.289425831023104152e-01,2.953354655011787289e-01,-1.725977300581272023e-01,-1.178472825456523543e-01,-7.227359876973925290e-02,1.332127324338750751e-01,-1.229131079846431385e-01,-2.505023203655675212e-01,-1.249399356014674611e-01,6.956612040055565674e-03,-1.144582599626775832e-01,3.604604828194489241e-01,-1.283758356477509091e-02,1.516877155982499781e-01,8.846160796654606306e-02,2.419521858043393314e-01,2.337041085935721851e-01,-1.093024457283730266e-01,3.775538531983294588e-01,1.348829925185664191e-01,-3.540705065249941802e-02,-3.782263718854280699e-01,-1.419198518840739942e-01,1.636014562358422686e-01,1.340318685087460437e-01,-3.362788165496170129e-02,6.269774904745274713e-02,-2.627603779335037706e-02,1.560785551311173400e-02,2.595115380728053589e-01,7.201068283941572390e-02,-1.299143747819758998e-01,-1.794589091612309451e-01,1.090519525394600120e-01,9.792338259349522150e-03,1.028418270507688026e-01,-1.047205418468023091e-01,2.214690034011005948e-01,-4.580378653451452203e-02
6.095818515703697038e-01,2.271345150774196353e-01,2.362433350445506675e-01,1.215129173982545802e-01,4.960388516038181234e-02,1.436544466288960931e-01,-4.935824104902557241e-02,5.570692613432515206e-01,8.981231253280323734e-02,1.077527174036166241e-01,2.194132826831123873e-01,3.786076605832635472e-02,-6.545350123943852183e-02,-2.191132759673697361e-01,-4.793539950041717512e-01,3.629353160359364422e-02,-6.940592522622676674e-02,-2.067274624828034091e-01,1.301212571396273832e-01,-1.328355381879839370e-01,2.054490532507824985e-01,-2.969554131463729083e-02,1.241550446093691029e-01,-1.113740858526295341e-01,-6.643501567489014381e-02,-2.173624126865398021e-01,1.523748279934648009e-01,-1.037937556959126206e-01,-7.200548543923648848e-02,6.638936194169423044e-02,1.820118830734707427e-01,-2.200282748938938993e-01,2.033360639090203981e-01,1.244266023284015255e-01,-9.606984199497212162e-02,-1.538521407557180655e-03,1.156306615689115108e-01,8.574505197157865355e-02,1.416625982816943630e-01,8.650384598758591864e-03,-6.342477851719486182e-04,2.228949033406010527e-01,-5.589236606987805361e-02,-1.862274608457429870e-01,-2.590405921936588252e-01,9.580324723754113370e-02,1.260387121924397801e-02,7.652663534960298108e-02,7.604346053749344581e-02,3.509081948606340151e-01,1.118400513388590443e-02,7.439407790405030974e-02,2.318765893715870052e-01,-1.485198063139562541e-01,8.086391731272924224e-03,2.053411522626697461e-01,3.330477491259466183e-02,8.678151641429848739e-03,1.748403815165224529e-01,-7.738728599991420709e-02
6.714140084339782766e-02,-2.142023171965029837e-01,1.345158862998427907e-01,-9.283868617631194087e-02,-1.759241936337634649e-01,-9.507989919849257898e-02,1.490161105727149660e-01,3.771454154558744887e-01,2.768887578657474036e-01,-1.101619413586338164e-01,-1.496820844916413873e-01,-1.269043014832288985e-01,7.904217671553034896e-02,2.058286482864919442e-01,1.210081831848540401e-01,-3.526714645141014633e-03,-9.264251788718470132e-03,1.011567320050104080e-01,2.381075980580585616e-01,-1.005505333124347978e-01,9.380705514319900851e-02,-2.878908994348597372e-01,-2.702196949966216913e-02,1.366250302560156893e-02,5.342186465752849639e-02,-2.786934081187399936e-01,3.774578441358172887e-01,-1.485771260187093712e-01,8.199809484910711155e-02,-1.730048249661132048e-02,1.560235900404689513e-01,4.835771330466763496e-02,1.327371356206195618e-01,1.670556480581791292e-01,6.750210334678430346e-02,3.332859561203519588e-02,7.390214947720245842e-02,2.477487596096641237e-02,-1.415940546084901719e-01,-1.541646204411922239e-01,3.580868641297919597e-01,1.816541691797812774e-02,6.846505273883053688e-02,-2.247128067262584017e-02,2.065383255419642461e-01,-3.953622722645050436e-02,-4.231507811122907081e-01,2.365419206656262097e-01,-2.487400364283554877e-01,1.947858636858849635e-01,-2.679677901862919098e-01,-1.564445799676699722e-01,-8.120875516317489773e-02,2.192385288309086078e-01,-1.649437393424577347e-01,6.223520467626660752e-02,-1.328668734093999271e-01,1.123907452648337940e-01,1.081483459812165177e-01,-2.691030265214241490e-01
-5.897205523987307518e-02,9.405854295029666967e-02,2.410560504028227968e-01,1.786807700211991978e-01,-3.752021817791894032e-01,3.742111982127299674e-01,-1.111349098089019771e-01,-1.914689521541886388e-02,1.717353184430680801e-01,-2.459957561130143022e-01,7.338029003438251152e-02,1.325496993423612158e-01,3.004641778110015565e-02,-1.956735273499166650e-01,-1.182344467554349333e-02,1.754723385930056501e-01,8.536055636436201341e-03,1.996386750572647917e-01,1.293979912126436427e-01,3.045669827915460925e-01,1.713743021902750657e-02,1.499146947782786510e-01,-1.308213193262905936e-02,1.237182604193398233e-01,7.752185993881399902e-03,4.053874451552686997e-01,-1.784731204280253780e-01,-2.448299198738307092e-01,6.927510602565523090e-02,-1.440694941289644704e-01,-7.955748083044121566e-02,-5.033635581336522169e-02,-2.982897891937875620e-02,-1.881781862599817001e-01,1.640217752081896407e-01,-1.945809034652336567e-01,-2.865774637265187854e-03,-6.595776625224497591e-02,-3.185344417112966064e-02,-5.800999406684150678e-02,6.505939275060530769e-02,-1.252603442388335320e-01,7.999481255474308328e-02,-2.467228636859318536e-01,1.045084923613900096e-01,-5.229182116990162277e-02,4.421534880107362564e-02,7.147112382475126480e-02,-3.472015451232622896e-01,-3.140587868005095262e-01,-1.863522435031393365e-01,-9.389169753593228779e-03,1.403791348426542962e-01,-4.365994532920260407e-01,-1.653442924947011450e-01,-3.377811750475354091e-01,-1.892444205407335309e-02,-5.210309745734394982e-01,-1.179701093362395953e-01,9.414598871963200666e-02
-6.664975484807799874e-03,7.266333993984017137e-02,-2.158049707636380266e-01,5.473896229750355863e-02,2.826078653117921613e-01,2.890182718421467900e-01,-2.498662760774207625e-01,-7.999520889533912049e-02,-1.866672522172016235e-01,2.282314731267580110e-01,-7.286143880484644564e-01,5.030964504028896667e-02,8.212679081239242229e-02,2.824618163384172154e-01,1.187282432193029064e-01,9.754198356680446325e-02,1.081889127872267542e-01,4.015315256780588316e-02,-7.092067613224112624e-03,-1.531154285079445732e-01,4.437062948332446410e-01,1.341471271056246571e-03,2.853588344750442873e-01,-1.613447835405809605e-01,7.218426150431997423e-02,-2.375912967053228630e-01,1.571275897498168317e-01,-1.461067385870405966e-01,-7.561277249445601256e-02,-1.630304155644923814e-01,-1.035612705582856091e-01,3.155199273680010519e-01,3.681644943333252651e-01,5.779537544417174058e-03,1.510062862928656102e-01,2.666439881540251244e-01,-6.684331516581845656e-02,2.339915531938613069e-01,5.733154133317106341e-03,1.510901073062619893e-01,-4.058365558356193808e-02,-2.002843608980651724e-01,3.470925662464408035e-01,-1.243358108740524014e-02,2.516664362969437962e-01,-2.408273856171204430e-01,1.916943437257521143e-01,2.906293549519592956e-01,-4.902806220118848257e-01,-3.286998215903644827e-01,-6.769302053046541423e-02,2.689224848448806826e-01,-4.307494108861385784e-02,-2.892969396863689369e-01,1.780117100518993356e-01,-3.844160846805971810e-03,1.830079833061689087e-01,-4.503359702174390411e-01,-3.121567110150875735e-01,-5.959124579596519755e-03
1.256227390328771565e-01,-7.617548849358353642e-03,8.130664007963406270e-02,3.392222374650349925e-02,1.644445922638252955e-01,2.379983001353263850e-01,-2.316920439319852254e-01,2.340050656729443512e-01,1.673539382817906818e-01,5.272833228443255527e-01,-2.105667923019283183e-02,-1.325167248986675317e-01,-1.344339441465209894e-01,-1.317748205779701587e-01,1.745299393176309999e-01,-3.657086941991107704e-02,3.664791317027757400e-01,-1.805648409588153092e-01,4.136878788209021746e-02,2.371352804599959757e-02,-1.985535583873916932e-01,-2.737253566957534856e-01,5.504838501243118909e-01,1.710394689521373413e-01,1.027139050855791769e-01,-2.652012729403932512e-01,3.694035377078368210e-02,3.981515549961399669e-01,-2.116647052816100216e-01,2.261124599268288515e-01,-9.070373311251092585e-02,1.187504009138127675e-01,5.085947266179489945e-02,-3.365226364384273777e-02,2.062579924326673475e-01,-2.104798204778553505e-01,1.111637298205846724e-01,8.534132223307745735e-02,2.556251974352096168e-01,-1.649152221741457813e-01,-1.920539143981038754e-01,2.335521826676145631e-03,-1.834093185992731467e-01,3.263757192136159530e-02,-1.215598084263192352e-01,-2.484037482113782558e-01,5.541026211818729508e-02,-1.949630420703004352e-01,2.181175818282636222e-02,8.094217240656528811e-02,-1.338798038620886699e-01,-5.932007964610253037e-02,2.043214644217565892e-02,1.091937465474713403e-01,-6.562918011315668765e-02,-3.915226860746415065e-03,1.655010500924067873e-01,1.108289869210813405e-01,-1.398141821750838731e-01,6.894896438735567679e-02
3.720995240819286454e-01,-3.813368688861231565e-02,1.550821781821921375e-01,-4.677159116653564763e-01,2.849124615016595530e-01,1.543970109803441682e-01,2.478942826834290014e-01,2.337442483012323324e-01,-2.965279359763227721e-02,-1.825848149901005968e-01,-1.539152628260534728e-01,1.208264911126604585e-01,-2.119650176315504564e-01,7.574884837334616705e-02,-6.056153719724568507e-01,1.084697392132697585e-02,1.024488540700214667e-01,2.828062035676626260e-03,4.449771502950856938e-02,-1.799672952058978259e-01,9.747775254878199291e-02,3.409005667037151577e-01,4.555650019612578205e-02,-3.474701504160130350e-01,7.818197240931543113e-02,1.668274478383204723e-02,4.453835876384868581e-02,5.204150981271105092e-02,1.883411910174065673e-01,3.652559400993504179e-01,-2.767183070912556664e-01,-1.441592829368162909e-01,-9.893105095357819512e-02,4.410518715059218164e-02,-3.913784247473029998e-01,-3.838090725151058757e-01,-1.865764430813270924e-01,-1.906748954329676726e-01,1.772356348034865858e-01,2.410777945168031677e-01,1.029325110395833409e-01,1.886314269673784738e-01,-1.291868303980470423e-01,1.782362465346326585e-01,1.969995319841158499e-01,1.379378168774861822e-02,-1.324062651924609313e-01,-1.919927137953342799e-01,1.842881970612489373e-01,2.671799242942938246e-01,9.599894782762005696e-02,-1.191592932429468565e-01,-2.655457410809978214e-01,1.369322880024460565e-01,3.134104973635850472e-02,-1.805443720611594333e-02,5.376536640450046978e-02,-2.057294125710048271e-01,-2.215901632981822494e-02,-1.279510626428594922e-01
-1.125926708520534059e-01,-2.585246161905062623e-01,-1.129350668029952265e-01,1.979934421189041560e-01,-1.265819797091095045e-01,-4.839837617630929900e-01,1.576853624061706760e-01,-1.092497684253485313e-01,1.956063217427373435e-01,-1.545687661812717717e-01,7.126259471908279186e-02,1.682803422750572264e-01,7.628045172168543275e-02,-3.572577241078773169e-01,-3.132444070060865643e-02,7.722906477810820508e-04,-2.477998383900946802e-02,9.745419519006311149e-02,1.487569664149478721e-01,-1.030515480073234402e-01,-1.079409151622897356e-01,1.259728792117427720e-01,-2.981020245067499963e-01,-1.496189188102566292e-01,9.943163753496885027e-02,-1.098049868553792746e-01,1.197955182262349511e-01,1.546967962263689211e-01,8.268162718189896176e-02,-4.925355232244053860e-02,-3.057541229144070810e-02,1.939155454756485708e-01,-2.552342109737491468e-02,-2.285384236138976455e-02,-3.189899499149756630e-03,1.751442347518182285e-01,3.053329054043232155e-02,3.668787626421758652e-02,4.588626354428416987e-02,-1.682365549131565052e-01,1.288009745113034496e-02,-1.289464012799015902e-01,2.742850921747721007e-02,7.488627951590762222e-02,-2.885057681534990981e-01,5.706372239732402513e-02,3.736843943761920805e-02,-1.864653159131842430e-01,3.626066958599488904e-04,2.800233502899088789e-01,1.048487476097533372e-01,-6.572232453628023933e-03,-1.701664153184761011e-02,1.242738473914285907e-01,-4.249959124997314264e-02,-1.139299287054139354e-01,-1.425167794403552346e-01,1.791166389760877053e-01,-2.198090096514434266e-01,-3.747536660633551953e-01
1.315092938575652091e-02,2.172927341873235052e-01,-5.438709525035383130e-02,6.561575126083432630e-02,3.100562572230020075e-02,1.680236988408826404e-01,2.444777165178674549e-01,3.117352803676443074e-02,-2.635036794992228204e-01,2.551392555923150396e-01,-3.154501776852377537e-01,1.497831970546574798e-01,-9.150695856705307052e-02,-5.980314886469238062e-02,-6.458290764072668888e-02,-2.707277203531183174e-01,2.580544308041413104e-01,1.446658883172182719e-01,2.380215718924051649e-01,-1.890150218941281657e-01,-1.674856814570442054e-01,-4.683518761172261041e-02,3.239331429959909497e-02,-1.759536038906595323e-01,4.279866843040602831e-01,2.141163688125463371e-01,-2.055465509539457503e-01,5.623905873824739526e-02,-7.758590179895531735e-02,-5.436480705883310616e-02,4.599712025703650009e-01,3.389091824388879102e-03,-2.381900615259625875e-01,-4.180709573932021861e-02,9.333841285746592720e-02,-2.068468705057775470e-01,8.518099983850882517e-02,-4.911665549659120084e-02,-1.273126796496353852e-01,9.127002810808097777e-02,-5.876943201515605342e-02,-2.770432255356239937e-01,-2.156117951771923669e-01,2.342517566189826830e-02,5.106257114813610165e-02,-4.949032452569103457e-02,1.628731211266306322e-01,-2.041627281272905547e-01,2.397762971542591326e-01,-3.180153416199211214e-01,-1.924411359344247938e-02,-1.927950328653953160e-01,3.111531859488465557e-01,-1.511289210095041191e-01,1.787292918793568774e-01,-5.661970872628856177e-02,5.643472207009068292e-02,1.929955548355732908e-01,1.291853292400975128e-01,2.097958192587237036e-01
