-7.529966352519948947e-01,-3.126968088525495792e-01,-4.534999056368139714e-01,-1.603094443903497202e-01,-1.074252539324868777e-01,3.508503108304273921e-01,7.238665924949200595e-03,-1.605668029800681185e-01,5.466238496961861593e-02,1.570946150730463675e-01,4.622123169447658192e-02,2.353289089580122284e-01,-4.557284620506762973e-02,-2.817565436993620942e-01,1.139047321961310227e-01,-7.235282074050603321e-03,2.167093454122795693e-01,-9.737717957253347323e-02,-1.418527187418630875e-01,-8.035624792618957513e-02,8.137864706766313738e-02,2.225846071266854853e-01,-2.129299207901981864e-02,1.902373258527478295e-01,-1.945233202899887548e-01,-1.702256026250901222e-01,-3.478321175189157816e-02,1.296304975282258076e-01,3.031136961296652249e-02,1.500006908399724448e-01,1.274134133914109901e-01,2.344661871089819272e-01,1.929514368042959949e-01,1.952428621913090412e-01,-9.499489686529376253e-02,-3.168400333017864362e-02,-5.197322717252796098e-02,-1.262611338782884118e-01,1.156723450173587943e-02,2.790812461676867029e-01,-1.634997848619420269e-01,-3.484451532317168754e-01,-2.565987813605765666e-01,7.929294330284343550e-02,-4.977146036044474697e-02,2.103250217347176765e-01,2.360953831906244527e-01,1.543461778163008336e-01,2.931040753124014020e-01,-7.884948164611120525e-02,-1.171575652135021378e-01,-2.909343847468414193e-02,-1.391354029665842762e-01,-2.911101822358270752e-01,-8.310756255735055054e-02,-1.375426144240283199e-01,-1.508279060221179579e-01,9.629760189801059300e-02,9.029320957926934010e-02,-3.420142280182673633e-01
-6.458475514403055895e-01,-6.348183044871676950e-01,-2.597276370334194451e-01,-1.062004600594780579e-01,-9.765977210807204323e-02,-1.650981282667265959e-01,-1.131981109993170920e-01,-1.811328327976758634e-01,5.997614135473008229e-02,2.938621008958764991e-01,-2.657806015225647189e-01,-5.309807664138941480e-02,9.381126934148952684e-03,2.008497610641710174e-02,-3.005264909080004321e-01,-4.175758659661238381e-02,2.474800168936545364e-01,6.279127220073371651e-02,2.125770683551753693e-01,-2.682284047871382748e-01,2.240115436135057259e-01,-3.256160790135328997e-01,-1.165279766409998974e-02,1.980596312984909263e-02,1.291080481223852439e-01,-1.575043969651134801e-01,-5.680384436905117247e-03,5.497308300874037545e-02,1.766144629653950415e-01,1.025898759403287980e-01,1.514459481450726175e-01,-1.488276470207559876e-01,5.280931306918949103e-02,3.985666815685587339e-01,-1.370143002537251298e-01,-1.171956620702339913e-01,1.151239861334354096e-02,-1.087223186797396518e-01,1.921030890203712649e-01,1.811948627490510000e-01,-4.388552637937500611e-01,-2.920492485078742262e-01,3.201030370784422319e-01,3.472081086994444760e-02,1.660649000005576803e-01,1.749932520109567097e-02,-1.343944710119409913e-01,3.884792982677300055e-02,3.118947913452382315e-01,-3.048848527091368998e-01,8.442439658361669541e-02,1.129265760435613775e-01,-2.435888616204627266e-01,-5.440606201129647573e-02,-2.725303957224822944e-03,-1.653895737103481395e-02,-1.254327169110291962e-01,4.755719078448639170e-02,5.579291925865523943e-02,3.188704672212167024e-02
-7.643434685690200237e-01,-7.922738182333219914e-01,-3.980989018052982775e-01,-2.126723828345413181e-01,-2.264485530337623231e-01,1.107178348588013367e-01,4.482079924529265291e-01,-5.554038875108868907e-03,4.875967873183356116e-01,3.623411758076990341e-01,-1.721190764994945943e-01,-2.451199385793763896e-01,-1.894127490266475367e-01,-4.275494937917123650e-02,6.690935380428020274e-02,-4.711467301138376196e-01,-1.948480095558347558e-01,1.260242847054367787e-01,3.754661080700734122e-01,3.156295712818545096e-02,-3.608175506459857657e-02,-2.421199479517277542e-01,3.004835705721597885e-03,4.068872735940746166e-01,7.105052013558051105e-02,-1.409748721045209763e-01,1.089279339916674472e-01,-2.919290124590395719e-01,-1.853520355487949800e-01,2.458805869868253835e-01,-2.295568249485112067e-01,-3.180953855763096749e-01,-1.194848427387859707e-01,1.587900237799454994e-01,-2.932110145890447495e-01,7.637518857897054869e-02,-1.691183929304556450e-03,-1.137711688928521037e-01,1.161007129639889113e-01,-2.892685960410585899e-01,-1.692494255824804894e-01,8.899714097264546653e-02,-2.392862631344212510e-01,-5.309377137934497698e-02,2.169059106019111949e-01,-1.270084704054976199e-01,-2.697802385250139962e-02,-2.570035854430244848e-01,-4.512397056065037271e-02,2.465376706200000587e-02,1.010508561754456247e-01,1.626620301830013909e-02,-2.875999352171120238e-01,2.089081419281514085e-01,-1.264543891191096670e-01,1.547951871065832430e-01,2.774453457240089738e-01,-7.114807182542273734e-02,-3.001279673719111640e-01,-8.033885074802249449e-02
-7.769028984213325328e-01,-6.465779449946218449e-01,-5.476619998164331538e-01,-3.853559127975821896e-01,-6.847175160599258681e-02,-9.297583155501192020e-02,1.235022491727181954e-01,1.007032261276302049e-01,2.133593936630901466e-01,-1.545227959327747091e-01,2.802760027901453621e-01,-3.440342999936435997e-01,-1.132268556086804406e-01,-2.718760924917594246e-01,4.819173613478459905e-02,-3.500076655816036220e-01,-2.855560778289601420e-01,3.543138537774079833e-01,-1.106845854073240376e-01,1.911944525133413286e-01,-3.469762812570980626e-01,1.273822338407996635e-01,6.403270014712653113e-02,2.448622563782574257e-01,-3.279063344506880640e-01,-2.703172261337579707e-01,1.693887183303883770e-01,1.043257172424423215e-02,-8.555758302999108555e-02,8.841193948286094062e-02,2.831419886065843494e-01,6.715070026257873026e-02,-1.642057268783531365e-01,-2.920418375377912407e-02,1.319156824274994866e-01,2.416158822419290642e-01,1.323395980372005787e-01,-4.094405634085670348e-02,-7.257615558983969428e-02,4.509865097378801257e-03,3.213378701270671461e-02,-1.549384483075131602e-01,-5.734379899026714744e-02,-2.335263355804129692e-01,-2.384199473543574810e-01,1.480042051662009694e-01,-9.223179361748984340e-02,1.508668335898399049e-01,2.964821534383356716e-01,-1.360695125014229900e-01,-8.415035562053210794e-02,1.955054158055184454e-01,-4.859912966131372386e-02,3.841936351433718477e-01,-1.482095818405551602e-01,3.983086319823990473e-02,-1.580285864053681266e-01,-3.052649947205331865e-02,1.521951649868325818e-01,1.035827565485142737e-01
-7.893352840872692733e-01,-7.991071902581614594e-01,-6.848449455519519669e-01,-5.785200734554538649e-01,-4.494697102317134485e-01,-6.356996477914812760e-02,-2.812739882451006923e-01,-4.462475239941861987e-02,1.475655964900851047e-01,1.079898363432918451e-02,3.102315897834903025e-01,-4.496432929677807167e-02,-1.007905422299242570e-01,-2.690115591922638272e-01,-1.249043028619769152e-01,8.967068201364558622e-03,3.214809727661522426e-02,8.824960019238384246e-02,2.257914854532478421e-01,1.026121573972529760e-01,1.226077937910230869e-01,-4.443028742906713902e-01,4.499958118214854308e-02,-3.564247860466935314e-01,-1.605636781392086321e-01,-1.995530912444238025e-01,-1.754724351978730890e-01,-5.524708949020316201e-02,-2.688941187577311709e-01,-5.727651384848468641e-02,2.059338436734385325e-01,-2.026557699363245868e-01,1.151137080123456891e-01,1.939150645448589616e-01,-1.293874302168716017e-01,1.962894173181447266e-01,-2.593438941548212306e-01,-4.037081304035712859e-01,1.868881540431959754e-01,4.433643246226529611e-01,1.366648165529946446e-01,3.086485981801890266e-01,7.980538743794682310e-02,-1.454731309841692487e-02,-1.269932300838343964e-01,-1.351432174605410597e-01,7.475098498503893185e-02,-3.508975556112736488e-04,-2.630651549059435101e-01,1.293639583204753227e-03,1.829563010339079754e-01,2.556364145902728646e-01,8.311684494149028379e-02,-6.561056873089381181e-02,3.945425334437165782e-02,-4.443039356147986396e-01,6.884180620437260756e-02,-3.477304118061130605e-04,-3.516588253505921191e-01,2.922385787556861514e-01
-7.365659447317014497e-01,-6.148448990064091513e-01,-5.356701280761460016e-01,-3.768070601067570746e-01,-8.946049507314630944e-02,-7.019793912151592319e-02,-5.261733501675280866e-01,1.175231288851113637e-01,3.608274973558660975e-02,-1.699964771536798258e-01,3.066428986259321365e-01,-1.968631405030795700e-01,1.200795554240027957e-01,2.551894887628316372e-02,-1.503046838322207590e-01,8.388918937378922469e-02,7.026733605467565258e-02,4.103154799685985316e-02,1.392743577894280660e-01,-2.255294900542715447e-02,9.017232311493244418e-03,-8.889908092369827597e-02,3.172215342859038278e-01,5.474935753647473813e-02,3.740517084533985515e-02,-1.636168090806850162e-01,4.292439321119457807e-01,5.606199974171791750e-02,2.246226474314057808e-01,1.101743517877332712e-01,6.984842081311200268e-02,5.105917404198786341e-02,-4.476715144563388898e-02,-7.246235298319478324e-02,-1.871437781095380282e-01,3.719275433206024190e-02,1.624108624259612277e-01,-3.328882412037036387e-01,9.412247727660787155e-02,1.186794611288537055e-01,-1.692994946439035919e-02,-2.802921132843153584e-01,1.397062841210718054e-01,-8.034205647885453438e-02,-2.650098773319117251e-01,-1.730229489900996231e-01,1.597733304792808284e-01,2.520106332230229867e-02,-1.009201054737581538e-01,5.481491000298034655e-02,-1.818488436814742412e-02,1.407158550010111434e-02,4.048385007888573306e-02,7.545457615586356748e-02,2.450142121689204977e-01,1.746464660039845074e-01,-1.797740568146650730e-01,1.991149332402060712e-01,-3.824989746133103941e-01,2.968420544092976177e-01
-6.186733118662138819e-01,-2.509552341842734569e-01,-1.020377725154970328e-01,-7.558894375674139743e-02,-2.523254951778102217e-01,-2.345454226189657709e-01,-4.028391545481698754e-01,-1.904646746703355098e-01,-3.273704931480747593e-01,9.300144133718780959e-02,7.123236228706247841e-02,1.499708953539344025e-01,-2.388780501393860389e-01,2.576302076195021162e-01,1.222156568001492999e-01,-4.070429056976342386e-01,6.297663945122544682e-03,3.033533906038588523e-01,-8.597430607472132669e-02,3.288520989800634148e-02,-4.160016767215329314e-01,1.494400600346034412e-02,-1.854901900957159344e-01,1.461464168787475482e-01,-1.583367777930091702e-01,1.869584935433349360e-02,-8.004021614446477084e-02,-4.305300826983242679e-01,-2.932687043830017881e-02,1.782169655497623795e-01,-2.175783051735850210e-02,-7.912706699074112393e-02,1.075684749643268656e-01,-1.642675484644111894e-01,4.509466884466456840e-03,3.548970676809261315e-02,-4.387514107508677652e-02,1.934080136686296691e-01,2.470417067445235815e-01,-1.637656114612232316e-01,2.628660991937322236e-02,-1.537292130432273973e-01,1.079623499612908655e-01,-5.111809390853071233e-02,9.271797779437647435e-02,2.166028291074340584e-01,-3.344979292014249594e-02,1.799247733345149258e-01,-1.622688654113457751e-02,2.219957901284340118e-01,-2.934025434528805265e-01,5.330957989672524371e-03,-1.765826073211270719e-01,-2.357139776146192633e-01,-2.694932535060775014e-01,-1.452305857635937114e-01,-1.607418979582015961e-01,-2.064979911983143290e-01,-1.446056246989415317e-01,9.405688169815459854e-02
-3.274256570810540334e-01,-2.697325867080976880e-01,-1.749508299945267686e-01,-1.103924860172693367e-01,-1.921847180635443686e-01,-3.377973974249101063e-01,-4.395212356551587152e-01,2.042452844088322728e-01,-4.414681741409630655e-01,-1.562559727693968101e-02,2.082653565283142938e-01,4.655595797157633525e-02,-3.339775495676908235e-01,9.731352764072506711e-02,-1.741575255905824515e-01,-8.364848858953218003e-02,1.545543513061048146e-01,-1.036857329627062924e-01,-7.349126107606736291e-02,-1.342507153358025729e-01,-5.828787134891253580e-02,-1.720921751140753742e-01,8.501363986032568765e-02,4.994341344565370738e-02,-1.065274748353778611e-01,-2.413676486585595582e-01,3.440302268366067784e-01,3.962696318530887218e-01,-3.034248347884275221e-01,-2.400226968971156671e-01,-1.996591715406109135e-01,3.090348169309040660e-01,-2.398445070696944015e-01,-8.504462508065768755e-02,2.207228263838959259e-01,-2.858245047627317459e-01,8.867533336650113007e-02,2.379618963662544304e-03,-2.669170062921054631e-01,2.700468142846637609e-01,1.225978301987291560e-02,-4.776068056479566559e-01,-4.358353718031778706e-02,1.261660034201065872e-01,8.405573521512285651e-02,-1.992602817845695040e-01,-4.347698915835884748e-02,-7.401612667457706241e-02,-4.627586338931808513e-02,5.059806860327433625e-02,3.545494122792426372e-01,-5.495302579011670380e-02,-6.428334932783430315e-03,-2.796577402575782245e-01,2.899785994585248328e-01,-3.026868119598268847e-01,-3.137646921749835671e-02,-2.181358184177827064e-01,-3.017887564277582091e-01,-3.916491684521801464e-02
-2.974208054178690830e-01,-2.274494519525690761e-01,-3.060646384956821620e-01,3.591031537927406869e-02,-1.095294795692482587e-01,2.757085862198552922e-02,-1.001028149730627259e-01,-1.682238721649439717e-01,-2.248428032007522559e-01,-1.271818490141228553e-01,-5.041655666240051070e-02,2.489088928498109365e-01,-4.735839137072818117e-01,3.734710136504394706e-02,4.592334273116099874e-02,-1.877200198941840203e-01,2.900607350216098390e-01,-2.650899591601374450e-02,-1.399651784279906386e-01,6.620279206921546311e-02,1.964931246500332684e-01,2.461360499576686900e-02,1.721160002795210642e-01,4.255511838448878814e-01,-8.449224544955870331e-02,-3.182911079512146073e-03,1.254035039682750430e-01,-2.876443297179069880e-01,-8.733650514559639089e-02,-4.656257782724930183e-01,-1.713110378388758570e-01,3.128102306020412449e-02,-1.649881872346268263e-01,1.278429316616243872e-01,2.286685900500763091e-01,-2.298384825211588489e-01,2.346606880089069092e-01,2.053055704817357066e-02,2.524056952783295671e-01,1.186150414088779081e-01,-2.981926249401108953e-01,3.297738064775279469e-03,-3.750341555998525922e-01,-3.026825260535035908e-02,1.384077652080342447e-01,-5.321394467167912534e-01,1.877562396633656872e-01,3.338049720670653586e-02,1.237026315325212567e-01,-4.982417421143488928e-02,-3.407532301173720746e-01,2.272492338028308991e-03,7.946289476247615780e-02,-1.681434117814942231e-01,-4.626466785870312487e-02,1.182073980880496145e-01,-2.488941811817333427e-01,3.542113737543625684e-01,-1.354494902425755209e-01,3.333913842168072517e-01
-2.367613323674750414e-01,-2.715282528134213003e-01,-1.573139484358942741e-01,-4.795287647479009457e-02,-2.638326634025615069e-01,-1.489782396652208907e-01,-1.569241862271381627e-01,-1.926108609624915813e-01,5.296564910366091672e-02,-6.588825858019813075e-02,1.041665828361797858e-01,4.941449538348091641e-02,-2.317254495266013459e-03,-1.392462105519481352e-01,1.055462853751019114e-01,4.831226664652370217e-02,1.187449191509667434e-01,8.542696952358905249e-02,-3.460797961631568720e-01,-3.795632032144407031e-01,1.747037414519880261e-01,-1.080278507924790354e-01,-1.777879644126190107e-03,-1.282877116782571159e-01,-1.521883744092353274e-01,-1.177427191959425495e-01,3.173048310458449761e-02,1.302516077244272874e-01,1.351849346824196552e-01,1.019553108654420032e-01,-1.344369459801691979e-01,-3.491002730434168699e-02,3.353127944082206491e-01,-3.440416697757075482e-01,2.086464049872537863e-01,1.909739089439193571e-01,4.067885896459723094e-01,2.274266706427089946e-01,2.456897327566981148e-01,1.254291986463932085e-01,-1.996331720446443136e-01,1.428944984135323559e-01,-3.282209106775051122e-02,1.011123446266210812e-01,1.336726087128031204e-01,2.231217931582467617e-01,6.616335787890656461e-02,2.664990658679429192e-01,-7.053739943271893076e-02,-2.011916794380624596e-01,1.543931104750832228e-01,-2.645593592457570753e-03,2.571632556541001979e-01,1.463932820056127182e-01,3.648006854688413680e-01,-1.396787402985003312e-01,2.142303694446774931e-01,-3.082804058462833008e-01,4.633336118948746390e-02,3.826216993609842243e-01
-1.666158711470363263e-01,7.852970047004647486e-03,-5.893285344145850896e-02,-6.053247120835140993e-02,-6.351681677938256221e-02,-1.312105453078847295e-01,-1.286751273596373202e-01,-1.530502132908583834e-01,4.309695130034438965e-02,7.385546341301015005e-02,1.903122818207204081e-01,3.620936133226029113e-02,3.212725880782453802e-01,4.450029399087246200e-03,-5.464019503084668189e-02,-3.064261133426123274e-01,-4.590762965798463047e-02,7.655116136521744608e-02,3.133274239475273837e-01,5.624980288324023942e-02,-1.821307936294268570e-01,-2.190040014401824497e-01,-3.479095079016675807e-01,3.561441262436863125e-02,-2.192557095839914039e-01,1.572383928554554333e-01,-1.265849173200191136e-01,-4.085972220122180421e-02,-1.285667630875019785e-01,1.338943319159827394e-01,-8.667246761326583004e-02,3.770480686210662680e-01,-4.738035134665795345e-02,1.013656462112502987e-01,2.628785277370555562e-01,3.067405215414745201e-01,7.458290092722529019e-02,-2.019072492270090891e-01,-2.225861615830481421e-01,5.640663036396611346e-02,1.082349769813742563e-01,2.093395147957938067e-03,1.538533280906642653e-01,-2.364454572984913683e-01,-8.158553584541219927e-02,4.118875167275094507e-01,-2.154811699764427324e-01,3.215550288704567550e-02,1.451733675086682163e-01,-9.439983295574141953e-02,5.788646446533116802e-02,-5.456706659103097712e-01,5.507580059031826764e-02,1.357681907910384400e-01,-2.015166967016928171e-02,1.062144058771611818e-02,3.122903340595090810e-02,1.510139049213653217e-01,-7.238846766861109505e-02,2.080934025705061807e-01
-1.330377237916204325e-01,-2.069391587318621661e-01,4.665727290023530087e-03,-2.497317580987357954e-01,-3.755074886877722840e-01,-1.121876720516044451e-01,-6.529421893841137747e-02,-9.296970371768850661e-02,-8.747763473630316977e-02,-4.108575387148968167e-02,1.325665388639923892e-02,6.104255584213524877e-02,3.491780985377581498e-02,3.189606253765381316e-01,-2.264931215669178377e-01,-1.201506668772461400e-01,1.099544475827399503e-01,4.210806771618279959e-02,2.466094955200709704e-01,7.652009707383702897e-02,8.159549227318341549e-03,4.819946927355573535e-02,2.272652833227062439e-03,-4.441645478256232848e-02,1.221073554681664231e-01,2.590862294300529389e-01,2.583177225839646263e-01,1.952436150251480318e-01,4.919108472587885306e-02,2.853200525232118534e-01,2.164235557406151977e-01,-4.884997394501065793e-02,-7.053175881273263115e-02,2.568316808056209100e-01,6.930141510730633558e-02,1.367132164634004554e-01,1.999154324729052745e-01,5.415024571451295538e-02,-1.563885617075009837e-01,2.879931658296418506e-01,-7.278914945076558896e-02,-2.221578807888734963e-01,-7.774433742626928046e-02,1.053877590987771090e-01,-1.162793583481797344e-01,-1.684957555770726645e-01,8.434831663062067331e-02,-3.348445381822136580e-01,2.303436814171755474e-03,-1.844756837084858825e-01,-8.193279009576663607e-02,-7.804878202003046050e-02,-3.063501385588721787e-02,2.704238680139129380e-01,2.230213181007415640e-02,-7.196918120753738324e-02,4.296278670765733831e-02,-1.302548938532672174e-01,2.033482178789364769e-01,7.830086425607442335e-02
-1.784096402707016915e-01,-1.587934564463095444e-01,-1.033947394515083856e-01,-1.044125113975320207e-01,2.954234341595625511e-03,-8.399388772284159532e-02,4.908645963525827549e-02,-3.592799699450463513e-02,-9.944471269265769964e-02,-2.407823869334050626e-01,-8.321572698874450669e-02,4.839667105688631038e-02,1.700418726534023151e-01,-2.490729794214712189e-01,-2.657848814540162974e-01,-1.989741060830667041e-01,-1.586046544457830609e-01,1.492449855497358091e-01,-2.411159098915059418e-01,2.390084240706006891e-01,-1.853998189886413572e-01,1.536121536267622267e-01,4.152741473152514184e-01,1.947157446036958950e-01,-2.855836486230854954e-01,-1.339803273847601228e-01,-4.907110451939739049e-02,2.168883476754892570e-01,-1.777716845603389273e-01,-3.223813378247793460e-01,-2.280253842510006346e-01,1.223131036128807525e-01,-2.165945294092743167e-01,4.402825520252183766e-01,8.099476671729934074e-02,-9.370964365937417551e-02,2.067051232300771701e-01,-3.648593743942134537e-01,-7.416158569934941380e-02,-3.055132399463949058e-02,-2.365716148237243244e-01,-1.161917337035390102e-01,-2.925444570939171873e-01,2.874273850628201732e-01,1.300172256726696562e-01,-1.790794046549183949e-01,-2.420280117162724731e-01,6.914382985648678814e-02,-2.637778131503800694e-01,-1.583975601469709837e-01,-2.574938578981306181e-01,-1.359458735480737201e-01,-1.495521045630139323e-01,-3.308197257496979793e-01,8.362095557748538965e-02,-1.201888440347210069e-01,-1.178508422806057998e-01,2.312326111886778557e-01,-1.346649986532490462e-01,-9.260753506095079080e-02
-1.290323762293978382e-01,-4.134364753410538912e-02,-1.097091845376495789e-01,-5.197885439994755913e-02,9.200508140503196874e-02,-4.642065276078895936e-02,1.131032947404780192e-01,-1.033921489331397492e-01,6.105857464064846571e-03,1.576874962197253871e-01,1.092241327858363142e-01,-5.188084376137516024e-02,8.060320483680119552e-02,3.919422878687311984e-02,3.110348308917397775e-01,-7.543653250724395576e-02,-1.867153130706204062e-02,1.377234252060873521e-01,-9.892003793393908118e-02,-4.024916586843524380e-02,1.207189870394053191e-02,-8.495697906466495586e-02,1.004663981699519953e-01,1.872969416647219665e-01,2.794687164461139850e-01,-9.160933719701899736e-02,4.497709376579744900e-01,-2.475406718985562748e-01,-2.388965715051138972e-02,1.051806895423699484e-01,-1.742777799246130604e-02,1.341686058341258203e-01,2.369323166567909866e-01,2.218662014852368358e-01,1.841590435879069398e-01,3.778882607868515597e-01,2.316589070703124753e-01,2.517987304568212181e-01,4.375913214752158997e-01,-1.366463214415456207e-01,-5.748142125523426904e-02,1.447044324876533561e-01,-2.273313482004843122e-01,-5.589516866916022578e-03,-2.175413576957601139e-02,8.829432943531911882e-02,-8.981576462699092378e-02,-6.810464646242890552e-02,-3.283661811341406223e-01,1.747011327431951810e-01,-3.891576237778217318e-02,1.448729579069648055e-01,-1.364464483173145060e-01,2.768047255842568388e-01,1.767094719163732341e-01,3.212898874807226801e-01,2.401008618712444365e-01,5.847914963933387167e-02,1.490299671546427007e-01,1.282307680398155937e-02
-1.285904234350987961e-02,-2.758135043388169200e-02,-1.734876751339449741e-01,2.878959366575504358e-02,-4.000288331774481260e-02,-6.292874137390649936e-02,-1.354040167555094947e-03,-4.738733621124894407e-02,8.084585439404110008e-02,1.008139866257017070e-01,-3.109833256838879373e-02,-1.235280004778279289e-01,-2.019573254686247432e-01,3.278476398739366138e-01,3.577037640737005392e-02,-8.586829547065252810e-02,4.533227580915065447e-02,-2.754226551536041040e-02,1.127586992550311945e-01,4.459936897449817694e-02,8.774657929410703550e-02,8.197124612861039772e-02,-9.969779811184176915e-03,-1.088313880535363987e-01,-1.641090196717385208e-01,5.590284287524271978e-02,-3.715937935815197962e-02,1.285349449478337923e-02,2.323860316776187318e-01,2.708001299333477330e-01,-3.765859885723419481e-02,-1.417987877510656636e-01,-4.507425068867476517e-04,3.574673264132937622e-01,9.200315149769637546e-02,-5.983382047907837183e-03,2.957165605269975739e-01,-2.530111472323771649e-01,3.433927687815093721e-01,-2.436862142943384824e-01,-9.856510494707833303e-02,4.504376115860271590e-02,-2.147069021470287831e-01,6.714038503414881953e-02,-1.423159307466845269e-01,-5.524285780962932130e-02,5.253602004267221570e-02,-8.902362640441878472e-02,-1.155342356736402398e-02,1.924282473956398787e-01,-3.571136438865492591e-01,1.491693501099349839e-01,-1.549868618814001786e-01,-1.864553560051893794e-02,1.512687656157357119e-01,1.059824746959985575e-01,-1.595340692123682277e-02,-1.760041526660419131e-01,-2.114691460932582867e-02,-8.686300194721727208e-02
9.927867349095691185e-02,-2.587143417883758061e-03,-9.921995637702019089e-02,-1.576404925431290349e-01,1.988160654253296467e-01,-7.676699362766928325e-02,-1.180022937164715569e-01,1.186833411209665401e-01,-1.630331634723841960e-01,-1.427118417135219419e-01,-8.597119982024660489e-02,1.533742056457509939e-01,-2.297602164711305406e-01,-5.208171133419077226e-01,-2.694979812615173539e-02,-1.666063118268132082e-01,3.125450737620039110e-02,-9.564462426928121985e-02,1.723173600627717350e-01,1.997245844369622755e-02,-1.120157408873370120e-01,4.008357309981688127e-02,2.297283776134983468e-01,1.723289631604023320e-01,7.530737838360310188e-02,-1.678135907159926735e-02,-3.260793606044515291e-02,1.312397284729076019e-01,4.369403193465799112e-02,9.368495502085209814e-02,-1.076369913429327252e-01,4.227087567668895429e-02,7.180182718735786396e-02,-2.072588026280330984e-03,2.130156584179814308e-02,1.766560576317675879e-01,4.488862502039848157e-01,7.964280924081787449e-03,2.000395564511659730e-01,6.336929768050174605e-01,1.433343445827832130e-01,-7.977843430447946471e-02,4.074108723206617405e-02,-1.536303776035647106e-01,-1.212177448280823133e-01,2.350564442621979055e-01,5.100501684782121625e-02,1.473074328545694771e-03,-7.324353728545918152e-02,-3.471318270317670374e-01,6.886615197704401559e-02,-1.573715129003543933e-01,-1.542419693136461434e-01,1.939487300858928343e-01,-2.538247765309837312e-01,-1.258132293040540584e-01,1.097574724061395335e-01,1.811741413948636525e-01,6.938363296007672709e-02,-1.194265378377566272e-01
-1.038721569013325782e-02,-1.161292284228920002e-01,-7.674211000848321640e-02,-1.659527975012245748e-01,-1.881624936923984859e-01,-4.058271295059019679e-02,8.973307345782079170e-02,-4.258348842266386214e-01,-1.099387669517409016e-01,6.503195468506972610e-02,1.256817762628263391e-01,2.004260353380704629e-01,1.021938314387276642e-01,-7.430431730718065064e-02,-1.269920324338937867e-01,-1.505569516394427432e-01,-1.800066625075823559e-02,-2.404603316308010219e-01,-1.843728596895024552e-01,-3.547171241361122274e-01,-2.509879292245392746e-01,-1.590601493237218111e-01,2.347998902290498319e-02,1.257621921434196599e-01,1.064721812743409518e-01,2.455604289891308994e-02,-8.725655783612469574e-02,-2.384670361565227881e-01,1.131703981466592318e-01,4.708034333818057748e-02,-1.647725083067011764e-01,-4.342778970267250488e-02,-6.826631823654358278e-02,2.796337810515070466e-02,7.175656456182662180e-02,-6.502766220350769677e-02,-1.291216688002053414e-01,-1.832740393596280770e-01,-5.316916819261004179e-02,2.049571360075244097e-01,-2.906453256760792997e-02,1.959748659110641111e-01,-2.762128509763585038e-01,-6.437784440313591705e-02,1.860493606801340849e-01,-1.284887325161145344e-01,-3.084080007774244181e-01,3.448403478101667863e-02,-2.782628107035107767e-01,1.081876088153670423e-01,-2.044139961504159719e-01,-1.735346431133875378e-01,1.215681390737597817e-01,-1.538887067916455409e-01,3.316307768934961264e-01,-5.175962412286870540e-02,-1.278542727740077933e-01,2.651520374045179904e-03,-3.194645744269269949e-01,-2.707913408529086796e-01
-1.052840307640073442e-01,-1.378139709936137824e-01,-1.262028021151583301e-01,5.700819505995624939e-03,-1.193683315068835987e-01,3.087682464530185425e-02,-1.201089346306702943e-01,1.349917343680538395e-01,-1.236467181936958121e-01,-1.151092939250331487e-01,-8.867051470023637472e-02,-1.408970098596409315e-01,2.721390423662977121e-01,-2.590309842285868497e-02,2.181607650549231558e-01,-2.648219019500872018e-01,2.181676590508576513e-02,1.819381350496275529e-01,3.201971936194093760e-02,-1.587564444039170075e-01,3.033971095673716478e-01,9.319849658633913569e-02,-4.252855891330982741e-01,-7.587729658249603437e-02,-2.374329936899722548e-01,9.449164321085615215e-02,-1.281327951154631606e-01,-1.841733933911717663e-02,-8.043808442688700489e-02,9.444155240902066262e-02,-7.422677380595085750e-02,1.623878257445457995e-01,-1.091027882726578468e-01,-2.232174475400889313e-01,-2.054749733487259977e-01,-5.291858736040255806e-02,-1.551187588625514147e-01,2.232546609070506227e-01,5.694589874535738172e-02,-1.623689727194311261e-01,4.735982109442257171e-01,-1.965501926487875015e-02,1.087663258687447260e-01,-2.109355278124039612e-01,3.453938564526553012e-01,2.966818806476197862e-02,8.194531864969292756e-02,-4.238828615483555273e-01,9.045212463353466403e-02,-4.588357857348091332e-03,1.232802711067400303e-01,2.244910290119511431e-01,-1.926674248969690029e-01,-1.602304414817963818e-01,1.066338472611660405e-02,-1.650748634385472979e-01,6.284652210510602299e-02,2.508674840030950537e-01,-1.019384544880093807e-01,2.219566850515713452e-01
-1.254694722736295585e-02,-4.452588802652505950e-02,-1.180361449406756719e-01,2.400314940143116749e-02,-9.637437292664545463e-02,-5.682923037963314578e-02,-7.162531136589914138e-02,1.270903069065582557e-02,-2.119983711278585758e-01,-7.549043562037623112e-02,5.818797869015328306e-02,8.026010998371913008e-02,-4.337552724139946692e-02,-1.966955714285798518e-01,-3.670566321937934751e-02,-1.147644824151983038e-02,-1.407438359383962334e-01,-1.329659413208525518e-03,-1.020298158380998979e-02,6.046559167000503448e-04,-1.187925284107191060e-01,1.918610430622344210e-01,3.208682165429892208e-02,2.436213180622078533e-01,2.071500262484205976e-02,-2.825864368524168557e-01,-2.071091635100109560e-02,2.651967687719691269e-01,-1.601766914992173996e-01,-1.800734051647580602e-01,4.833911495912975864e-01,2.856676143979527405e-01,-1.586600792509212376e-01,-1.143484380406112610e-01,1.371708763022592634e-02,-7.598910109789857930e-04,1.214656127829277510e-01,-5.480934648299976703e-02,-8.680560346387208859e-02,-6.499625952005282092e-02,-3.053619017366785565e-02,-1.464658621008086692e-01,2.212828219699964488e-02,1.897284395892926689e-01,-2.750743211788997389e-01,-2.511498996547804063e-01,6.311996374566432311e-02,-1.776280777227691107e-02,-1.616107500095033678e-01,1.236007206653242374e-01,2.214707699419272632e-02,-3.054360483250775915e-01,1.364297397103178544e-01,-2.400013114944128390e-01,3.761203564113398956e-01,-1.900726252401569172e-01,-2.052036782421264860e-01,-9.856823775213023608e-02,1.597678669325339196e-01,-3.971034040775025392e-02
3.748202798532519753e-02,-2.129627412997845970e-01,3.921536550648684061e-02,6.913951108480828611e-02,1.079365241554126331e-01,-5.537757508423657264e-03,-6.978094524649748609e-02,-4.278954893327591852e-02,-4.234101219190663373e-02,-1.936761694024138336e-01,-1.424091500437485555e-04,-7.614760969012647485e-02,4.518081281832170282e-02,-1.186672552519321168e-02,1.098982066982634176e-01,3.428841068032632833e-02,1.401052448062725109e-01,-1.299979573136309796e-01,3.030516735021137054e-01,5.158976537572136645e-02,-2.650635430167092195e-03,2.005525283165282002e-01,-3.440377005874440397e-01,4.201024028626659801e-02,7.222441533679770098e-02,1.514581181931603515e-01,1.054251797549397435e-01,-6.446641024182475817e-03,3.734559435581109588e-01,2.402690101956725041e-02,-1.650685882823294259e-01,5.049475215631225172e-02,-1.875583321332535414e-01,-7.524187206611797352e-02,-1.382415267251045632e-01,-1.655669675936993213e-01,-1.346537160788163767e-01,-6.482059409911028469e-02,-2.134041773160348376e-01,1.199211661405721746e-01,-6.678746895438761495e-03,-2.120142323061013911e-01,-1.069228626883797773e-01,1.892421215018604275e-01,-3.261307902599613895e-01,4.331655733794604890e-01,-6.412250486017483098e-02,9.827152689017487619e-02,-2.238647547177787245e-01,-8.624772595342664050e-02,3.556777310880200604e-02,-4.707524379449114227e-02,2.358480862497616959e-01,-9.016290497802434412e-02,-1.316982066495592796e-01,5.569718781258407858e-02,-6.286841895747638520e-02,8.897571165955897587e-02,1.519850258280676658e-01,-8.982297620243452629e-02
1.220122097124829025e-01,6.464440574765870084e-02,-1.552961635296825071e-01,8.691386393575380176e-02,4.427592344770424349e-02,-6.107884684355478072e-02,-5.893070943216112412e-02,-1.424844409303003268e-01,-1.950497812880113147e-01,-7.504049778252107339e-02,-1.796613454954159098e-02,-6.655396671643051820e-02,7.363647168925635533e-02,8.321843057923833387e-02,2.483533982791296668e-01,2.038259010561661172e-02,2.367127795132343560e-01,-2.402865972497962854e-01,4.658592952657589908e-02,2.425615603812696364e-01,4.235118691009282649e-02,-6.653326840760116767e-02,-8.084096962571676870e-02,-7.658824892907437065e-02,1.535813871491910343e-01,2.433259157433581288e-01,3.794935686032496203e-01,-2.638606868078568479e-01,-6.820197165509105097e-02,-3.494786993337878900e-01,2.488826489303114925e-02,-4.125740813229153425e-02,-3.542676725915446662e-02,-1.844446503626699096e-01,3.234293305673415775e-01,1.094066534557484316e-01,1.158224237837967088e-02,1.877985438566593113e-01,3.966778863570218083e-02,2.131404634487810701e-01,-1.530517236163548012e-01,-4.425793924201976703e-01,4.544680534412415089e-03,-1.674793912243990324e-01,-2.748859827305859538e-01,-6.919646767558303158e-02,1.322671644332188978e-01,-3.451324445518144657e-01,-4.467499034116930584e-02,7.187760515315988301e-03,1.388337127816848537e-01,6.790350923141737216e-02,2.488384491088074246e-01,-1.068387399929167092e-01,2.805342816815576401e-01,-6.999861232915488563e-02,3.650843138865474818e-02,-5.156093474252147757e-02,1.858163985935232798e-01,1.391482780208365966e-01
-9.351720599849111526e-02,6.892982775622276403e-02,7.106102584895326868e-02,5.907377512984053614e-02,-8.632350771598577832e-02,1.783076578936783618e-01,-6.244187288542286940e-02,2.068951060999124625e-01,-1.789429031979803963e-01,1.204897820776479854e-02,-8.756322670292140953e-02,-1.795925306928797954e-02,-1.438336917161281148e-01,1.283844166801817455e-01,-6.538211521552589681e-03,-6.739944620242051265e-02,-1.630520372260953477e-01,-1.666266179442014161e-01,2.031205832317656002e-01,-1.991237333754174998e-01,2.463372620244079769e-01,1.429528132455697709e-01,-2.017220978641668661e-01,1.870509639881517694e-01,-1.525902402948671743e-01,1.384744416605664663e-01,2.375941301431578473e-02,-5.918451871820051835e-02,9.834797094842240295e-02,6.702473499355741937e-02,3.155803217655877013e-01,9.108126081992604095e-02,2.374058017465137671e-01,-1.844932756655252304e-01,-7.694926469254387280e-02,-2.590222149033854504e-01,1.522622568480878624e-01,1.013092948777457626e-02,-1.419723280947717825e-01,-2.402673059000658695e-01,-2.306704895359572571e-01,-4.771159468825867528e-02,1.817800645750754229e-01,5.084468084389270892e-02,2.794147745146683542e-02,-1.327638323618088034e-01,1.507972402869017237e-01,-1.745686285978875762e-03,-2.372661303297665947e-01,-2.554007959073053002e-01,-7.582808042821119476e-02,2.651331249616166799e-02,-9.766419924620231563e-02,-2.417951245083395373e-01,-2.148530412309692661e-01,9.376302875286732230e-02,4.780476300965047498e-01,2.315224398728419897e-01,6.329755502261448508e-02,-8.557921868819701183e-02
1.124135856701036738e-02,-5.759812496467954512e-02,1.490895216482247543e-01,-2.292637448444530615e-02,-1.032057971995939960e-01,9.829165593043406868e-02,-1.750365652101431302e-01,-1.036948765034362979e-01,-2.159527764801420502e-01,-3.728483247829862679e-02,6.580018767363686460e-02,9.383479469346155816e-03,-2.394117119782191716e-01,1.329411727663037390e-01,2.342541404439231201e-01,-1.342683629937581613e-01,3.181079797419643362e-02,-1.704362582347527799e-01,3.795137388685676516e-02,2.245117694110243534e-01,-3.698309034395698414e-02,-1.751439575055366848e-01,-4.561099532363146331e-02,9.639021256044312536e-02,1.154533431926348247e-01,1.256457566841943374e-01,-1.353411556396048598e-01,1.577760460040437684e-01,-7.536153659836553054e-02,2.888225013958247711e-01,2.366630663937118739e-01,1.961147346270813441e-01,-2.945648738168495373e-01,2.010480693557388232e-01,6.683004506282433366e-02,-2.352109298376764759e-02,-3.730149212033723183e-02,-8.856506787286276550e-02,-3.929893939181126894e-02,1.109523891652173661e-01,2.788983303934692293e-01,-1.350250904899418514e-01,-2.418935251352019589e-01,3.654484690996759877e-01,2.577117330215759061e-01,-8.539042841450031340e-02,8.908374537523530701e-02,-1.430607195879972371e-01,-2.799777150570866291e-01,-3.917648762749807445e-01,1.402209578719987304e-02,-1.105755459752193887e-01,6.018742543879658513e-02,-1.125355909922762521e-01,3.775820139768254480e-01,-1.874115319096714416e-01,-7.308223823530518581e-02,-2.346899017593209180e-01,3.051117926414754766e-01,2.219729150027741071e-01
4.795954386158123722e-02,4.100763858821863950e-02,-5.462641182112201906e-03,-8.723762761598889692e-02,-1.299066357180864162e-01,-7.308421509621022827e-02,-3.841926989951906235e-02,-1.180499053228770412e-01,2.587840054719580188e-02,1.417393834962867305e-01,-5.434684924968891107e-02,1.291947953971624430e-01,-8.380307271473851072e-02,1.000613976453017806e-01,1.685759166493774885e-01,-1.250103235264041213e-01,1.253129516252194653e-01,-1.798717548050090820e-01,1.173157594833711681e-01,-2.462196335640895462e-01,-7.513585732717917298e-02,-5.532630711198242152e-02,-2.145192839234656978e-01,-1.195835557355345337e-02,-6.898347930526310505e-03,1.450324617767683455e-01,-4.523875431352886688e-03,8.278499198875621801e-02,1.875500613087444091e-02,-6.235647581857640953e-02,-8.330951667785127523e-02,7.137656899772625019e-02,7.029487892468944295e-03,-1.138774970032061934e-01,1.635888084849317636e-01,-1.585355060171962926e-01,2.678008945246448391e-01,4.582115763445358120e-02,5.366135308196209180e-02,-1.193581891926045191e-01,1.464888234903084507e-01,-8.517399952925008844e-02,1.962010669302522992e-01,5.081453287961042176e-02,-6.863088360798062781e-02,5.626939778439404849e-02,1.854667568986266279e-01,-5.824085173855240299e-02,-9.988056063742370427e-02,2.017970743180531046e-01,-1.422734560812555782e-01,7.039031991044583658e-02,2.756042667140777280e-01,-2.709219266282801852e-01,3.231866507848522585e-01,8.783178634120361594e-02,-2.421752732354341409e-01,4.292328493659857136e-01,1.933743121365723572e-01,-9.784334866146163212e-02
1.258565531397747572e-01,-1.425442714259719246e-01,1.104006355041560299e-02,6.272339029554066525e-02,1.246719392234214158e-01,5.853352328732112919e-02,4.757190628066087362e-02,-1.938795277831819874e-01,-5.377506086567003518e-02,-1.136448141025538511e-01,-1.709756001836504613e-01,-2.495545576758558676e-02,-5.399781682906416164e-02,-3.002463139506352310e-02,-2.023349753402063286e-02,-3.549209444927210466e-01,-1.303905293678940813e-01,2.368472699907369083e-01,-7.695794084705789850e-03,3.176988371831668823e-01,1.253770411842131671e-01,5.336853854422594218e-02,1.269068287891667590e-01,-2.139938076144219659e-01,2.193709707262373187e-01,-1.991515438911180824e-01,1.539939831878798203e-02,3.525001609531326352e-01,-5.797962132068987945e-02,4.005004803238586958e-02,-9.657098887819166866e-02,2.031514552612729285e-01,2.920147477763431754e-01,-7.382816831389250878e-02,1.470702932605444102e-01,1.373203042156640741e-01,-2.880567715138415696e-01,2.228610592024671960e-02,1.651455782432948161e-01,7.977515498262791049e-02,-1.142920548602239100e-01,-1.191599411269699538e-01,-8.014116178434418925e-02,-2.698299698507345967e-01,4.959097929462237542e-02,-2.858762631376500218e-01,-7.733845850296697244e-02,-5.796779580375460705e-02,-1.116078564636157344e-01,1.972461106694902572e-02,3.154900071564176872e-02,-1.969279627136944488e-01,1.598187554130471866e-01,5.203773632110085534e-02,1.953589183788226602e-01,2.158811696008548081e-02,-2.670706918618374198e-02,4.289493060899684379e-02,3.024209029107115601e-02,-4.058197818170790616e-01
5.546058314804831746e-02,-1.296972742862617378e-01,-6.525457802013079345e-02,1.237250645977890431e-02,-4.872335428898373622e-02,1.346882277184956733e-01,-4.683616945358945460e-02,-1.072506047315291942e-02,5.945880984817653384e-03,6.103320366685488496e-02,8.960671082043744629e-02,-2.991276517940671866e-03,2.117272439858210453e-01,-1.337395377580149203e-01,2.761538908709571666e-02,-8.105470581504621574e-02,7.855701514352702447e-03,-1.353975214310217945e-01,1.262877487263253662e-01,-5.088876152208813286e-01,-2.908526946229855747e-02,-1.626515163385747892e-02,5.698292215369719915e-02,1.489271037999075065e-01,-9.016139326007818755e-02,1.846291750590785541e-01,3.595446138652821227e-02,3.848322765315823069e-02,-2.469022503965882243e-01,-1.330479562377422376e-01,-2.391905012607173364e-02,1.133911156754866117e-01,1.882246970904323177e-02,1.198440175740814462e-01,-1.125363364731436500e-01,2.128734397750848828e-01,5.049801391674483414e-02,1.004196708414777789e-01,-4.144167390731555156e-01,1.852320793918536823e-01,-5.075624143615107275e-01,-1.109574228045751704e-01,-7.600719491211588297e-02,-1.244580204720880240e-01,1.275684748061505780e-01,-1.274818034746254825e-01,-4.264080553055908662e-02,-1.829940393946249688e-01,1.245730756446820769e-01,2.744663224392465684e-01,-3.390057505238295438e-02,1.509293748574530858e-01,1.067427823523404637e-02,-1.023372152102402372e-01,-1.650890599737161735e-01,-1.340898656792422761e-01,-4.389490048590745097e-01,-2.319049182399785247e-01,1.764878698758601538e-01,1.378794549558043370e-01
-1.813772316515451510e-01,1.341363268297327827e-01,1.294810355682126171e-02,-5.125210771474488641e-02,-9.119722704709784522e-02,4.060405889896002984e-02,-5.419291519363258688e-03,-6.502285217102342363e-02,3.019526435385889301e-02,-1.484191752961117605e-01,2.310825823306172574e-02,-1.142206000376924380e-01,2.546837919771398617e-01,3.606212877550881574e-02,2.049995189391942974e-01,1.258848067340157494e-02,-5.607151366563153244e-02,7.436746561071782072e-03,-9.878384270507109544e-02,-1.808441020610935743e-02,-3.104574817656207686e-01,3.480510524038059328e-02,2.676636802697107600e-03,-3.436975561082410147e-02,3.519326165027123615e-02,8.407032363956234988e-02,-6.779304196874910704e-02,-2.711241861660597663e-01,-9.851401462057483849e-02,1.312122414580182694e-01,-3.698376832022505500e-02,-4.168852239113939040e-02,-3.601689000849967459e-01,2.561147869100364738e-01,-2.040251616742330687e-01,8.046942234647376513e-02,-2.765570957293320697e-01,1.324953655339860051e-02,-9.293144569322489557e-02,1.945500305226721960e-01,2.464253644744866523e-01,-3.012034036680717453e-01,1.190277581000049878e-01,-3.215838492851413877e-01,-3.115364971252357895e-01,-7.898920789583641772e-03,1.579766633486598126e-01,1.009214206422176796e-01,-3.673915535982608116e-02,2.536565973160189238e-02,-3.993277696268847377e-02,-1.325836453215137323e-01,-1.138809435206136478e-01,-2.266436919064808708e-01,3.334176323166165856e-01,-2.017767767800066336e-01,4.606134242941415519e-02,-3.451209577955015595e-01,-6.618122607541217228e-02,3.166582462181159047e-02
-3.140408155077488526e-03,-6.867164121751637151e-02,-3.923942446020077524e-02,-4.423866714104032066e-02,-4.959052494734783600e-02,-1.154819012050191732e-02,3.172339712093182051e-02,2.226258396661918437e-01,-9.295670913201051211e-02,1.918032614449815543e-01,-2.998651159989043635e-02,-1.197950665442866838e-02,9.933994249600088672e-03,-7.707247132883855711e-02,-8.035239933158824788e-02,-2.581722429695234022e-01,1.146090931325840223e-01,-6.610606054658884831e-03,-9.207685013284072628e-02,8.348114962637029346e-02,2.535436431504815499e-02,9.370592641692540581e-02,4.573189882704236514e-02,6.064156760139269992e-02,2.917604097900109439e-01,1.479101972864443337e-01,2.640477505572141892e-01,3.608062172131034501e-02,-2.923833622212046457e-04,-1.716650968608565420e-01,-9.489852798529641031e-02,-6.220267925879752191e-02,-9.983892370423026741e-02,2.038276730160665795e-01,2.622409778564018246e-01,-1.278094742841233422e-01,7.983904090291424338e-02,1.907693823700810087e-01,-7.522295028280626128e-02,1.170836577537467671e-01,-2.055659317082841331e-01,1.789018860535986355e-01,2.663272235270851621e-02,-3.287367150197967325e-01,-7.206532378866700728e-02,2.460748732437886138e-02,-8.768120179952154647e-02,2.292739064809629634e-01,7.624613372285828170e-04,5.170338217934949965e-02,-1.128754085179682481e-01,1.041946732648195290e-01,-3.577565847548680542e-03,-1.634693608791972230e-01,1.910731004121224985e-01,2.298743050310315117e-01,-2.050133452214221441e-01,8.273642378386032031e-03,-1.793224489626735890e-02,3.469468538980167716e-01
-1.098900429676410474e-02,1.342028804524082186e-01,-9.921837377394071913e-03,-2.446076581297697977e-02,-2.212480094682704040e-02,1.987530760783732531e-01,-4.988861556717565093e-02,-8.148497402634946596e-02,9.658115557565469245e-02,-4.718695990664362357e-03,-2.149523929192413002e-02,4.774670420994885783e-02,-6.073749429850409942e-02,-1.870637624162666823e-01,5.321795195738728869e-03,-9.441112943994202367e-02,1.550933848108871638e-01,-2.562889925284880105e-02,1.068734546889864648e-02,2.232962543803230712e-02,1.522624849438097751e-03,-2.372966460100700559e-01,1.887530075612003089e-01,8.446261536113713886e-02,-8.490838953894050412e-02,-1.660574088437496293e-02,-1.773013003112545172e-01,2.680521286991697227e-01,1.064323688496007225e-01,9.621247863163229219e-02,-1.525518626890984830e-01,9.443822966422923959e-02,-1.827712904681271303e-02,2.827851241636785695e-01,1.155408550783938448e-01,-2.866117415275850067e-01,7.585543321451851395e-02,1.738364845674196801e-01,2.585385700839146900e-02,-2.395019142868393298e-03,-7.231227497414205452e-02,-3.019328920749270173e-02,1.275530973914284494e-01,-1.794648610558742530e-01,4.380376453851666518e-01,-7.506469870291460414e-03,2.213334659373578928e-01,4.094923407829220707e-02,1.467990225327221177e-01,2.619873515583967527e-01,9.521325330560860556e-02,-8.778581264802101658e-02,5.848107907407328054e-02,-2.040575424962136619e-01,2.017419484711236929e-02,-1.316441379531506084e-01,1.023100333344341140e-01,-2.146524703455904570e-01,-1.388393942011731663e-01,1.424735998706857798e-01
7.582136745545792200e-02,-6.707232349705544161e-02,2.787813879934403216e-02,-1.006316140593622455e-01,6.508492435667953546e-02,7.932754091524640491e-03,1.158373114311296720e-01,4.263238686359644564e-02,-3.489185334137335365e-02,-3.152719812367415358e-02,3.836881245106972538e-02,-1.779222081177830594e-01,8.112438930016344085e-02,-5.823562197566900522e-02,-6.640154287311976489e-02,-1.846429508241019257e-01,-7.551487503764750531e-02,-9.975965359063412863e-02,-2.171745736172220678e-02,-2.791460024985457644e-01,-1.316025823476569545e-01,3.722738521645894971e-02,9.651882552606397270e-02,5.378378793874687147e-02,2.231359453755329125e-01,-1.188117983455611315e-01,-7.315252752398108960e-02,2.311782114074836803e-01,9.430216886556866407e-02,3.247713502990525747e-01,-3.634357843626680185e-02,5.035177951873683749e-02,-1.644028644402401040e-02,3.371955022770795757e-02,1.250013079845991304e-01,5.500296250431080392e-03,-1.944797103746262468e-02,-2.631821143665886709e-01,7.500969759217138155e-02,-9.396944632115881990e-02,-5.823445920121850250e-02,-1.046614573328384923e-01,2.597179754057236667e-01,-2.057083405719147690e-02,-1.976522910284794210e-01,-2.292919476916298049e-01,1.952033958866023627e-02,-2.163155651343400335e-02,3.088870926550896234e-02,1.100960771783447978e-01,5.757250116485025659e-02,2.181396095023121207e-01,2.228784005848048477e-01,-7.868408874727457480e-02,-8.933952396191857659e-02,-1.811731024697023906e-01,5.494595934192834236e-02,-2.696165389379047775e-02,-3.065118966497001329e-01,1.346665831198479713e-01
-7.985744970776397986e-03,-4.712370130182827466e-02,6.581727757682047375e-02,-2.827464032910981251e-02,1.044894650503640915e-01,-6.114798433453962068e-02,-2.062880149801710888e-02,-7.132951586396862886e-02,-4.541326980006062108e-02,1.501830495539554222e-01,-4.558565381431798139e-03,-1.397125341832964884e-01,8.986450895845897457e-02,-3.039981965593136493e-01,3.400585588124312858e-02,2.970194932069922245e-02,-9.082730800992874776e-02,-1.965373351075226926e-01,-1.393461102682507224e-01,-1.546066200706889826e-01,-4.145146746641602264e-02,8.874869838727006410e-02,-2.238918202611620695e-02,1.042172833902234724e-01,2.089288061627316700e-02,3.119680451722571871e-02,-3.387391679516348064e-02,1.803654216151725359e-02,-3.394947845796832120e-02,2.498898448599296213e-04,2.319329352991303383e-01,-5.909508360744647644e-03,-1.141409342058838892e-02,-3.362228003438950674e-01,6.692966268597320967e-02,-1.433697814418995464e-01,-3.477921675701681203e-01,-4.177844716909852318e-02,1.448904649498508057e-01,1.021232051439738414e-01,4.762518980311862826e-01,8.500063050585271451e-02,-3.853220538131294504e-01,2.825010810330319533e-01,-1.308447088630855237e-01,-2.258285343628703701e-01,-1.412727811426567337e-01,-2.376024636979892912e-01,-5.260154776620969141e-02,-3.134488969753312926e-01,2.641909099296125760e-02,1.562838615277956367e-01,-1.090793061687373167e-01,-2.931370991536156878e-01,-2.302542903928391504e-01,2.445200895015739451e-01,-9.142903271350114047e-02,-1.176320654404937188e-01,3.680975367524087494e-01,5.187208792065833851e-02
1.199609043704079892e-01,4.507313861501767438e-02,1.807963013672468922e-01,-5.679232887047397545e-03,3.851469089696583220e-02,-8.750075025216166869e-02,5.917128766234440451e-02,1.196176791519428378e-01,-6.970909919642134800e-02,-9.424239123610284041e-02,-7.239700180100593074e-02,4.838021522903730720e-02,1.890014136102609599e-01,-8.119376107567150697e-03,-1.494487761722023203e-02,-1.009388258256739002e-01,-2.444535988161281870e-01,-1.229430599595959378e-01,2.136035455287635387e-01,-4.266421086181161615e-02,1.754039422441842633e-01,-4.582944638272355015e-02,-1.653313903034935861e-01,2.289996078530479873e-01,-1.337780548290252447e-01,-2.288584454329977702e-01,1.235362380940253635e-01,6.460187503867592662e-02,6.377030424035570744e-02,3.094751800256290153e-02,1.185973238905392232e-02,2.421607882973771664e-01,1.710775202457017474e-01,-1.843666024732279474e-01,-1.069341971877417752e-01,-6.997218868296643801e-02,-5.960068450141553162e-03,2.635664924464357628e-01,-3.978679735257532879e-02,1.624218667112649339e-02,2.540170870523404956e-01,-5.562626096719174018e-02,-2.178011273294585270e-01,4.757369485754463223e-02,-2.539196694595099446e-01,3.163912929051342082e-02,-1.920784764010234347e-01,-1.750030343014201129e-01,3.114495613228871612e-02,-4.535261186673890110e-01,-2.252217429550127381e-01,1.564642335735165479e-01,-1.278646696630852120e-01,-2.115927195502927405e-01,2.732518409551515370e-02,-5.750026942391064239e-02,-1.774146681671772696e-01,4.996428958339722837e-02,7.081436157973639012e-02,-1.342701271598417158e-02
-1.993724025661936794e-01,6.337267077974759188e-03,-2.218878309819474204e-01,9.803405374719770249e-02,-1.257766598680813974e-01,7.056268411759378245e-02,-1.413065149418233912e-01,-1.441578041605157956e-01,2.022070854363484244e-02,-2.432297920050190965e-01,1.209435944229946547e-01,-7.960551665570278490e-02,-5.056283723727723889e-02,-1.064857165291133168e-01,1.893431191544935402e-02,-6.829007323362334958e-04,2.462958053136388714e-01,9.728910973218547753e-02,1.392345324508604543e-01,2.418209864048835589e-01,1.362211816703659262e-01,2.103285606587935175e-01,2.007596344343745842e-01,-1.541143322030224527e-01,-1.145769329815606863e-01,5.605466725652498428e-02,-1.743519744823917583e-01,-2.045435756674894578e-01,-9.520145115549824566e-02,2.356723401326567546e-01,3.410767327240405433e-01,-8.445366863954402448e-02,3.643678963393749970e-01,3.542771267680010217e-02,-1.251755491699986234e-01,5.521114184598641117e-02,-3.544430471496585744e-01,-1.300263326105039439e-02,3.268783191810046285e-01,-1.224241294010886411e-01,9.279871610421966399e-02,1.446521655693079264e-02,6.979966429141551409e-02,1.583818492793847288e-01,-1.268039615749005922e-01,9.758563371224586447e-02,-2.221296516447958669e-01,-8.075606272263344265e-02,-3.534094813594976237e-02,-2.792836799882860155e-01,-1.156819388907577295e-01,-2.550456495128246986e-02,1.755095128484880640e-01,2.949864206488551077e-01,-1.455459341602994283e-01,2.860411018880131342e-02,-1.570565608397735957e-01,6.570747760587755670e-02,-1.068898807080054941e-01,8.978613516653935478e-02
1.640822983381653999e-01,1.239721301606740295e-01,-1.833603041197497813e-02,2.428420415262927748e-02,-5.191531940138269414e-03,4.934821178979422601e-02,-8.589731711670597902e-02,-8.472458734199954378e-02,3.418717876918058590e-02,-1.358886565362591448e-01,3.121531726028516779e-02,3.540426507368422959e-02,1.788924504895940126e-01,-3.755704908527147945e-02,4.288997585273456037e-02,-2.196237139903147728e-01,-9.201167432552773140e-02,-1.195073145977704155e-03,-1.181936357818860611e-01,1.966701232536872956e-01,1.250123329529320704e-01,9.156243545517248061e-02,1.493038288393772062e-02,6.631880279907386919e-03,-1.355403565240590746e-01,5.696859260910572091e-03,2.794468310734384286e-01,-2.148723194213721932e-01,9.182123024112728849e-02,-2.622640042661359902e-02,2.393946768369608069e-01,-4.642738619112921766e-02,1.602699866556508423e-01,4.133179443528691571e-02,-1.688236374468721768e-01,-2.860820547565179426e-03,-2.537698723085672348e-01,1.676061164552584137e-01,-1.585118791573526531e-01,-2.833939700938716277e-01,-1.378085806180336936e-01,-5.393613717904251897e-02,8.227360761535314204e-02,-8.985582409462891662e-02,-6.480696553019922590e-02,1.309115160787646115e-01,-1.952806872486318734e-01,1.241678220998909260e-01,-3.005622968216178914e-01,-1.638934492319902847e-01,6.522991221407255236e-02,-2.113649358288333391e-01,1.448479830472344798e-01,2.227977118388853872e-01,-5.534621289436425506e-02,-3.560008613755985540e-02,-1.807563943836160980e-01,-1.022701438509634742e-01,-1.241610506735807938e-02,-5.361722021507388247e-02
2.144221045104358764e-02,8.228008113074267160e-02,1.525448062190405164e-02,7.038174679438495562e-02,4.141429814029425061e-02,1.570730828014414021e-02,-9.527587663395020029e-03,2.254766816335676827e-01,-1.394357191987022904e-01,1.616746997808019004e-01,-3.540921224723622696e-02,-7.573519127186238709e-02,-8.736405205813660424e-02,3.267744276686951506e-03,1.108205051310027917e-01,8.380761396992513976e-03,-2.962078545719960126e-02,-6.914907337272743759e-02,-2.870042894755143667e-02,-1.397016257743665946e-01,-4.054863659176018847e-02,1.228739320934256335e-01,3.101636291285677083e-01,-4.030460970417657635e-02,-2.041783659106649884e-01,-6.898435683570976369e-03,2.164589726645121861e-03,3.518235590123192091e-02,-6.855603731026441161e-02,2.059821939211633757e-01,-1.420106186867284848e-01,-9.052744623436577431e-02,1.036675941039517240e-01,5.083192105832821245e-02,-2.684629006799003556e-02,5.358519487960820837e-02,1.140271724059525038e-01,-8.882924555090039587e-02,1.317977654120764119e-01,1.495759710489510952e-01,1.342153561951471008e-01,2.760617970295032864e-01,2.629051618338062446e-01,-2.082708211009915433e-01,1.386691928369904736e-01,6.031648035214294545e-02,-6.448891168370514404e-02,2.558499914340705075e-02,-1.311413730188809301e-01,3.142402961827586022e-02,-3.659985346919806815e-01,-1.549741445051127930e-01,1.642311960186309816e-01,-1.616985365662241270e-01,-7.243842124880552069e-02,3.022053727304204185e-01,-1.511943600209479377e-01,1.082656454232154564e-01,7.415551897964148265e-02,9.798402993595445309e-02
-1.248954180938201403e-01,-2.945331023107736895e-02,-3.504096094217330759e-02,-1.213153705949453209e-01,8.360656823596721021e-02,4.904539300262979185e-02,-7.740188862247175672e-02,2.248451935530348944e-02,6.742915326306726798e-02,4.520708849473415586e-02,-1.719251195596709914e-01,-1.020615429238006244e-01,1.887508888792161499e-01,-3.776695226777943004e-02,8.036360706829258349e-02,8.493581937175916086e-02,1.656566021126941804e-02,1.777163845365892780e-01,-4.140141032447756941e-02,7.519559638284480096e-02,2.206105545175089944e-01,2.182829020739749937e-01,-8.873981184844555170e-02,-1.807960016667622405e-01,-8.579415015630582897e-02,7.592230417955699029e-02,5.848842846211466107e-02,4.615680218607846885e-02,-1.510309467876495004e-01,6.276795944336746591e-02,2.579920359939700397e-02,1.675155894966165460e-02,1.135628076750466453e-01,-2.700001324296381622e-01,2.709948175958895589e-01,-2.353057026128349549e-01,3.288378808079651938e-02,-1.960237198650341128e-01,4.004430548316052774e-02,1.351487955972959232e-01,3.178862959693483092e-01,-1.879790277684956767e-01,-2.312338200500282659e-01,-9.217489262584607421e-03,1.788428531891127216e-01,-1.193886059678260086e-01,-8.502478809813748817e-02,-3.094011082999420514e-01,1.516391698385333164e-02,1.168106514787748962e-01,-2.455158843954620071e-02,4.409785836114884505e-01,-7.822586242582920193e-03,2.972557136144028389e-01,2.489612886353472498e-01,-1.311354747505538154e-01,1.698699686034181311e-01,-4.364072761688292390e-01,1.822395360245389340e-01,-8.019214089096274312e-02
-6.516807443100069985e-02,-1.214947378639973964e-02,-1.276132823611975109e-01,5.226984322622914118e-03,-7.677313921918765827e-02,1.098919958628214733e-01,-3.160793335369348894e-02,1.193303756244367547e-01,7.379263109651659769e-02,5.984232739053622907e-02,-1.090066854386760042e-01,-9.463591699419074410e-02,-7.805573213548941403e-02,-1.621258957161534897e-01,4.751514325081665491e-02,1.625944383477772870e-01,-4.028191974902597255e-02,-9.863907906604686693e-02,-1.226982197498197869e-01,6.291520519736745753e-02,1.195233410021800530e-01,7.931001663712911043e-02,4.413556404564200619e-01,-6.908453113184734318e-02,1.891487917441524724e-01,3.272497288353271028e-01,9.810314994142436962e-02,8.857974682073467554e-02,8.426452211998466946e-02,-4.790277714928165009e-02,1.522884412313493807e-01,-3.824957908304851828e-02,-3.173526192330194395e-01,-1.325727239940938662e-01,-2.316959862233827772e-01,1.079519052800177181e-01,1.463698143911844607e-01,2.427247973829128325e-01,-9.105803894381511721e-02,-1.989563779989654280e-01,3.877629333831836833e-01,2.582408283271657168e-01,1.409797756839125116e-01,2.098784033060379153e-02,-3.397322345360123674e-01,9.480254900917377270e-02,7.180933654233825902e-02,4.017724072698692916e-01,9.670606646884233326e-02,8.114506794608553064e-02,2.245309535141843879e-02,-8.552829444961829175e-03,-2.616947104242119959e-01,-1.420504163327414027e-01,2.424759204045656702e-01,1.557745257962196983e-01,1.202531705259850259e-01,-2.643851903743613674e-01,9.213395803643895099e-02,-1.574967412211156215e-01
-1.095004273806127887e-01,4.805595685992621047e-02,1.540037963662773401e-01,9.177681224587996844e-02,-2.707157302797778137e-02,6.263078916550196551e-02,-7.235325181958085494e-02,-4.456708025993773303e-02,-3.634362652965748147e-02,-1.123726345063713085e-02,-7.511746435823624113e-02,-5.510822452266468663e-02,-3.924856442700434822e-02,2.972175378330735524e-04,-7.364125806263140117e-02,8.551368017248706099e-02,-8.889381680436858613e-02,-5.551433967762842148e-02,-4.878953934915529478e-02,9.462626526299898477e-02,-1.278671520234777280e-02,-7.281284407765400979e-02,1.415576816423235740e-01,1.916090895776346170e-01,5.312431710228938953e-02,2.012070554456357740e-02,7.586872693892385278e-02,-8.976261129603572975e-02,-6.134203242948194079e-02,1.244967303362469746e-01,-2.243010328415036836e-01,-3.919157698507947166e-03,1.670386659560085252e-01,-1.162377915593595656e-01,2.991988036612452939e-01,3.284201410948490302e-02,8.882664465360715078e-02,-1.573247894886179929e-02,-5.299536172877398338e-02,6.980560778655375831e-02,-4.066397036998612435e-01,9.885594343529176264e-02,8.250980452040440616e-02,2.266032863209529180e-01,2.606110242404056226e-02,1.627731327878434997e-01,-4.546495030573872997e-02,2.206463169740828789e-01,-7.178456036908638371e-02,-3.244875973543866893e-02,-1.829516867523748314e-01,-2.009082071874680048e-02,1.931321418376744370e-01,-1.993326318399444852e-01,-1.437740483417495052e-01,-1.635931503312367669e-02,9.901319931991620082e-02,1.994463415010861440e-01,1.524971892817459374e-01,5.085759551444666432e-02
4.265611534679307482e-02,1.914673128132272570e-02,5.647704655308630889e-02,-1.392954231478591397e-02,8.446885508041038215e-02,-1.130417338703564901e-02,2.845328142950568490e-02,2.428794401851210386e-02,-1.192456052325742838e-01,1.681032685612994862e-02,-5.698426742407596002e-02,1.844526515422273308e-04,-6.704706329609481930e-02,-6.121049995255931769e-02,5.629462985323715335e-02,2.565834063750503380e-01,-3.715070742863208018e-03,-4.516392213116959993e-03,-6.800419766414969591e-02,-1.551279391163703225e-01,-1.229867943634838090e-01,1.936443222851044477e-01,-5.247864885420804038e-02,-9.130217582239097407e-02,-1.829690445937281473e-01,9.511983323619568886e-02,-2.801295310278312800e-01,-7.191851013915243063e-02,1.577451505364465059e-02,3.880584444471824740e-02,5.497443435869694278e-02,1.819046945803513005e-01,-2.879446193451321578e-01,2.624273854828805264e-01,1.667658348320116279e-01,2.067719021893117404e-01,1.862812856158314878e-01,2.565522710258602568e-01,-2.329033759725222530e-01,3.332355626693694894e-01,1.806155000404273958e-01,1.990306442507760176e-01,-9.465070631063259021e-02,-9.282654706589207882e-02,-3.833264723654768863e-02,-7.359319225896565619e-02,3.468158875010062259e-01,5.193679277645186013e-03,-1.399154093751358019e-01,-3.637995669140772076e-02,-7.860276520408174261e-02,2.654400907337778337e-01,-2.612898883069812994e-01,-2.155119333465154718e-01,2.520280261463176963e-01,-1.777750072982547946e-01,-2.075427234201238369e-01,2.997427143322536347e-01,2.144378460280188248e-01,-2.683581034425820966e-01
-1.503995709450864360e-02,2.061419962612476373e-03,-2.228601932846484626e-02,-8.332594023993292187e-02,-9.063634296224254427e-03,9.731210014102792405e-02,-6.281478092259008827e-02,-1.073230521248179359e-01,-1.647287582605430900e-01,2.366984595826848725e-01,-1.095976510198870824e-01,3.463383648059581432e-02,-2.874663288250142029e-02,-1.576902460034882436e-01,9.306470121902743475e-02,-2.244801400320504958e-01,-8.083826903537387476e-02,-5.226558459812506718e-02,-4.660368174418909673e-03,1.294691495936075021e-01,2.801617899249421728e-01,1.388376584567141414e-03,-3.856937521472633690e-03,-1.536723503937516833e-01,-2.555889017781991582e-02,1.251113280021131646e-01,2.674074628310839641e-01,-5.952581761160248564e-02,-5.247917163672369961e-02,8.849515929572200623e-02,5.873544389490200496e-02,2.563916168183696387e-01,-2.030108092075581100e-02,-1.027099328714924653e-01,2.567005508865040087e-01,-1.358794321450581266e-01,2.543163163173100538e-01,-1.314577166324825720e-02,1.275619260820007594e-01,2.476027188932236611e-01,2.159484128300258043e-01,1.565208136668328961e-02,9.433700447357676669e-03,1.175182607442043087e-01,1.073874978185291040e-01,1.009060033859275896e-01,-2.831397626007534779e-02,6.343449824020841281e-03,3.512992434478179327e-02,2.780723397887982506e-01,-5.914269766636688630e-02,7.105866450921749337e-03,-2.810796233774340291e-01,1.081116577172517579e-01,1.254094791257688024e-01,-4.714178916313153944e-02,-5.086466025666806778e-02,-2.222954594042580445e-01,-2.085481007958649435e-01,7.686904711581470095e-02
-1.166391965698136551e-01,-1.028668123617593466e-01,-6.969852373869314666e-02,2.619031517498189229e-02,-3.988033287217507966e-02,-1.512539289530159536e-01,-1.210361234717108603e-01,-1.013719024328710583e-01,-4.513045003248036813e-02,7.978585032991049319e-02,-6.868176898465439342e-03,-1.363951946447417019e-02,1.685487093407719156e-02,-8.899828454964406332e-02,-9.624377295260892751e-02,-6.029568899506777824e-02,-1.435101949141208977e-01,-7.518794286396243698e-02,-6.006632324048803706e-02,1.443673482236969632e-02,-6.080348713904770545e-03,9.770577429653069801e-02,6.100265732988761208e-02,-1.117704647631478504e-01,-5.142140803249104636e-02,1.202818954293780607e-01,1.419641369002990483e-01,1.518888971905723861e-01,-3.834653837183557012e-01,1.034538539024507618e-02,1.019068238471187299e-01,2.375031364309125939e-02,-1.872697817139661325e-01,-2.518726310030184878e-01,1.773038148930248525e-01,-2.044570542445041939e-01,-3.229421263579536072e-01,1.967185347150213759e-01,1.084624303295986109e-01,-1.430544452455334049e-02,-3.513881423983966079e-01,-9.789629375401745492e-02,-3.157718866351621849e-03,-5.122888772995469464e-02,-9.199049994739685529e-03,2.634666837791227456e-01,-1.198495339569026485e-01,-6.495747352465127897e-03,-1.646237838660885300e-01,3.224813163287698625e-02,-1.446903671781249734e-01,8.419631917850207981e-02,1.351988695961484355e-01,-1.380805791976572328e-01,1.461094282427990443e-01,-2.103336741135723165e-01,-3.533889593112369831e-01,7.368591362943496814e-02,-1.983410392786567542e-02,-8.447066339092804133e-02
6.958488319528127741e-02,-1.510433389623734579e-01,-1.683910295975197396e-02,-6.349351661011652659e-02,-4.623659572382989025e-02,-2.786959960439459039e-01,-1.366348131445330738e-01,9.762971471656421013e-03,-1.201748613935287591e-01,-1.380345341595061448e-02,-5.360360205383118970e-02,1.060711610014245521e-01,7.458276017215251241e-02,2.216810720461896145e-01,8.456272214808850662e-02,5.409345217188409050e-02,8.627923241618881689e-02,2.043341872486323374e-01,-1.529718897468409222e-01,8.516446689558676564e-02,-1.204466535298026608e-02,6.893849535960942798e-02,-1.141315117296020504e-01,1.163149040262425639e-02,1.555660013972088307e-01,-3.086911423328166787e-02,-6.271991742304727432e-03,1.334952941802838300e-01,1.784738227524472476e-01,-2.100834484004441421e-02,-2.017542946807630508e-02,2.753199913877883986e-01,1.910422285594897129e-01,-6.855856963363284040e-02,-1.700125491253773879e-01,-1.408491438508983618e-01,-1.991193694838268580e-01,6.136856426124152886e-02,7.569328658262304554e-02,1.748397456082650958e-01,1.474386517303550581e-01,-2.983891058816260933e-01,-1.912972480172721035e-01,-9.426030522706430395e-03,8.477506027915135411e-02,1.578069484602869499e-01,1.375867959581211775e-02,1.394553631731111978e-02,-1.689937088241314778e-01,-1.936575326603373615e-01,-4.866454661399451098e-02,9.809723869378209060e-02,8.701049443698642694e-02,4.832062844257269812e-02,-1.590404775232150472e-02,-1.218240718543555506e-01,4.344737218886626229e-01,2.743376374467432210e-01,-2.363379904665318179e-02,3.290313898031066442e-02
-1.376322733066732626e-02,-5.589820578025352094e-02,-6.071471093610505271e-02,5.722109831546815656e-02,-7.936070865883110281e-02,8.139125537254596199e-02,-6.092342342609922273e-02,-4.656440286915519700e-02,-7.246390919006309717e-02,-4.050056208591349544e-02,-1.549453636232944742e-02,-1.676377141395240522e-01,-2.807875209726308149e-02,9.863263909735106583e-02,-1.165828668245836031e-01,-8.461251906926196831e-02,1.720193419719240613e-01,1.739518163925400651e-02,-1.384882645558580816e-01,-1.230603036856954269e-01,1.811102999679787551e-01,-1.048983584715702105e-01,-1.139199316147321700e-01,1.694972378456821929e-02,-6.007032220341871481e-02,-7.450422568050658889e-02,-9.218000507209270222e-02,2.302243564159626443e-01,7.746279135935686677e-02,7.826338947908881294e-02,3.470023918051782369e-02,-2.736294810226193031e-01,1.207775261694291336e-01,2.802828169415235160e-01,1.911570728443523215e-01,3.726589595189784554e-02,3.089067727387250287e-02,-8.476567306070111052e-02,3.600798691899619319e-01,-6.554849130586988537e-02,7.666541341042749924e-02,-3.543129310239877539e-01,1.088484051241933679e-03,-1.962686771673351482e-01,1.209334416190379659e-02,7.149474325986188150e-02,-3.166659634255645228e-01,9.962418310754179995e-02,-2.256055102882867369e-02,-2.588096334355513006e-01,2.142412265779391201e-01,-2.955107990739698834e-02,-1.333477987223269656e-01,-2.948124744768608127e-02,3.079137665600970714e-02,-4.970720174302210165e-02,5.849531158997917091e-03,-1.146023337796651526e-01,-7.431784855003678580e-02,-1.018323107753515977e-02
-9.790541074353473205e-02,-1.321292089708827888e-01,-1.782446423568707083e-01,6.714730478505297195e-02,1.609288638685282824e-01,1.172629883712092980e-01,2.225723789396119590e-01,6.167137610941747332e-03,2.472129868449626233e-01,1.496667029211450894e-01,1.471919778211923102e-01,-1.503227124750281529e-01,4.886494948301556285e-02,-1.310789282703706069e-03,1.207864840000768825e-01,-1.497754701486005979e-01,1.881904521988988221e-01,-2.143804296835093159e-01,8.018545520735330390e-02,7.565354299639741320e-02,1.321571692390506869e-01,8.769244218568313098e-02,-4.080601825677411532e-02,2.090326971972800985e-01,-2.004168412496699081e-01,1.633465000937481953e-02,-3.686095786619538600e-02,1.077152369429356799e-01,1.439054892697802512e-01,-1.820045477848316329e-01,6.323061288493513066e-02,-8.379114759646434651e-02,3.018728664092839575e-01,1.161504401034190864e-01,-1.965157704566138641e-01,3.622987669323517457e-01,-1.787018129477032508e-02,1.472970623877568053e-01,3.335964093040298672e-02,-3.877663440120422689e-02,-3.929869471966029315e-01,1.859208915238435844e-01,-1.218045965705100153e-03,-9.018676407497636105e-02,5.420542437981436951e-02,-1.475331533875560430e-01,7.064046205116805699e-02,-3.243286614800781203e-02,-4.116575760403181627e-01,-1.668740700600432059e-01,3.240985995574746648e-01,-2.436936732664476968e-01,1.243081657095908704e-01,4.920814599680105317e-02,-9.893812629454407093e-02,-4.331159405292389630e-01,1.355081864519944446e-01,-1.995943750847115061e-01,-1.343470565535454520e-01,2.240888251255097052e-01
1.647089465001708164e-01,-4.114777533090659134e-02,-8.413107037135328370e-02,1.067702679132327345e-02,-2.290242900655402036e-01,-1.472250508078499446e-03,-7.986058275062017653e-02,-1.935503551898693289e-02,-3.402818040284270179e-02,-6.236612302363133548e-02,2.055434367442064425e-01,3.201305624757633944e-02,1.450812336592031127e-01,3.548839399503539438e-02,7.493163086928351924e-02,1.317883072063708028e-01,-9.953247020273039980e-02,2.774883548911294406e-02,-2.147615228447349034e-01,5.633122831407288977e-02,1.960494968803871141e-01,-1.332106764954602528e-02,1.225174814703346993e-01,1.394127055607578547e-01,-1.516792564085400752e-01,1.144947945986276167e-01,9.809577327773146005e-02,-9.027209721145430799e-02,-1.512031870036688319e-02,3.548327093870449339e-02,8.288764918290844608e-02,-4.565102334112720178e-02,-9.926835256425070586e-03,-6.056138675301350055e-02,2.909603889659627685e-01,2.058174356212275902e-01,1.364973350789354112e-01,1.145129729337013569e-01,1.697525457284865813e-01,1.051607085280847065e-01,-2.775125839802882258e-02,1.099771584614854525e-01,-8.214657351278759762e-03,3.753269482906784922e-03,-3.868881784587553940e-01,5.365794976634428309e-02,-1.564808152809597785e-02,1.694578071322430657e-02,1.938951742103131246e-02,8.435257482476450630e-02,-1.920232010090470176e-01,-1.573572891176401867e-01,-1.625116678845140716e-01,-3.479510721243420646e-01,-1.367523852284954246e-02,7.232651192330827317e-02,3.456500167603545060e-01,-1.530596397741557091e-03,1.784633307087744591e-01,1.962253227090375307e-01
-6.072040898490900507e-02,-8.661251261330063511e-02,-6.945859493378364613e-02,-2.702146986353931579e-01,-1.128205895630427918e-01,1.321939680497214442e-01,-1.838989717059058560e-02,-3.865521314241462730e-04,1.518193443842068002e-01,1.857588880629734707e-02,5.138092531859066170e-02,9.209151712537208545e-02,9.434289358012196147e-02,5.111041859320260110e-03,9.881094076637771118e-02,-3.597818379787749710e-02,-3.143974066961667535e-02,1.639612948120109659e-01,4.055310561353005910e-02,1.973435041181199057e-01,1.127650252857985078e-02,1.784882840733020282e-01,2.030814722490897981e-03,-1.057998805754357952e-01,1.077635627310559868e-01,-4.889613733938429768e-02,-1.435029120430859062e-01,-2.034134437694413988e-01,1.123074734807747721e-01,3.638646300478366458e-01,-2.704346375202494879e-01,-1.589657691050867516e-01,-2.418687471633216290e-01,-4.280928127160679719e-02,1.854696457535510642e-02,7.805877994090035243e-02,-9.401037386194421169e-03,-1.540965445370911513e-01,1.616511969438634844e-01,2.089530901573898869e-01,-2.128896419055232025e-01,-1.499879972022097885e-01,3.250314283944391036e-01,-3.085470850412963539e-02,8.681921881610027425e-02,9.263280760738459851e-02,2.289522515212228868e-02,8.494579377247160612e-02,1.024166202242359283e-02,-2.822381293112020614e-02,5.974645521029076090e-02,-1.695256713552443714e-02,-1.552981725131687141e-01,-7.164759718932287025e-02,-6.655623747583098992e-02,3.566821567797261172e-02,1.023641960091004055e-02,-9.669456986611120464e-02,1.757022348035678638e-01,1.613246449854094933e-01
-8.378674209588042598e-02,5.923097243631716274e-02,-6.067086867040516474e-02,-8.441106488891939041e-02,-3.374272261577329624e-02,-1.342272072306548991e-01,-2.714174921468413132e-02,-1.840430209173164466e-01,-5.341866373777918314e-02,-1.452263050204790351e-01,7.062810807016990655e-02,-1.898911518860082678e-02,9.664674429601459449e-02,-9.772778847481027042e-02,-1.017117834682681465e-01,1.434866769875854098e-01,-1.762004984343447031e-02,6.914926691419648330e-02,1.323163765076712517e-01,7.590066236416001533e-02,5.553794636004431851e-02,-1.152381619111889216e-01,2.858340905948545882e-02,8.126249270173285105e-03,1.593095888052834669e-02,2.784672785621017388e-01,1.371362716632010779e-02,-1.017665085677623704e-01,-5.026159471281388402e-01,-1.279974165044928157e-03,-7.277567020003664067e-02,2.351068539913134248e-01,2.073848560487210890e-01,9.292875929565984350e-02,-7.127330828745897726e-03,3.547872923672305556e-01,-9.933497014269068032e-03,-9.559278315607833143e-02,9.644284363536294313e-02,9.845836915848392434e-02,1.596000010305427541e-01,-8.692483684310894909e-02,-2.209075463650881851e-02,-3.652954198248984513e-02,5.965736612773155090e-02,-6.048574078516442271e-02,-1.771629072291438511e-01,-1.204056181115966719e-02,2.499565816675161367e-01,3.705101012827937135e-01,1.299385975018163553e-01,1.489219486405731208e-01,2.207120386524385192e-01,-3.840242589482683599e-01,-2.512117100224388611e-01,-2.051080824740444952e-01,-2.192672883894352664e-01,-4.023185611167025971e-02,2.987647477718246014e-01,-9.873813524998095725e-02
-2.906916529166577584e-02,-1.315259515213406671e-01,1.040140353282834329e-01,-1.547506896381475039e-01,-1.657500509315470993e-01,1.450251337684600392e-02,-1.488500515048082982e-03,1.951178053560076106e-02,1.972497461240686756e-01,4.318886221317536425e-03,6.199806019804066093e-02,-3.122878146125757266e-03,9.426024693343355854e-02,7.084267285599468722e-02,2.199433125224750651e-01,3.762495986697082101e-02,-1.062564596390831034e-01,1.446679802183564179e-01,-3.576817705071564379e-01,-1.929109366964820160e-01,6.460118902259957829e-02,-8.821032190990865662e-02,2.110274982998761872e-01,1.220159891682199849e-01,-2.119258218883988687e-01,4.673306701298689247e-02,-2.463442624766999933e-01,-2.344440515196453689e-01,-1.349730258571243957e-01,4.840868594049885926e-02,1.430620245137850799e-01,1.214525921350066151e-01,-3.155481644973385791e-01,-6.518981514152076551e-02,3.947601326229327467e-02,-7.901237183062778668e-02,-3.883381865287745260e-02,-2.036383679927905033e-01,-1.012875055729008239e-01,1.844476175129488027e-01,-1.205630112303507362e-01,-1.358814324389241990e-01,9.119979451511744939e-03,-1.857011517517519472e-01,8.176796230330279913e-02,2.547895621057876328e-02,8.399972264693542079e-02,-4.630038417991035743e-02,-3.334993514848058060e-01,-5.566415538995213991e-02,5.223306399714747889e-02,-2.335490559217550943e-01,-1.450500474949344143e-01,-4.729122249630422076e-02,-1.765578456867103740e-01,-9.832680867856893880e-02,-2.923349933111429877e-02,2.085457105345473461e-01,9.537857452037423397e-03,-1.292134900517432627e-01
-9.440939978484988448e-02,6.114045778533898357e-02,3.246573675073398391e-02,-7.626608142066737712e-03,-6.903824950154671333e-03,4.786923893011739428e-02,-1.136696693809305658e-01,4.545175811178417402e-02,-5.525199477830133703e-03,-8.268480515866472036e-02,1.380607752785927844e-01,6.125693026559658749e-02,-4.799711312948379272e-02,6.206692252375922703e-02,-5.122345078917293210e-02,1.216163751478785762e-02,-3.218148990018939587e-02,1.382600654577813282e-01,-1.803563755945792463e-02,-1.259057316092827838e-01,3.102895825568616900e-02,-2.348885727071322455e-02,5.358469566643750837e-04,-1.831271166422844890e-02,-4.318507650240448192e-02,1.598005982446001061e-01,9.248915782528836782e-02,-2.036871433421724720e-01,1.373864417547815686e-01,-1.408496365190381738e-01,-9.661606642288914082e-02,-1.041849755583433845e-01,6.474192149409371821e-02,-9.665654246612902234e-02,-1.100682794507445994e-01,-1.277846652239882363e-01,-1.194555656134455024e-01,2.639585773485570441e-01,-1.202841586864596274e-01,-5.691410053825780857e-02,1.166092569169672605e-01,8.974346472668430497e-02,-1.066525914785344809e-02,1.140890175863633338e-01,-2.957343596815283360e-01,4.485270870906667498e-03,-1.202470475043050102e-01,-1.008546771769848471e-01,2.337344984027926384e-02,2.276467962392291489e-01,8.755126965870532740e-02,5.599279854457005212e-02,1.310263948603720141e-01,-5.111294324725566829e-02,5.820584737148692955e-03,-1.041191554193960228e-01,2.980552784868399294e-02,-5.140790674184207709e-02,-1.258277837450569869e-01,1.574639291183496659e-01
-1.863635045285479824e-02,1.498896499704461260e-01,-1.036550412908571472e-01,-2.862366387552761453e-03,5.842931992948911801e-02,-7.711307966298359962e-02,-5.912948864624443385e-02,2.408126091724939813e-02,8.592090098241766949e-02,-3.618805187413237645e-02,-1.187499194823517651e-01,-7.673858156682877851e-02,-1.749975422851370310e-01,-1.201926771006540662e-01,-2.473867151174868051e-01,-4.880484372779499841e-02,-2.668176154150580515e-01,-1.442750756662495581e-01,8.277065301961519794e-02,-1.818200355496253362e-01,-6.390185903920031496e-02,-2.480187310629871078e-01,6.785524703747028430e-02,1.105295197987870015e-01,-6.629892775063109256e-03,-2.003919472935170309e-01,9.565330284848060083e-02,3.540750056982867877e-02,2.780150291096789017e-01,-3.316028795291844355e-01,3.049592614305218774e-01,4.602853462471920287e-02,-2.417789824008624022e-01,1.941196638943694028e-02,1.081958458290658009e-01,1.444258226779353005e-01,2.713102987766738972e-01,1.518994063726263888e-01,2.172053024742082172e-01,-1.500068907779133209e-01,-2.961332792006875492e-01,-7.509833326582797397e-02,2.888430521471797505e-02,2.413197869453881650e-01,-3.533301816101834525e-02,2.272952323393575558e-01,9.050624609153075373e-02,1.899574330389323593e-02,7.330264029335309753e-03,1.704550034239261658e-01,-2.092304858697998371e-01,-1.810606976727393569e-01,9.615505678335692363e-02,-1.094520405509911976e-01,9.996481667208707844e-02,-8.260334985050198781e-03,-2.081148380945414544e-01,-9.326415675392389637e-02,2.863208090398151606e-01,-6.041282960821261344e-02
1.549868303434302763e-02,7.538360037408319957e-04,-1.134929305181263393e-01,2.279548510387740395e-02,1.748376569338944697e-01,-1.153143005156074680e-01,1.004634109884925408e-01,1.221333943257582738e-01,-1.788007797839335500e-01,2.604570432048184531e-02,2.102586793389002173e-01,-3.862909745420080310e-02,1.150309017608849987e-01,3.735275806162989543e-02,-5.794732175231189636e-02,3.126962966941976979e-02,1.693381704668356080e-01,1.460667109935822605e-01,1.278570033064570510e-01,-1.769128756632398214e-01,6.970483240172334338e-02,9.651038521626673083e-02,-1.488148888074993237e-01,3.224428742566429751e-01,5.798239512392248940e-02,1.637849942182409424e-01,2.673053712457438766e-02,2.769519681831894564e-01,9.911856597376816902e-02,3.202714018519251526e-01,3.564736131453569157e-02,-3.117176679375092130e-01,-1.099645717157991393e-01,-9.413247717208388099e-02,-1.089465977400244368e-01,-7.247541817273461806e-02,-1.666228033920155449e-01,3.258042135337979595e-03,-1.754947186172254869e-01,2.775733354005854858e-03,-1.110963389015817288e-01,5.690263282555869939e-02,4.487571235640684664e-02,-2.263744138472275139e-02,-2.773230844112304361e-01,5.329617356087908847e-02,-3.522626769939582458e-02,1.123265736770833606e-01,-1.706914611136380391e-02,2.476587041687929869e-01,-3.746168404683753589e-02,1.280093271616017381e-03,1.362321711682355496e-01,1.990230133800504481e-02,2.647025794374845420e-01,-3.156154114871047023e-01,-7.369546779369485004e-03,2.932534217837104995e-01,1.763801312088708606e-01,-4.894248527039500585e-02
5.868350154772146443e-02,1.258654248710174353e-02,-2.426795075677340152e-01,1.559102810299690077e-02,-8.029854777536959975e-02,-2.164493086787555587e-02,-2.501559635267854714e-02,-1.477762349289359067e-01,-8.928934272770430725e-02,-9.488659741440648443e-02,-7.076953085848368408e-02,-1.137945068737450660e-01,8.047210268699941937e-02,1.127383530824191959e-01,2.439067035324732624e-01,1.925796217030665836e-01,1.673947158357343978e-01,-1.391229076858244984e-01,-5.356263513437835300e-02,-1.108288888876837880e-01,2.538587293338906981e-01,-2.015636431180616306e-01,1.871795129023415549e-01,4.780291493589650109e-02,7.390314877309978048e-02,-5.636229406503823203e-02,-5.532540586731363001e-03,-8.892572623081014538e-02,1.032320832124981325e-01,9.416001238679973240e-02,-5.924446049714062607e-02,8.608391301057277678e-02,1.589108155022284086e-01,1.486901421805341683e-01,1.759132645516662541e-01,-1.550594346688356218e-01,3.374129560641301318e-01,1.057911414476016693e-01,7.578567479912963478e-02,-1.794053268659710210e-01,2.579666335731782903e-02,1.354821874775440915e-01,1.758972737880634685e-01,1.448072942285998643e-01,4.040894126527778130e-01,1.391327794026272768e-01,1.039725167502151271e-01,1.322602958227402647e-01,6.681322092114853894e-02,1.333038538725364597e-01,4.485947230554986342e-01,6.342680047634585358e-03,4.815518070024463887e-02,-1.119612662642269739e-02,2.673720449122761744e-01,-1.417113973348942402e-01,3.671015286505928676e-01,-9.123812442468051676e-02,5.627150362277540119e-02,-1.880742944191635124e-01
-3.378719836108236285e-02,-6.436229832012720087e-02,-5.952023536453961150e-02,-5.628035090898736437e-02,-1.111530179712254818e-01,1.545954934991337036e-02,-6.073168531495323069e-02,4.756448430462395516e-02,-6.126402184118085121e-04,-2.575744910676385224e-01,1.506314426720620214e-01,-1.387016012988694438e-02,2.452968399838069691e-01,-1.428629825726268343e-01,-1.204081820628366550e-01,-3.876113930684677716e-02,-2.354737334997049694e-02,-5.347699460490137197e-02,-7.843239993370329510e-02,5.024958304342541995e-03,4.406560122932705326e-02,-6.823016434273990183e-02,1.382948298942621255e-03,-3.633380917237208352e-02,2.728595058236059703e-02,1.045734610151273641e-01,-3.452385808313841453e-01,1.393922375175762896e-01,-1.535214450765126082e-01,7.217782741106293365e-03,-1.075753535322753612e-01,5.082207465899100246e-02,2.223142201065227419e-01,3.287110921171067235e-02,-1.011136426964223539e-01,-3.506659294889222234e-01,6.413669901349146329e-02,-1.633787611974756374e-02,-2.445796681165856579e-01,3.627038373740081034e-02,5.928859966465423875e-02,4.854006584591115392e-02,-5.151462018463748294e-02,-1.595198177029084549e-02,-1.329348162185134963e-01,-2.251421748477135110e-01,-9.052234812714950174e-02,-1.010399476484877129e-01,1.254776734410260608e-01,6.046603102294352550e-02,4.620262477176480254e-02,-1.651073165013048349e-01,-2.128982448211068079e-01,9.033933907597539725e-02,-2.123600961643517041e-02,1.124584261901946658e-01,-9.479422531696055088e-02,-7.506107946566031863e-02,3.120335031920749153e-02,-2.491412807893403358e-01
-6.724177608851185373e-02,2.112919610387063440e-01,6.859535011045633790e-02,5.879678284222198022e-03,2.018631420472830340e-01,-6.458310029708795585e-02,-2.644903975301051563e-02,2.065266720933924272e-01,1.171149011029773562e-01,-5.785978726498648694e-02,1.556714312631948816e-01,-6.226760901816139754e-02,8.061564781945702862e-02,1.286463390154405362e-01,2.959830664116869020e-04,1.035717613895132533e-01,2.545340327143251827e-02,2.805226766926463555e-01,1.086834161956283865e-02,1.779831421806190028e-01,-4.242341759007604157e-02,-2.226380444345655296e-01,-9.291818929399750515e-02,6.941589261051175908e-02,3.031558938977037959e-02,-1.544060453049755921e-01,-1.157989817734126625e-01,1.381114857120510075e-01,-1.241549410460918157e-01,-3.401749500127342896e-01,-3.035014814144184475e-02,2.010630853925222256e-02,-4.118779874512050188e-01,1.602099774757095307e-01,6.332397202736293751e-02,-1.784338268397367422e-01,-1.444703277252345486e-01,-2.417150083061092025e-01,-4.605217893471404839e-02,-1.612949224412934535e-01,-1.341816923566678810e-01,1.463923218159818851e-01,-1.224409795038353399e-01,1.581949071901209147e-02,8.126534704523044605e-02,-4.211053718169648075e-02,-1.741530455712936576e-01,-2.204463244447925629e-01,-9.994679554998681104e-02,-1.028121675912216509e-01,3.591231366861646346e-01,1.922810456033487714e-01,-3.905171607389626987e-01,2.075233033035652208e-01,-1.594077322370605204e-02,7.881364488624750808e-02,1.615084360384961767e-02,8.135913366244469647e-02,-1.106365865739352000e-01,1.141193847078562874e-03
-6.368121839681711860e-02,-1.055990215639723007e-01,-1.407290118768314835e-01,-7.001987766198375027e-03,-1.497623359734974735e-01,1.607246081471311872e-01,-2.021068669701565207e-02,4.775980716093500278e-02,9.209427435693939845e-02,-5.409768401389235259e-02,-8.108008891083742786e-02,1.484727953169720227e-01,-3.104113046869872439e-01,7.653436450525955004e-02,4.216853433046974242e-02,8.708165847444604424e-03,2.250990147105813664e-03,-2.961689848564890148e-01,3.546299120944651582e-03,2.443367335942137619e-01,-1.493446203770998392e-03,2.703065563847438790e-01,-7.166093045251274718e-02,-9.976546931922902761e-03,1.395749646054656457e-01,1.319349776881273972e-01,-2.563829828823041557e-01,9.457409451808247713e-02,-4.515465989436907857e-02,1.203828011309832358e-01,1.728852349597468502e-02,-8.074486862231007589e-02,7.020176418620668879e-03,-4.423905096824125305e-02,4.571804989058093904e-02,7.387268986458936371e-02,-6.593697460239085484e-02,2.032542271030260694e-01,2.268636983710548560e-01,-4.663019779637510298e-02,5.184650961036899736e-02,1.433745028985660142e-01,1.182800797727746878e-01,-3.580284714091236387e-02,-7.220518470034129055e-02,2.976943983201244537e-01,-8.030276246568565646e-02,1.243378681406796249e-01,8.735298401369546994e-02,-3.127387053927728477e-02,-7.320394588518244761e-02,6.539898948084044150e-02,2.198677948577420493e-01,-2.986833786003412899e-02,-1.111776448524996394e-02,-3.053938924433250435e-01,8.357351587008518545e-02,-3.706533935025987381e-01,-2.377321876976531689e-01,2.051685404756262154e-01
-1.301291856287926652e-01,-5.058340875672324988e-02,1.024805460973585297e-01,-6.470586107970843770e-02,-6.503135022956360589e-02,5.933105298423498042e-02,-3.610654392174945937e-02,2.274571876822562705e-02,3.087719600815594934e-01,1.731192299498213460e-01,5.322773702410131536e-02,1.124606878114679659e-01,-9.320090353901150371e-02,1.166639190280346072e-01,1.681784583039895031e-01,1.121374261840048236e-01,-1.294439697325833194e-02,8.440857709219481975e-02,1.110332539012008068e-01,-5.144655878409930272e-02,-2.401011416768667472e-01,-1.845741392100234690e-01,1.509014160398322590e-02,4.278838528598950808e-02,4.465420789577814048e-02,1.950337378817108003e-01,2.138503156743150058e-01,-7.319780471903803050e-03,3.920130334571129971e-02,-2.435104821527299401e-01,-8.001239976447209468e-02,-1.184028515731658099e-01,-3.211117907079562572e-01,-2.300604458989392587e-01,-3.063490054264071949e-01,2.284901818729100434e-02,-1.743845313469635783e-01,-1.544428159710222181e-01,3.084165274809061441e-01,1.204578951688945743e-01,-6.970586353454722058e-03,-6.016393403885313823e-02,-1.432664954182653605e-01,-1.661186108216507473e-01,2.094550063128994277e-01,-1.642526608309527458e-01,4.429686564734225951e-01,1.328604996910873193e-01,-2.546439215325399519e-01,-1.282067834958229846e-01,4.018387087795628476e-01,2.759989891555508085e-02,-1.899309044249838374e-01,-2.757281988809258122e-01,1.361836872572613766e-01,3.167795367927486172e-01,-4.066197324296422222e-01,9.788425409347503714e-02,3.315053051081508911e-02,9.219802628875448103e-02
2.529090465103956409e-01,1.591686613803645553e-02,8.814626514556553327e-02,7.010872487206661063e-02,-1.662495543855576144e-02,9.463303169601584852e-02,-5.620348579410405776e-02,-2.125602540683567132e-01,6.655484331016014998e-02,-6.303736904717491263e-02,6.670201461490971040e-02,7.115549842026536176e-02,-6.674807256567852343e-02,1.120934297082930992e-01,8.371656555589608584e-02,2.634373447721761741e-01,-6.976686415261575125e-02,5.782460944709729572e-02,-7.123777655969384948e-02,7.343650482487883158e-02,7.031605797270609748e-02,2.380579003568881191e-01,1.394907014977006254e-01,1.187286624225268594e-01,6.165294762714745858e-02,2.194378023994845994e-01,-1.074634671898893057e-01,-1.156547690256515964e-01,2.378099619705364987e-04,1.461255368954935130e-01,-6.585277821069265847e-02,4.309391827635893901e-01,-1.253972262734721899e-01,1.071828653051852542e-01,8.540834325628847423e-02,-3.560677649225411912e-02,2.542932417402015144e-01,-3.238153416548551489e-01,-1.309830922516738196e-02,-2.295729259596258898e-01,-2.771627021701515425e-01,-2.209166610778455497e-01,-6.622851800729183391e-02,1.397971825936058787e-01,-3.844999155397542112e-01,-1.627053357441442805e-01,2.393259780805369330e-01,-1.109854215924246795e-01,-1.716058958235885251e-02,1.411771466701688127e-01,-9.699586147756646126e-02,-9.151276684478890089e-02,-9.143769503050974690e-02,1.595392212447167279e-01,-2.796092064074563455e-01,-2.474546068877933602e-01,-3.191133846210628122e-01,-8.645701180637527239e-02,-1.262261515961589642e-01,-4.635031030291607290e-02
-4.641681176317576096e-02,1.715719210972923292e-01,8.140452331505639016e-02,4.471934457524247286e-02,9.833667844918539402e-02,9.037801358912889160e-02,-1.174856814646618210e-02,4.203377694590797187e-02,1.750721669346634035e-01,1.278489015173280008e-01,-4.781578557188897322e-02,1.465484524222485617e-02,4.293400433722258797e-02,1.265697196552171000e-01,-3.741747624583310894e-01,-1.662226940870243919e-01,5.147623893485375572e-03,-2.496820022837070024e-02,-1.794994152188760794e-01,-7.328817062499251578e-02,-1.565474089718961737e-01,2.129391209040472632e-01,-3.746156776797916754e-02,1.285341325157270398e-01,-1.402112175308001529e-01,-1.654714182576047798e-01,-4.688497096365232958e-02,2.088516392341626948e-01,-4.043938417381187644e-02,2.650296673408297776e-03,3.044187219629865271e-01,-1.415334068068456186e-01,1.340036476096870266e-01,1.378316927621347499e-01,4.447282400786939371e-02,1.132888825377826175e-01,3.106408309270054444e-02,7.592931714800357779e-02,-1.674826540143035947e-01,7.323063016657878344e-02,-5.358485594463087143e-01,-2.264814951948778549e-02,3.019244475755001322e-01,-2.126552269420848573e-01,1.226601047552130543e-02,-1.949521979373604677e-02,-2.458418856802816604e-02,1.265659581431208269e-02,1.624217459719719814e-01,1.034922646725244724e-03,-1.529404629829761719e-01,2.040800611834634459e-01,1.323267153699225207e-01,-3.492299915150958167e-01,4.746347841848203020e-02,-1.430729780517221369e-02,-9.489881165659500017e-02,-6.034921703939527711e-03,-1.359558531141719095e-01,2.168239658414247428e-01
-2.446145522094919367e-01,9.381534879872406238e-03,2.258452780325467119e-02,-1.935920869978546011e-01,7.828536763220489067e-03,5.429922259083606179e-02,-1.116807207388350598e-01,-1.870930704645569140e-02,-1.580752908508613053e-01,-1.300091408015826011e-01,-1.560117886769799844e-01,-1.056433348858381860e-01,7.429487043218337139e-02,8.666193794428979358e-02,3.890434303436365870e-02,-3.257129974795898442e-02,-3.989441724015968527e-03,2.947165925405906967e-02,-2.642781506782051343e-02,-2.187899874375986986e-02,1.012204876267607939e-01,1.420058170461899194e-01,1.514350710350028939e-01,-2.592110917161166705e-01,-1.429328554927740413e-01,-1.330198899278565439e-01,1.341130381052184073e-01,-2.352594932769366820e-01,-5.129923298498362261e-02,3.176290506448248372e-03,-2.572461605107080329e-01,1.411231712145866735e-01,-6.935059514497426969e-02,-5.992140536615696289e-02,-5.915579485779074581e-02,1.818583843761269470e-01,-1.611846266365025704e-01,3.031202187586901076e-01,2.826845435114814231e-01,6.343636277687275671e-02,2.580145969677595796e-01,-2.146340251228380791e-01,-1.228184797440342313e-01,8.793513330743538137e-02,-1.768294501130990015e-01,2.782620830922366475e-03,9.782592542900805932e-02,-3.517419271833950589e-02,9.866580023704615843e-02,4.284436850598815627e-01,-5.389803041660116284e-02,2.081895960901763709e-01,2.101913233995940655e-01,9.349104026162059766e-02,6.623877184121870765e-02,1.016088986238131708e-01,1.162604805560563115e-01,2.013121558366727515e-01,2.312038031225058243e-01,-1.984437256193557209e-01
1.759607057474283504e-02,-2.292313383579193398e-01,2.074986157725123778e-02,6.011993986908822224e-02,2.000759293461598642e-01,-4.783119604679952550e-03,-5.927931923434146683e-02,1.357655625665640797e-01,-1.357088417060884900e-01,-1.041230572261395287e-01,-2.292336216018901474e-01,3.231896616164549318e-02,-2.616407352404929165e-01,-1.445984702292260268e-02,-1.799735824678657115e-01,-6.565756421792351763e-03,-3.852719441558085517e-02,1.998802035149864764e-01,-5.667608828885093569e-02,1.729773719906319007e-01,2.226661796052719147e-02,-2.478745819906000847e-01,5.659490934666396023e-02,3.271387880635561185e-01,-1.367458481954685334e-01,1.267954415951265748e-02,3.524950635439071112e-02,-4.737884053048145236e-03,7.227465062665273943e-02,5.286344891225412679e-02,4.807878237536103994e-01,-9.071984858478573943e-02,-2.007535771032661620e-01,8.788755027595929192e-02,8.065285836037371092e-02,1.765251123602585431e-02,-2.823098993783179078e-01,2.870994877503486586e-01,-4.611714306751024672e-02,-2.086385535702786065e-01,-7.531683168203451122e-03,2.154420155289908934e-01,1.967005054566975473e-03,1.510037952082327328e-01,2.334214664146691542e-01,-5.654867659739976245e-03,-2.328219532091594102e-01,-1.220349089761318118e-01,-2.917172198435740160e-01,1.607510160831741031e-01,-2.925299833295935126e-01,6.774915628822202052e-02,2.355299880903272691e-01,-1.850505817016475374e-01,3.486380981658519090e-02,-1.185015232730269805e-02,-1.629634836470545967e-01,3.183615525773563770e-01,2.381216737500943884e-02,-1.554179262573765485e-01
