-4.003897912573428641e-01,-7.567394943306577915e-01,-6.961283256302561728e-01,-7.017105158188507996e-01,-1.645743618452275570e-01,-1.991300632376971635e-01,-1.466481825215539270e-01,4.242437367518049618e-02,1.899950750106849107e-03,4.359121873902236516e-02,2.598847838689481021e-02,-6.478351686256871023e-02,-2.376932193058243874e-03,-1.172060117957852005e-01,-9.552369841460654765e-02,8.388183497220912110e-02,2.730844374790087903e-01,3.983277048992287135e-03,-1.786737523454873799e-01,-2.059647422862226629e-01,-1.438084714260833008e-01,-2.055989081764588722e-01,2.124866380549670850e-02,-1.514458649951745117e-01,-8.707529630372493057e-02,1.657928361369209458e-01,-3.096303236305431722e-02,-1.490141228522235406e-01,-1.534487609880033909e-01,1.777379599109813954e-02,1.908172294728184837e-01,7.878089313963611284e-02,2.213662624896207964e-01,-3.207862799997672765e-01,7.438461768662180118e-02,1.008607222788651947e-01,-1.299066684803117655e-01,1.096775843768286463e-01,1.949036651652288343e-01,-2.066617495044621167e-01,-3.536048965226751967e-02,-3.848462714113743965e-01,3.446543225036413638e-01,-9.319724814202456908e-02,-1.878155235400220113e-01,3.721350484911574164e-01,3.795007878570596377e-02,-6.641359478036826247e-02,-2.761584419487507214e-01,-4.087125553128030941e-01,-1.867857439522343371e-02,-3.250346222665549401e-01,5.177766556627341060e-02,-9.701526648388635998e-04,2.263062372533008459e-01,-2.579965938876748743e-01,-2.293743872173471809e-01,7.430101654795009947e-02,-6.013305913796986729e-02,-1.104597182435284319e-01
-5.250791717233685985e-01,-5.185564110025542295e-01,-8.091101920940092507e-01,-8.261758908065136575e-01,-4.038202215142759899e-01,-2.535461892945080065e-01,-8.721269734578367128e-02,6.016844441530719984e-02,-2.328412227957805600e-02,-2.626664288196615266e-02,5.502242636319852609e-02,-9.446101096167952571e-02,-3.658091268846501432e-02,7.025881800551109224e-02,1.753831644541192503e-01,-9.640050140145464685e-02,-7.346374207768349707e-02,8.987369086683617836e-02,-1.200847355859178955e-01,1.748130068584722030e-01,-1.992519152154173523e-01,2.276718410308030127e-01,-9.689840580247464918e-02,1.565288766707519097e-01,-9.810984416622810234e-02,9.029644538804408940e-03,9.262371963920697227e-02,9.878409598062616592e-02,4.819218099444137066e-02,1.901319521973132143e-01,-3.365303122253222867e-02,-1.660207300572349165e-01,-2.679008069554439549e-03,-2.377255084790966255e-01,-2.855749377262836036e-02,1.452184170273134178e-01,-2.457360942561410619e-02,-1.428464463177648580e-01,1.986563950193243611e-01,-1.562839830250118411e-01,3.555567332089640264e-02,1.565384041075010280e-01,1.110627675259419911e-01,1.362308854747792397e-01,-1.787876523771225190e-01,1.480911936039261967e-01,2.256627002130663917e-01,-1.375604273031318936e-01,6.932859558339829475e-02,3.289813775029196141e-01,-6.546599795683831491e-02,2.921649497860606126e-01,2.343778300947633921e-03,-2.108262150730913775e-01,-1.664832538386829264e-01,-8.050470120762655279e-02,3.444456216466506016e-01,-2.793150318613632499e-01,-2.802652827302882718e-02,-4.197718608962432846e-02
-2.848175005549292704e-01,-2.844365725879135498e-01,-7.508508925958951030e-01,-7.322259299507004604e-01,-3.298042795417491790e-01,-2.294256439690221805e-01,-2.261086044764256953e-01,5.964835539618908167e-02,-2.290083148426595161e-01,-2.081985171369899468e-01,4.052547261251723820e-02,8.192136791966501963e-02,4.554955307276264270e-02,1.376017628194989295e-02,-1.628767052205494781e-01,1.598761247953970829e-02,-4.833434721063426670e-02,1.801164667102439498e-01,5.206338354071082808e-03,5.038663297607811481e-02,1.409829911086830923e-02,1.685323302487230779e-01,-4.332827661719301088e-02,-2.274745084201187928e-02,-6.335867223126692704e-02,7.162921256043283669e-02,-1.514511119940968598e-01,-1.029923284233041220e-01,-5.706516958581092994e-03,3.134597047078072074e-02,-1.857680783151191561e-01,1.542479043047310094e-01,2.517563353119324221e-01,3.327235647765946353e-03,-7.627918532826764852e-02,1.307969232483726096e-01,2.446192019429853717e-02,-1.996971507056945483e-01,-3.550695106060221956e-02,-9.947593880535227084e-02,4.841706417477485980e-01,8.573263642592716949e-02,-1.290700992068262998e-01,1.749894316990782683e-01,8.346517116744101711e-03,-2.069269318827270110e-01,3.397169633072871092e-02,-2.458778400377337192e-03,-7.527391779111909653e-02,1.224913196346706645e-01,-1.419329234699250042e-01,3.737972568080578650e-01,-8.798106646475670201e-02,1.951479805953290625e-01,1.174759506998340752e-02,-3.292137018457819142e-01,1.106978372084954697e-04,-1.060265519642786258e-02,3.248596022873238842e-02,1.413702975306306286e-01
-2.517288598599033422e-01,-5.168048994253110484e-01,-5.977476181826870683e-01,-6.650757390630753774e-01,-4.874818434174940096e-01,-2.889688344975464007e-01,-2.560727279936899081e-01,-2.702400735413808611e-02,-1.215897857774989044e-01,-5.993978629966208171e-02,-1.352043849134391962e-01,-4.909086671236172900e-02,6.654134890382853995e-02,-1.342773080699836696e-01,-6.503792882677308929e-02,-6.330095784088499156e-02,1.117778846251320235e-01,8.159255941307182181e-02,-1.505758424708122586e-02,-1.568113076740136891e-01,6.306099663085791562e-02,-1.049689166997924000e-01,-2.479475488150142959e-01,-1.159085060717601756e-01,-2.969591377039349119e-03,1.429481567282057941e-01,-1.319965674904878816e-01,-3.947411222304621214e-02,4.541345172513330114e-02,3.943286874840168377e-01,-1.351276907962299101e-01,1.888917841608436787e-02,-1.249423229819298688e-02,-1.782277691355014793e-01,-1.949378477609392257e-01,-5.296609495067727824e-02,-1.274129633307202192e-01,-1.846422320366190584e-01,-1.818158812856093820e-01,-3.532349418036916378e-01,-8.336048774904689096e-02,-2.488712538436597677e-01,1.594992371155680988e-01,-1.955964340893648346e-01,1.900108552133238926e-01,-9.982381181072402798e-02,-1.283660772261686345e-01,-1.587674679260112631e-01,-2.826777128748013679e-01,-1.448592792308218136e-01,2.306585488745662715e-01,8.385050595561463482e-02,5.980790663713984184e-02,-9.782558861619979063e-02,-1.212881975425489089e-01,-6.696765442734831097e-02,1.780420863253307506e-01,-1.347202137798461374e-01,-2.892741724370015977e-01,-9.989294853988983647e-02
-1.513121012064312376e-01,-1.623106938056798620e-01,-2.929270588397960839e-01,-3.586055776179061239e-01,-2.173055153527420347e-01,-4.329540408164503917e-01,-2.831733452510542051e-02,-9.449734206621637767e-02,9.725002353789346729e-03,-1.117703121267390048e-01,-1.031231088521587236e-01,-7.371706699685295905e-02,-2.442567029051361666e-02,-5.472114548397155609e-02,-6.814823529422117492e-03,-3.612643450575454135e-02,-1.526061951935797113e-02,8.396777594888506224e-02,-1.817841024398609839e-01,-1.703425460785841783e-01,-1.832414858727540174e-01,8.931190395916002722e-02,-6.091511570859177438e-02,4.707491305115309860e-02,-1.496786611527404498e-01,-1.308069912705327534e-02,5.455771346459473842e-02,-8.700592503210489992e-02,3.087628920130344179e-01,2.441877035202700552e-01,-2.152392629480122110e-01,-4.895346900050905059e-02,9.837733099094193856e-02,-3.860068632581281547e-03,-1.654918586468751840e-01,2.644980663457456235e-02,-3.014778070516124786e-01,1.502340265649617090e-01,-2.909607602498887613e-01,-1.673832162279213220e-01,1.611612383771186818e-01,1.439930134491673175e-01,-8.057584066104077347e-02,-5.490808813636123553e-02,2.268178421572420445e-01,-1.513759249597181888e-01,-2.325119808144357481e-01,-6.034185256998571972e-02,-2.429378126340997479e-01,1.468123337691094321e-01,-1.269160238620493375e-01,-1.641119509132274723e-01,-1.043259275254127677e-01,-1.146871626621941420e-01,1.398612017651359486e-02,-8.362582249042133098e-02,1.789024149341256753e-01,-2.382596589746891202e-01,3.353270319667137067e-01,-2.172993643589329338e-01
-2.203684700981516364e-01,-4.824607948958150594e-01,-3.704055806805125473e-01,-3.722497270438279715e-01,-4.310937388028747153e-01,-3.480454344103865449e-01,1.282285770922471368e-01,-2.491745880534737834e-01,-1.212741450760044942e-01,-5.691764102496912198e-02,-2.235476922637055774e-01,8.220265752064818965e-02,2.649110943016257450e-02,3.863646698316040851e-02,-2.793521792147651926e-03,-9.878480831535821349e-02,-4.931518505705426852e-02,3.596322500764006364e-02,1.203227016806084348e-01,1.245588545388174734e-01,7.739041942647328920e-02,-1.631337937862342991e-01,-7.045882774912348712e-02,1.460435322064189689e-01,-1.120657485649700913e-01,1.268409486001522701e-01,-8.867054016961287144e-02,-2.266533950862186231e-01,5.352052213950742260e-04,2.238066458531269287e-01,-3.053141386995120721e-01,7.261316192706815387e-02,-7.854193235819033336e-02,-1.344861697544464940e-01,1.520612495073649095e-01,-9.052234148024040916e-02,-1.490236159992868181e-01,-3.305970571055032448e-01,-2.114718219097827812e-01,-3.462075939623652232e-01,5.627803717875897588e-02,-1.905797939539891905e-01,-7.645291440092857882e-02,2.473731057594365235e-01,1.531335724956942312e-01,-2.317104463395770406e-02,-1.189108772707941214e-01,-1.282728833027413917e-01,-2.026694142840935187e-01,2.871919034164198692e-01,7.269420154933300959e-02,-6.719617999212323771e-03,1.208257335259180082e-01,-2.279615167450457086e-02,3.123811349043573160e-02,-3.553592521217932565e-02,1.189487120279367482e-01,2.290246556244956901e-03,-4.830829141491877268e-03,-1.391212389517481329e-01
-5.775198343573821613e-02,-6.979230821662460449e-02,-5.179040601046071002e-01,-7.685124450611345859e-01,-1.958115319863195092e-01,1.749048137104236567e-02,3.370823413255010642e-02,1.914338407972363820e-01,1.408439930128304041e-01,-1.462446961074322649e-01,-1.405369658388868626e-01,-8.932396777444477631e-02,1.605349332905531834e-01,-1.594165087233662959e-01,-2.108571855542558937e-01,6.436782456187260804e-02,-5.313206728096893372e-02,-1.192665995105110233e-01,1.498454697470082489e-02,2.479832984072388724e-02,1.378605356881309196e-01,-8.915856822559603545e-03,1.457236106357414351e-01,-3.748628759269091726e-02,8.006207426026205887e-02,2.885395269263796303e-02,-1.556759994401371028e-01,-2.759701267716712508e-02,3.731928738020869052e-02,-1.873247855608829032e-02,3.571998961226746094e-01,1.515853956578399886e-01,-1.323394108851450035e-01,2.155413273437779137e-02,3.597360730880665158e-02,-1.308822574950120887e-01,-1.678099295774468092e-01,-2.301280622760922545e-01,7.377204433817111107e-02,5.444825430059000056e-03,-1.440980376065247870e-01,9.745283997815609722e-02,2.220917244103507160e-01,-4.245953443954603168e-02,1.517632208721878539e-01,1.857450297912602299e-02,5.544340987687444017e-02,-1.724166433715018654e-01,6.162790988222986016e-02,1.112796125148447501e-01,2.802615099190933906e-02,-1.649371000832937639e-01,-1.499743273803143609e-02,1.024124867605908512e-01,6.325855535848172451e-02,4.780225869670384764e-02,-1.000147397680514472e-01,-2.766617613437345399e-02,1.390447903599562052e-01,3.314709117900627167e-01
-2.355463618968285933e-01,-2.676489679089674167e-01,-2.698678529308319307e-01,-2.744440203558717317e-01,-3.521021707406876006e-02,1.964318772623272619e-02,2.166579132963374066e-01,-2.594268585968579899e-01,3.809500564455160498e-01,-1.576253499389808077e-01,-1.777106233922587930e-01,1.869092705442068625e-02,1.096278646438983151e-01,-8.589985357777746300e-03,2.894465537810417960e-02,-9.332666580211682050e-02,-1.099567153971929140e-01,-9.396082493892579657e-02,5.654858651071292819e-03,-8.700097400484291948e-03,1.625560068462204577e-01,-9.231344287685969152e-02,-1.077916534205955179e-01,-1.029085005646405565e-01,6.515830790111865490e-04,8.206793436937553921e-02,-1.422811442314250441e-01,1.333268522181023374e-02,1.628455398871369031e-01,1.389328432667913948e-01,-8.913629022100641452e-02,-1.416162290506678967e-01,6.401577924639811901e-02,1.249817736698675824e-01,2.196475228823648387e-02,-1.066976186281009403e-01,-9.285562250941729878e-02,-1.937782905979225645e-01,1.731030995894958235e-01,-4.318647811405771364e-01,-2.536322591742993238e-01,1.422535364474752928e-01,-2.329689649849201183e-01,-5.131936579994269415e-02,7.714852967014615426e-02,-1.885007504877140305e-01,2.289056307674753807e-02,4.589802814438396356e-02,3.301453636217851345e-02,3.266641539407050265e-01,-2.200334990779801575e-02,3.881409749150943698e-03,3.147106955568908931e-02,2.489595158062639091e-01,-7.931707461626191780e-03,4.685053349609415163e-02,2.514500011612620378e-01,-2.443520883833426860e-01,3.337343638383832300e-01,-3.715379934057360112e-01
-2.417159213187138334e-01,-5.995269323598460820e-02,-3.751770777285942660e-02,-1.578899429267687296e-02,4.935774478254504466e-02,-3.451451670902344060e-01,1.592617019968151915e-01,-2.858331407686831582e-02,-1.075334375368959192e-02,1.765474531383995349e-01,-1.109191752698730493e-01,-1.806962758923578716e-01,3.853457572897910355e-01,1.924945250156742671e-01,-1.047137624587725774e-01,2.114803629113382599e-01,-1.590550406394042882e-01,-7.244306133365226164e-02,1.423819047043827501e-01,-1.198858982566145120e-01,-1.117281182077768664e-01,-4.936537000927874314e-02,-1.787401752686507694e-01,-1.379674282984524603e-01,1.075337759475564481e-01,8.443692089840876269e-02,-8.629665866114635819e-02,1.044963789102951318e-01,1.651170038339031532e-01,1.103346273324434523e-01,2.248430887735545364e-02,-4.646661094189717504e-03,-5.342135978368772742e-02,-7.026077482306228089e-04,-1.620681923532285296e-01,6.178257019263245012e-03,2.852730254912917984e-01,2.926990329272979863e-02,1.644653017480148804e-01,2.605006498864160802e-01,1.166618238866646423e-01,-1.399850721530723485e-01,1.844676293754874963e-01,-8.541323123108111870e-02,-1.083388250124446284e-01,-1.444748100297938986e-01,9.473503379626793675e-02,-7.051668721708823084e-02,3.446304687336528699e-02,-8.719705943985396612e-02,-6.847933621453577979e-02,1.773445807984193046e-01,-1.507249733754132959e-01,6.092904934283740331e-02,1.114456388869592834e-01,-2.389156716165001249e-01,1.053725292599741598e-01,4.227784551875596319e-02,-2.412069997539135480e-01,-1.225231657959199028e-01
3.291999982812668368e-01,-1.175929216785434085e-02,-5.347637748104737410e-02,7.801942371707640267e-02,2.480279987679221976e-01,-5.073993094348292626e-02,6.802262651705965127e-03,-3.795794222243137426e-03,-3.667985971412801582e-02,1.005267660378571237e-01,3.873753231118613055e-02,5.739705030502904176e-02,2.456350071433699433e-02,1.135359463731610286e-01,-2.665831149991128024e-01,-5.407894543629356704e-02,-1.929764129189566746e-01,2.921083104633560509e-02,-2.421683761392948164e-02,2.267340704241402327e-01,-1.265084829290435697e-01,1.658072074323078682e-01,-8.482478517019688413e-02,4.568029057391453235e-02,3.921222176720486063e-02,-2.258277523837123185e-02,4.685247851537421848e-02,1.172751863193967348e-01,-1.438865363926777018e-02,-4.382955788668078945e-02,-4.335765808645457992e-02,7.529343077993630451e-02,1.414090257927694827e-01,-6.720669803251548557e-02,-1.505113146138853386e-02,5.344985948068983056e-02,-2.002550864985282453e-01,3.903205450902254292e-02,4.458488936851729041e-03,1.800372655623904694e-01,-2.724025327471949962e-02,2.500296942812718082e-01,1.756613779788410434e-01,4.182555672356007004e-01,-2.389090980987454704e-01,2.919309171789730706e-01,-6.104031724683044169e-02,-1.809202815927764552e-01,1.463623685905744432e-01,-3.718793907559586054e-01,1.933093694556242415e-01,-2.008524670447886518e-01,7.088530804253452555e-02,-4.171482750349898155e-02,2.564052317074161924e-01,-1.272736999428410176e-01,3.292159962465308898e-02,-3.220928261148746641e-01,8.261942269205134470e-02,9.702584423235789679e-02
4.960546904089803144e-01,5.393344419605387158e-02,-3.264807839440319603e-01,-1.757133896924202576e-01,-3.759789348136083897e-01,-1.765966269403646260e-01,-4.523070393949528423e-02,1.007417968820445344e-03,2.189123366685350597e-02,-5.828914033492216089e-03,-3.017537437363869701e-01,-8.569302805491089969e-02,-3.505432603334687758e-01,-4.923238907238514095e-02,-1.108874973256360544e-02,2.697969272071344959e-01,1.517102603714261255e-01,-6.660238054936243324e-02,-2.846714216818508891e-01,1.569911789238497349e-02,1.886900690037284500e-01,8.908279326861306968e-02,2.700384847840492375e-01,1.121430931953979436e-02,1.929476025399577341e-02,1.228285436818242829e-02,1.251815520291302275e-01,9.895382181650691500e-02,9.538367918145791713e-02,-1.131902238899967356e-01,9.628213187972559095e-02,-1.206277811427209495e-01,-7.624309572264789669e-02,-3.129995528439326324e-02,-1.577211921194303923e-01,4.530748554603862555e-02,1.510864843259449863e-01,1.594574669697462477e-01,1.853863554013136239e-01,-2.805583016517231368e-02,-9.422649029955261490e-02,4.020320903250817340e-02,-7.472503505991306971e-02,-1.182304532923159901e-01,-1.509765326596735346e-01,6.478643320397231564e-02,-1.234925971220427743e-01,-7.895700960724463813e-03,2.038269483447607278e-01,1.015741238889582565e-01,2.909297716248820942e-01,-5.040112371638361122e-02,1.253545361713203667e-02,-5.257801166821190857e-03,9.130420080375896419e-02,8.524030751027075747e-02,-7.206316851360927873e-03,1.090726866685748364e-01,1.166050321356033592e-01,2.153227769736504038e-01
3.920490042362227423e-01,4.123902383689655171e-02,-4.692039114981607639e-01,-3.906921990345540302e-02,3.694770289076474423e-01,-1.141027885411944887e-01,3.074183577633746167e-02,-2.538719664883990479e-01,-2.525376565931851738e-02,-4.980076737948153920e-02,-1.040193632436420268e-01,1.226703450270056200e-01,-2.041875497875316608e-02,-2.336681596224762791e-01,1.274484111236593997e-01,5.258183785139321914e-02,-1.431037439674859649e-02,-8.655960704417595131e-02,-9.577991756601014761e-02,-1.027605351872707268e-01,-1.142861642597423205e-01,-7.818859304399801424e-02,7.033489211052505741e-02,-1.334585335110272386e-01,-2.611622587962007455e-02,3.589780566826718949e-02,-1.246653238340164477e-01,-2.046457949850371549e-01,1.094850389045822804e-02,3.911593311911906734e-02,-1.941719831337436752e-01,1.909266609812312054e-01,1.450474148186879919e-01,-1.586179225202405951e-01,-3.429419254390025235e-02,5.509132635444998621e-02,1.257064348624017391e-01,-3.336728332334951697e-01,-2.071967016745708823e-01,1.728519025543354126e-01,-1.536962797478880248e-03,-1.095228477944692504e-02,-2.303646761972775181e-01,3.661601012953134837e-02,-3.690401900089559928e-01,-2.834661199972989681e-02,-4.119169564288937407e-02,1.564469521300091148e-01,-5.818949846250461022e-02,-1.006104229648832962e-02,1.161632335534977870e-02,2.092064168709794336e-01,-4.751675743520251266e-02,2.160022914672255628e-02,-6.055651957167472454e-02,9.028667291875708267e-02,-7.956215359689598754e-02,-2.824115214612593627e-01,-1.767190555204715408e-01,2.795332811840616216e-01
5.616987809481037430e-02,-1.818401933596206499e-01,7.259699716219142340e-02,2.059203666449239412e-01,-1.587076746215024536e-01,-1.038424072621634692e-01,6.228885313134285839e-02,-1.546032469946466426e-01,2.030045747629754538e-01,5.278536348575266907e-02,2.454868852016878298e-03,-1.281939010865184581e-01,-3.256460777989514388e-01,-2.544558779297654422e-02,1.820239429140288467e-01,2.222241164240673084e-01,1.003502232396104865e-01,8.265997940314533110e-02,4.678929200816293876e-02,-2.572273000148330713e-01,1.817569234398019873e-01,1.960061730705461303e-01,-2.094467466685586143e-01,-4.611543202781750311e-02,1.489191187945186068e-01,1.201636704305145409e-01,1.033484909132319080e-01,-5.816979094860228600e-02,1.266941105976659709e-01,2.670526081778097291e-02,-4.763119177379394886e-02,5.328846063219423550e-03,2.949433250866667078e-01,-1.913257032842390626e-01,1.482232627246155288e-01,1.213438693916248645e-01,-1.419905747460881162e-01,-5.096320060328942553e-02,2.472558909574897323e-01,8.815092528908420599e-02,-2.538812043256272744e-01,-9.300898532534683516e-02,1.627620825052173703e-01,-3.997732175354895903e-03,-1.805184966374935585e-02,1.016637902385620906e-01,-2.213975243283320959e-01,1.715106573864569606e-01,-4.378896481738794172e-02,-2.185287254735690521e-01,-3.702303831096555309e-02,9.203302219675403573e-02,-9.467558606820623834e-02,-2.159653227039786960e-01,-1.162852747190779856e-01,-4.368289575465332253e-01,-1.512006171930129761e-01,-2.172709191160989567e-02,2.835372907296743877e-02,-3.705018797763096061e-01
-4.689459583820741045e-02,-3.332455591823670071e-02,-4.049904253423319660e-03,-1.323467176616071050e-01,-4.094544274401389350e-01,-4.123961798177977478e-03,-1.881906283194279550e-01,-6.244513795323120009e-03,-1.485517838403608848e-01,-2.042321874955559391e-01,-3.454941505504056931e-02,2.488209220627343732e-01,-2.254374702578378076e-01,-1.672137318098954883e-01,-1.403799072179157115e-01,8.378266822357212373e-02,-7.540695182004905628e-02,-2.108011692390857894e-01,9.737208239811222243e-02,3.153649541699347827e-03,-4.717562624656450321e-02,-5.756732915883026186e-02,-7.976063695331189751e-02,3.440395404189133723e-03,-1.813828346051248597e-01,1.192804711965196329e-01,-8.350986870398893758e-02,2.454481053528236728e-02,1.988698279436936500e-01,-1.377044441039209366e-01,1.203600530108875216e-01,-5.041347792605549612e-03,4.455914740273628910e-02,-6.462496842030387989e-02,-3.822093255500488146e-02,-3.304669500089839618e-01,1.301007656220794506e-01,1.019119910923140838e-02,8.987018977998259550e-02,2.479682203290678455e-01,-1.354102253090082031e-01,2.651418021992650309e-01,4.362053565423944235e-02,-2.097826245034176140e-01,1.638613653546101001e-01,-3.623906058281115561e-01,3.182696847167979515e-01,1.602852386640838955e-01,5.899533932782580203e-01,3.290589626313740468e-02,1.214052617943224277e-01,-6.502546245203175146e-02,3.212154202137896819e-01,5.787471586307547933e-02,-4.493184271824100795e-02,4.910691787076604427e-03,-1.092712021813589153e-02,-4.625347461252524855e-02,-4.924255013826804583e-02,3.114624526915296121e-01
-2.091521077247322502e-01,2.046905273885825036e-02,-5.970498615131562825e-02,-2.266930185458983504e-01,-4.608004308101042168e-02,1.845105531722216197e-01,-1.249633019543922030e-01,4.223146116960452279e-02,-1.599781567123942927e-01,-2.113376902399322910e-01,-1.071359062600235335e-01,1.732340068710968017e-01,4.336286125740777819e-02,-3.775656889035798880e-01,-1.475637169727094244e-01,-1.442029479579770845e-01,-1.723310863570635953e-01,-8.165992629744243947e-02,-1.096124871534906176e-01,-1.977821439947117232e-01,-7.899203190253618889e-02,1.388285619615338418e-01,-6.653028869771977771e-02,7.116579654645080466e-02,3.761396779127958861e-02,1.283766729654823580e-01,1.083907309467961599e-01,-2.391235132853554782e-02,-2.212827282363674930e-01,-1.169558231159991413e-01,-7.526542347361755980e-02,-1.202798868609681049e-01,-1.304591482994937601e-01,-2.220520524638773252e-01,-3.247064833259166727e-02,-5.302108419427047081e-02,4.940202440244456650e-03,-7.283638270845635421e-02,-7.653309230893909354e-02,1.723453047009103900e-01,-8.801373916637449113e-02,-2.367121760812959750e-03,1.538764851729575445e-01,-1.604190289404716641e-01,-1.480479526941347601e-01,9.504924568368038063e-02,-1.008914789675634111e-01,-2.682743713710363243e-01,2.600547490133231499e-01,-1.191128660014367513e-01,6.445453372202998577e-02,-2.398654320911167981e-01,7.802290860044411303e-02,-1.006165166547271783e-01,2.080465664773313572e-01,2.260308804996233045e-01,6.878625690219519750e-03,4.826519926935588650e-02,2.118115520189941051e-02,-3.442929318267904937e-01
-2.436924518042968002e-01,-3.229459235039154330e-01,-1.299114695252447382e-01,2.000141788385591535e-01,-2.784322376869371451e-01,1.457501728293787435e-01,9.338561525670409369e-02,-3.039486135608401307e-01,2.392483844069619447e-01,5.192977698517022705e-02,1.515893484610089104e-01,-4.050767501105279056e-02,8.353831162837446755e-02,3.070852968255738946e-01,3.232104193980420842e-02,4.040783033154770054e-01,-1.398091559887532087e-01,8.278412166092538604e-02,-1.467718821506213134e-01,-1.496124062435555124e-01,1.027094232426032372e-01,1.278658260473376426e-02,-6.889621217362190686e-02,-2.012631116874966444e-02,-1.610640438112970751e-01,-1.041005229079501743e-01,9.025903463542102323e-02,-4.165397934861065493e-02,1.090458583736717280e-01,-2.473753930417054436e-01,-6.110783813547446958e-02,1.367659668430772357e-01,1.371290229921653947e-01,-4.160823378562994337e-04,1.999713782328448874e-01,-2.004187453726614943e-01,-1.492164673852951762e-01,1.227658922151542570e-01,1.224823250062439250e-01,-3.376864076830768946e-01,1.687157237937484539e-02,-3.257885205039160459e-01,2.482821839582659978e-02,-1.504960617501659680e-02,2.768773983820457807e-02,-2.904965152968139730e-01,3.114106993803501464e-02,-1.759944741316655237e-01,-1.292557867338943109e-02,2.375223337386482281e-01,2.432650055329239544e-02,-4.831607896653309503e-02,-8.693529263942317842e-02,-1.903723471991351501e-01,-2.662300193667800283e-02,1.592917212893917855e-01,-5.708623269314990617e-02,1.931342739671565167e-01,-1.324615306526880365e-01,-2.199830896028650840e-01
-5.374452213542679768e-02,5.764055924606652226e-02,-3.231596766110010344e-01,1.531525234988345419e-01,9.988206290844794943e-02,1.180103415409972933e-01,2.542963960626333231e-01,5.614237349460424742e-01,2.211011122581049426e-01,-2.337430208924350453e-02,-1.636205545238902936e-01,-2.119831466801484210e-01,-2.292137710319105126e-01,-1.220469392394879504e-02,-6.627492977516691308e-03,2.171429452759678080e-01,-8.986148227234930230e-02,1.523555534548522439e-01,2.234433673913591156e-01,3.633724676293347278e-01,6.807401977164728724e-02,7.635598908957660913e-02,6.075484400111248739e-02,-8.502457782046829449e-02,-8.127655590088612991e-02,-8.900595683415231385e-02,3.486240777463452123e-02,2.300280735867483717e-01,-2.756261657809293969e-02,-4.493806751667018401e-02,2.069614545704752118e-01,1.936796734257469343e-01,-1.301662463070719922e-01,-2.071709451521412948e-01,1.086510350258201169e-01,-9.584664410999133022e-02,2.836168657558757467e-03,8.235827398803732824e-02,-1.419039830776699374e-01,1.521751409283464973e-01,8.907596290454028454e-02,2.741708391897767008e-02,-1.002142674079579132e-01,1.132369871999650834e-01,-3.622398080857890806e-02,8.370338214437175739e-02,7.535795207421651376e-02,4.360764824929354300e-02,-1.607687147287094609e-01,5.275087816416647313e-02,2.555761796905190453e-01,1.940010304101667526e-01,-8.878907219703960352e-02,2.447917947173898837e-02,-1.841847882181402718e-01,1.784821720526044708e-01,-1.689194038043093926e-01,6.366395848264887192e-02,1.395372672302591932e-01,8.069523290945859739e-02
2.409612765150453417e-01,5.510044554173043618e-01,5.589296653935048320e-02,-1.482679750402544905e-01,7.744009633365499246e-02,-2.281514210308000778e-01,1.232344558038749316e-01,-1.619563224287211001e-01,2.376934168585278506e-01,7.049976459927176364e-02,-8.303737992195857343e-02,3.204401707419255452e-01,-2.035884867109621355e-01,1.369360317055552945e-01,-2.733544795724232590e-01,-1.684382989170762901e-01,-5.421706873943259175e-02,-3.063856404166217517e-01,-1.228501033235258888e-01,-1.081177644876092775e-01,-1.757556928509473315e-01,4.777419877227979950e-02,4.633276490317773944e-02,2.198813322354688515e-01,1.917642139905543497e-01,8.168397632939747299e-02,1.260157704874206863e-01,-8.440823656720600199e-02,3.643334836683868178e-02,2.325960621816423185e-02,3.736817295553827856e-02,4.056337408201604600e-02,4.614497861536239615e-02,1.843129951851290305e-01,8.094847074117014762e-02,3.204275738032691390e-02,1.080915844953628940e-01,-3.605636490663499671e-02,-7.479295615209658344e-04,-7.470844729583339672e-02,-2.298362705345712576e-01,9.075169071398943299e-02,-4.836112129712685781e-02,1.424744705105611686e-01,1.075859944959602944e-02,-2.945216092404293606e-01,-1.682889659479878119e-01,-1.491697951615194098e-02,6.842421672032847346e-02,1.375424411086890175e-01,2.140709252163747744e-01,-3.372391008969367054e-01,-6.550923802695032827e-02,2.414947817240408467e-01,-1.799201214665315240e-01,1.172983460331759459e-01,-1.224910756257743261e-01,1.178099551617636243e-01,1.563206156370511857e-01,1.194653887300946293e-01
6.042816342625050019e-02,-3.607581234175301632e-01,1.291549602694625209e-01,-3.454379301450874462e-01,3.242387063294168148e-01,-2.311843133136325668e-01,1.364358950501151357e-01,-6.144899392643968922e-02,3.339736406696733884e-01,1.374983836850191543e-01,-1.138658771149810012e-01,3.943350982716668091e-02,1.498078616924632400e-01,5.023792230878150189e-01,-1.147519854652013088e-01,1.197814316987075821e-02,1.327962130317413281e-01,8.571135194094695042e-02,-4.191722821469898337e-03,-9.476696670121513566e-02,9.165435793341392134e-03,-2.333569816373127492e-01,-2.409279967325958227e-01,-1.629031705025580645e-01,-1.542435367521409820e-02,1.681107172741541089e-01,7.571020876701374525e-02,-2.680425233362920823e-01,-2.908688951767395350e-02,1.836372614754139543e-01,-2.028253075389798155e-01,-7.214231017027164516e-02,2.142493852001793875e-01,5.701013757614410704e-02,-3.601891716615075734e-02,-2.331342935020846302e-02,-1.336277551828520260e-01,-2.380147932457996607e-01,-1.752479871480729645e-01,1.276438271463301855e-01,9.785754018186282321e-02,-2.307932237040787732e-02,2.014873312561433205e-01,-2.263945149907210241e-01,1.443268791601876599e-01,1.953935996031490041e-01,1.387031426244395849e-01,-1.035817284188785860e-02,1.518580528979470434e-01,-8.706169218102549623e-03,6.720135316453089425e-02,1.351388766699634092e-01,-2.626860075695677810e-01,2.293159272357146450e-01,4.327770506156736197e-04,-2.874628304893514508e-01,1.653132311926842554e-02,-1.577471390099630458e-02,6.622500609692938411e-02,2.467354087319444805e-02
-2.094592685458644132e-01,2.342385157279800456e-01,3.757344878020537626e-01,-3.750268563925384102e-01,-4.305858633267325430e-01,-1.830910662267660749e-01,3.255342386618313433e-01,-1.485281402589276323e-01,-1.638125218338515598e-01,-1.009067313322544769e-02,3.428229815068166431e-02,-7.371800547130406833e-02,-3.765959392672833805e-02,-2.369709428714454058e-01,-2.661977485713238473e-02,-7.038440806367492197e-02,-2.650420702678434326e-01,3.265433605101887293e-01,-2.701327543517128005e-01,-4.065140446783436362e-02,-1.068607264724065475e-01,-1.461172996263680746e-01,1.573243867225978254e-01,6.621785550642697582e-02,-4.247041782548974416e-03,-1.716260099023277641e-01,-1.808872990517864932e-01,2.739732137656312322e-02,-3.638320068255084250e-01,-8.186450275921559883e-02,5.169140267719981446e-02,4.576951485003284692e-02,-5.860469350759367826e-03,-1.238156282516156004e-01,3.232308259426449615e-01,7.278907177606029621e-02,1.749644985777185635e-01,3.876961552461919563e-02,1.480075282714617413e-01,-1.578434977556531036e-03,-1.555718253122387040e-01,2.601052509440370808e-01,-4.492102338128257932e-02,-3.748243539741510227e-02,-4.604788594054284867e-02,-1.045581938955814361e-01,1.636977145614241791e-01,-2.821464270826298110e-02,-5.996057634784941748e-02,1.882836814226183653e-01,6.096925906240949905e-02,-2.296209021730567790e-01,-9.065426916525784473e-02,-1.016903475124618927e-01,1.970308321743709234e-01,1.199803885360924277e-01,8.152738215872470939e-02,-1.030581914616004492e-02,4.178512825369356393e-02,-1.633302411040624957e-01
-3.774825068004320494e-01,7.333278278106551695e-02,1.994400776038214862e-01,3.050550062684859176e-02,-1.847164764318536823e-01,1.115278208347466327e-01,7.277870917870654655e-02,-1.089564482904485238e-01,4.293092636362190462e-02,2.909486073960314556e-01,3.912677334286245034e-02,-1.119672679480470945e-01,6.745265359639505964e-02,-7.198321310443442367e-02,-3.669739693697108285e-01,3.791815375236066987e-02,-9.473375153685208161e-02,3.990275568285406305e-01,-1.134998241314975759e-01,-2.444906092099639605e-01,-9.819938282659974871e-02,-1.365559932264049370e-01,-1.376484831650641172e-01,7.397327164773270965e-03,-2.034011173394146277e-01,-2.240962655960573036e-01,-1.083367851686844741e-01,2.441399339724599146e-02,1.194271336949541268e-01,1.534808971515786991e-01,2.210722600981817818e-02,2.670359392702318924e-01,-1.701748006006608555e-02,-1.429559042493672161e-02,-9.872212445958228333e-02,3.782453736968988123e-02,-6.303710592721867290e-02,-5.323252260251450790e-02,-4.208695663125193442e-02,1.059011090807255584e-01,-9.433651641475002125e-02,-1.452671501924644171e-01,-3.775348477088359689e-02,2.200539571801182759e-01,3.655422000661320142e-02,-2.026892273967087488e-01,-1.796959213842497793e-01,2.477394781016780401e-01,-7.746016050739837344e-02,2.348941079118143649e-01,-2.589929319607248148e-03,1.193995513676152920e-01,8.837686372592364059e-02,9.964839116298310207e-02,1.163537072042811482e-01,-1.114493399684710201e-01,-6.750726741371423922e-02,8.307539250498330308e-02,-2.838583245546860145e-01,6.226446749063275013e-03
8.374657432203840013e-02,-1.616129146026935859e-01,1.606041506874416602e-01,6.671607329378295703e-02,2.456772058270427495e-01,-2.817453356695330813e-01,1.825798445791529667e-01,-1.983582516995878176e-01,2.780135319058913423e-01,-6.073563089755669442e-02,1.340368530668179514e-01,2.622684561664997416e-01,2.297647507113941001e-02,-1.868648408063127708e-01,2.669739409272026687e-01,3.101321583096184331e-01,1.016522491878689427e-01,1.126183072628524906e-01,-2.748278763904715705e-01,1.899528219957878350e-01,-2.340281167727831235e-01,-5.163580385300846343e-02,1.251906162011827972e-01,-1.362096298230978941e-01,3.625469261654321734e-02,7.245576703104064653e-02,-9.975781727228379137e-02,3.217141306233142761e-01,-1.171183153266370375e-01,1.304321695045713436e-01,-3.305486866635704568e-01,-1.289522724323955427e-01,-6.065654649388420305e-02,-8.164126478880248672e-02,-1.800854302437769963e-02,2.097795197331607520e-01,-2.067005624276483933e-01,-1.121109217286633680e-01,1.354823764327806046e-01,-6.991437217050219810e-02,-5.144164024469862623e-02,5.896427111006537908e-02,-1.023171866910065411e-02,-1.901482361030979451e-01,6.076330288230647261e-03,-1.745135601967286870e-02,-1.062251078417686357e-03,1.080786507670044444e-01,1.002715979002958974e-01,1.853615642912291861e-01,-2.901063142218621715e-01,-1.910172207161377200e-01,1.269391807805187733e-01,-1.387181666670822631e-03,8.058643884424557258e-02,1.444147750118052187e-02,2.215728417890824586e-01,1.908348596750343573e-01,7.964563990469533672e-02,-1.341735057489418792e-01
-1.973015478852196414e-01,-2.968022170995633369e-01,-3.707002814910155264e-01,-2.196979936798885424e-01,9.179572089144735769e-02,2.699602573313516496e-01,7.402192392261759679e-02,4.650555190423514840e-01,5.361734614722294540e-02,1.153984544251805341e-02,-8.921876387427005173e-02,1.631486336670884274e-01,1.782241160642711042e-01,7.381377394955497551e-02,-4.944504354257982931e-02,-2.137164083902844819e-02,-1.949280926293869565e-01,5.319642768604826780e-03,-1.436989887556207046e-01,-2.245278440576312096e-01,8.378622484621965627e-02,1.960860693651163278e-01,-1.832630714701372066e-01,-1.393003366417256972e-01,-1.293201138796207794e-01,-6.370130716052424535e-02,1.205982227465420831e-01,-2.058665936926597217e-01,-2.521759030325608844e-02,-2.597125241288925079e-01,-1.868288715682662748e-01,-1.125886071945316480e-01,1.426679557755998751e-01,-1.185818571434912733e-01,9.367003799439871381e-02,4.872116606479513778e-02,-1.576262293308306472e-01,2.982758050535741501e-02,1.913410783686431416e-01,-1.828019812246677311e-01,-2.972837442185928825e-01,7.410930874843218996e-02,-6.570132943512267676e-02,2.609347668913567647e-02,-5.004444041704943918e-02,-3.158449316933346906e-02,1.857624065360147791e-01,1.923561846485072058e-01,-2.137298850357892965e-01,-1.295844445318230023e-02,9.100242619893583740e-02,-1.850531281852015736e-02,1.499796738771725368e-01,-2.310553018334482282e-03,7.836879009705241322e-04,1.550141409492103994e-01,-2.050799683650864069e-01,5.644893092242477678e-02,-3.258264599189144434e-02,-3.765361800498822631e-01
-6.687505376513477873e-02,-1.566819720662114557e-01,3.978000337631693202e-03,5.986234524755527919e-02,4.674750691413011583e-01,-9.597970822902147925e-02,9.167238808461039556e-02,1.563144125123837325e-01,-2.446145900334737999e-01,-5.510427853800925480e-01,1.928098311143517929e-01,-1.962678934284281251e-01,-1.084807215945611247e-01,-2.719954574961438304e-02,-1.464774362197440727e-01,1.051398044033490936e-01,-2.150675183258188294e-02,3.087943856596422898e-01,-2.531468161490907920e-01,1.747489167626528617e-01,2.795113227275471957e-01,5.412912955261874742e-02,3.898162463493785174e-02,9.369075097592724499e-02,1.657363634402790886e-01,-3.983612382461754198e-03,-1.873861820185175053e-01,-3.965512841237622821e-02,-1.663549774992220120e-01,-2.453373030546511860e-02,3.209709776521087882e-02,-1.409111604571558762e-01,4.816658598137977393e-02,-1.312830038557383228e-01,-8.407668911734238193e-02,6.032997422393163861e-02,-1.417749361628803384e-01,-4.809743878943445808e-03,-1.293282418273546674e-01,-1.178259536456971977e-02,2.970178234776326143e-01,3.784032500693046593e-03,-9.712773377492570082e-02,-3.241310151413175078e-02,-8.376229896217388116e-02,-1.050418445313063831e-01,-1.343816077577284496e-01,-6.982641195515537288e-03,-1.400126674664776139e-01,2.498212590925828480e-01,-1.155947308349170727e-01,6.099581795702820747e-02,-3.852668887339100179e-02,-2.802917333195102390e-01,-2.916294146199514131e-02,-1.422559923415872007e-01,1.400962750108415700e-01,-1.736200330866548291e-01,8.026456102261377012e-02,7.036228364729706086e-02
-1.435643851039369590e-01,-2.434103051510184620e-02,-2.779129840177622657e-01,-7.837288746904254311e-02,2.807014586821254820e-01,-3.319745660458235659e-02,3.425530461039232033e-02,2.171433357766109906e-01,-1.864762018104564323e-01,2.695140092316793967e-01,-1.036400743063971286e-03,-9.703547533940073966e-02,1.270819056161877347e-01,1.491620736517181300e-01,3.446118520614153968e-02,4.122991922561969891e-01,2.175512639847078031e-02,-1.948195080378310740e-02,-1.171350459006728108e-02,-2.544313486174030747e-01,-3.055066217844050191e-01,-2.126314320887661702e-01,-2.025670083211883379e-03,2.273530733428474060e-01,-2.022718863833850855e-01,3.947858108678009570e-02,-2.639579706701963152e-02,-3.052236493105479065e-01,-1.082796926070238308e-01,-1.810295683630358532e-02,9.214059634833471346e-02,-1.859560933352736867e-01,-2.400188700388134200e-01,8.660714659309047547e-02,-1.115890390269735910e-01,-1.503747267527341391e-01,4.809590258795162082e-02,-2.831169535656957170e-01,-5.880652704413743409e-02,1.450047627776741843e-01,3.091052170458651743e-02,1.446123112156351767e-02,9.342859721153673469e-04,3.308121604457497922e-01,1.653769975831423933e-01,1.320097361412001513e-01,-1.089492080681454811e-01,1.760399779454758229e-01,1.619822203811844066e-02,-9.545949766680775217e-02,7.970623286730575685e-02,-2.472571013422636410e-02,-1.142849516085213679e-01,-1.001049239998999391e-01,1.149296458154792228e-01,-3.139213872470826283e-01,3.076492479507972888e-01,1.941141806523984381e-01,-6.783296565647481402e-02,3.396227344134949422e-01
1.918226123850307607e-01,8.066968256393326764e-02,-1.541465822813758990e-01,1.817178545634517417e-01,2.163832175498564270e-01,-2.368885517399018925e-01,-1.893770042240136564e-01,4.590901832072039612e-01,-1.032742972690834649e-01,3.716319745462618590e-02,3.068872992060829238e-02,9.136990601068525897e-02,-5.045581744329126206e-01,1.546617889791237488e-01,2.763641917568683895e-02,6.867046289288680598e-03,8.070873354737026495e-02,5.674782146960734991e-02,-3.766613608137446556e-02,2.825664852207532829e-01,2.877206863713475116e-01,-1.311572810820797463e-01,1.510599800632690670e-01,-1.602709919775386349e-01,1.364216045486160156e-01,-1.819773021005726410e-01,-6.284623033123858116e-02,3.150413431250045360e-01,9.185516344602254191e-02,1.082827414110445891e-01,1.173782189906074080e-01,3.415705092827827499e-02,-1.013112397742858412e-01,-1.787724980795193097e-01,7.344505304562986680e-04,-1.839593559024938207e-01,-1.592774911858451103e-01,-1.118881022044641294e-01,1.305697651917703539e-01,1.163012051721533657e-01,-1.866918935964127432e-02,1.776741438648719029e-01,-6.482684188463347374e-02,1.277292144228875936e-01,-5.557732783688472400e-02,1.005965893714710208e-01,2.173182425261331596e-01,-6.724343471267502093e-02,-7.002763238311392191e-02,-3.619741543858353422e-02,2.582477416553276978e-02,-2.053357878693775618e-01,-2.521037500795071939e-01,-2.273966534058906655e-02,4.200203305218234984e-02,-2.262230014695148783e-01,-3.979365723280037237e-02,5.721339768622981867e-03,3.837426793001976616e-02,2.311623733864717756e-01
3.163192183350053699e-01,3.477976205038094820e-02,1.026418582593711382e-01,-2.456756127637552828e-02,4.162283756152188735e-02,4.209025438022618859e-01,6.450477125107804965e-02,-6.645032659979360767e-02,1.309629534581890908e-01,3.402616459357073464e-01,-4.684267316060417713e-02,1.264375803252324737e-01,-3.298756053497629570e-01,1.514996170318640978e-01,-3.968499805891813614e-01,-2.274153391873861077e-02,-4.203395655765761185e-02,1.344365796495286258e-01,2.194410916234210696e-01,5.096556268623710778e-02,4.113986188928929755e-01,-3.826641709041304212e-02,-1.798525992603662860e-01,2.716831015919305981e-01,-3.246780976981844535e-02,-5.538472739316047111e-02,1.649832788197048150e-01,5.591889834554551741e-02,1.332262925217264915e-01,-2.655305392848135715e-01,1.338262581022333642e-01,-7.220527999963999646e-03,8.940558163201893505e-02,-7.649155122318454514e-02,1.096520476874212890e-01,6.865437077161839693e-03,6.289195987465941162e-02,-1.025100305145136836e-01,3.458412261209634631e-01,-1.392384394108655832e-01,-2.360857099773500389e-01,-7.281740255893958888e-03,9.580711032984039199e-02,2.484277883843852980e-02,9.514367294954234611e-02,-5.302898702985769756e-03,1.222196687530234874e-02,-2.537252486600115042e-01,7.459687868349189344e-02,3.619340718132740276e-01,1.619879030951541787e-01,1.756474299520019711e-01,1.398673546398837564e-01,-5.698994921251319262e-02,3.922348994482320605e-02,-1.263500100966287801e-02,1.721956791017725252e-01,-5.001650369934181745e-02,-6.682240770488276360e-02,1.914484240309818897e-01
2.166237261138868053e-01,1.780786377572737555e-01,2.543387507528442702e-03,-1.391079256530250996e-01,1.417617341128634689e-01,4.761958407429456308e-02,-5.775735347496579845e-03,-3.454056986654065464e-01,4.368797737212831017e-02,-3.348823701219098142e-02,3.388729950270593649e-01,7.409656865269775849e-02,7.909071829350758365e-02,2.822549524270474008e-01,-8.339285288123723938e-02,4.024915754149193114e-01,-1.888677199636596693e-01,1.825958258437757747e-02,8.393504297054651953e-02,-1.101755523487596838e-01,-8.753020089559448991e-02,-1.846690645780885709e-01,-6.438798516043088560e-02,-5.903419667181721703e-02,-2.388489284947664382e-01,9.491855629840210973e-02,-2.764297221485524370e-01,3.949344355615848345e-02,3.877916874746727138e-02,1.815237712176453189e-01,1.756467703583070028e-02,9.934241436655029400e-02,-1.366613289509866491e-01,-8.562830585331304700e-02,-4.189131737326441673e-02,1.137819724412478112e-01,-2.124656182702325535e-01,-2.064887289441028062e-02,1.206016596623114695e-01,5.214988941705178682e-02,1.902279229522381709e-01,6.902607615313152700e-03,7.581528602821052329e-03,6.948031696376968935e-02,-6.660343996645515241e-02,-1.412977356799010598e-01,2.161012498897081913e-01,6.716449267741650409e-02,2.024112171380411038e-02,-5.187700897596242422e-02,1.185424402120891473e-02,2.778783387618923711e-02,-2.680230773112841566e-02,1.160437332880163118e-02,-4.716016512334560845e-02,3.662017102667149138e-02,7.586020159132493557e-02,1.288171853418648427e-01,-2.071100950448753475e-01,3.985788848596818340e-02
-1.277612626406297580e-01,1.119467584805799944e-04,5.250430331228932157e-02,3.016469977476360365e-01,-1.714502764934760504e-01,-3.101315322517893547e-01,-3.275571604836781114e-01,1.311267543777320799e-01,-8.561496030479698316e-02,1.780439726663340383e-01,1.409906111489739877e-01,-1.992716094246305414e-01,2.359549315019243976e-01,1.575195084504797394e-01,1.344077586689921555e-01,1.433606171824383657e-01,-1.632516488339579366e-02,2.826216925209354969e-01,-1.111129178489878438e-01,-1.207179759490742132e-01,1.034416109152481653e-02,-1.208328137898036364e-01,-2.889274466737966618e-01,-2.977880415787949042e-01,1.357181683003398920e-01,-3.475577069462855440e-02,3.247746213017481398e-02,-3.173891941787319038e-01,9.169662020593741247e-02,-2.052013689714598799e-01,6.986412870299071876e-02,2.160762123476148849e-02,-8.049270264025590316e-02,-1.641708320068602789e-01,6.553721165503378562e-03,1.020723430546438548e-01,-1.385332849177191572e-01,-2.365518827515148692e-01,2.547365972607686380e-01,-4.677057728370966755e-02,-5.654362438728220003e-02,1.177963257507476103e-01,-9.408408180226668707e-03,8.884704787070216159e-02,2.353282532792159293e-02,2.560492322265661147e-01,-1.900196760142543462e-01,-1.542854568179567176e-01,1.984587223447058513e-01,-1.121879785083163689e-01,-1.924301506164131093e-01,-1.475695512357176609e-01,-3.438195717219532654e-01,7.962920711578196087e-02,-1.762549439639367055e-01,-1.892177421389004965e-01,-7.489284963914870363e-02,-9.914219190163597872e-02,-2.990427775846422054e-01,-4.319935239610397243e-02
-2.742181731611083029e-01,1.767697909007419632e-01,-9.575232312732662719e-05,6.864893771007291035e-02,8.170030755799650990e-02,-1.107343586291390236e-01,-5.787862029973831479e-01,-1.853138926890082194e-01,6.375312376611072529e-02,-2.557816654301121595e-01,4.259478458295332115e-01,-1.378590797066164275e-01,-7.512021363791906992e-02,-3.675244670224346588e-02,-1.083905344544103116e-01,1.776053366766202901e-01,1.508740136704863344e-01,1.436780878038572129e-01,-1.054266879395221734e-01,2.051785519277133096e-01,2.373157822721774779e-02,1.026301322104404001e-01,-1.715813075339706617e-01,-6.595649282951174253e-02,-1.682104725788584609e-01,2.137368599041942208e-01,5.575367746753286113e-02,-9.449105901290748288e-02,2.776007586446876257e-02,-2.409997486272429101e-01,-1.084083792330196305e-01,6.371955464214065779e-02,-9.633455086698125558e-02,-3.187182223014652094e-02,-1.442144218739478956e-01,-2.494537154254520411e-02,-2.688725589176155784e-01,2.827122651943046461e-01,4.699732514818825285e-02,-3.462412544106195644e-03,5.187405007695827797e-02,-1.074562764750011529e-01,-9.688570033578865204e-02,-1.151317720960374213e-01,2.630339143035780730e-02,1.332831446735711078e-01,8.170383218154324279e-02,-1.566211195944544887e-01,3.615369792333056331e-02,-5.145147447278508590e-02,-2.415762123083074475e-01,9.945269108247760392e-02,-6.321435447497773807e-02,1.683432017294780036e-01,-6.807071786337019759e-02,2.698170106177066874e-01,-1.194665447465107222e-01,2.031407077509796155e-02,1.829640195459484586e-01,-1.856558918701047278e-01
-3.095103411863915910e-01,-3.412319140386046445e-01,-2.213572212805368089e-01,1.426414256781577128e-01,5.920362633186371237e-02,1.337651102386961943e-01,1.950121949121765008e-01,3.205600037327408502e-01,2.168213574850881287e-01,-2.590326874717123196e-01,-4.817944721809954700e-01,1.049434231971713236e-03,8.172961281622523333e-02,2.333583624987788929e-01,-8.062760157011607254e-02,-1.340432644511225790e-01,3.643491818426485007e-02,1.151994519062025379e-01,8.138851767502315593e-02,3.683933283291275229e-01,3.306865804636639761e-02,-7.148401895728619115e-02,4.990508980408038531e-02,1.333446164380335808e-01,-2.348058774116756897e-03,-1.097707762926956876e-01,-7.613777592292082785e-02,2.441364358697758752e-01,-1.758752197167277875e-01,1.443488734355329040e-01,-3.060979350149599099e-01,2.737496927393385376e-02,-2.080846291452723151e-02,2.300312579352079001e-01,-2.934966578742382315e-01,-1.199351749329159028e-01,2.720710819602983332e-01,-6.386321582817094944e-02,-2.294391449251848292e-01,-8.189292072598823580e-02,-3.982070040252686516e-01,-5.398397918121274758e-02,1.175305441979782317e-01,-3.445719629058619504e-01,-1.013194481251497858e-01,1.237913472833205297e-01,1.137283262463336386e-01,-1.084615222731137238e-02,8.535852620986199291e-02,4.126501774981412851e-02,-1.963316861864311536e-01,-1.127789989662292269e-01,1.272220986027737880e-02,1.232618801930162322e-01,7.255399184294666903e-02,-1.863204836940873244e-01,-7.784597870293354094e-02,-3.254157381792527337e-01,-2.740153736786987704e-01,4.023606972190049702e-02
5.466133948456779468e-01,1.683083776530160947e-01,-1.757146282553815608e-01,3.301985674962387707e-01,7.748310670927197052e-02,1.625817155521980806e-01,-7.839641082055598051e-03,-1.404132086414593972e-01,-3.722581933115239328e-01,5.585840824363962065e-02,2.139761219739799714e-01,4.007290100410439149e-02,-4.559420025775245966e-01,7.603063939267512561e-02,-1.630574373885292916e-01,-1.920208101955611368e-01,2.305140519210041317e-01,2.144553981210783888e-01,2.890742902086180718e-02,-1.360419075841855230e-01,-2.147110574087712220e-01,1.008620782152224171e-01,3.610022289926990147e-01,-2.353620083067834989e-01,1.476457173257166855e-01,-4.717173570263681615e-02,-4.555923899366083607e-02,6.485318899799211168e-02,-5.723958571784763805e-02,1.911218431011428229e-02,7.636191270876135917e-02,-1.718500939830331087e-01,-6.709181155828633503e-02,-8.759121910280626144e-02,2.177119991457231174e-02,1.060381952797097016e-01,-1.069383547348073948e-01,2.525890928400309488e-02,-1.132682252781840732e-01,2.954653959488677817e-01,-2.359869688086856654e-01,8.360373478807225922e-02,1.219522018049395695e-01,-2.431896799847774182e-02,8.996064715962374947e-02,5.174506209913204424e-02,1.031199686485069836e-02,-9.033555957987990381e-02,4.308596293508797775e-02,2.975159838572029036e-01,1.180215188708705065e-01,-5.354080553215893878e-03,2.928868311545548275e-01,7.497558077031217516e-02,1.750048666813301124e-01,7.012360675502775365e-02,1.724057445150643519e-01,-3.477741204337008590e-02,-2.544696782077816508e-02,-7.633805242262539648e-02
-6.668609799442912212e-02,5.713634155975201578e-02,-1.672982642359048255e-01,-7.468178699225032358e-02,2.349442532089201785e-01,-9.419303918375918072e-02,2.294851327953296993e-01,-4.099400914103909499e-02,1.957699211828050068e-01,1.183698203545094085e-01,-3.342598649009542178e-01,-1.563769504000450949e-01,1.516561919958155924e-01,6.560359401217849551e-02,-1.379426025623183005e-01,-1.297295231805776772e-01,-2.011038410874123605e-01,-8.122409629928825647e-02,-4.124066191602486497e-02,1.026733567796720425e-01,-3.714450786919165637e-02,-4.261636486606342200e-01,-1.647470611221589221e-01,2.737078835060769988e-01,1.504040378290207036e-01,-2.589007081106051156e-01,1.372974136815451607e-01,-3.444228275050918026e-02,2.250734223816369395e-01,-1.985600823842987583e-01,-3.419936638739008439e-01,1.372174856860787773e-01,-3.554326790984636553e-01,5.564196546082380429e-02,-2.042649859520150393e-02,9.532771125789271660e-02,3.825940766330590548e-01,1.885459270031745668e-02,-3.266088984001604828e-02,-2.113803519058835845e-01,-1.950908707015919230e-01,-1.712627342906424682e-02,6.450858605606077378e-02,6.564824790050460823e-02,3.124039803121878706e-02,-6.044893190530228715e-03,2.155624078128232646e-01,2.530104855567773536e-01,6.151165868467615289e-02,2.061661368678767772e-02,2.375855468609263943e-01,-2.276023725453384383e-01,-2.430297591686746972e-01,1.769726801595867399e-02,-1.120611056126190608e-01,-9.141258907202529094e-02,1.233559736076514889e-02,-1.585008355737159425e-01,-4.572525004044656477e-02,-2.686261605670221542e-01
-3.411745045655913133e-02,-1.408678786988920850e-01,1.220916467441325037e-01,-3.046542631916637767e-01,9.632649935772651106e-02,-1.338436700462927731e-01,5.918207906369594984e-02,1.672684900162961508e-01,9.682352008973942048e-02,-1.251863487058448299e-01,3.172714967093651639e-01,-1.884497183220923133e-01,1.589664839702035759e-01,-5.949331696872761643e-02,-2.269186106436638008e-03,4.913856977349722044e-01,2.771565475211975604e-01,1.282600059675500503e-01,6.601811249541489346e-02,-2.325303981021601962e-01,-3.026908248300693161e-01,-4.554786147941090879e-02,-1.659118410401156860e-02,-3.909832195839926111e-02,6.576084812868629448e-02,-3.355882562028252719e-02,-2.911589115525350380e-01,2.485521813487593656e-01,-5.379384567329772299e-02,1.707127246077285443e-01,-1.967098971595838686e-01,-1.424595351031656409e-01,-1.231969408543231725e-01,-5.521694135113484198e-02,2.442954705479523647e-01,-1.266547699257143111e-01,-1.248022564271288048e-01,4.210777450635635327e-02,1.094056473330025508e-01,1.140623250773248054e-01,-6.116042731505436786e-02,-1.791428604789088025e-02,-8.208903634150138684e-02,-1.052460749255593742e-01,1.114154238728001269e-02,1.730809052001232307e-01,-9.527688347015494941e-02,4.852701642345123856e-02,3.285374578251973408e-03,-2.602901262722896458e-01,1.357213145354695116e-01,-4.490515085855857624e-02,-8.277826698285283002e-02,8.752159743459941854e-02,6.279815056766402392e-02,1.169084531739517617e-02,-6.971906281028382446e-02,4.395090499813746054e-02,2.837578596416845400e-02,-4.887772461014219111e-02
3.079171419968236220e-02,3.987176632422114175e-01,-1.817216489817157776e-01,3.755151685071788648e-01,4.580500506359212742e-02,-6.954004327270979502e-02,1.871976740427397368e-01,-7.664708455659614839e-02,-2.007333816816623401e-02,-3.360407623245108555e-01,8.634435827521524595e-03,-3.437873072619360704e-01,2.038954777640503979e-01,2.783483903122528358e-01,2.389058605529696955e-01,-7.498712945068297317e-03,-8.800692304933643156e-03,-9.632550654682583979e-02,-1.297370296383255073e-01,1.670381813552105632e-01,-1.885659164105436478e-02,-5.818396086377848608e-02,-3.463055390539541145e-01,7.410238228518725712e-02,2.328711268669932666e-01,1.137829515532685354e-01,-2.442080522186619237e-02,-6.902760233530189082e-02,-2.818202609372407741e-01,-3.819040662960614396e-01,-9.641820959944012726e-02,2.540363104204209077e-01,-1.506196317862373568e-01,3.248728271536999723e-01,7.790251510829093728e-02,2.166961043187342478e-02,-8.330200251591650396e-02,-1.105319340212042867e-01,-1.402992635266670507e-01,-2.071157523702392977e-01,7.359817595451098593e-02,-3.220016775291411060e-01,-1.582949770846691084e-01,1.923187073063111208e-01,3.398196055433231472e-02,-1.256665037781115081e-02,1.259315786726813713e-01,-5.256001846638513886e-02,3.032348971456173478e-02,1.151637410055800642e-01,4.575059149168723277e-02,-1.332392975875744123e-01,5.374937101106419535e-02,2.730807004402850402e-01,-7.596941654158972934e-02,2.364101574204135192e-01,-2.775393406558103182e-01,3.144901283852211127e-01,-2.349996599437098044e-01,-6.034674542490119087e-02
1.206321281117301858e-01,-1.812056375427196706e-02,6.633192214371566586e-02,6.324014845656089623e-02,3.784670032700245684e-02,1.020513953665899143e-01,9.273942919820457598e-02,-2.506583886459152199e-01,-9.289569219612802894e-03,1.600097618253235737e-02,1.240220446010048827e-01,-5.886727379983393987e-02,-2.942093707602935204e-01,-1.328591202409801775e-01,-2.428377013967099596e-01,-1.029969147406137181e-01,1.753398843616334191e-01,-1.263783397791510554e-01,-4.665653177773903398e-02,-1.358447725730566324e-01,-1.576054586174573668e-01,-9.609516677776350213e-02,1.854210685423914595e-01,3.053143608214697879e-02,4.148437062067028558e-02,8.434483863571772683e-03,3.549807616127494819e-02,1.486224892105973416e-01,3.884117609005655058e-02,-2.132063612284208209e-01,-2.247758624921002146e-01,-7.192266179738718290e-02,1.651387515653587601e-01,-4.059615490367752405e-02,-2.717831665476219682e-01,6.689485888777341183e-02,1.372358650521183221e-01,1.878174765525454926e-01,-3.108320191612224392e-01,-8.192253377112018731e-02,1.242024195602415421e-01,-4.424942644132284775e-02,7.929972876309240859e-02,-2.417161768939835118e-03,-1.236838383480437092e-01,2.438542575332796891e-01,2.047068824703142109e-01,3.220591568206353505e-01,-1.363692716587481812e-01,1.158109331277270143e-01,2.176212820068691711e-01,-3.796246876182906016e-01,-2.218305669303227978e-01,-5.711926142937569228e-02,-3.031446274176491373e-01,1.990302456336556086e-02,-7.281779243788198686e-02,6.459900195489558239e-02,1.359167172738558471e-01,2.021544673904526745e-02
1.462111947841026049e-01,-2.896924385119255610e-02,1.518368606423452505e-01,-1.788095311193287351e-01,2.742456820308060150e-01,-2.076024762470531360e-01,-1.122131514464743962e-01,-2.552482803479055873e-01,-1.981706738183243721e-01,4.004032286432608889e-01,6.657696972880201847e-02,9.435269645535117322e-02,2.225232561806564369e-01,6.696688241043928513e-02,-4.514889097910153304e-02,4.277848294318653760e-04,1.415363235994853211e-02,-3.515294584116969434e-02,9.869366083542914503e-02,1.258716188498387690e-03,-2.449649905149045570e-02,-9.802814894781539112e-02,-3.687190933922747660e-01,1.455730384067119021e-01,-8.960283008091499135e-02,-1.763019899664981516e-01,-1.152115458975065260e-01,7.588895316677761460e-02,-2.139538878274430123e-01,-9.608033568751719877e-02,-2.994612595413825851e-02,3.019601295139185890e-02,2.496126318157363966e-01,1.170051477599970136e-01,4.604500659598409484e-01,-2.075508899205197599e-01,4.433023594340831236e-02,-3.403343407827346123e-01,-2.226927565242227680e-01,1.844986521235776958e-02,-1.347610670589537984e-01,-6.894608595568381057e-03,1.497590533995665496e-01,7.280208702913433527e-02,-8.546911133887509504e-02,-3.186867371142965144e-02,-1.054477194616588454e-01,-1.688906575822945177e-01,-1.022259485204767698e-01,-1.675217604260639259e-01,-6.362931627459667006e-02,-7.591389537207536564e-02,-8.864034400538849112e-02,7.629743419149573325e-02,-3.998113268423042488e-02,-2.975256076259845672e-01,1.144164239009077128e-01,-1.388339406078328842e-01,-1.908225535936052819e-01,-3.109608015333913469e-02
4.686392707601905738e-01,-3.489642261938059875e-02,1.977027603702815328e-01,3.151704479557757010e-02,2.369772039420791621e-01,-2.100142982746480008e-02,-3.717967036514256418e-01,-1.033916612694041337e-01,-1.031941093077415328e-01,-1.895534967381047875e-01,1.975794792417716675e-02,4.935516146752535332e-02,9.563036074037470358e-02,5.667348050967069284e-02,4.650700585919799457e-02,1.342500624602081805e-01,3.866629436583089025e-02,1.819520930784170321e-01,5.543472658449859203e-02,-1.388966303501311950e-01,-8.999833347340624456e-02,-1.749402607732399861e-01,-4.106890100736469984e-01,-2.723197646013242323e-02,-3.429751466549880723e-01,-1.925409640001575773e-01,-4.695548492357319581e-02,1.321068968298350910e-01,2.888321947777246906e-02,2.810397630125554547e-01,1.880142194982029058e-01,-2.644604512731540402e-01,-1.175459436371110999e-01,2.860234134964567861e-03,-1.874564090026969998e-02,-2.139794390320452488e-01,1.938843033914902647e-01,-2.023465090190283422e-01,-1.237533928183982279e-01,9.947518907162108959e-02,9.011576178798996750e-02,1.590083668442615061e-01,-2.234126253943799489e-01,-1.150383494654018957e-01,-1.872794595902633986e-03,-1.318401289306689317e-01,1.824881724468948446e-02,-9.247966956461196875e-02,1.766706486962511813e-01,-7.379657421599729317e-02,2.575509610993566637e-02,-2.454720790636060607e-02,-2.236366802325014391e-01,-1.289419568006910100e-01,-4.578609873552364623e-02,1.080840413861705596e-01,6.868750612884606810e-02,-1.572436225255199604e-01,2.095768746735179877e-01,-1.186877257374963079e-02
-2.482984499627350350e-01,4.803763043037537206e-01,-1.081640049785795449e-01,1.520592703927112765e-01,-1.311389076598796777e-01,3.803414073039740242e-03,-2.556558556055121834e-01,-1.152934765455917443e-01,-2.136000184648196021e-01,-2.312851625068704231e-01,4.550482303435434556e-02,2.269901015271160588e-02,1.235030374871772113e-01,5.483078920310533594e-02,-2.538732790890977919e-01,-1.978808967437830080e-01,9.731772872581933437e-03,1.166535678600243708e-01,-1.759617481563249819e-01,1.690356877218500142e-01,3.366198886286416586e-02,-2.589700133795473924e-01,5.968495894296584753e-02,9.125982012310217273e-02,2.510066648876561057e-01,-2.731988605859238944e-02,3.925068662048387669e-01,-6.243894388608606238e-02,-2.659988954461395272e-01,8.619191184345383061e-02,-2.566812225410741166e-01,-2.868043560576386541e-01,2.781709835932927866e-01,-1.461131389958317782e-02,-2.084350195565935482e-01,-4.417133383043432560e-02,-1.161628031101041153e-01,-8.948223569582242076e-02,-1.309140068673770307e-01,-4.368858728080762255e-01,6.245042039230710301e-02,1.078784910092827135e-02,-4.861213385857034164e-02,2.327568741838798028e-02,-1.123495821026311015e-01,-1.639698254718586351e-02,-3.412294756235804138e-01,-1.694095489906226604e-01,1.556241718766074866e-01,-9.554612420122858552e-02,2.248494940817855614e-01,-2.058638941000201505e-01,1.875651646480208101e-01,-6.339448215276784204e-02,6.258863407507128662e-02,1.227652413511539919e-01,1.474006709956325045e-01,5.794555406791046526e-02,-1.216212822654793024e-01,2.555132552287799758e-02
5.050843472619013230e-01,5.201078329937538353e-02,-1.799751430544082459e-02,4.566213997561991422e-01,1.798571065218712017e-01,1.210725964464836879e-01,-3.577328933298533353e-02,3.426538849695923150e-01,1.337574521655499060e-01,-7.172402751179790537e-02,-9.241690717292640189e-02,-2.486063623312411985e-01,1.932410900388422947e-01,3.413483305227104081e-01,-2.731471193701920930e-01,4.246675390986531795e-01,-7.405432815698042952e-03,2.292127089508632365e-01,-5.240008875303133612e-02,-1.598559629419729622e-01,3.749675914039279911e-02,-1.595319842601870541e-01,-3.233777282293491817e-01,2.151712282218865846e-01,2.462820935835047798e-01,-1.786639765938128621e-01,-4.085165370701973053e-01,1.708010945282548987e-01,-6.895939154247762715e-02,1.619876851180808985e-01,-1.687653849832225217e-01,-2.942383200794978504e-01,1.065799109615575002e-01,7.742880324522724567e-02,-3.892464229628114780e-01,1.640369741893826783e-01,-1.588840667220969283e-01,4.021284917463184561e-02,-1.554029108849313556e-01,6.615030065227600620e-02,-1.941821098264480058e-02,-1.900045545258736701e-01,-2.143629462385213957e-01,-1.134045468845526344e-01,6.126146119683353181e-02,-2.369649086630031820e-01,-3.225405280840448752e-02,6.062938759705455150e-02,3.085264083573149296e-01,2.791657184117410373e-02,-3.066670476330276562e-01,-4.614847605812347903e-02,9.374701648184183278e-02,1.789271393105070496e-01,1.158592240298604581e-01,2.486275821657880081e-01,9.136418933476690360e-03,1.501968005238786541e-01,5.301077344258960100e-02,-7.039701550000282068e-03
2.148675097061873429e-01,3.176282015417634663e-01,6.811171457789397254e-02,2.219878707194818390e-01,3.365575592119741666e-01,1.042568534700072380e-01,-1.258935174397673440e-01,1.933115100856659385e-01,-1.104957263966257763e-01,-8.978577567549632377e-02,-2.098206880960826193e-01,2.114331421832527647e-01,-1.501612119785716327e-02,2.915725170656514598e-01,5.169128630265818099e-03,6.791347324211256808e-02,1.762325436275489210e-01,1.711873779421064709e-02,-2.396511935536638910e-02,1.943803271915329686e-02,1.347544919802685925e-01,1.629169033593131644e-01,-1.239557810306736868e-01,-6.100496199572198741e-02,1.552161956572628010e-01,-1.795834060748637551e-01,-1.342769818878548072e-01,-3.489261101728027836e-01,4.567162457958507393e-01,-6.434916275792416929e-02,-2.922357394210572390e-01,-2.845762655292617405e-01,2.175265824043053353e-01,1.445986213609730120e-01,4.398207196536076113e-02,3.696796118375365869e-02,-1.199350581251717660e-02,4.684651506208629967e-02,2.443037323945830841e-01,1.597137505485320824e-02,1.522410079068753086e-01,1.692014292162224900e-03,3.037079606736448611e-01,3.231927039085970982e-02,1.717056719802179388e-01,-1.305848452542795746e-01,1.507643358881303464e-01,-6.205512976110938439e-02,2.302941293370895648e-01,-2.639876160263972538e-01,3.439938773435143871e-01,-1.928439427543707230e-01,6.696483436380162857e-02,-1.288403982762792166e-01,-1.844367787100330003e-01,1.689078657131224959e-01,1.277336906641131364e-01,-5.184720860389874231e-02,-1.152043045628078632e-01,-2.377201514301358620e-01
2.334303218129170632e-01,-2.517619913087498773e-02,-2.387627380829853985e-01,1.434158264511228575e-01,-1.662376752882591957e-01,2.700612880897502732e-01,2.688761982129381778e-01,-5.560082561882345731e-02,-4.574813650217803701e-02,2.482396710290008524e-01,1.837565774557138043e-01,-6.288609506635219060e-02,8.791084513434480052e-02,-2.243408207885454544e-02,-1.164094360201017447e-01,-6.319444856005236588e-02,-1.282196642098106243e-01,-1.800198634647591223e-01,1.174311710141494880e-01,-1.677991203087908778e-01,-1.763611318919717230e-01,-3.673382787697995061e-02,6.094224977580805364e-02,-3.497777165109522413e-01,-7.312933138731439464e-02,-1.213236302233480918e-01,3.189651585726517302e-01,-1.379075418620279714e-01,1.741459458870727173e-01,1.639295581168772054e-01,8.221303471157570542e-02,-1.537989928622887081e-01,2.345494978390887456e-02,2.486174831128297735e-01,1.696938708085282688e-02,8.973308633544452295e-02,9.643372775150663156e-02,1.080676049232070779e-01,-1.430443427610188223e-01,1.415194758807995432e-02,2.216249320915730792e-01,1.413159188717636426e-02,-1.892454693787714096e-02,-2.738639423362464465e-01,-6.307813244009710663e-02,-1.707465123142272723e-01,6.736520095375386763e-02,5.353512690113645250e-02,7.785129790920818083e-02,8.149901380848090238e-02,-3.914240355048074355e-02,8.522786025403060461e-02,-1.556566852570299975e-01,2.084693913842295895e-02,1.582905973582426906e-02,-1.536759192555006981e-01,-1.001851485773109784e-01,-1.250575928112633295e-01,1.128958009271075619e-01,-2.649555828976160043e-01
-1.574131051291276506e-01,-2.495328693646409746e-01,-3.694425346283699563e-01,-3.532339917544842223e-01,-2.484411615879391494e-02,-1.963349546421175040e-01,-4.003921800171813539e-01,1.545329568689667310e-01,-7.556221942343137321e-02,-2.643366139582473129e-01,-1.418727072501083097e-01,3.030667094858300326e-01,-3.006609822030640797e-02,-1.718503992703318550e-02,3.638845867502683851e-02,1.462435112372812152e-01,-2.521382351597430960e-01,-3.356072499915545015e-01,2.493568059798915715e-01,2.454851900963727629e-01,-3.316820658229359675e-01,7.650573491060014275e-02,-1.915982536913107270e-01,-1.207068359299021676e-01,3.292000880050292566e-01,1.153198006679915233e-01,-1.131601178294833165e-05,-3.153382017699889184e-02,2.414591598122584233e-03,1.126514811641380620e-01,2.550185324858166291e-01,4.014472308046264648e-01,-1.043151767043416500e-01,-2.565753823580048665e-01,-3.296056222151506065e-01,-1.174176808021451662e-01,-1.430544365727984268e-01,1.225455899330864240e-01,4.439735283068958760e-02,-6.754570252661054597e-02,-1.638051568311559292e-01,2.652064582409477955e-01,3.533848300563133815e-01,-2.074631226120686733e-01,-2.056522354650922035e-01,-3.089662887763644505e-01,2.151753778755016028e-02,-2.532864599936512917e-01,-1.504150556997441990e-01,-1.840778030054529557e-02,-1.396929348973789398e-01,-3.002234129843907029e-01,-2.283930890928585755e-01,-2.176519866071223441e-01,-3.994010195576495892e-02,3.670333148121406736e-02,9.625488319579972307e-02,-1.132797668572975286e-01,-1.449682969398521648e-01,-1.550888360313975312e-01
2.023512577279486246e-01,-1.504377191872086905e-01,-2.363749542362397482e-01,-6.857296728361214622e-02,3.650819380254859137e-02,-1.917685267007983654e-02,1.315248189139836266e-01,-2.209783916379023765e-03,2.326437492395576692e-02,-2.818499015655293038e-01,-3.156846846763609049e-01,-7.700205679194560733e-03,8.686773828215685334e-02,1.972599005310906595e-01,-2.536702806225553664e-01,4.008653749440939107e-01,7.736465839298889598e-03,6.249512258551825905e-02,-2.804158708436937930e-01,1.381581661325101407e-01,-1.820668708202133890e-01,8.295642760194935073e-02,1.823342544371849283e-01,-1.359653940414440876e-01,-1.263880788740406880e-01,-1.899627531431532235e-01,2.181710176912249888e-01,1.018372889688673455e-01,3.120482258477440610e-02,1.675170032977739143e-01,-2.820880802818803712e-02,-2.017304778025864193e-02,-4.156136707922684081e-01,-1.553406439522539983e-01,9.697238527413969134e-02,-2.045522991852329331e-01,1.738130394413236746e-01,-8.119507378678822440e-02,-1.865351752427729104e-01,9.124639084765173713e-02,2.056104953143862435e-01,-1.116254036365357527e-01,2.448762549420347712e-01,4.177565228796509267e-02,1.525839231043931987e-01,-4.557224803234271975e-03,4.429987196131705135e-02,-1.715262522274027257e-01,3.945453484383262266e-01,1.922761287002303088e-01,-5.134460473309414297e-02,2.518270634810098052e-01,-4.432477117062445793e-02,1.957260982933017174e-02,-4.293422603192827147e-02,-3.139810198151786746e-01,-8.480227488549733905e-02,-1.335712520595585574e-02,9.373268488673068555e-02,-7.577340803526182167e-02
-7.177666536685614607e-02,7.140622531200072065e-02,5.749863349634236342e-02,5.938499553498568367e-02,-8.225654119273428586e-03,-8.288148275993863223e-02,6.361871617044574378e-01,9.498188906935360609e-02,-7.923252869999630743e-02,-3.908973508466221519e-02,-2.217470257096515740e-01,6.347466350124450485e-02,1.079018254027110102e-01,-6.126833416139909616e-02,-8.339957611292042605e-02,4.209125445233575027e-03,9.379162018928011157e-02,2.740943326362267896e-01,2.354831953127144994e-01,1.980356736301187581e-01,-1.383207354224875729e-01,4.400772474312519660e-03,-1.180016548084812100e-01,-3.040962474262766668e-01,1.919909060362174624e-01,-9.270383805319301618e-02,-3.420560163612734739e-02,1.829477235813102010e-01,-1.175604835304096402e-01,-2.181010899278793824e-01,2.413985157289353506e-02,2.105665760638440742e-01,8.702111392500086473e-02,-1.072721950858542828e-01,-3.137286481049281206e-01,-1.363743152811371373e-01,4.365766367253129943e-01,-1.402160239547248742e-02,-2.543268569890538844e-02,-3.517012341524054508e-01,-1.555239255265447318e-01,-2.181539690740053605e-01,-1.503686745278376979e-01,1.132426915185358318e-01,2.252988623617288577e-01,-3.408136840036395110e-02,1.911547106171957444e-01,-8.017480851535975506e-02,-1.036789440965100138e-02,-2.503325156701783349e-01,7.900528583307168951e-02,1.635342395200561905e-02,-5.304661135465160715e-02,1.168649076197695591e-01,-1.585938090772784637e-01,-1.118308653769874567e-01,6.215662748516618749e-03,-8.371262443591229174e-02,9.203936837185340558e-02,-1.038051518172501339e-02
5.082605504843316913e-02,8.134368024033389322e-02,4.013888291449008716e-01,-5.353689259408119655e-02,9.400072317685964629e-02,7.492767245979413404e-02,2.614469067539949565e-01,-4.903475142613869520e-01,1.554555464838870416e-01,1.956847507698634137e-01,-2.220066465220484897e-01,5.450975758460804149e-02,-7.944108059993224003e-02,1.544271698161829021e-01,-3.536901141030789342e-01,1.125952760880280790e-01,1.417663713187158891e-01,-1.991535772035716856e-01,2.748416734206739556e-02,-5.286835174287141288e-03,-1.436376374472625728e-01,-2.351582289093453737e-01,-3.161019635253158322e-01,3.099602124390498648e-01,-7.223427050055403198e-02,1.527331397523756240e-01,2.338738705590681644e-02,1.037440232783498339e-01,6.203343255932834699e-02,-1.495317362214353685e-01,-7.821456346135330362e-02,9.888165650090949277e-02,-5.033743889780480096e-02,9.495736576504450188e-02,-3.727689352223118036e-04,1.422059408959452931e-01,1.004768475255013865e-01,3.022697634882432621e-02,4.931761006264481079e-02,9.058570685085196028e-02,-1.271103149809261201e-01,3.123075090828261180e-01,-6.388983609763268512e-02,7.026909962302985146e-03,-1.514937003427275705e-02,1.964653051190811961e-01,-3.635710160984524653e-02,-1.473278219032807534e-01,-1.623185854789219451e-01,-7.218259337620269722e-02,2.435662788109869692e-01,8.271104938825452058e-02,3.318648432644747959e-01,5.000042891573168446e-02,4.453784509125174873e-02,-1.040550056704361015e-01,4.748511879187078573e-03,1.286484825905157281e-01,-5.758951752753789510e-02,-2.461017341898786293e-01
-2.855427849891047920e-01,7.743536955511939879e-02,-1.007763893631780372e-01,2.074294685565048618e-02,-7.609301868205982367e-02,-1.358055941861175953e-01,-1.780314654063521740e-01,8.515031426600691566e-02,-3.689530815006334952e-01,-4.230272650787439415e-01,1.132405865482292474e-02,9.264423396317952863e-02,3.351755340089036805e-02,-6.853435747335731576e-02,-6.921064636120591307e-02,-2.854304892459763598e-01,-1.123531851234677859e-01,1.050024284642595285e-01,-1.981402820146219157e-01,-5.707641886525167962e-02,5.085567669435521188e-01,2.809887623169508575e-01,-1.950336492276464329e-01,1.659008793727755060e-02,2.345778949873784242e-02,-3.515582699931881772e-01,-1.168154145001711608e-01,2.452483467120592509e-01,1.398347366446422435e-01,-4.156425024362245951e-02,4.678847003960865530e-02,-8.685598770475945474e-02,-4.975449346521556432e-02,1.017809873495060247e-01,2.215519812866045268e-01,-3.176995927476921611e-01,-1.064806858055558636e-03,8.580751639975510436e-02,8.362952981362428706e-02,-3.234451665179869373e-01,-4.404884830045701638e-01,-3.520434966215051087e-02,-2.617290961412891415e-01,-1.843955186742023966e-01,1.249760363427325077e-01,-1.688561694216301479e-01,4.536101851745901747e-01,3.229870335644841606e-01,-1.629216827473397092e-02,-1.780142891753266898e-01,-1.278260912277326411e-01,1.373767433609957012e-01,9.040354087413150774e-02,4.501201558233920430e-01,5.171286230407193818e-01,1.045008327963340145e-01,4.340961971756011201e-02,7.351227486995466631e-02,-6.055742853882857546e-02,-9.209603394352001982e-02
1.668627452564044600e-01,7.182835084674239756e-02,-1.482875683760503938e-01,3.914917547827660993e-01,7.914124599000577076e-02,-2.313518175752042882e-01,-2.313913896080371235e-01,-3.699005224298400618e-01,-1.754131441869695440e-01,-1.303448447086699366e-02,2.980569083125055307e-01,1.598944561568876876e-02,1.023873960329761135e-01,-2.362097042334503350e-01,-5.934322121919835893e-03,-1.522618649106645405e-01,5.602018970000875037e-02,1.413017906185677908e-01,9.306601761590926891e-02,9.392784673881776625e-02,-4.526111177389023632e-02,-1.431480240880234111e-03,-1.843405251794647537e-01,-1.431243872824307095e-01,-7.157516169914031334e-02,-6.517294413173593814e-02,2.307210965788201729e-01,2.914921409197642754e-01,-1.619602751202824445e-02,-2.705692911600425868e-02,-9.978519806639765677e-02,-1.707232381937098808e-02,2.257057862551120619e-02,1.580161791104239821e-01,-6.726271561272771649e-02,2.840677133261567677e-01,1.256065846191304625e-01,-3.612098019452943121e-02,-5.000777461857123379e-02,-5.143048175010176554e-02,-1.170707779226883571e-01,7.904595274294019813e-02,-7.114898495031249381e-02,-2.255684646881591093e-01,-2.352719580857995096e-01,-3.078551413530549244e-02,-2.969752265512495132e-02,-1.100813031912842022e-01,3.234762780430427420e-01,2.873720754281272605e-03,-1.256845171120874183e-01,8.508664636769686096e-02,-4.594056726100860522e-02,-1.505067330534282377e-01,1.468007830805928282e-01,-6.337357003110866138e-02,1.004865321081833962e-01,1.459289115169032647e-01,-3.037172098133755771e-01,4.342258482849870038e-02
-2.338661234549156143e-01,-7.510045406462548256e-02,-1.086110186723097809e-01,4.466023119742080355e-02,6.802066664921271877e-02,2.936698594505178228e-01,4.925097847784037919e-02,-7.894188084667991268e-02,2.688474978289939754e-02,-2.424210272848314474e-01,-2.323672042522430536e-01,1.350359461611657097e-01,2.251437505058152266e-01,-2.405506243551709389e-01,1.589896588858335721e-03,-2.505528824167568749e-03,3.334732969447106732e-01,9.612208502550176337e-02,8.155324736209249026e-02,-3.764429152097337195e-02,-1.913052649921178072e-01,-7.275690190894089360e-02,-3.185714609866382302e-02,1.250064470255802529e-01,5.562364515678476506e-02,-3.621336758867794159e-01,-1.489804206922580865e-01,-3.574818886515261640e-02,-2.508240670158006225e-01,4.211090554848855305e-01,5.483685267528753786e-03,3.974950521241961132e-01,1.733127221356031422e-01,6.575859680029076670e-02,2.731017978698404569e-01,-2.741593609986814895e-01,2.299037185334973366e-01,2.082497239866157313e-02,3.039459329772586371e-01,-1.315257390631316969e-01,1.488144746178961253e-01,-1.626859878191376854e-02,-3.837982587653145788e-02,-1.426534351956200708e-01,-1.012176175533769096e-01,4.221245259271607514e-02,1.297818135892979050e-02,2.598833908073331922e-01,-1.919946236981678322e-01,2.497638040893540301e-01,1.597059423836863223e-01,-1.216730720855997150e-01,-1.823878610377835940e-01,1.431396488937064504e-01,-1.278020180701545105e-01,-2.588135906774089931e-02,-2.060532748953520718e-02,3.725900828043203494e-02,-1.042788152680550195e-01,-3.725445310745934546e-01
-1.714577423273180301e-01,3.517312495136623030e-01,-7.831240351752863371e-02,-2.324931269559648295e-01,1.481842488241560951e-01,1.837886042819628363e-01,-1.059863204047672564e-01,-2.712278188700379955e-01,5.295310579540226520e-02,-1.842525427613993239e-01,4.144071282557088010e-01,-3.364898201374287856e-01,-1.229002170834695151e-01,3.388035228144697757e-03,3.296137467528503229e-01,-3.095145126726630558e-01,1.444228655570002073e-01,3.979315024900458297e-01,-2.350984620104660805e-01,1.476866084691720593e-01,1.700721755310460187e-02,-1.482168906406317321e-01,-4.561024641920484457e-02,-1.215345227753776014e-01,-3.646767073355722810e-01,-1.310274829863283808e-02,-2.036877406825892689e-01,-1.725989444341682845e-03,-2.943571025053664525e-01,4.156819607239156111e-01,-4.079985048286897675e-01,-2.385812962095534284e-01,9.328550968635110352e-02,-1.550579672248404428e-01,-2.050623856055964339e-02,-1.585152046580975693e-01,-4.018020711564157521e-02,-1.048276087548226931e-01,-3.894946999516762931e-01,1.923916084893040890e-01,3.853102570730850829e-01,2.512372331449810869e-01,7.506840079430643353e-04,6.844958782589505080e-04,-8.910333358769265133e-02,-1.672108041555802060e-01,3.996068271356301334e-03,-6.014892799833210235e-02,9.912366761745940169e-02,-1.402392348090200358e-01,9.192749154002974321e-02,-1.227371516507326926e-01,-2.460407018403845680e-01,2.542279011033593550e-01,-2.674090448242167836e-02,-2.975609813477486099e-01,7.002590318889803656e-02,1.561523903136873351e-02,-1.093849834678354699e-01,4.277207363825641373e-02
1.553406970367384454e-01,3.537568961088271430e-02,1.544723557382885436e-02,-3.083377036439182151e-01,-4.544129021874669661e-02,-3.051152236616780367e-01,-7.563227910624195638e-02,-3.670890283890156369e-01,-1.799360295129381060e-01,-2.145611962035238185e-01,9.967015721516643556e-02,1.551362811261561003e-01,-8.780732343294510300e-02,-1.063420237723462503e-01,1.566456523576437720e-01,2.453755828378589854e-01,-3.524312020027910997e-01,-1.130280091251290864e-01,-1.106326170352482513e-01,-2.141715410494194824e-02,1.481194748320072696e-01,4.137553880465775352e-02,2.504156257744220015e-01,-1.318132063329146564e-01,-3.048930276057171089e-03,1.229522899234790356e-01,-6.500842963314770739e-02,8.239902681915740879e-02,-2.326427575823005189e-01,-1.142828006486050346e-01,-1.533207682405894889e-01,-7.495631153768442245e-02,2.005762563687215894e-01,2.034374232398338811e-01,-1.480663787580140112e-01,-1.813138183685023552e-01,8.920678363132522604e-02,1.847888311720131405e-01,2.991294274511787643e-01,-8.921735893594923833e-03,-3.074384553101585094e-01,-1.290923555783222432e-01,-1.746596579196076360e-01,2.388745087941142597e-01,-2.905794416869068517e-02,6.609374615999422109e-02,1.359845267242391909e-01,1.891833305452819969e-01,-9.245096059877018491e-02,-9.630061541250274637e-02,1.637164673256984518e-02,1.570405091049756341e-01,-2.398686086553767360e-01,1.260522527912436366e-02,-1.479131746660095059e-01,-1.038299107935492377e-01,-1.038013856767703719e-01,-2.052385474140441257e-01,1.629063686383536713e-01,1.296589024170307081e-01
4.160586599117639395e-01,-9.692319354385625640e-02,2.491483526586490138e-01,1.842143092846410257e-01,-1.810665583086915331e-01,2.125694315018524794e-01,-4.595861250623484162e-01,1.193155040383986759e-01,-6.562436348540433284e-02,2.052413452696160226e-02,-1.589116802421089436e-01,1.630150311847650690e-01,-3.183883121015693152e-01,-2.438320099330131829e-01,-2.457883999614400017e-01,-1.251692189818887635e-01,-1.096697295857696347e-01,3.524669600248050982e-01,-3.310675038383113500e-01,2.341323139865639225e-01,1.151841146416432010e-01,4.795163086837271882e-01,-2.104729152114518664e-01,-1.908241759687930306e-01,-9.495484835046943961e-02,-7.092556826005744219e-02,3.458560360405187051e-02,4.892807663483319386e-02,-5.494221641704476189e-02,1.133302800148703743e-01,3.458903313291208370e-01,-5.274586890527464822e-02,-3.736136002254232258e-01,-5.976087077054444141e-02,-5.579062071336493567e-02,5.915323205437674620e-02,1.437934862112937862e-01,5.469463122665409183e-02,-9.569960195963397170e-03,-1.181677391177858583e-01,3.690860591134778046e-01,-9.402793553378779867e-02,-2.759175657068260040e-02,1.316223266255523439e-01,-8.590824214183685748e-02,1.663779200601434582e-01,-1.809704962488406232e-01,-2.559413362139650872e-02,-3.346349891926879150e-01,6.338747468117300610e-02,-1.639749872410882492e-01,-2.596243587437232353e-02,-1.358168671980269394e-02,-8.228569601450042015e-02,2.093220764872918416e-01,-1.070623568986405275e-02,-6.668856336476489122e-02,1.515469329092935524e-01,-6.888917971681418964e-03,2.348038185118435095e-01
3.708298983487127165e-01,1.275029481359491457e-01,2.115615220400442892e-02,-3.829375433970982345e-01,3.358301157262437719e-01,-1.331112500292261913e-01,-1.229062144884712077e-01,3.937646975359795909e-01,5.686467132157883853e-02,2.107861817590264697e-01,3.986581597121345577e-02,2.998757711077220667e-01,-3.651322334890143573e-01,6.897227275548624414e-02,1.342352200130352349e-02,-2.141232850039056501e-01,-5.131428845264268679e-02,-8.123847058978959923e-02,-1.446193878046670919e-02,-3.335554391781382355e-01,6.975065927737221505e-02,1.076782112613181575e-01,2.688578160340562850e-01,2.298561245516605178e-01,9.346297790716384668e-03,-1.950530976290411334e-01,4.467888374012378705e-01,1.722713663655367211e-01,1.953456398153278484e-01,9.563133366188888984e-02,1.052970708341914446e-01,1.858764545421993652e-01,-1.565656029079840750e-01,3.859582793199704820e-02,1.855504422324092406e-01,-2.341732283615373666e-01,1.568953064702790501e-01,1.404907339195873572e-01,8.976364581673298981e-02,1.109201563195117285e-01,-4.140213739395218889e-02,-8.541686239830591221e-02,6.586371442308293356e-02,-3.955194842873174105e-02,1.296137877423368667e-01,3.425439994125985960e-02,2.011290607187075641e-01,-1.346328470587425663e-01,-2.129518068988686674e-01,-2.747871534210678535e-01,-3.925392186817715234e-02,-1.522048701517870195e-01,7.321399203803116706e-02,-3.569435564802159178e-01,1.236429480001884074e-01,-3.337062680231698275e-01,2.511623730827318712e-01,2.318038560101071122e-02,-1.736338217786519977e-01,1.362415162326042206e-01
-2.574940530760485013e-01,-2.115039343169564101e-01,4.322931181405990919e-02,1.119873115965669061e-02,-1.541903424627034599e-02,3.173875784823490531e-02,2.063868610094539979e-01,-5.696575791486809676e-02,1.423323586889883585e-01,-1.122914730689556218e-01,-1.437413861293984907e-01,-2.385160938028238475e-01,3.604455437270485951e-02,8.670489296255745604e-03,-3.780636410883417287e-01,-1.521162782058199103e-01,1.645617122143324118e-01,-1.851429329740816310e-01,1.170110194895640776e-01,-1.896214296197818450e-01,1.804453182093420927e-01,8.664963359056771647e-03,4.817646938452647964e-02,-1.114540813211611914e-01,7.227946424443985884e-02,2.093548277283097947e-01,1.426711631835835270e-01,2.863094217513327891e-02,-6.530625566087704115e-02,8.554713149156237262e-02,4.365815132045956087e-02,1.079218798344994817e-01,2.249298123664142113e-01,-2.178345440701942581e-01,-1.061128545060369410e-01,-3.543734283896243960e-03,8.609889387398481086e-02,1.081303010971983170e-01,1.176061261049715922e-01,6.581436154838211927e-02,1.220322940106231407e-01,-3.526609717668734989e-01,4.472166331723700372e-01,-1.146664815952516403e-01,3.167268776592748608e-02,6.543314746874831500e-02,-9.683055522223558975e-02,2.327516268727364834e-01,-3.521662914244000353e-01,3.313890040946341764e-01,-2.281918218303675625e-02,-1.505521557554124479e-01,1.461498144328491899e-01,1.118424820183590296e-01,4.017638124353817841e-01,-2.856958149164493532e-01,-3.556378007298342525e-01,-6.571632508965638553e-02,4.345409317665872850e-02,3.465726052811300001e-02
1.697910917804000552e-01,2.214276309222393824e-01,-5.990771445996598971e-02,1.499331193661604111e-01,-2.532761352622061035e-01,-1.246834957479197037e-01,1.003211728419350079e-01,3.747017936694900242e-01,-4.978825139440832409e-02,3.551035633881109710e-02,-1.461754578531361537e-01,-3.398467063241770725e-01,3.620555073246945477e-01,3.739650097085493730e-02,1.190604239135421710e-01,2.673028969184430004e-01,6.034167721014760399e-02,1.814843287512315495e-01,-5.240025283341388784e-02,-3.395323456513368171e-02,-8.286584043354287832e-02,-4.036256659768746036e-01,8.491114893682261133e-03,2.337159351173016264e-01,6.969192746335992061e-03,4.016615018751788779e-02,-1.838076630085370977e-01,2.085404577781314536e-02,2.869195392519090573e-02,-2.361605368015206111e-02,1.928648537995902856e-01,-2.263750722926865799e-01,6.093895864529574879e-03,-6.637599668424687231e-03,3.386127895473409199e-01,-3.840590022477263082e-02,1.346212877027768984e-01,-2.832971345996839266e-02,1.075693145272375723e-01,8.111967934661633295e-02,-3.633818215172065491e-01,-3.973796742640793578e-02,-3.799703283825122541e-02,-1.570243354315495610e-01,-2.145799513468348713e-02,1.605617084066578160e-01,-8.796827370742935082e-02,-3.307566228554489340e-01,-3.952282297063219874e-02,1.919897555594043126e-01,2.134134182013132930e-01,-1.577639794253588579e-01,4.462853553449204758e-01,1.547575291856299606e-01,-5.691384324952795948e-02,1.423672461308587711e-01,-6.422669013345330691e-02,-1.090842527238997627e-02,6.557162196612686955e-02,-1.637268033451681204e-01
7.037994150434168268e-03,-3.513187639398628881e-01,1.480986924000516902e-01,-3.330236884974142053e-01,4.338810488483551414e-02,-1.893638404963264021e-01,-1.505912832647804747e-02,-3.372909069254420578e-01,-3.787020767974343949e-01,-1.304852094957369701e-01,2.369060671010715310e-02,-1.230553723639253444e-01,-1.860089417779495213e-01,-2.691756984355100357e-01,-1.115551605193723129e-02,-1.453482799550732119e-01,4.327354608880552844e-02,3.264001269068622646e-02,-3.923223862478566470e-01,1.453347681988905772e-02,-5.224831950308635176e-02,8.322557653459491944e-02,-2.189023916599182051e-01,-3.738585510508231069e-01,-3.986271293158068496e-01,-1.212504547492968959e-01,-2.608972128347292752e-01,-5.023427560022477451e-02,-1.342943358934997888e-01,1.357015863385359067e-01,-1.456556571083587603e-01,3.832641698858428592e-02,-4.248791303429984290e-02,2.576061903491242977e-01,1.091706912603865182e-01,4.477628673850064800e-01,-1.900820297358621347e-01,-1.218932066068261627e-01,9.917239491297066833e-02,-6.541697683672162422e-02,1.472691787076713943e-01,-3.669373502491402039e-02,-7.230134967263689150e-02,2.003322756455938602e-01,-8.764418059065963440e-02,1.468494911609844432e-02,-6.068333190153785486e-03,-5.469876599446266141e-02,1.172888296653193524e-01,-1.404610881675500689e-01,-2.930754658373467825e-01,1.496030857456301100e-01,-1.723090228605590052e-02,-5.407266609757538367e-02,2.502113330998034790e-03,-8.363596256448499466e-02,3.937081521823752872e-02,4.640095529044940999e-03,1.030987418484617113e-01,1.595966656444030088e-02
-2.372659139831170133e-02,-1.822650517486773536e-02,-1.103239279927258620e-01,-1.820536200689057138e-01,1.307418650465472232e-01,2.715862650463337635e-01,-3.180960298027152300e-01,2.389988213235278575e-02,-1.008914371298813561e-01,1.911498112115832537e-01,-3.784706271822302348e-02,7.253682850867892995e-02,1.048944222218879396e-01,6.284328233914512896e-02,-3.132117591686180980e-01,-3.041869792842055720e-01,1.685063853822655333e-01,1.437443122211380375e-01,3.176354594070995851e-02,9.002572324268405535e-02,5.785931915563764516e-01,-2.005315991804307862e-01,1.216327678989800008e-02,-3.450778537632828713e-01,-2.922836139319738291e-01,-2.879747086908267598e-02,-1.436902713401963516e-01,-2.835381858257097210e-01,1.690912552702721061e-01,8.970866705191932189e-02,8.268320172405316248e-02,-1.449199517221985145e-01,-2.108329936779000102e-01,-3.677518810837997199e-02,-2.516892954249094205e-01,-3.171182409221361964e-01,8.838097771536126968e-02,1.732198569091243368e-01,7.173471456693862602e-02,4.023609526136494585e-01,-5.331728383466699528e-02,-2.885021312424752571e-01,-2.428974037599254121e-01,-1.414681070780311190e-01,2.440532358430916315e-01,5.957168801965972982e-02,-1.175306087082120809e-01,-1.420014251331391808e-01,7.833661254535714824e-02,2.628591247692781407e-01,-1.228907495626295338e-01,-7.157859449566039700e-02,3.708384194776807863e-02,8.049595076773159719e-02,2.844302757019397943e-01,-1.227779563142337160e-01,2.330711929358873780e-01,1.330294900752425347e-01,-2.908722345274488696e-01,1.157887763631399725e-01
-1.353625145035270982e-01,-4.396467061949702743e-02,2.175871934921803086e-01,1.603766474055401403e-01,-4.191046394936477348e-01,2.378416220109364487e-01,-1.937430161276255947e-01,-1.442469384835861068e-01,-8.669364014937190610e-02,-1.218155832972013519e-01,-1.455277884574897318e-01,2.501939874360901706e-01,9.018010067222424764e-02,3.341344319092346971e-01,1.533913080741998169e-01,-1.464555197087387961e-01,4.611276028755158518e-01,-2.536486232564525989e-01,1.391556407107665816e-01,-3.316181288198496446e-01,1.873273619789879718e-01,-2.061822244658365888e-01,1.572474675448309600e-01,-2.130115449992995291e-01,-8.755738165531917055e-03,-2.950089767083430119e-03,-1.608417766444255603e-01,-2.150837070515722316e-01,5.015478086443921069e-02,-2.198071617169226610e-01,-5.849778418257142037e-02,3.748536750837169196e-01,1.639561463103608729e-01,3.173564710933513000e-01,1.272642258512978741e-01,-3.121542968543068453e-01,-1.525846064594626461e-01,2.304370583060909999e-02,3.670276544753470205e-01,-1.393286749954229242e-01,4.694114989133740257e-01,6.095535299718833622e-02,-1.709161395359844182e-01,1.522281604480811290e-01,3.988619822255627945e-01,9.644220552850701900e-02,-1.006496464138827707e-01,2.285543895258136324e-02,-3.675494503170017579e-01,-2.326236616956170455e-01,2.696093245060876553e-02,-1.239977163554323719e-01,-1.451269987207118584e-01,-1.362128043394274513e-01,-7.756879964454420351e-02,1.354851062454330013e-01,-6.741990552436012696e-02,-1.970569881338452844e-01,-1.669129558926684409e-01,-4.210814497594869005e-02
-2.626484543033359431e-01,4.285786530447109610e-02,1.963640362862409672e-01,-3.198064635558671431e-02,-1.579044322541932333e-01,-1.528762044879362070e-01,-2.687361045267708942e-02,-2.088225312360698568e-02,1.600457780115827067e-01,4.814744265583217886e-01,6.117866059932144246e-02,2.598001700646505041e-01,1.633889009364302147e-01,6.157208668712851191e-02,1.822860889416081098e-01,-1.595189277040377426e-02,-7.113216486070542133e-02,-4.647811560147828702e-01,-2.018288225141276759e-01,-3.288105152615967697e-01,-4.322651227967592158e-01,-1.803888761812948993e-01,-1.309132794667793864e-01,-8.171387075067078343e-02,1.088732231875188250e-01,-5.610071717307087841e-02,3.189885621623931439e-02,-7.814981242181420762e-02,2.978555494286246885e-01,4.374255661105714843e-01,-1.584873762409998860e-02,3.203445543522280836e-01,-2.353125869129834083e-02,-8.519026182951421056e-02,1.077681347297719805e-01,-2.257815922809360276e-01,-2.122965980115171791e-01,-1.402705042256775503e-01,-2.469800822927474895e-02,-1.136726221530423298e-01,3.288800594309505831e-02,1.629580265932372707e-01,1.366982244515962397e-01,-1.227042899750143967e-01,1.854985821235724530e-01,1.020162280067196947e-01,-1.741023667414985654e-01,1.084337546631650023e-01,-8.099489975283268722e-03,2.286092368210178305e-01,-2.755529866638565389e-02,2.461075940756416447e-01,4.996769416946605577e-03,-6.086416005600048251e-02,3.359270863435521726e-01,7.552137941257215659e-02,1.801705512234369755e-01,7.425752604788241062e-02,-1.014917075238500332e-01,2.690612970380229507e-01
-2.241894632502121690e-02,2.503812095154266393e-01,1.812409258521652244e-01,-9.801085149723330614e-02,-1.733354146240844162e-01,2.386979224752227291e-01,1.509673529193081287e-01,-2.747032062882843739e-01,-4.049276990446626368e-02,-4.461931507530854657e-01,1.861784585274158660e-02,-3.144615368722803450e-01,2.283261368636995969e-01,-2.013325218258413263e-01,2.947767668773734751e-01,-1.854169848019460165e-01,-5.200838478213658245e-02,-4.631784895078508990e-01,1.694359469611007307e-01,-7.045350979742942554e-02,4.655339923042399464e-02,2.231364041412726151e-01,-1.257754676937856142e-01,-2.562602491013915573e-01,8.501041948711328400e-02,4.157575404357692905e-01,-1.426775443550269418e-01,6.856547672024750073e-02,-1.076312883608023380e-01,4.175142318881584491e-01,3.498563437201060999e-01,-6.812653433004714487e-02,2.589649209701687105e-01,3.379594885141837951e-02,-2.237137895122735531e-01,-3.554445693150263819e-01,1.025302407102702540e-01,-2.849975965324081928e-01,-1.953807738398002924e-01,2.528396706274190775e-01,-1.489908313704202958e-01,1.208403531038719364e-01,-2.449177247862267259e-01,-2.874137323778514497e-01,2.090176868944105537e-01,-1.500902279988411414e-01,-3.336867967013845693e-01,2.593671665215034894e-01,8.830073721336495485e-02,-1.324425294278531728e-01,-2.222959415137175029e-02,-3.300838882179725486e-02,1.254038010453926710e-01,1.007387743670791133e-02,1.185847847478042547e-02,2.270526384128973840e-01,4.413149774854089324e-01,-1.236857345772647207e-02,-1.846468536375674430e-01,2.152032021049137336e-02
