-9.013421389218396751e-01,-7.909919142058189356e-01,-6.473824890824622091e-01,-3.000424956947783661e-01,-2.816697762378225223e-01,3.487443032634053863e-01,2.345488295635974052e-01,-1.876218725869336357e-01,1.561565684017491851e-01,-1.045382516890291935e-01,-2.197312007700843728e-01,-3.101621740452099596e-01,-8.796861961957627707e-02,6.785856591965824802e-02,8.882203125532982246e-02,2.030949773338316944e-01,-3.126872509773091779e-02,-1.813496350224973463e-01,-2.291544515750963684e-01,4.361471927892864031e-02,-4.265906369697688300e-02,-2.651666467763863499e-01,1.251175036033309318e-01,-4.300160937863249377e-01,-1.382916594608033789e-01,9.089733381601308726e-02,-6.685892571090572278e-02,1.062900188972729920e-01,1.323143720346387497e-01,-8.124600218105124116e-02,-2.282400661571820366e-01,-2.345385416682149449e-01,2.993251273571143761e-02,2.975281217241683152e-01,1.765177323397984499e-01,-3.050019066684753200e-01,1.923444565513929370e-03,-1.679408629281844978e-01,-1.052158728014779693e-01,-1.370040344724232362e-01,1.833223836942579621e-01,1.241736715248522617e-02,2.937791741112921184e-01,2.776411527426758674e-01,-1.466526474101229327e-01,2.088482548179711462e-01,2.584867205868264170e-02,-5.432874307649162432e-02,2.643424964139790001e-01,1.982832776738647218e-01,-4.508078010700743155e-02,9.650071442491055251e-02,-8.448731496572959090e-03,2.659850038154222274e-01,-1.824926023317846591e-01,-2.216677872559550955e-01,2.264190954625727170e-01,-1.521970004095896944e-01,-8.299711260017070269e-02,-5.153317297659885943e-02
-8.314173467212654378e-01,-9.310587772329024236e-01,-8.488383861214272574e-01,-7.973440588707763066e-01,-4.670015375923958212e-01,-3.583722981530487739e-01,-5.888192270315761520e-03,2.380941412594669016e-01,-2.597432599017732713e-01,-1.248944037185284461e-03,2.362196274747236369e-01,6.116064953831005374e-02,-3.291711275307599993e-01,4.913162142979227154e-02,-1.280540879705578117e-01,2.051581526294964652e-01,1.232749042203816481e-01,1.449754856095401556e-01,7.041214232681108909e-02,-2.908616229220960525e-01,3.153477318159633169e-01,-1.331180135293730249e-01,8.390275195439025890e-02,7.253641743070964043e-02,-9.365368401742568683e-03,1.272497111439810369e-01,-2.504832956668486335e-02,-1.460172018149664130e-01,2.661832974095639306e-02,-4.583893321495885465e-02,3.409869492699997839e-01,2.017036366628274513e-01,-2.657876352366155825e-01,-4.518315492489222845e-02,2.299839780520019639e-01,1.851653614326539132e-01,2.256349397678133195e-01,2.556174825257475081e-01,-6.039863368995523896e-02,1.559305704669597947e-01,7.076430962733917807e-02,1.859162780230687317e-01,-3.525049302618668001e-01,-3.491086606908788692e-01,6.943670620216538247e-02,-1.997558915667751733e-01,-1.518004635072535413e-01,-3.689386585979283206e-02,1.039978755286477818e-01,1.525900766547453880e-01,2.752213948395864640e-01,-7.781504849587415895e-02,9.187822820896865417e-02,-4.271902483504698145e-01,-5.433267914178274705e-02,-1.645765826541922827e-02,-4.375650341819927180e-01,-2.055177425419438819e-01,2.811829811431357240e-01,-1.177620091223896132e-01
-7.846046216424483744e-01,-9.235967606138842934e-01,-8.212035968184563384e-01,-8.087588129395679726e-01,-5.810587071097406131e-01,-1.350108232188900748e-01,8.886751036207500565e-02,1.326299453324314703e-01,8.270288367383610284e-02,-2.134835258205921293e-01,3.378973705912847736e-01,2.949952503722356179e-01,-2.754933438375297208e-02,2.471241881706378596e-01,-1.562694869722396074e-01,-6.966851088651053459e-02,9.510165182683641416e-02,-3.709079599077045458e-02,-3.525353714420165121e-03,-1.265911122955728774e-01,-1.478232647587334747e-01,-3.547365892175320945e-01,4.270965007516518419e-01,-8.113685798067116553e-03,7.914058921871738872e-02,2.135242629922630697e-01,7.933143708543409500e-02,1.199696464140068974e-01,4.147307827985410311e-01,1.317109165322388475e-01,1.754083740730258967e-01,-1.552927831841653949e-01,-7.679648881093101287e-02,9.998053230678569103e-02,-8.913693613673857874e-02,-2.074430590527476803e-01,-4.752176501515855550e-02,4.030540621086184383e-01,1.537202135201000686e-01,2.173014394956874484e-01,-1.223288836882561875e-01,5.128987889739194950e-02,3.089572423807263046e-01,-3.312646753283310548e-03,-2.486041551269478345e-01,-3.448134686796430065e-02,-4.843866604568990153e-02,4.896415750206883910e-02,-7.996658230540183709e-02,6.647799755003780398e-02,4.187898672518770848e-02,-1.034844507079673015e-01,4.137286144458777182e-01,-2.330106875331502125e-01,2.158700750022286008e-01,-2.833740242081028704e-01,2.618052448982620128e-01,1.793126227460117572e-01,9.118630276679533242e-02,-3.317173824878469346e-01
-6.751736128508749601e-01,-7.411983356766921327e-01,-8.142636692172597890e-01,-8.205344501347099362e-01,-6.106920595590804579e-01,-2.341404144042312230e-01,1.720575465624772996e-02,-3.835257832518762511e-01,2.004329170159163953e-01,-9.420929453212063820e-02,1.204162446680079324e-01,-9.200163236049708343e-03,-4.322209794333320074e-03,1.730086053355525955e-01,-1.078026873955713894e-01,2.784218637514444539e-01,-8.252326228709173928e-02,-1.014107399178253502e-02,2.498383337444986252e-01,4.644854173879683357e-01,1.717029054148241224e-02,3.863846811183897084e-02,7.794379027783204794e-02,1.930472820506728415e-01,-4.472600741506400912e-02,2.537603246089641940e-01,8.412509747584196243e-03,-1.136389940995747444e-01,1.035229323315757233e-01,-1.124788991432344315e-01,-5.106473856850872461e-02,1.836553424067968177e-01,-1.455836364516196468e-01,-3.551893793101393859e-01,2.466123362930027485e-01,3.150866782685574630e-01,-2.401385462805848137e-01,3.842781038124445381e-01,-2.420902122872033435e-01,-3.311662064619751433e-01,-2.030473239909396932e-01,-2.970659392361642975e-02,3.275724574133609956e-01,3.290538054030790749e-02,-1.716564043652897276e-01,2.723043624474845159e-01,1.905370678276274155e-01,-1.125647923238440040e-01,-2.027820385364513811e-01,2.884319670860386320e-01,-1.842232879733187167e-01,1.398815500599776274e-01,1.637330048116061310e-01,4.721020844082384760e-01,-1.828793610926754687e-01,7.240355005307763658e-02,-2.569085328269590240e-01,6.183789266341279539e-02,-2.913120347061743873e-02,-1.891704512183752657e-02
-5.990473153005659857e-01,-4.835279649267755220e-01,-5.344592332786936018e-01,-5.825664684491097534e-01,-1.758191248963170972e-01,-2.689556700174725590e-01,-1.916083903030743329e-01,-1.337525623034929168e-01,2.912063136248667639e-01,4.591018178708160258e-02,3.666957523809714625e-01,-2.128935243209678363e-01,-1.353483154558436374e-01,1.040555882018950051e-01,-9.259874926863231534e-03,2.040575071791922990e-01,3.479264333181874419e-02,1.110982328634903399e-01,4.199093382341715364e-01,-1.545467301345633815e-01,7.586339609005594842e-02,-1.957733748135269125e-01,-1.513284573329816696e-01,-1.303657579694869062e-01,-4.559813260270393909e-01,-1.534029830682280826e-01,-1.442575205901908686e-01,-7.259438117063690687e-02,4.591741752841846033e-03,-1.641973660990271033e-01,-2.168369506931250024e-01,8.991605739132776942e-02,3.940891351725263336e-02,1.567538661755067120e-01,1.214911618493930059e-03,1.696265027103859291e-01,-1.599648151633714099e-01,1.535334330034379691e-01,-4.138125423486571641e-03,-1.608303120875624326e-01,2.564805004107607589e-01,-1.852832127178590804e-01,-2.129786528010335633e-02,2.372554643734956642e-02,-1.840715191606338841e-01,-2.807494053910286613e-03,-2.458350490223210616e-01,1.446530559672289939e-01,3.812897158841289935e-02,-4.851235332873006512e-02,-4.581546279110775000e-02,-1.756111032817453954e-01,1.678480316888353308e-01,-3.851205480871478515e-01,-1.586074548589289923e-01,-1.872823422961754913e-01,-2.852845029875396010e-01,2.440603495321328198e-01,1.124660174230146942e-01,3.250306152898445600e-01
-1.638001545524058467e-01,-2.635665019870538361e-01,-2.491516600259911507e-01,-3.859137267305203234e-01,-3.224699074925280184e-01,-8.543016381827688022e-03,-1.125484859276136146e-01,-1.822976684763329414e-01,-2.961148166292875139e-01,3.279417894613011475e-01,1.794179613293745215e-02,-1.945824274832171907e-01,-1.099247316850994888e-01,-3.583168113351843376e-01,7.105278092401040579e-02,1.675593520874389397e-01,4.422246560106894014e-02,7.880357817556517264e-02,1.571883935934069443e-01,5.789370027569140653e-02,-1.005282960594967995e-01,6.824753606712101461e-02,2.785262678863656416e-03,-1.570126870538714192e-01,2.085457268403533848e-01,5.400165966118684879e-02,-4.829840021089270019e-01,1.718524100626307172e-01,1.883709521541555854e-01,-9.968415788352949503e-02,-1.610912899290718736e-01,-8.548113010788996324e-02,3.098106914466394191e-01,-1.354793074659772223e-01,4.859478867481338560e-02,-3.499804567905426961e-02,-1.357674396435769870e-01,-6.697581013258153970e-02,-2.904371011672940428e-02,9.891096931464496422e-02,1.300288343506597610e-01,-4.997785812244967540e-02,-2.885430910680714112e-01,-1.439607138825446109e-01,4.427014150203448795e-01,-1.469543234960926925e-01,2.321679433478117949e-01,-6.110805244102215233e-02,-2.545209288582036405e-02,8.897253836621432654e-02,-5.116458128091820601e-02,-1.055665506117209849e-02,-2.616837674352581050e-02,-9.415792005279810528e-02,5.302700726050867119e-02,4.417082375049094511e-02,-9.163769612334082826e-02,-1.214531981036295755e-01,-1.123878529794401643e-01,-2.847458292732513163e-02
-3.350185566129467163e-01,-2.303632391511728217e-01,-3.120803078391776730e-01,-4.946334854511391654e-01,-1.717006434700691364e-01,2.576714153721901268e-01,-5.227449549546128171e-01,5.558071349237247993e-03,1.368793079320449191e-01,1.458308323373598836e-01,2.432274735435396573e-01,8.741797431003736629e-02,-2.127659300349830640e-01,-9.879309614205206841e-03,1.475429983946373869e-01,-3.505823105132491735e-01,2.693351326718186334e-01,-1.416705171128613550e-01,6.944087938496043555e-02,-9.444617110348241251e-02,8.213141678453436678e-02,-2.873748434341037994e-01,1.648050574770870413e-01,1.386993316093820261e-01,-3.339837393527381182e-01,-2.769186432641621703e-02,1.154263066084364187e-01,-1.248302003886427869e-01,-6.252942233090089119e-02,-9.668394437615477136e-03,-4.487368477013066459e-02,1.668062541609544591e-01,-9.033504703663087360e-03,-1.764969033574487478e-01,-6.797466776863772542e-02,1.243927709248303648e-01,2.465003242556999263e-01,-1.583657558699611001e-01,-1.099592317764590960e-01,7.025090682519163909e-02,1.759074318039266505e-01,-1.181351520116381837e-01,-3.309537065390120159e-01,-2.787527245466818807e-02,1.154868420388268369e-01,-3.027942487512595982e-01,-5.702404994595152710e-01,-5.871552418937327211e-02,-5.639622521637279590e-02,-2.322690043357252543e-01,-1.305386988235308354e-01,4.388329456861753824e-02,-5.374994365172226785e-02,5.427207721595841278e-02,1.355559983140824931e-02,-3.671725917487237423e-01,7.725253448755664207e-03,-1.230813130464140787e-01,1.469960507794302630e-02,5.014792574008932746e-01
1.821177948243510869e-01,7.692389221882706130e-02,-1.666220092699794986e-01,-1.948887006038534930e-01,-1.163691043794053276e-01,-3.314986837438841510e-02,-2.993425002472822061e-01,1.294001170532890488e-01,-2.165983372448958555e-01,1.087014830637618099e-02,5.240223160124098806e-02,-3.201168532942676448e-01,-2.390309778634634730e-01,-7.363875058325121403e-02,1.216148542342913308e-01,2.691562145652459659e-01,5.565923363932889778e-02,-9.143662523577220091e-02,7.607188429862396517e-02,3.574071939543803644e-01,-5.197054655380568544e-01,3.782476687808450366e-01,-3.584853708499183972e-02,-6.485891371107829761e-02,5.313483595900125867e-01,4.679936484923796422e-03,2.207762570799557955e-01,-7.277844940597823047e-03,4.028190758746166833e-01,-2.286822494454515686e-02,-1.814920987922544748e-01,-2.812072292394088985e-02,1.569723007961575448e-02,-3.068201146942420854e-01,-1.461788186205089102e-01,2.850705294747828480e-02,1.322761623552539401e-01,1.318974130477746365e-01,-1.793785617107643976e-02,-2.305534053052414323e-01,2.910748810812763265e-01,-8.633860591337233492e-02,3.683704942990591591e-01,1.767255804715444634e-01,-1.603166585671336741e-01,-1.105531400630381106e-01,4.089621453508305859e-01,-6.740109098223970308e-02,5.761919754132409366e-02,2.433931710854642105e-01,-9.082002456306731419e-02,-2.015383748173292522e-01,-1.157936782711473517e-01,1.060543063326872676e-01,-2.804306912245264627e-01,-3.632933191564208242e-02,-1.010241394108107593e-01,2.008126994161287260e-01,3.062349428676593849e-02,-2.050463575608470757e-01
1.478156858371330595e-01,-4.400104286651530527e-01,-2.167363339812166667e-01,-2.966931244247295908e-03,1.907877339316476628e-01,-1.300181849688500646e-01,1.409690601888749784e-01,2.207086058981166388e-01,-3.009897353533756426e-01,7.574266308540351933e-02,2.267709934759691848e-01,-2.278400988709216313e-01,1.052336415346094289e-01,-4.805216895946869821e-02,-3.985513442930523759e-02,-7.090561895604501064e-02,-1.452440257473128736e-02,3.164838729916706339e-01,1.818857501342223126e-01,-4.724688927612739064e-01,1.395000610646889294e-01,-2.189752370305226015e-01,-3.993239747718574373e-01,4.681594295286652802e-02,1.169959047431316373e-01,-8.828780224749947780e-02,8.688150995207469252e-02,3.377781407494502841e-01,3.645609975909076539e-01,-3.095456230748169224e-01,-1.354002220535623635e-01,2.668392067371930798e-01,-1.766168796738836200e-01,-1.712588969218144519e-01,-9.283526642422891550e-02,-9.615215008651115114e-02,3.347815747533396946e-01,-2.675309920312053391e-01,5.024574513076163554e-03,2.224676078997291084e-01,-3.826049100882602388e-02,1.596895182997543627e-01,-4.172166298566979542e-02,5.866034246038705213e-02,-1.024976364531506590e-01,1.015948108842437969e-01,-3.289006282893232047e-01,-9.739177804018396556e-02,2.839002118378205486e-01,3.895484800019241023e-01,3.588528866015311403e-01,-1.503652559776469944e-01,-1.110561978208594314e-01,-4.748562518755362616e-01,-3.371045805275370566e-01,-7.323712507939432459e-02,3.360397168024515935e-01,-5.110056225661843005e-02,6.919777987436608047e-02,1.538957101475073586e-01
1.558573576553942408e-01,9.123775662082383997e-02,-1.728017286206377512e-01,-7.230912834009819989e-02,-2.348609456095628045e-01,-1.899779925132286662e-01,-1.082942896951704925e-01,-5.615087231349691343e-02,-2.595453135711751069e-01,2.063887662409325807e-01,1.433754230139203667e-01,-2.545308093415349915e-01,-1.651596411345334636e-01,-1.059995838226058737e-02,-1.528170689090176393e-01,-1.318696712923972392e-02,2.644698072959209556e-01,-1.747100642068088929e-03,-1.832151984296336300e-01,-4.280137564033285602e-01,-2.414544972203146178e-02,-6.145180125223818207e-02,-8.315114321422252541e-02,-8.323113267506500323e-02,-4.359815550366289427e-01,-1.273753256141385293e-01,8.900667123397247582e-02,-1.029266103248273750e-01,2.469741512063677591e-01,-2.419721639463140173e-01,-2.593713528193081208e-01,-2.949850115958759789e-01,-2.600136431979261920e-01,-3.310966960198867826e-01,-4.709080915721511329e-02,3.646040290286756136e-01,5.870633160402259632e-02,2.555429432477159257e-01,3.602394277183101901e-01,-3.311075737116340179e-01,-1.450529188612059706e-01,2.446199365552095828e-01,1.325808893459043958e-01,-4.608500786679840533e-01,3.533267682466707804e-02,2.940446257033136820e-02,8.642560697952317988e-03,1.039624747123657073e-01,5.094398271753436402e-02,2.945061873807796049e-01,-6.466961606723800604e-02,-4.958047967787518884e-01,2.733367976827745863e-02,-2.109881868945844841e-01,4.021511547578319190e-01,-5.638650674392259310e-02,-1.676455573769441709e-01,-2.151039187407426390e-01,2.558430646531297259e-01,2.307019539050485513e-01
1.427375130770618394e-01,2.560039159786529628e-01,3.315162846751438241e-01,-6.014157374483786178e-02,3.839060151807759114e-02,-6.825532959325464159e-03,-9.121020178466920925e-02,-2.572381558463412432e-01,-5.554764193327864363e-02,2.401158842400216709e-01,-2.704225072352873238e-01,-4.300936477699647265e-01,1.584586185693477867e-01,1.887723225440574581e-01,3.004758850344903948e-02,6.267400260757763353e-02,2.160006119710898564e-01,-1.455357517516519539e-01,-5.526636516510489983e-02,-1.787772367736927825e-01,-1.068880054500852828e-01,-4.236616782007905369e-01,1.870464373280369408e-01,-1.172723461273557366e-01,1.712689427212023552e-01,4.080364497515100441e-01,-8.445755036367490198e-02,8.112976032502826340e-02,2.340747489727942887e-01,2.350638447322387914e-01,-1.062431757610448474e-01,-2.942010117038241224e-01,-1.570031750502888859e-02,-1.377352079244932026e-01,-2.788155718680258022e-01,-7.222531599927199675e-02,-3.032555663148029379e-01,2.123747059491018496e-01,-9.069044501254394652e-02,1.827091062617380024e-01,-1.277483754231439617e-01,-1.350488744348098472e-02,-3.007010847911054663e-01,-1.087021812709789009e-01,-1.479399496603539532e-02,1.921660854620972358e-01,2.449194211428026569e-01,-1.081712263853692492e-02,1.246594647610974570e-02,3.334643340378192211e-01,-2.902504890239215873e-01,-1.639263141149784331e-01,-2.921632665103091747e-02,6.510132393223377542e-03,9.604171524676052840e-02,1.275485261537555315e-01,1.754521100282317447e-01,9.636865612815317950e-02,-2.295402867024249061e-01,-4.595855237536782267e-01
-3.027828950647247323e-03,-6.968064380830432669e-02,-2.243346481909015977e-01,1.673968982462525346e-01,-7.434709920138604482e-03,7.828999830799331788e-03,-3.138435403028299042e-01,-4.641084018528672250e-01,-9.548209923123177068e-02,-3.211418640726791673e-02,1.184724299935509817e-01,5.196107546412214173e-01,1.875588482141655189e-01,1.270538799070422553e-01,2.978744370707027064e-02,2.860765759623718485e-01,-9.714397926532161720e-02,-1.376936310323856050e-01,9.936918517036763543e-02,-4.281284929368880249e-02,5.790500413531400603e-02,-4.070160996164459699e-01,1.928267582445973294e-01,-5.257336899236784294e-02,-3.599698815269204710e-02,2.684087764637824725e-01,1.456484883473336545e-01,-1.906327966084795933e-01,7.947153527427118502e-02,-1.979852552818955336e-01,9.272007033275772581e-02,7.099147684554603377e-02,3.065668621408413480e-02,4.965467618819454643e-01,-2.746669414822033861e-01,1.777911777036473781e-02,-1.021866033878894992e-01,1.832992840411448027e-02,-2.419940178534009390e-01,3.476854985794608499e-01,2.962577950706772878e-01,2.357661587001455561e-01,7.726816468158315132e-03,-1.128560457163914899e-01,1.901886055079139992e-01,-2.780107969907458232e-01,1.992610831378690828e-01,2.500872565754458376e-01,1.119469170626989918e-01,-1.348509363454902243e-01,3.255572233510390517e-02,-2.437314547686925681e-01,7.911674166136795083e-02,1.456554885759428486e-01,2.186651045061268894e-01,-1.986463336170830873e-01,4.830923063725266198e-02,3.596713723483585534e-02,1.099344279872936231e-01,-8.342450261618425400e-02
-5.971194001455569500e-02,-1.566518518018423789e-01,-6.948403607578992891e-02,-1.821499574520854259e-01,1.803335168895691398e-01,-2.920330144466577460e-01,-3.001214550542237111e-02,8.634800932108555038e-04,6.289085848733830253e-02,-1.504029505205345119e-01,2.380374690622763245e-01,-9.566865115492910465e-02,1.606866307146357503e-02,6.023647326785501466e-02,-2.369894338527896438e-01,-9.777232615167860685e-02,2.967784236552529764e-01,-2.607124525154701500e-01,2.725898196156519293e-01,2.806829611284656911e-01,-2.212297730549475927e-01,1.674587321075245716e-01,-4.779852911135078208e-02,-8.414939074710768574e-02,-3.677486539192209580e-02,-1.708896229170566161e-01,1.870956020004117537e-01,1.590135776378514831e-01,-3.482712073076010741e-03,-1.407120963608597154e-02,1.155412285073545708e-01,8.841074841876390977e-02,7.202018560101608458e-02,-1.992678011353293636e-03,-2.101524347091911910e-02,-9.417989233528861748e-02,1.163126814728008551e-01,-6.392249426727372730e-02,-3.209508249569116289e-01,1.437925369587852997e-01,1.060758918256899663e-01,-4.911831155647683467e-02,2.247237184741113780e-01,-8.338180298855214778e-02,-7.615602952812203230e-02,-3.640248594549901767e-02,1.558655024044170723e-01,1.484366397011643302e-01,-4.190444621775212819e-01,-1.792825629534671728e-01,7.352112903424276591e-02,2.422934421428209195e-02,8.872013433513933900e-02,-3.044998210020975482e-01,-2.499507384540267021e-03,4.247504375583725095e-02,-2.852308353326278856e-01,-3.345415767992701572e-01,-4.917258875946686064e-02,2.021612459090109115e-01
9.482106178555781834e-03,8.317606962448190200e-02,-7.073057404899396605e-02,1.777684844685866739e-01,2.966467374865711659e-01,-5.045414570842982060e-02,5.215869207448896594e-01,3.894986131437395693e-01,-2.741621909807510221e-02,-2.007643378157893399e-01,9.568780365990930958e-02,-8.764639188506088974e-02,-1.628594312943589667e-02,-2.660323701531644991e-01,9.930442917755397114e-02,5.038398057804137353e-02,-9.900122660084309523e-02,3.469563104698754064e-01,9.238748499237350864e-02,-1.523597523410948340e-01,1.999217889386825375e-01,-2.781030074034846478e-01,7.272458971804073025e-02,-2.543678866335173372e-01,5.239040128887954145e-02,-7.841148524234559450e-03,-1.074719268724953769e-01,-2.907362166600543224e-02,-1.012293688911408973e-01,-2.288727640466027002e-01,1.308871564653152630e-01,9.168526432914181346e-02,-8.292236512681497307e-02,-3.404245091014267144e-02,-5.800013501780323238e-02,-3.157943384161477351e-01,2.336442945997238563e-01,2.812950933605915527e-01,-1.294341340231431881e-01,-3.340720541134233057e-02,-1.975365252455898446e-01,-1.046091025841839467e-01,-6.343237149725178270e-04,-4.791014743218105498e-01,2.538490443215931647e-01,-1.089870101131903690e-01,6.799144021782670133e-02,-2.352143918900323205e-01,9.789156761738607160e-02,1.320444584187424331e-01,-2.003796612328933302e-01,-3.875328395643484747e-02,-1.026369798538103451e-01,-1.910610177748903182e-01,-2.006381014094015813e-01,4.436640225558798056e-02,1.327275221832994734e-01,2.402030823385958302e-01,9.788516467767124224e-03,2.783154298076095379e-01
-2.971887694331281082e-01,-4.307483528729826039e-02,3.017795141802220860e-02,2.697037600264737267e-01,-1.164795000866983808e-02,-2.665420028732054525e-01,-5.234741112384427852e-02,2.655620861088403561e-01,1.698329094036163944e-01,-1.675552603794625006e-01,-2.422009494803387120e-01,-1.139223336161969691e-01,2.912587406385259703e-01,3.259522964536189227e-02,-7.758611836127475569e-02,-5.371062712863822197e-02,-3.692799995675700997e-02,-2.499769238789180115e-01,2.308850802382087508e-01,1.696617674653960184e-01,1.650194912643683787e-01,1.419945919793566824e-01,-8.348274551498836848e-02,1.614413879080636438e-01,6.297331704895497984e-02,1.657502186008260464e-02,5.251115149453688957e-02,-7.305207855473436207e-02,9.676311670737281628e-03,-3.980994236273379672e-01,1.621852248738219759e-01,-5.148580023415723350e-02,-1.175485983669916773e-01,-1.187846436674126205e-01,-1.717165395793152083e-01,-2.808673770572641115e-01,1.414595538310140233e-01,-1.149524030626638271e-01,-1.766085075845150176e-01,2.859238647612801221e-01,-9.707943274318489579e-02,4.675732487330065967e-01,1.616034410714350389e-01,-8.609927649629546542e-02,1.159659160928921615e-02,-5.441796577042345810e-03,-1.194728717806050611e-01,3.413456454787872768e-02,6.130292212752548597e-02,1.383162170968272320e-01,-1.695231851409209067e-01,-1.012744292820890041e-01,-1.967054306596978663e-01,1.763467670603666715e-01,-4.925065147833102008e-01,-7.378498628376808921e-02,3.890342468335510340e-01,2.566181378400593793e-01,3.701718513026170387e-01,9.367332606407485773e-03
1.497810073985311463e-01,1.757553054578008811e-01,-2.283143220528077999e-01,-9.714409558977343817e-03,-8.505316064235952933e-02,3.427874670771589166e-02,-2.850353930520061960e-02,-3.276347880842813143e-01,-1.849985399927224772e-01,-5.542951034570563207e-02,-3.607403979743099842e-02,-3.480037241476722221e-01,-7.879979997660448154e-02,2.574906547726302786e-01,-8.151114186205773993e-02,-4.605769962769631215e-02,1.481273620135416247e-01,5.869381074606239146e-02,4.861965223092858113e-02,-4.046737913021934974e-01,2.172795871356504871e-01,1.951597088629000998e-01,1.627419922615874759e-02,-2.164853935380735839e-01,-2.294715727158893048e-01,-2.387769335845447982e-01,1.276530147233823076e-01,9.497107149802744286e-02,5.771213664211596178e-02,7.157145961596879380e-02,2.149703070661123372e-01,4.392793870008078472e-02,-9.605412615480531102e-02,-1.354792220599591590e-01,-2.150611727605794832e-01,1.332080074373458711e-01,-5.663921687774679803e-02,2.184843138568116072e-01,2.000903973433989513e-01,1.242784381023498419e-01,-1.202131511745190562e-01,1.113667830858986463e-01,3.167087916291389527e-01,5.645903658100716316e-02,7.363815910820614360e-03,-1.088737157250577459e-01,4.557962872268996740e-02,5.859336010951343493e-04,1.068560567407681877e-01,-2.038918474206545262e-01,-1.258016130917844477e-01,-8.868911138250486215e-02,-3.357776637460908598e-01,3.699708052568136951e-01,8.077384352369855469e-02,1.559966426981613530e-01,9.930968930141639839e-02,1.158690037161517888e-01,5.451006857455781285e-03,6.095179127303449601e-02
-1.183752384450019804e-02,-2.198454150108223870e-01,-2.289344294465401330e-01,3.638162505360170718e-02,1.652326078310899574e-02,2.242333620515553627e-01,-1.797698351403567707e-01,-1.390572638019011986e-01,2.488842233438190166e-01,-7.382275559188093694e-02,-3.530524668867462967e-01,-9.473792892752071204e-02,8.625907571443039434e-02,-4.488359503414882101e-01,-1.541760493547622846e-01,1.941689307614817908e-02,1.553552525121670302e-01,-4.274046331007744920e-02,-1.167796726736163998e-01,1.634890783095495001e-02,1.127558230676912743e-01,-8.054515050667658549e-02,4.749907692807854853e-01,2.478995399015547843e-02,-2.233395938952655035e-01,-2.157110936203787688e-01,1.088418544113530090e-01,-7.697717266982627426e-02,-2.302480862320074595e-01,-1.595252338226572364e-01,6.502457761585363205e-02,-1.266221299072232409e-01,1.265526118893795793e-01,7.778280746721697447e-01,1.609453283123928879e-01,6.826239139395080813e-02,2.554585862327262702e-01,-2.525398001643885254e-02,-2.854443167806086645e-01,1.845125175711485321e-01,-2.388770062238664005e-01,-4.440669513347163255e-02,-1.099908910491983749e-01,6.617745370065300503e-02,-1.904277161438977517e-01,-1.653566394653489258e-01,-2.788533688335553123e-02,-7.373898122789565579e-02,-5.707625553963722315e-02,1.203814894063866617e-02,3.049059616667858519e-01,1.352083926710095918e-01,-2.401684843185334373e-01,2.339508926870492722e-01,2.808533184753044809e-01,5.792618398455281342e-02,1.013897480830472375e-01,1.770797430142275752e-01,5.764607154580255605e-02,1.796633844454884055e-01
-4.077941788266141176e-01,-1.351122322280617072e-01,-8.560960715616632022e-02,-2.080968373372019120e-01,-1.431960445602613666e-02,-2.175837230028018487e-01,-1.480438532838325716e-01,9.667926537958840272e-02,2.103622350974631086e-02,1.388249664010129947e-01,-2.124333869637451966e-01,-7.386513000620151259e-02,1.373953076536102436e-01,-1.662476752024202864e-01,-1.326675200965536372e-01,-1.043433560454256198e-01,-1.474956089140431748e-01,-1.162032272439731811e-01,1.560109431026209525e-01,6.040107897687061606e-02,-8.356935974470314568e-03,7.066119187194327966e-02,1.161337772409709174e-01,2.227688804967536268e-02,-1.822595382151981271e-03,-1.952027307491655816e-01,1.164599570557225405e-01,7.778092775250303181e-02,3.613506264947694696e-02,-1.189408331124073015e-01,-2.397131540021795182e-01,-1.826848413886397182e-01,-2.137852450573866359e-01,1.551621689501183898e-01,6.444975754454362882e-02,1.321871931029728886e-01,1.180851603672080676e-02,5.523659650093912937e-02,-2.496857183102286701e-02,-1.751853899021664496e-01,-3.032807700644399862e-01,-1.758574067089267723e-01,3.701321351381037239e-01,3.858912785502160991e-01,-3.129628634670188481e-01,-1.084750459246452137e-01,1.198369658942577409e-01,1.684834723865220596e-01,-2.762757480571075286e-01,-1.654937576111462083e-01,7.441847694095848897e-02,-3.133299501395369058e-01,5.428560984734719097e-02,2.116273510946460323e-01,1.576136471469773981e-01,2.539577082215979109e-01,-1.405007098551186995e-01,7.046912836211671532e-04,7.733054088657802250e-02,1.039091429889854173e-01
-1.602715334357641408e-01,-5.326873340692497155e-02,2.032351535321257896e-01,-2.219245579407392310e-01,2.605001512480076831e-01,-1.618105316561758711e-01,-1.130365476121760054e-01,2.627973427299231668e-01,1.184797716587961541e-01,-1.535329587594612410e-01,-2.779714388377490034e-02,-2.647759731755351398e-01,-4.951591017886203261e-01,2.399076745951465167e-02,-2.327938063085028264e-01,-3.987606474914694166e-02,-2.473985126585935002e-01,1.929743009541935450e-01,-1.361251749775615472e-01,-3.030968248844562174e-01,8.435286595740712490e-02,-2.174754909090573507e-01,-1.818281852220022810e-01,3.335437880703916863e-02,-8.229016454461052232e-02,-8.477095562529825268e-02,7.480471567005861355e-02,-9.423258823168674525e-02,-6.682957489433097309e-02,2.192435537114256761e-02,-1.728558852317684247e-01,9.243368627939209381e-02,-1.174905457601082004e-01,-4.543602055441199328e-01,-1.979728887657313530e-01,-1.769448059434682377e-02,1.701867090752349765e-01,2.505756196950484904e-01,5.513067449411210991e-02,-2.879972395632282578e-01,-3.119488136526712974e-01,1.262801716472281566e-01,-1.584087711349888850e-01,8.233802913906386467e-02,-4.408301627523810717e-01,-1.058737411040731463e-01,-2.256096572115049992e-01,-2.824216651089418439e-01,2.254993093752181710e-01,-2.682381464167447188e-02,5.265127639520919001e-01,7.698096689082864486e-02,3.951744860737174125e-01,2.186073339564467977e-01,-1.110448671485785993e-01,-7.468886243034078207e-03,-2.875741529806378760e-01,1.100765777191647921e-01,-3.058765763653201880e-02,1.945688596848186430e-02
2.007392850114436966e-01,9.901763952361026036e-03,-2.002508359626922751e-01,-6.332402118741822794e-02,-4.984950491309825434e-03,-9.799956920929753235e-02,-1.286463602872491840e-01,4.056780901487744284e-02,1.129698630723658670e-01,2.779369202500210356e-01,3.639105217948511162e-01,4.074705130383883267e-01,1.528820841966495592e-01,-7.794061532687414362e-02,-1.067152647129275128e-01,-8.722442997513302210e-02,9.309759853437672705e-02,-2.783804745611604958e-01,-1.421379183637840882e-01,5.801115389239464362e-03,-5.460477928322738927e-01,1.999105941682716991e-01,5.156071766972580850e-03,6.568006336587758898e-02,1.911374380766395764e-01,2.532557173311332233e-01,-1.317727785522526673e-01,3.422678686450251334e-02,9.160504390539199460e-02,2.056020597068001360e-02,-7.649507550695014424e-02,-3.487489832941549628e-02,-8.177045248574274505e-02,7.875499876202333993e-02,9.422383912211983181e-02,2.282589947360218474e-01,-8.735867657644350026e-02,3.352631571054550119e-01,1.380044837049815010e-01,2.538921813067787081e-01,-1.118742469886793850e-01,5.224826643160890294e-02,3.216999047606399764e-01,-1.597410585235969072e-01,1.029482551430129095e-01,4.434274585503452520e-02,1.895058223984160684e-01,-4.610200009425872159e-01,-2.586119196790445107e-01,-2.514954878179344600e-01,1.378922101228469699e-01,5.826060400006462942e-02,-1.617522400190843368e-01,1.272269207423261037e-02,3.382210130687555161e-01,1.550834721145578909e-01,3.423811864009081163e-02,-2.033165620381302552e-01,-2.607001692732965337e-01,3.374643673855131087e-01
2.111457348937455583e-02,-1.855192365491669659e-01,1.335312261415771140e-01,-7.033668421445302132e-02,-3.366525170966907510e-01,7.719140889736850197e-02,-3.888287807354758874e-01,-1.114926996572469520e-01,-2.630059732329440014e-01,1.735030479822790572e-01,-2.985909325119923685e-01,1.152329604939510144e-01,-1.072430253700127067e-01,-1.045204936423125980e-01,-1.273377162481751333e-02,-4.072495403531396496e-01,-1.137717722230858174e-02,-4.391879614778290697e-01,3.043523590685357494e-01,-2.655841039014793514e-01,-1.520986297794675868e-01,2.981879936302270773e-01,-1.099984517446278148e-01,-2.472408773801118842e-01,-3.497138694388876590e-01,6.788648958633190789e-02,7.998936350429265707e-02,-2.997180201930579324e-01,2.863264631745445210e-01,-2.376143041566410388e-02,5.979278777516159465e-02,-2.057978608697065837e-01,-5.457644353682173932e-01,1.435446387864802165e-01,1.057585652035842871e-01,-7.437817030088477929e-03,1.317295406233582045e-01,3.774331690750041407e-02,2.504288539212157216e-01,-7.654854403958197273e-02,-1.323168859123883545e-01,-2.728093818608456345e-01,-1.273207828032157651e-01,1.344561506896246039e-01,-7.561586481077564592e-02,-2.733758965463876645e-01,-7.651771885205567447e-02,1.592504296475126882e-02,-2.398248836823639318e-01,-1.807261890268236915e-01,1.227641414318098312e-01,-1.811052666450214677e-01,9.514075311118930234e-02,-2.034702369491526441e-01,-1.195229564357094959e-01,1.138265681472980517e-01,-2.792558416261768997e-02,3.521305183656386201e-02,1.416866217265417283e-01,3.855052798525875901e-01
-1.021413733948007413e-01,6.400614659259708239e-02,-2.648777757509336861e-01,5.596572779296980077e-02,1.651199677109290928e-02,2.593613838815533867e-01,2.282724069735397043e-01,-2.579095219184269761e-01,8.557942245986202567e-02,-1.103230621116238347e-01,2.689271082511632965e-02,-2.914692331608079168e-01,1.997096035143057502e-01,-8.653792863159304183e-02,5.112415666526174546e-02,3.447016983016529257e-01,-2.678566789294692385e-01,-4.693336521523337052e-02,9.542863680075704125e-02,-1.703362218758060487e-01,9.665006413095997284e-02,9.466338076725988593e-02,-3.146947315114713706e-01,-1.929683589489506745e-01,-2.581504908516550345e-01,1.822102638399790975e-01,-3.288331245952961224e-01,-4.596564797302150895e-02,3.039695971030202393e-01,2.318732174729908058e-01,-8.464859796244728063e-02,1.945306171474317780e-01,1.185513399915974625e-01,1.118581287567662202e-01,3.403194040463650150e-01,-6.241988538485739035e-02,-1.294812933561998169e-01,6.625471749372129071e-02,-2.189576871751778009e-01,3.647432800299670042e-02,3.299778367927891920e-01,-3.777067458109746589e-02,2.651385086909388566e-01,-1.833870494005236940e-01,3.339626806396772118e-01,-1.221075039103480808e-01,3.356991053694819427e-01,1.592047437711531788e-01,3.917734203114342159e-03,8.027364042714006664e-02,-2.110960723408083217e-01,3.687182140708233913e-03,6.729371064656794466e-02,-1.617613016742410204e-01,-3.498984296947860173e-02,-2.357268666354747633e-02,3.921426405476653027e-02,1.334254241883445768e-01,-4.403149408334411374e-02,-3.434461056592377770e-01
7.702314232896542712e-02,1.708251628767444574e-01,8.790159842402764379e-02,-1.151471876807221850e-01,7.006007794077553918e-02,7.264011546457219137e-02,1.432070683075480355e-01,-1.289089239797931996e-01,-8.226811428199698462e-04,1.145634242408603704e-01,9.753680416244402129e-02,1.324505200470957045e-01,-9.798289705537455152e-02,3.311907749865037470e-02,6.149622881482612324e-02,-3.526658326796260901e-01,2.650113519063571621e-01,-1.188293526724202021e-01,4.674021079558198996e-03,-6.932440293529323894e-02,-1.409906901813712254e-02,6.628372690943773113e-03,-2.929358843929733003e-01,-4.243517766268145759e-03,3.449262670093995731e-02,2.406450238326116042e-01,-2.984871029982592017e-01,2.629417226843686756e-02,3.148156797140075902e-01,-3.459160437261464549e-02,1.138610353173350465e-01,3.710885525651278494e-01,2.928938034509017685e-01,3.407252411890994426e-02,-1.068093211070253040e-01,-2.685727202037498929e-01,-2.080568160256918431e-01,9.729947462306536010e-02,-1.312669552544992457e-01,-8.974369396667217225e-02,-2.370080951098526428e-02,5.749381678902411308e-02,5.908943800904429416e-02,1.194619034032862095e-03,2.122260488716924409e-01,4.396620852983232353e-02,3.904190523934068097e-02,-1.241229315569466751e-01,2.079760306643688161e-01,-1.342853188334777181e-01,1.362843015579611738e-01,-2.270502531665984647e-01,2.316975739854098548e-01,2.805388775161919979e-01,1.710403761221704344e-02,-1.276854806643093476e-01,-3.991460881431362073e-02,-2.540127248170576200e-03,1.094864660399900158e-01,-3.856703192175044148e-02
2.950759072060502031e-02,-2.092740347920925836e-01,9.377984345637802466e-04,1.768574583426702762e-01,4.692318547607973039e-02,2.673290483515958910e-02,-2.415255879449428045e-01,-2.533741675374615587e-01,7.839797019701222336e-03,1.523081927006675329e-01,-2.451030420552395284e-01,-3.054475823445871319e-01,7.410283145725116150e-02,-3.907882430887478220e-01,-4.268961082531970430e-02,3.016173199548218831e-01,1.351289696453704670e-01,1.686534392061001530e-01,-4.386770679022611308e-02,-1.167241275640789472e-01,-1.008294988650301899e-01,-3.033669389610083034e-03,1.075021093785542489e-02,-8.159534213693257765e-02,6.022995247725315693e-03,4.241875753244826047e-02,-8.532943405812862259e-02,-2.239695813745670172e-01,-8.231474114321039870e-02,5.719269936156366058e-02,2.602641230991413202e-01,8.875939171287872131e-03,-2.730275529952485569e-01,-9.511329840077653933e-03,-2.407312366197534581e-01,-1.465118808155277397e-01,1.566834486320086706e-01,7.422809719604077372e-02,7.033081037214244935e-02,7.499036980830942056e-02,-6.807082467727595954e-02,-5.676021989183131083e-02,4.202263040506458158e-01,-8.639320380141203570e-02,6.402877278756669011e-02,9.727623997033757464e-02,-1.032874526258452386e-01,-1.898390984156025085e-01,-5.022273512710094812e-01,-3.117744281425285369e-01,-3.038851394180972498e-01,-5.293808989763482131e-02,2.263868670223886242e-02,7.497521283455574337e-02,2.221574344522768973e-01,1.461709177854126906e-01,1.199035709714133952e-01,6.396042209137339785e-02,1.382700653003803293e-01,6.115055499975533687e-02
4.050633578398799006e-03,3.116991887805398154e-02,-1.922903364771699208e-01,6.370517348662488311e-02,-1.849802573821568430e-01,-2.570242156659840842e-03,5.494962223061283790e-02,2.163746107591371926e-01,-6.733298887969652036e-02,1.306785696340199698e-01,1.360720171351563826e-02,1.734177976502217777e-01,8.632894323691461813e-02,1.174444830566675063e-01,-3.645145091325158876e-02,1.647695450155025332e-01,-4.938096046699610997e-01,1.284714653919959981e-01,1.294816737650642813e-01,4.812642516286470828e-02,5.831347993713056205e-02,2.292030952454403858e-01,-3.912476289056371348e-01,4.016568649739485908e-01,1.738642114828548024e-04,-2.328199592840075327e-01,-1.534331336629975451e-01,3.668701050278500020e-03,-1.570690822146688370e-01,3.466346305236033820e-01,2.574841717799759566e-01,-4.038274402008434905e-03,-9.746811085636242645e-04,-1.304084924324961370e-01,-5.992825144898827894e-02,-3.670705075043717569e-01,-1.917920006389661845e-03,2.846339836514676924e-01,-3.228537420148779313e-01,-4.879801512000761510e-01,-2.115656021475125770e-01,-2.414059579678864975e-01,-1.115881677291071100e-01,-3.359460184921093662e-01,-3.479518979235091125e-01,2.100314173950031671e-01,-3.263187984875506320e-01,2.673723720008799182e-02,-1.190724874253763499e-01,3.103252691210719449e-01,1.785288882047414982e-01,-8.730696282531176522e-02,-2.294375164135694367e-01,7.736335299727130355e-02,6.709056335754506883e-02,1.286632751576774480e-01,-3.286330256005567385e-01,-1.352367080248225439e-01,-8.882254519432182527e-02,1.162115945428595365e-01
3.371462984180880751e-01,2.184971947703125694e-01,-4.254794710767030586e-02,5.896832621621542897e-02,2.543268434733603287e-03,9.588911376286997357e-02,4.037167031931928607e-01,-1.006532397472812423e-01,-3.236595758828982872e-01,3.204552586751977516e-01,1.366169507211003609e-01,2.374178779207235801e-01,-3.163322378212988228e-01,5.227768165942998924e-02,-1.594018985391646159e-01,-7.706412865776730847e-02,-1.521943487695784081e-01,-1.569353565063576483e-01,-2.369891436565775555e-01,8.549099087084147119e-02,-6.068576197194446020e-02,2.559823719003000986e-01,-1.653576822973585603e-01,1.619642934773572462e-01,-2.029910874508680241e-01,3.100159043521654723e-01,3.370678056157591085e-01,-1.536112144402247137e-01,-1.984560121699787683e-01,2.178741255115445585e-01,1.926856308743168239e-02,-2.227244809173816245e-02,7.324400937376648879e-02,-4.215516553765102925e-02,3.197644024577083743e-01,2.186536975080239364e-01,7.073223733522031320e-02,-1.205487018957984990e-01,4.258535236741488594e-01,-3.234015261398454077e-01,-1.423700821412371975e-01,5.145878034156623620e-02,-3.106245425979673458e-01,-6.595856434957914072e-03,3.435610875066740233e-01,5.566421512914201258e-02,-4.114737513969175808e-02,-1.682951880675099265e-01,-2.774526350559208820e-01,-1.032531935534155287e-01,1.785921831207711308e-01,-1.343524285954322828e-01,4.559405095663459084e-01,1.403788065382804151e-01,-9.952121312543743548e-02,-1.354339081416846002e-01,-8.650029272167056305e-02,-2.429911642617816336e-01,3.379354224757928904e-01,7.840693338603198226e-02
-4.178395757798938348e-01,-3.632996698923972312e-02,-3.177105996938638932e-01,6.016347508255842809e-03,-3.873151750396598425e-01,8.317377382336023361e-02,3.172774330857430596e-03,-7.814280064591287711e-02,-1.661068539242998576e-01,3.789670223482918821e-02,-1.785828644148384006e-02,-1.001161274971180681e-01,-1.286653069300812760e-02,-4.352324858890685433e-02,4.861279007862053664e-02,6.836422766748223578e-02,2.139731546936611273e-01,1.275542623034968126e-01,-4.367674096092510894e-01,2.476926092660154330e-02,1.288927416804239168e-01,7.660881751993205147e-02,1.444067411504705023e-01,-2.050303514094910934e-02,6.113604496531100004e-03,1.449119841686575261e-01,-3.054762839305216748e-01,-1.502476724338616398e-01,2.439571026612680771e-01,-1.407029671965786544e-01,5.409275586636141941e-02,-1.202501302732986027e-01,-2.799664274801493269e-01,-7.393714852844268659e-02,-1.806211467989850550e-01,-1.981905117874026984e-02,-7.550295639657474134e-02,1.239789615236572794e-02,2.114409980634589792e-01,2.207710133994011947e-01,-1.243865268913700167e-01,-3.420590946732077198e-02,2.374098470562270580e-01,6.842756094092840302e-02,-3.162541218654748437e-02,-6.757320747026908381e-02,-9.204035473692692704e-02,-1.214701608713982806e-01,2.899461944365674393e-01,-1.649915170113547824e-01,-2.160300052694052453e-01,-1.383909492135821373e-01,-1.639270499786675828e-01,-8.938926375589514861e-02,-6.446827424991923017e-02,-2.748668190781621834e-01,2.546568171127920957e-02,-1.004353300666485926e-01,-1.026201410183309182e-01,-3.821753032246908571e-02
1.408246523906345749e-01,2.805992962434282201e-01,-8.130880234781678526e-03,-2.006557390061065038e-01,3.508896629089504060e-01,-6.130831263300609013e-01,-1.678894129463374685e-01,1.481641009382318186e-01,6.512983262942717913e-03,7.231244173460965596e-02,-1.654604428760453882e-01,-4.394831740143533005e-02,2.991224481809196065e-03,-4.699118383865391602e-02,-1.768609823848133755e-01,3.943270362490632897e-01,-5.087838513221322467e-02,-1.846410026038204089e-01,1.321080038435731574e-01,-2.111770520873491042e-01,2.357714296522782915e-01,1.396580679075976883e-01,1.461227572495335525e-01,-3.957717442588273848e-01,-6.620379238996024207e-02,-5.264205217847418850e-02,1.195977386502810880e-01,6.484536506612798012e-02,2.647272821148024396e-02,2.225493901727930157e-01,-3.077212701560032015e-01,-1.007133501364534806e-01,-1.452830146934606381e-01,3.606191723906954083e-01,-1.620722713178773255e-01,-3.153185427844283628e-02,-3.568171719419923615e-01,-1.703809767523909169e-01,-3.259830008895397979e-02,-1.857893907465149042e-01,-1.438972157041781830e-01,3.166167624304582762e-01,1.337917696782478516e-01,2.810343992207786634e-01,5.891146190923433890e-02,-3.244460283120832733e-02,1.459535100488286719e-01,-2.830945537543966273e-01,4.225178212293563829e-01,1.650402665272974745e-01,7.819366527732227179e-02,-1.160405070559637208e-01,-8.858649522095379814e-02,-3.315482359889668912e-02,-9.888599313308321648e-02,-2.808914123878425984e-01,-7.109471250654192387e-02,3.447873216679462338e-01,-1.076344651302952871e-01,9.471957449827185516e-02
-2.824814657982980259e-01,-1.630555560051372421e-01,3.603809010679316360e-01,-4.543721607258895123e-02,4.033913074326672676e-01,2.471068891909991017e-01,-8.666573611126913990e-02,-1.924781795918807104e-01,1.544483762734293053e-01,-3.205303459050184989e-01,2.113427205715654456e-01,-1.092078804489583777e-01,3.652344985472549821e-01,1.418950328128232852e-01,-9.597791410268993739e-02,1.284639272521812536e-01,2.395187547908446957e-01,-1.350315257719087170e-01,-2.944154624315851732e-01,2.480900914452743855e-02,-4.300149128440654556e-01,5.806298857875457839e-03,1.273295359259736803e-01,1.829493926729133246e-01,-8.028637906187535700e-02,4.336832942895611775e-02,5.104172610502207691e-02,-2.333805450039660445e-01,-8.760268597195236540e-02,9.251010158891615626e-03,1.561108735052344487e-01,9.161955661408055507e-02,3.864052474496560557e-02,3.078633689876238977e-01,-1.380293710308267419e-01,1.068435186801568737e-01,4.340094664320373608e-01,-2.001470686714498792e-01,2.250123166563362115e-02,-1.691006534273409301e-02,1.858623383308621035e-01,-1.350718596665673454e-01,-6.014661117752857777e-02,-2.564607123365374997e-01,3.945187403301398943e-01,-3.668069480464166143e-01,-1.090440876971296713e-01,-2.076847384927359152e-01,1.032517698152909114e-01,4.978906282858334975e-02,1.611489807586373446e-01,-1.485125945230456046e-01,-3.934099816563412788e-01,1.990737957840202910e-01,-8.850587507580365276e-02,-9.019060039052170796e-02,-2.936973393616110761e-01,8.336581998297565299e-03,-3.553973375556903069e-01,-2.035156043039524631e-01
-7.947670937857645446e-02,-2.437552415188659616e-01,-2.154096513694843118e-01,2.261501599297419118e-01,-1.216089529017702342e-01,6.147557894469692780e-02,1.479642448647970898e-01,-2.630603903577918290e-01,-1.126817737646916423e-01,-2.017043651631094114e-01,-1.717781623967155891e-01,-1.939579749016246135e-01,-2.076677545565829008e-01,6.286635452431980908e-02,-2.237975206455159183e-01,4.702351972391782264e-01,7.048839688611740865e-03,3.504875298623225111e-01,3.335938328294722477e-01,2.035514196002089771e-01,2.101587079370414446e-01,2.376636535588395882e-01,-6.867414451521372531e-02,2.105282613666143443e-01,-3.203233810826069949e-01,-1.215496330941597813e-01,-1.059028602567293892e-01,-2.332068698076609492e-01,-6.235844412498956629e-02,1.041693789871538656e-01,3.023891764740891941e-01,2.683904834942055229e-01,5.892497136912393241e-02,-1.177903298520681652e-01,1.775580794081990377e-01,9.768459945972392255e-02,1.308699075495750874e-01,4.466462123605585144e-01,3.441032764795668580e-02,3.566842097705524850e-01,-2.301174018251488929e-01,4.116944970360841838e-01,-5.209804260474737436e-02,1.288912155132489745e-01,1.100148625568126912e-02,1.161666798469507267e-01,4.667510654284046656e-01,1.631925909642969741e-01,1.473220896162730775e-01,-1.247521605621828983e-01,1.890990861488990316e-01,2.057398374469335545e-01,1.306412848633637935e-01,2.194580758919948971e-01,2.187214327643093037e-01,2.949273609300929674e-02,-2.064711044825622357e-02,-2.967012616804242109e-01,-2.036586702029428153e-01,2.704290984317286872e-02
7.542546365294680588e-02,-1.610941807140230109e-01,8.209104777979436829e-02,-2.737385363662735438e-01,-2.432987098321280350e-01,-1.835945774385653595e-01,1.915339768953544797e-01,-1.786898833603428605e-02,7.272606184720223355e-02,2.086451206854258444e-01,-5.211182161750858161e-02,8.038726837794482605e-02,1.344265757140836182e-01,-1.548595698908419027e-01,-1.222611968879299960e-01,-2.482193393312995267e-02,-2.730589709461961334e-01,-1.812463292381346486e-02,-3.148341701196933351e-01,2.834974243779663228e-01,6.391094334989746995e-02,-3.750949070742159996e-01,1.257096878178378674e-01,-5.185648479078145551e-02,-3.782068481074751243e-01,-4.924319367316513929e-02,1.075660799885500563e-01,-6.483059874978855386e-02,-8.355145610077999163e-02,2.170112322762665635e-01,4.029956071337715828e-01,2.333835756437190878e-01,1.255693091549726914e-01,-1.756886134498283208e-02,1.567969775717515946e-01,-1.895694943871202853e-01,-1.014244342113656272e-01,2.398265280209286310e-01,-9.579438683060029214e-02,8.977904440821689314e-02,8.535081094811816649e-02,-1.408314782461373704e-01,9.443619453853653589e-02,-1.484882050886898452e-01,3.508843196337836368e-01,1.660507282907250082e-01,-1.148149011137557240e-01,-7.414661303821190597e-02,1.817500418678287197e-02,-3.363738466174074349e-01,4.411601871100510053e-01,1.543179448676307020e-01,7.656808142696877595e-02,-2.171481807179592716e-02,-1.976335450528504400e-01,8.564527154062584469e-02,6.185827587731108912e-02,2.452275753321197516e-01,-2.097222323508710351e-01,-4.494766282205758801e-02
-9.094867606142026731e-03,2.086533022439756024e-01,7.301866916469600122e-02,-1.754472076039078898e-01,7.420011805956276685e-02,-2.982949791435223763e-01,-7.275495240132838493e-02,1.795341256528687202e-01,-7.886572463250451914e-02,2.026868261966198806e-02,-6.757707295511906909e-02,-4.823110951336051500e-02,3.131058459640850833e-02,-1.622141531543814241e-01,-1.110447409575636007e-01,4.590195624551529456e-03,5.129459673520040397e-01,8.019806983169663894e-02,-1.121583165467697069e-01,-4.575781672188010407e-02,4.750440280752499939e-02,-2.003230735762905057e-01,2.961378708661593362e-01,1.211847458504520525e-01,-3.555051006001452296e-01,-1.980008248570306884e-01,2.489239852415419674e-01,-8.540902012692566658e-02,1.377919837884659660e-01,-1.900304127602194249e-01,2.882036607735644074e-01,2.136624463804616680e-01,-6.660831828660951359e-02,1.227247456559392436e-01,1.697530861882671771e-01,-2.929296929856811116e-01,8.353529122102954646e-03,-1.013693936665441553e-01,-2.604194183832669873e-01,-1.750252298265562168e-01,-9.246922271944948979e-02,2.885028470728708272e-01,4.060080148926335092e-02,1.215147784230341532e-01,2.729229994307846296e-01,-1.150348207488019747e-01,-3.423697056269147665e-01,-1.327465673579041883e-01,-3.733974627387720568e-02,5.540144609879995435e-02,-2.793607847404380173e-01,-2.610124329922023506e-02,-9.692665499634096904e-02,-9.227462490856163518e-03,1.234178596589307342e-01,2.339108004474189928e-01,-1.757020583380362599e-01,1.530408885716543765e-01,2.910359558617108822e-01,-1.493013825391807381e-01
4.127089291033129714e-01,1.029037311748166178e-01,-1.001272751699283370e-01,1.946535757819995160e-01,2.325083890011729951e-02,-1.589020211004268102e-01,9.596063678719043977e-02,1.355483829401451512e-01,-2.238888785238388884e-02,2.809405599411990417e-01,2.264786676355403511e-02,-1.519346195289013046e-01,-1.024622543609203518e-01,-1.833905385285248268e-01,-1.822610164819010725e-01,-8.745866782967495756e-02,-2.209725191839036484e-01,1.257406293750023552e-01,1.788416067294003875e-01,1.880122280905938970e-01,-1.420714806035646219e-02,1.530018150184768444e-01,-2.367823270023856064e-01,-2.252808993396140935e-01,-3.202885550211914123e-01,-1.416176222507266880e-01,-1.208743745339426745e-01,-8.145338357528975060e-02,1.245463873527741655e-01,-3.428007974077691977e-01,4.051088894513975580e-01,-2.317444555115284466e-01,3.143816418725845635e-02,-3.855849566047289678e-01,-1.512420560305804962e-01,3.302685844287184258e-02,9.824453561698455462e-03,2.571570380262046540e-01,-9.764391327752149075e-02,1.684411084662599534e-01,1.757715704387818323e-01,4.522867286713372521e-03,-1.673436024744560657e-01,-9.088934555786404301e-02,4.644374786478531331e-02,-3.825477761709464297e-01,6.370520582902604312e-02,6.630831575351521512e-02,3.221042453852465681e-02,1.598928457792159197e-01,2.717159272140461379e-01,-7.130940089305616569e-02,-4.999415567330699195e-02,3.741927217660655502e-01,1.236486089803930932e-01,1.268257905081111026e-01,3.332292681319041772e-01,-4.066484378594468763e-01,-1.643078640443464133e-01,-3.039283128349942187e-01
4.273706580484908923e-01,-1.600273851302857209e-01,1.229294501782198373e-01,3.571889548158092564e-01,2.075881674371365393e-01,-5.664233285847308785e-01,6.414684151130323198e-02,-2.555093184613400625e-01,-2.654394274704602319e-01,-1.069315492163987608e-01,-1.187084662631650300e-01,-2.059459002842661535e-01,2.740042868305279100e-01,-1.653603874744231095e-01,2.398172075964303540e-01,-3.663445552867149180e-02,6.487381984842929827e-02,3.730201138578095321e-01,-3.725830752633949583e-01,-1.041665357553955562e-01,-2.323434150079048410e-02,5.210484754723715417e-02,2.378087595555762324e-01,1.150674991121258123e-01,-4.289006425353657226e-02,-8.884887077162657854e-02,1.937295393959945211e-01,1.074660999516220128e-01,-2.207591147320084324e-01,-3.583209668647911461e-01,-1.643110681829237918e-01,3.968182472539573402e-02,-8.217547584292242413e-02,-2.766625372616073747e-02,-2.567953808891505485e-01,7.315407137515055058e-02,1.116260555074854582e-01,1.679831035560504920e-02,-2.240821594147122120e-01,7.104264691426109835e-02,4.338807455276014885e-02,-1.444111406008853904e-01,-6.656121412703717988e-02,-3.500933535415603481e-01,-9.391578181581801410e-02,-1.185495693460521804e-01,9.691817272972384767e-02,2.057843469628917177e-01,-1.691020758724452178e-01,-1.034784717543277416e-01,-2.950152133283144296e-01,-1.492679616594913029e-02,1.231568997513615982e-01,6.690590605443910710e-02,-5.540935005772264915e-02,-1.312171663663027066e-01,-8.735090480650500866e-02,2.189793672767027244e-01,-9.131813466872206603e-03,8.573442619874525883e-02
2.326000522008408455e-01,1.624606654321616994e-01,1.297769170386846582e-01,1.609727410939503778e-01,4.634258299107729510e-03,-8.022500513479902118e-02,2.517112175822805442e-01,-1.474162178694845282e-01,4.470819508513838858e-02,-1.222807333944873759e-01,-2.152442101320736767e-01,-3.202452880585760497e-01,-6.676063029455653504e-03,5.384094465515894268e-02,2.051114375506329357e-01,1.169360477797889430e-01,9.279160434394781443e-02,-1.416830791843565751e-01,-3.148905266715533724e-01,1.163687326015959284e-01,-1.842936110943723949e-01,-3.902589690891762886e-01,-5.325200833335719253e-02,1.042104601847472223e-01,5.249528187274563745e-02,-3.455751295710789844e-02,1.160083095733924069e-01,3.028452413858707670e-01,8.081371625498889877e-02,1.808591407200732248e-01,-4.081437504486416512e-01,2.440102140463832614e-01,1.373891182083463725e-01,-1.920184943064299488e-01,-1.971098401175636061e-02,-1.635923100246469142e-01,-2.489569058541930835e-01,-4.473721486078458681e-02,-1.392974708410416040e-01,-1.267487533650144549e-01,2.641069035079082750e-01,1.178156227946300511e-01,7.547025776734041236e-02,7.150180372913857163e-02,-2.230555658627179222e-02,-2.216367794002119945e-02,-1.696491011795401571e-01,-1.449948817362593512e-01,2.155848936922148684e-02,7.327224205641599819e-02,-2.071154726763411655e-02,1.024136612147545922e-01,6.614536595147511855e-02,-2.156431432571361273e-01,-2.628305268230942682e-01,-3.732588559404526746e-02,4.457675383377185385e-02,-1.966171550981959115e-01,2.212666908432360802e-01,7.718063865184492112e-02
2.669993873064496759e-01,-1.711464441794074282e-02,2.844908549368008743e-01,-4.719964636743338021e-02,4.541208622224197633e-01,-3.559946988708758558e-02,-2.684718921728100893e-01,-1.005961318332015131e-01,-1.676988768368732619e-01,-5.330548147716311913e-01,-1.794336617966906244e-01,1.285413238615419895e-01,-1.692513114742879299e-01,2.541703585018443290e-01,-6.151595594999971495e-02,-1.346283912111890246e-01,-2.939705292559738892e-01,-3.930573422067037276e-02,2.723330427198462633e-01,2.078062945877973688e-01,-9.336405049489655827e-02,-8.899339709193856973e-02,-1.596758119607953608e-01,3.084419897660550802e-01,-1.985463851358339471e-01,-1.536329504731680784e-01,2.415372502675323108e-01,-2.975174007362638706e-01,3.951646401477894033e-01,-2.166190553519485584e-01,-8.691951786077564690e-02,-1.110026067156763274e-01,2.095196952708076044e-01,3.515189717372327882e-01,2.481517257628094719e-01,3.324741431716023987e-01,-2.132312228255428543e-01,3.355368264035820114e-01,1.219842094548584666e-01,1.529340758938276847e-02,2.383020188989097288e-01,-1.263878721416930064e-02,5.467518915328861522e-03,-1.466685203142331084e-01,2.314956303836270268e-01,-1.964435790842641860e-01,-2.685564952048080656e-01,9.319445156932082766e-03,-3.777670911608240617e-02,-1.022842343110624552e-01,-2.538905465336288581e-02,-1.635028948670072257e-01,1.340146221563054962e-01,1.955538292183801041e-01,2.097419840479306519e-01,1.386715491483323515e-01,3.955363493946596753e-02,-1.429941513808260789e-01,-5.795777393260286015e-02,4.392406580931272619e-02
-2.055456562998932424e-01,7.389043500092822014e-02,-1.363013231251618829e-01,1.674034673088518332e-01,6.088547541410468250e-02,1.207136590050549019e-01,-2.060030727079130153e-01,1.605597531648834397e-01,-1.190277592694612557e-01,-8.864496881761212144e-02,5.292250363426198936e-03,-3.689866143818069932e-02,1.310976964920467502e-01,-1.170503955368807913e-01,3.177415709032221369e-01,2.405129914248378409e-01,-1.115957930656765323e-01,-3.078437148246212368e-02,-1.373344547876345079e-01,2.108692433937504537e-02,4.515463544197256818e-02,-3.112164294143607290e-01,-1.024532075411570958e-01,1.462889464696913167e-01,-9.884669317207776806e-02,1.537618737250562306e-02,-3.436427139222859861e-02,-1.889050278727169019e-01,-7.556526706703385610e-02,-1.757289685634897125e-01,1.479456423438990365e-01,-3.224331424328377715e-02,-1.526354698071923921e-01,-2.555056738364723801e-01,1.687799017805448887e-01,-7.644078574126669801e-02,9.972698705205956804e-02,-1.595420291383403966e-01,9.146964004339203091e-02,-2.065452998535715623e-01,6.058880641330349759e-02,3.484224599394709077e-01,2.494823870450129100e-01,5.751637988942923801e-02,6.841060605470408729e-02,2.520305507036842418e-01,-1.582658212796226871e-01,3.499890811263315360e-01,3.180048203498326287e-01,9.440302058659255646e-02,-4.686119352421584672e-02,-7.527541753889210874e-02,5.506783176430403437e-02,-3.425155984490133032e-01,9.134464919135740213e-02,-1.014502341272923436e-01,1.122550950305474249e-01,-1.238318069997174503e-01,-5.967518428297861888e-02,2.686115779261147307e-01
9.491507654606207156e-02,2.821741699384442414e-01,-9.725304771779054447e-02,-2.914630899739160119e-01,-2.956918497007675062e-01,-1.303219814681490230e-01,-2.344722820523520990e-01,1.554119047338606285e-01,4.558339462564491712e-02,-6.074671851286068958e-02,-5.895603146596504335e-02,-1.326725814734305842e-01,1.036740070403992381e-01,-6.402635395969939747e-02,1.006137319479821074e-01,3.610992544266223292e-01,-3.581540022399765100e-01,-1.799827025788940382e-01,-5.383458484238133612e-02,2.319872166598901386e-01,-3.289563149162198497e-01,3.486985644663494199e-02,1.978529302766660058e-01,3.843408970002550051e-02,-1.188325471451423532e-01,-1.295301540586978606e-01,1.251217829089018574e-02,3.191200493438904884e-01,8.242333715268881922e-02,1.357414358345050698e-01,1.332396589110383389e-01,-2.591135444022948375e-01,-2.035601160969322670e-02,1.856316678485857852e-01,6.901011265463560806e-02,-3.218758684416400118e-01,1.254717517600276722e-01,-1.442133365141370915e-01,-2.315117925310494762e-01,-5.981687788595886623e-02,-5.112616789391451894e-02,-3.127563984303233235e-02,-1.220756427671516320e-01,-2.247922191523987756e-02,-2.685086378646033348e-02,7.212115711916297633e-02,-4.346941406579078043e-02,-1.101334029016594676e-02,-4.562837338363588680e-02,-2.487527328864736487e-01,-4.258471264599167014e-03,-3.574293452562453399e-02,2.278944474650068663e-02,-1.745639998609414545e-01,5.483468208052307002e-02,6.051491464562774869e-02,3.741054341920619364e-01,-1.071918205296732429e-01,-2.374448246123777098e-02,3.199118616380371150e-02
-1.831431920436352168e-01,-2.142263549363506436e-01,-2.734684311043519278e-01,-2.450065456605334258e-01,1.670437514763635223e-01,3.027978890622678998e-01,-1.486629364940234843e-01,-1.211619773525651478e-01,1.216295441084915829e-01,1.974138847075599390e-01,5.836968053511358556e-02,-4.995362240851782681e-02,4.768588263844943109e-02,-5.064316930925187588e-02,-8.865342572866427573e-02,-1.770676499147664507e-01,-2.717561608687380989e-02,7.418145129227102230e-02,-1.171376272046239786e-01,1.306341570820558629e-01,8.297670535389659041e-02,1.330449013180259876e-01,-2.788960545939816460e-01,-2.461879484833518761e-01,-2.592660551017175186e-01,9.084593164747670202e-02,2.325929915053752753e-02,-5.055382485307702289e-02,4.995248543158085919e-02,-8.078882557240463225e-02,3.069838843407264317e-01,1.133126194286262489e-01,-9.482754718823543927e-02,5.863751475797106261e-02,1.863861358036306703e-01,-2.194303371684849790e-01,8.382879251194511050e-02,2.040934581481787247e-01,3.025003650348827566e-01,-7.994866240714890160e-02,4.840059506755952506e-02,-5.019962912574582603e-01,-8.220559733096617638e-02,1.439351491831186193e-02,-1.432035614871981777e-01,1.620873061360579848e-01,1.528307833915149572e-01,-4.039565876243960546e-02,1.690505362143591428e-01,-2.305335431234623034e-01,-1.962392814287561571e-01,-2.808948807711976192e-01,1.395965915272035507e-01,1.063480574982359206e-01,4.541502957651047216e-03,3.964766939573398097e-01,-1.304702215275810873e-01,-1.754773794893068062e-01,-2.398518680605506437e-01,1.079183799296068863e-01
1.272075573250410208e-01,9.093272180869052534e-02,-1.459189457972052684e-01,-7.845278811461164556e-03,8.190941249307918948e-02,1.866117672187794178e-03,4.581028248908576572e-02,-2.567465618272700770e-02,1.179451039631592701e-01,4.203233377593613151e-01,-1.020027885492479636e-01,2.064231041759727603e-01,-2.784613514419239655e-01,-7.376281741912268930e-02,-2.257179223877786300e-01,9.764119433633161593e-02,-1.378254529683246576e-01,3.039605252021845283e-01,2.402373573072507096e-01,-3.714731870140363518e-02,-1.107969113989061977e-01,-1.847623733728148976e-01,1.651138101925690160e-01,3.999460126878548460e-02,-4.868925780114949364e-01,8.532302066218745706e-02,-7.377028479335612232e-02,4.409330557454011479e-01,9.068677627298052379e-02,9.748677373614608732e-02,-2.456420098297684151e-01,5.401278011287361652e-02,9.509390148143517796e-02,3.996531677773638297e-02,-3.624466201316366432e-01,1.421698635132566668e-01,8.586922396025542525e-02,-1.673754286465981844e-01,1.379643361760466702e-01,-1.964955933141387112e-01,-1.513609239023165909e-01,7.489628449919004394e-02,-1.427688203582981319e-01,-3.241410241988901819e-01,-3.517615930643720468e-01,5.222151282000085937e-01,1.172954153768705349e-01,-3.282863466357710536e-01,6.649673796810706868e-03,3.225673377704899591e-01,-8.211130810238231881e-02,2.200934678172053738e-01,1.016898795428758905e-02,1.273019542697412243e-02,1.145774573953414477e-01,-2.631589071582166039e-01,1.858146919651930129e-01,-1.177653645314147568e-01,-5.558346915190237603e-02,6.019300879178206276e-02
-9.952924686482868266e-02,2.394814818509664323e-01,-1.793010480557006292e-01,5.533787316410809787e-01,-7.857894648650759484e-02,1.597524909926632541e-01,-2.678807836371662615e-02,3.186624541214944789e-02,-8.218294743822573967e-03,-2.600139066616534156e-01,2.299164363404093137e-01,1.029370075773748949e-01,1.471754510329723042e-01,1.090383925535530485e-01,1.597052983735553766e-01,-3.609050031599694147e-02,3.723249289931733763e-01,-7.263242804364833036e-03,-8.002271600307750421e-02,-1.368104810120067683e-01,1.578030924309832203e-02,3.779432597451056197e-01,-1.675224453054997009e-01,1.460836284661561346e-01,4.384974928656991122e-01,-6.772262539706294660e-02,1.281369290882513126e-02,9.804753072699420868e-02,5.446140884537322563e-02,-2.841249414896512837e-01,2.905625869231077685e-01,-2.786396798818314702e-01,3.613786741907779043e-02,3.479584347138133804e-01,4.825594743685054366e-01,-2.107661071803169917e-01,-8.624860681054251355e-02,-1.104707622876282685e-01,2.862957478737476191e-01,4.951673906756901694e-02,-1.582915164358295601e-01,1.647890922122257074e-01,2.379607463581202009e-01,-5.469612634009936025e-01,-8.936132479637104442e-02,-4.412041315930407270e-01,6.252705819393841735e-02,1.053652758845936288e-01,-4.058643111945407500e-01,-3.393359170728689755e-01,2.224503055219949899e-01,1.561967198635995022e-02,-8.476934912640790576e-02,7.694459640221658348e-02,1.342247082423463078e-01,-2.940853937018582664e-01,-2.056327718211902605e-02,1.047520515261263219e-02,-2.804593087856610545e-02,2.394158500832479497e-01
-2.157798969880752316e-01,9.180685321267213761e-02,1.855549410595320747e-01,-2.998505127643170676e-01,-1.424278021277823325e-01,1.785886954854278286e-01,1.809794919029050209e-01,1.472283752477476781e-02,2.582097754810327994e-01,5.236615621164604495e-02,-1.388097297842075251e-01,1.177115330144670874e-01,1.355149727004080207e-01,3.914218575390718824e-01,-2.441564649337474580e-01,3.005198890391382743e-02,-3.355856801313727988e-03,4.489987955502128258e-02,3.258606450981327285e-02,-9.401983392164398046e-02,2.119014879409645835e-01,1.399287913121817495e-01,1.610454410836356931e-01,-1.102531394594882946e-01,-2.376374751872472046e-01,1.256849467959605948e-01,-4.225090378057075879e-01,3.162504918941877463e-01,-3.984884855304563628e-02,3.239803671531591434e-01,-2.234181302484873066e-01,-1.436976128850679102e-01,-2.960471420843811541e-01,2.260607721739078466e-02,-7.993254028677841683e-02,5.439856676692745099e-03,4.442213381975514130e-02,2.432339310383110909e-01,3.055506790971533326e-01,-9.022462881609370766e-02,-4.200445946752001669e-01,-7.363800843766425686e-02,1.354356604514156959e-01,2.261598550822491727e-01,1.157922579750079867e-01,1.039584168524134745e-02,2.250521801041690806e-01,-2.172598829276576604e-01,-2.623307117118127141e-01,1.029371406158687413e-01,-2.814483740075241491e-01,1.436830310518289432e-02,8.100619082044502317e-02,3.433538100370817081e-01,4.107631746099464631e-02,4.260106762162437777e-01,6.438740135540063636e-02,-1.041534560956181854e-01,-1.232936875917634012e-01,3.041921563768260062e-02
-1.842532680906608655e-01,-1.596137331170972007e-01,-2.558761632351067711e-02,3.141702832170776283e-01,1.186497635022854408e-01,-1.902065147240101228e-01,2.565707336991479570e-01,7.550629511746789757e-02,1.445108193637703042e-01,1.576990726239632656e-01,-1.321448359649355919e-01,-3.452768298826223992e-02,6.035903883792004439e-03,-2.368787174882501512e-01,-2.346239833135440045e-01,1.154022975655345784e-01,-2.169198456994730628e-01,1.849742983623088588e-01,-4.103733784521224059e-04,-3.635152112460328655e-01,-3.514569802625046036e-01,-1.219176668198056757e-01,3.688899505551649360e-01,-2.325491037377992731e-01,1.733618369078217814e-01,-1.480598772529463925e-01,-9.282360388159553721e-02,-1.952675730368974016e-01,-2.432745222346227587e-02,-2.368888874637442750e-03,3.871787245162262858e-02,-3.039487588531479267e-01,7.035520052881724662e-02,3.914519390815951634e-03,-2.031881439679671664e-01,-1.210183111327639283e-01,1.237336933843673908e-01,-6.647830912773200485e-02,6.014988896099304760e-02,1.050113664697445263e-02,6.582805271268897529e-02,5.643788654665791299e-02,-1.879555554882715029e-01,3.860482406779433551e-01,6.627643364642339663e-02,3.215655725893123290e-02,2.680490152528241521e-01,7.131449154015971625e-02,1.239746532560256076e-01,-1.609474617837385879e-01,-1.196781187920945844e-01,4.950805440984377692e-01,9.997007949063529963e-02,-1.183202415116803019e-01,-1.105638514602383243e-01,-4.829364671793885677e-02,3.749060512124103850e-01,4.350519296717080264e-01,1.146301909163756488e-01,-4.434779234330932067e-03
7.126067603571742404e-02,8.517611909841689422e-02,-1.473238116070314796e-01,2.461171895747990557e-01,7.082453568371178954e-02,2.140062656702403920e-01,-5.305994068280198844e-02,-4.139233798717577573e-01,-2.444351293000436576e-01,-1.580698793945267775e-03,-1.132552433299691651e-02,-3.757352856371239946e-01,-7.037409341863115619e-01,1.780261525204643314e-02,1.586145423975180990e-01,-7.130144574157842863e-02,-4.731263281633054651e-01,-2.775678321095186862e-01,1.046187904694469289e-01,5.459146221070750732e-02,1.082766744247175630e-02,7.744390976441764551e-02,-1.819508305429379524e-01,-3.443052148343217489e-01,-1.228607047724076945e-01,-1.121676068511428676e-01,-7.199827506384870457e-03,3.793380909236772625e-01,1.749319644030272181e-01,-1.169434371598523092e-01,-2.743270922556668157e-01,5.255765083136572369e-02,-9.990859675933352890e-02,-1.141331494451885559e-01,5.800107462361773353e-02,-3.899085584458082954e-01,-2.279453999904198225e-01,1.984663409737831216e-02,3.437734182460621124e-01,-5.490693098348450318e-01,-1.492636583061544564e-01,-4.003456779382415232e-02,-3.121248942680155958e-01,5.770725541171175393e-02,-2.953435466871580095e-01,-2.798651687592376008e-02,1.686386093800039121e-01,1.976949939232962306e-01,2.340372739520820422e-01,8.935780968555592785e-02,3.659792497984083459e-01,-1.740562884100852747e-01,5.380824215222899942e-02,-9.789524660063093908e-02,-7.555066357049695924e-02,1.494449066506271517e-01,-5.454637919637493615e-02,2.682581738969159330e-02,-1.284385060211384877e-01,-3.592092322554724104e-02
-2.325819623377214929e-01,-1.829982058942055401e-01,-3.487350681232141703e-02,-2.482030228492079493e-01,1.151573281320888986e-01,2.723916600110486419e-01,-8.902117648882067191e-02,2.112628945499682998e-01,-1.956652405272465978e-01,-5.390546659675878038e-02,-2.403072165889304779e-01,-1.413364475475528681e-01,4.148476702994794429e-01,-3.001568457063306106e-01,-3.330732363898529780e-01,2.157734608434106749e-01,1.006000495963851327e-01,-3.179697620777023892e-01,1.454476700444345127e-01,-2.946151663356455508e-01,1.471583493176963076e-01,-4.304878594735249142e-01,-1.547721018763775248e-02,-1.815979377465956612e-01,1.213319083347904198e-01,1.148745487792970782e-01,9.713667452599202001e-02,1.519070508508066075e-01,1.631550068716155488e-01,8.725453028438609482e-02,-1.877025877674838306e-01,1.175492159898998759e-02,-1.478517448798746248e-01,-3.360459538564722348e-02,-9.474111672998572486e-02,1.094453625769356009e-01,2.910855204586267758e-02,4.826025727834067774e-02,4.016737730872771417e-02,-1.425478513854903928e-01,-1.946622172919940663e-01,1.297857214349416866e-01,6.811719391593286377e-02,-1.255771200915988817e-01,1.665888473956291249e-01,1.492178222900351625e-01,-4.440232933735536736e-01,6.179142274110473870e-02,-2.878132097177812376e-01,-7.929648453007095976e-02,-1.851288259173466122e-01,2.942527185763100725e-02,1.927368935408568795e-01,-9.664596372734761409e-02,2.254853780260470120e-01,3.627112806188489413e-01,-2.333701933294242692e-01,2.496232034955999934e-01,-1.404946946840087418e-01,-1.164955207250803204e-01
-3.477975486232955105e-02,1.692763373423910589e-01,-1.670814035581383306e-01,2.008909659715589768e-01,-3.633777201040510052e-01,1.528004223237781033e-02,9.170473412208621222e-02,1.488275700113874112e-01,1.831026703803682321e-01,-7.363319740841949013e-02,-9.768678207663814006e-02,-3.644577125086827241e-02,1.760960893872561273e-01,-1.273626835058801476e-01,-1.201647129035035844e-01,9.951623315661613234e-02,3.116651918353448569e-01,7.336507254433752290e-02,1.432345086081781571e-01,4.921180790990220544e-01,1.356295934435112205e-01,-4.286730298593819377e-01,-1.484711981562805427e-01,1.661222712640235410e-01,-4.142983646154494576e-02,5.017696778836568117e-02,2.066064863864521262e-01,-9.352389910693753583e-02,-8.017351479227396299e-03,-4.903419469269260089e-01,7.709088924837047274e-02,4.123722123335122475e-02,6.625489957086075354e-02,7.152009077022380978e-02,2.249117890341389425e-01,-1.920428526205738839e-01,-1.376622241645101830e-01,9.910101456492895200e-02,2.543616772859157993e-01,-7.447260713705174118e-02,-2.457901854957806331e-01,2.500968747346213883e-01,-4.370696526437838902e-01,-2.498766928003758880e-01,1.266186438077166188e-01,4.871247767426235553e-01,-6.195705329076393181e-02,5.425402239401387605e-02,-1.055744554485488207e-01,9.390743354964981027e-03,6.033074524200781989e-03,-1.545004457585568147e-01,1.460872166534073480e-01,-1.512979985644831160e-01,8.310418720380216562e-02,-1.799912419295291235e-02,-3.753031201435971242e-01,1.121495731027958576e-01,4.551464994158066490e-02,-3.341522318733617936e-01
4.626284079949540273e-01,7.181926740011468357e-02,1.127319518607146076e-01,2.620401062591552060e-02,-2.079729095839431829e-01,-1.434587724156339006e-01,-1.172428682613890077e-01,-5.676858124310476400e-02,1.073745619536313339e-01,7.413027461232077342e-02,3.645239137827082643e-01,5.832052176663480442e-02,-1.310769615351095874e-01,2.652718593021510113e-02,1.918366408856212180e-01,1.297335210843961473e-01,-6.214024793458872153e-02,-2.918565003508219458e-01,2.861916051990128773e-01,-3.220664345867968459e-01,6.123670018676648230e-02,-1.039354364651443874e-01,2.329887149727805085e-02,2.018775528996435281e-02,-3.570774144333294653e-01,-2.583923875134709267e-02,-2.187007763453990925e-03,-4.099701703961898813e-01,2.506346651713330376e-01,1.187060056384375839e-02,1.089327114923906714e-01,9.685656738460222959e-02,-8.787463610075210707e-02,9.177180990284081186e-02,-6.903656841735093808e-02,1.773481022463400669e-01,-7.536758816063132693e-02,1.833353048091102555e-01,3.010188956216990411e-02,-2.927031334477816493e-01,4.264725883725155320e-02,-4.063273886005293045e-01,1.805223037929832852e-01,1.160353878351398083e-01,-2.232725783231278016e-01,2.596011780099126143e-01,-8.612162268902828766e-02,8.298679345578549582e-02,2.100508913416752610e-01,-7.110903377583829843e-02,-1.716353940506329390e-01,-1.473414048670481681e-02,4.111110954073372847e-02,1.689756849217953771e-01,-1.289606778154603062e-01,-6.089561160283487457e-02,2.188505717507155945e-01,-1.255147525386903218e-01,-8.482848903059059253e-03,-4.683472621000939751e-01
-1.324504690385170658e-01,-1.471666547378653322e-01,-8.402414894707388449e-02,1.984753271138909453e-02,2.711509400314526808e-01,1.283912674067899107e-01,-2.419829211752549669e-01,-2.504492968745616888e-01,-4.694367952431391933e-01,2.100867487401206907e-02,9.970361983048074694e-02,2.875749954993866431e-01,-1.097728250754827772e-01,6.804911617764508591e-02,-2.782519216333131928e-01,2.825670650276103091e-01,-8.897017767377086994e-02,2.743217141329780673e-01,-3.600636925431442981e-01,-4.796597977876718155e-02,2.774493132223974090e-01,-6.244207414927795824e-02,1.778664770380453120e-01,-1.098135817424300276e-01,-3.032740314329253062e-01,2.564975579881868528e-01,-1.162814873728443797e-02,-1.522125115339263979e-01,6.888392191857259372e-02,-1.653304362148922402e-01,-1.145387671690352577e-01,-2.009105655267226509e-01,1.390595373480323360e-01,-2.558030175791235483e-01,8.778067831005867405e-02,3.112846819867826631e-01,1.215851395186831052e-01,2.940552755795478035e-01,-1.964829991679427346e-01,-9.274587469203536549e-02,-7.434843992253706291e-02,-3.070245031119751000e-01,2.225239040197342921e-01,6.013617766351351396e-02,-1.896630146233751479e-01,2.027304862879414638e-01,-8.206393517086818523e-02,-3.792459002614004815e-01,-3.896507687539539910e-01,-6.152194901859613096e-02,-1.416128425741806640e-01,-3.904534556694093383e-02,3.644552251005494375e-02,-1.128888792904907817e-01,6.086739321248879619e-02,7.149012689203697313e-02,2.401296268007773738e-01,1.876150030795646351e-01,2.002777662216567445e-01,1.808913673708404946e-01
-5.870382323091509480e-02,-1.158592002797609738e-01,4.396069913146194788e-03,-1.984303964155109679e-02,1.846326524959309920e-02,-9.477891397439477950e-02,1.023335569347763735e-01,9.907924204078991104e-02,7.033872421388123741e-02,8.346457710090859905e-02,7.102371547992256118e-02,3.261672991424328094e-01,-2.582120799256438781e-01,1.754868410026239056e-01,2.594640090782899255e-01,-1.209987398756657562e-01,-2.639838423543167112e-01,2.052488290266384630e-01,-9.809211433865762386e-02,4.415428229419628842e-02,6.420508752412520947e-02,5.104012172910159240e-02,1.324783470647393213e-01,-1.139035308754947212e-01,3.939354523581954648e-02,-1.886155305849108663e-02,1.211385600963975351e-01,4.340873924732582267e-01,-9.821183289390197912e-02,6.582603387900277936e-02,1.344559037915075694e-01,-3.117285561639730057e-02,2.712461467104999024e-01,1.023482943478357665e-01,-3.244555511464000674e-02,-2.428080206959279397e-01,-2.062791506856445634e-01,-1.791355288267906798e-01,6.014574604349742955e-03,-1.504224862486020983e-02,-1.265041366378366061e-01,6.700015252551208556e-02,5.772705735524441550e-02,1.497159532794764270e-01,1.366401091976672255e-01,-1.997784901924400391e-01,-2.101526805196684070e-02,-2.374220598012616312e-02,-4.788753640275886236e-02,9.713012665247608424e-02,6.045717818133681393e-02,2.859915392998517783e-02,9.759695551408407999e-02,5.555170860414794520e-02,-4.473074169186534721e-02,6.333971499558080365e-02,-8.312535424420616770e-02,2.028654718732286200e-01,2.244356763346110062e-01,2.607100101957643412e-01
3.318693703110388027e-01,-2.195592779873158096e-01,8.672187915056510377e-02,3.022932345228876438e-01,2.960927667050644585e-01,2.791776354542207378e-02,1.551146516504894601e-01,8.473716115695073547e-02,2.113611062674116137e-01,-8.966357419178014321e-02,9.948593333252257753e-02,2.721259096659937038e-01,1.440638208088497463e-01,2.029427451068749333e-02,-6.818093412549638965e-02,4.568357779528629814e-02,-8.538030896213845422e-02,-8.349368234981582870e-02,2.625041979453597296e-01,-1.160645823796374321e-01,-4.570716036967065188e-02,-1.912873354799600467e-01,1.552254866767769637e-01,-1.163903975430882615e-01,3.992686338534489066e-01,2.280868285582810517e-01,1.268934016954165744e-01,1.803249410757959692e-01,4.735116493555695250e-02,8.758681161989066710e-02,5.992529558605465961e-02,-3.847663238368144167e-01,-1.348291719107437836e-01,-1.986072585986198846e-01,1.880311780740175076e-01,3.442751070690956705e-02,3.202280083240141018e-01,1.157671519095804236e-01,3.612979241073929204e-01,1.460167331368859844e-01,-3.422158478518734226e-01,3.372348054461436762e-02,3.024252600694211646e-01,4.950973626346455991e-01,1.666524868469204113e-01,-1.956872005739376530e-01,7.535241206009550552e-02,2.436021374937248907e-01,-1.498079573860464087e-01,5.810140948551408002e-02,2.725196137338244812e-02,3.287872704526241252e-01,-7.996719384165336397e-02,-3.253093136636860949e-01,6.748079370767683105e-02,1.598591561895853774e-01,2.077173102264901969e-02,2.878377332946605582e-01,3.485066753101747072e-01,4.996103136760748908e-02
2.243922756610758351e-01,9.480141114746094833e-02,-1.066911064401780268e-01,3.244551858584533433e-01,1.648987305395914760e-01,-6.727367664893221799e-02,1.841500766393062150e-01,2.293842985249347211e-01,3.901886805537548020e-02,-1.110623962573665524e-01,5.816938852362690815e-02,-2.503838210692660438e-01,-1.592807961841836983e-01,-1.962837130412638798e-01,-1.648563197123670832e-01,-8.482710221209892321e-02,2.016382334666555476e-01,3.810064288824985268e-01,4.925627788658500095e-02,-2.784150427289144858e-01,4.820981676983492337e-01,-1.527770450517827172e-01,-3.135128792757948396e-02,7.765162776497173958e-02,2.183457939022552252e-01,-1.361908166509019080e-01,-1.195397068856565159e-01,7.207452869752271896e-02,1.728715056109149939e-01,4.305548253928844771e-01,4.595402263880744853e-02,8.420621015651363894e-02,-2.797162411848819197e-02,6.619202868817250507e-02,-2.498053326806824043e-02,8.343580223071381252e-02,-1.950163879022282030e-03,-2.132077261067348850e-01,-1.852643308498014285e-02,7.454953961251757633e-02,-9.366064630425016690e-02,-9.528638887323155615e-02,4.669198154957346358e-02,8.462200225582000579e-02,9.120072258795433595e-02,2.813596140071503715e-01,4.478961568885261174e-02,-4.194334748165245985e-02,-2.212794051535994788e-01,8.926379795902070202e-02,-5.667500625398256414e-02,4.995845512868458960e-02,1.637800894791260620e-01,-1.813583484501774257e-01,-2.113456023847232745e-01,-1.777469532014289144e-01,-1.985195617991845074e-01,-1.077533596416317963e-01,-4.802143715129869421e-03,-9.565903098393497075e-03
-1.522705129678438019e-01,1.585587437405592826e-01,8.049754310760220966e-02,1.804776725922891956e-01,2.166085947669240674e-01,2.073022261734248362e-01,-1.577470094336975159e-01,7.236085160860739399e-03,1.836503677974649085e-02,2.047781530893957314e-01,8.836741383127701133e-02,9.293026518719119111e-02,1.574265660596401994e-01,-2.577551298570662230e-01,1.786539974329908950e-02,-1.273912848830276515e-02,-4.008803943925833835e-01,4.093956308076509565e-01,-1.901173194435277769e-01,-4.986835658762136386e-02,3.578189981267342890e-01,1.162682135815259199e-01,2.765999522685901324e-01,-1.249053042212392023e-01,2.384040883197339478e-01,3.883168059381991721e-03,-3.834880805438253132e-02,6.470378145360393407e-02,8.683566235614814319e-03,-9.672385205572306410e-02,-7.444052849317719933e-02,-1.708542360997415410e-01,9.116863084838834619e-02,1.217427656980619131e-02,1.585749300428356823e-01,-1.643463816113278908e-01,4.993932730567209738e-02,1.405713121819212319e-01,-7.565582604967849290e-02,-1.654446633120306986e-01,1.765800057609797080e-01,-2.475093969277433192e-01,-4.027111380164248300e-01,-3.264691755425020436e-01,2.071410326493560439e-01,-2.943983247549338822e-01,1.088046912100678332e-01,6.070109138876082083e-02,2.527208946470038686e-01,-1.787333054565604928e-01,-3.992767059720246925e-01,4.170510311458768271e-01,5.511629146738343532e-02,2.088096588152609512e-01,2.952922633484416151e-02,-1.823119669330832693e-01,4.221986525753959052e-01,5.150713258206276318e-02,-6.668525676268574620e-02,5.442242851222565264e-02
1.662924657782177684e-01,-1.161654782265913177e-01,-8.279075034932148469e-02,-3.603361070929285703e-01,1.480902579419211551e-01,2.036426325706980900e-01,-1.614640807912067211e-01,-1.661768881434824152e-01,-2.417622659765914644e-02,5.837236762159283415e-02,-9.537656409362144094e-02,-1.896224165159130504e-01,4.499832728027898521e-02,1.784322170913156258e-01,-1.511203862547246257e-01,2.671607246731849128e-01,3.095180453252701080e-01,-2.716471481227101734e-02,-1.990264727731637928e-01,-1.612556443962011310e-01,-2.262524821362039695e-01,-1.008153031719647395e-02,1.631422596599537145e-01,-1.915601563236438987e-01,-1.548991776422981859e-01,4.031744843250589447e-03,3.444399709542120269e-02,3.087294130545856219e-01,2.968826454380342761e-01,6.597619933918220936e-02,3.163697239283545792e-02,1.341632523152522238e-01,1.253956237034063170e-01,-5.344863647728401862e-02,-1.094718085839547182e-02,-2.371406683472590537e-01,-1.927743822470531776e-01,3.425471121313451717e-02,5.067740448500953482e-02,5.475697710277253882e-02,-6.571781135166637755e-02,-2.100635622261253221e-01,3.109091211745456523e-02,1.521881680904862699e-01,3.598877475928195513e-01,-1.030360154855670951e-01,1.628772396401888603e-02,4.026696174204794643e-01,-1.841446449546578490e-01,5.403433402878941028e-01,-1.251364030091944579e-01,-2.101078818280059102e-01,-8.076573125550319532e-02,1.015760084159704757e-01,-8.430032137836574249e-03,9.189483546459488450e-02,9.669157230487890331e-02,2.989811406441113956e-02,-4.090361198669463794e-01,-3.251695025511291970e-02
-1.497937741867499395e-01,-9.022783806418790964e-02,-1.142984437531843894e-01,-2.619997196420222330e-01,1.386340843045983928e-01,1.615427557427099869e-01,-2.742309001417410075e-01,-4.102317575177249868e-03,7.823078834752750232e-04,-2.805147742860351068e-01,7.839381608284375080e-02,2.232534058899836860e-01,-1.309327125292201743e-01,2.991995864525563986e-01,-6.228619667747822136e-02,1.378836972658100402e-01,8.082201912857221726e-02,2.213185112173500502e-01,-2.519648988952956081e-01,5.136213481592495633e-02,-8.848709053275583339e-03,1.503312327967292750e-01,3.771022715554873672e-01,-1.128997832603767237e-01,2.955203724088560913e-01,5.059390325641648090e-02,-7.006904432512608971e-02,4.612237145349636774e-02,3.850834082037361134e-02,-2.349058023751754987e-01,-2.215303425858740627e-01,-2.657627698770309577e-01,-8.508717055844877697e-02,1.133853262534936235e-01,-1.602564394442781981e-01,6.845007490600260591e-02,2.128081142496866252e-01,4.030868845086258423e-01,2.560742357415979158e-03,-1.908161781999510309e-01,-1.667646854182726901e-01,-4.403411680314522209e-02,-4.129410064866838315e-02,-2.515675860482933235e-01,1.357586324591462945e-01,1.782015333625862341e-01,-8.541770246840339753e-02,1.115725773315140723e-01,-6.660288672191205794e-03,-8.196475344618991965e-02,-9.631562814081848223e-02,-2.123943441341559490e-01,4.379374628662692504e-02,1.704540054721116193e-01,4.410778756712006865e-02,-1.891614920138501021e-01,2.444955880044052954e-01,4.883151488308330734e-02,-1.374148272247012748e-01,7.777459253894752900e-02
-6.224331441805646126e-01,8.207547499893355636e-02,1.925249323033998983e-01,1.067999246397824120e-01,2.732024801450585461e-01,-1.459357775677898664e-02,-1.698112144780088151e-01,1.858712077641155869e-01,-1.549435668158630763e-01,-2.039710892553570076e-01,-6.842258884702633048e-02,7.744870405859988205e-02,-4.459497730378489955e-01,1.498070617043547603e-01,-7.945615972969839735e-02,-4.888088465819114686e-02,-7.519003613473952685e-02,-4.384971013808456886e-01,1.692616498519478596e-01,3.648343808893642765e-02,5.967746409158762588e-02,2.283582447854589914e-01,1.155540071026385229e-01,-8.056412469678211896e-02,-2.660183131300820625e-01,-1.454607951024481927e-01,-5.841203941611374656e-02,-8.992259759486787019e-02,1.513319447560978193e-01,1.646647552975636364e-01,2.587491857274391016e-01,-3.868415878172536126e-02,1.805854795833579107e-01,-4.701939297517896549e-02,-8.510854843617804422e-02,7.445765071420613890e-02,-1.243867034038479424e-01,3.166684969410941963e-02,2.603591569246273968e-02,1.147901499376060286e-01,2.535256138301245632e-01,9.538516140656762288e-02,7.127335651452020027e-02,2.558445870626976371e-01,-2.157042224826948851e-01,-5.182860284794875427e-02,-1.650882251824621894e-01,9.090306734611880435e-02,6.829497391282801644e-02,-2.379220605615541828e-01,6.466906859216842336e-03,1.898473116949098149e-01,1.253405915177520369e-01,-1.309764875001397100e-01,1.926674782649013748e-02,-1.881578901284464839e-02,-1.316481689384623732e-01,1.394310372896716554e-01,1.913534796637039181e-01,-3.018388777908856957e-01
-1.935425026513563629e-01,2.568861967021833781e-01,2.758747132015582082e-02,2.503763544409465247e-01,-1.563159628887678676e-01,1.985329094128158445e-01,1.058109456882412730e-01,5.153552391586107770e-03,-1.464531800145102772e-02,1.854455727290565403e-01,8.771172555911381508e-02,-4.217171437937218270e-01,-5.862057929229095438e-02,1.422694144125954685e-01,1.195960740853987438e-02,1.720899923053809122e-01,-9.251359515252331744e-02,-1.927060227906887691e-01,2.545906450019813638e-01,-1.102000178913134371e-01,-1.392593608995458254e-01,-2.116535053185455290e-02,2.235357918085239537e-01,1.109116312888188960e-01,1.918109374857867450e-02,-2.431041519167077003e-01,-5.216657827597480368e-02,-1.021110730553439899e-01,1.447547647894348311e-01,-1.229534878438341139e-01,1.925154516664397131e-01,9.247234187491790158e-02,2.097272339017179354e-01,9.572541568043907434e-02,-2.745252121965520153e-01,-2.815482490910172220e-01,-1.632101761985521315e-01,8.602929082490358426e-02,-1.602805929939530860e-01,3.457810473842868881e-01,3.940906046482373082e-01,-1.039918976227634656e-01,-7.776622968073221287e-02,1.511592767278860105e-01,6.993429687254687499e-02,-7.225649475353847218e-02,-2.577657346521047277e-01,6.299528503376702893e-02,8.441723546683763124e-02,-2.846418493051744991e-01,1.560658717795225525e-01,2.596986630395049511e-01,3.740068250529276495e-01,2.407122211520131005e-01,1.085552111059296665e-01,2.696673055383494999e-01,-1.808366222445480231e-01,3.694877636018820827e-02,2.572371112365129386e-01,4.615334126470155285e-02
-1.609468332288509773e-01,-5.087210964305564215e-02,2.798301223996070286e-01,-9.155191894947589670e-02,1.112563590353495002e-01,-4.944833278131444566e-04,4.246310664260927181e-01,8.123670102292802203e-03,-5.435279369678471806e-01,-1.218807182577185400e-01,-7.314874593019092541e-02,-2.264720241235214093e-01,1.153579678188495772e-01,6.822014119041763802e-02,3.672253205749018840e-02,-1.127984547155604506e-01,1.923142604244166554e-01,-9.825251203375505449e-02,-2.531932994548412585e-01,2.124417195149615745e-01,-3.305349631214804518e-01,-8.305126555077035899e-03,3.243453226387857380e-01,1.740351788962334889e-01,-2.130304617207752771e-01,2.702135594127990648e-01,4.141442471372428630e-02,-1.951262303791367336e-01,-1.318705555782445082e-01,1.356724457670376860e-01,2.467434626933121267e-01,-2.020584651134177123e-01,-1.092078462847209108e-01,-2.184571222124245815e-01,-5.243222241153011609e-01,2.623502226849587851e-02,-7.330850548846669368e-02,-5.009235175745303803e-02,1.200129284747779163e-01,-2.291495886842773722e-01,-1.841081452392116236e-01,-1.759718121673431723e-01,1.098272956433639785e-01,2.195447339297954825e-01,6.854669857999194649e-02,1.552351685339524723e-01,-2.833357312006664630e-01,2.081489041715264554e-01,1.267460072957206640e-01,-6.215536343433103808e-03,3.596697724644476457e-01,3.696042353626316501e-01,-1.082837145256289740e-01,2.225808618004964379e-01,1.120093415092389549e-01,-1.116869363374107388e-01,1.658237321827587055e-02,2.398511239100279552e-02,4.770085580976529682e-02,1.620620954176365258e-01
-1.037082226256648143e-01,-9.724135378805751073e-02,-3.889162024959773034e-01,1.048767367285047547e-01,-4.148127156917707364e-02,-1.776000445482064883e-03,-2.056347971846832490e-01,2.764694778973595529e-02,5.507315292290182462e-02,1.891652266180003927e-01,1.503816792094446186e-01,-4.324869275886903536e-02,-3.833160541054511650e-02,-2.386537880010881074e-01,1.064156641786586643e-01,2.559667645723415208e-01,2.144206059256642538e-02,1.728316529842214011e-01,1.447909426154420642e-01,1.079770859190411630e-01,2.127019757909610342e-01,1.989352805790048917e-01,1.703207688674618081e-01,-1.171441242909148084e-01,-1.922412539148697988e-02,-2.263485740632164567e-01,2.460148162232274893e-01,-1.341805323690801743e-01,-1.674799535690638941e-01,-3.937425432035208117e-01,1.992992943217408441e-01,-2.658251928377679540e-01,9.023321180415261322e-02,-3.958011622921014938e-01,1.581028185463684843e-01,-1.880934387977836741e-01,5.811294180881428073e-02,-2.577108864148473094e-02,1.011889975524244145e-01,-4.740722934263839200e-02,-1.459035039270077105e-01,1.003083915241063523e-01,4.496233141313107917e-01,3.788721261465173573e-02,-1.718096709089112772e-01,-1.331543761096490308e-01,9.458739652745301596e-02,1.321392298602119264e-01,-4.978376326825484713e-03,1.595813967782369058e-01,-2.549682654398482962e-01,-1.155102547346803787e-01,-4.098981307284311204e-01,-8.529426910236882070e-03,5.579280033199755795e-02,1.627759419304468935e-01,-2.015402549721162784e-01,-7.668677161129755851e-03,-2.371449128050263921e-01,2.054675594574756903e-01
4.085127870097352565e-01,1.549978603323919624e-01,-2.567463583941528293e-01,-5.873427108386097481e-03,1.043544982085149453e-01,-1.580663624569713516e-02,3.703758464122763796e-03,2.005844742759092247e-01,3.016294541788523964e-01,-4.887734382925421756e-02,3.644220486050604724e-02,1.682126783288067917e-01,-1.470710375139838155e-01,-2.915620346658515105e-01,9.289385146810809346e-02,5.829782763633034604e-02,1.457467454491048198e-01,2.275462605581319783e-02,1.540937020230540577e-01,1.998761988765869191e-01,-2.548248312041946906e-01,-2.353508925122447804e-01,2.551703436527769098e-02,-1.327509601361111582e-02,-1.558673935836294988e-01,-7.974101697310700954e-02,6.170005952994557508e-02,-2.724968102980462326e-01,4.933031148318669373e-02,7.065397663007814966e-02,1.549444161350879701e-01,-1.385345077337567232e-01,-7.359403913749103243e-02,-2.096220224133168719e-01,1.588625920597776936e-02,1.074212440728806034e-01,-1.378496576206078017e-01,1.805400196904357046e-01,-5.292862139354398421e-02,-1.810982696801470004e-01,-2.711174018190569759e-02,-2.129307244690182288e-01,1.291293297079772195e-01,2.887093509059594082e-02,5.038685736487676092e-02,-2.953883758515652991e-01,2.279267519760010963e-01,1.013635800745871646e-01,-1.145251261555955552e-01,-5.108246811054830555e-02,8.533998551214330708e-02,-1.723912642061945638e-02,3.218893001046320701e-01,4.254949241661385578e-02,-9.317746142054697533e-02,-8.149615493491166318e-02,-1.484992266845544528e-01,-6.264125097788143803e-02,-6.214725210273099737e-02,-1.118108459324193005e-01
1.302306725693315459e-01,-3.558445129436688115e-02,-2.572953813709898396e-01,1.869973469065346894e-01,-1.382378992570393872e-01,-5.846937726076386482e-02,1.164618374523836986e-01,-3.073062002486720012e-01,-7.415425524515106490e-03,-8.299115870974681231e-02,1.641652342140638987e-01,-6.262018038166917711e-01,3.263451211638936367e-01,-1.646245654031428529e-01,-1.497777347274056037e-01,1.321517090683966278e-01,2.758702572867233749e-01,-3.048605314583966996e-01,-1.165664060502279442e-01,-2.486051178112355375e-01,-7.458661788900924905e-02,-1.356286055278589919e-01,-1.167192272730226132e-01,2.809718905704542413e-01,2.784243799904896344e-01,-9.197502150433505691e-03,-5.388019052438049183e-02,-3.064235530603368618e-01,6.250154382819370080e-02,-1.230940076839086572e-01,-3.091543255374668009e-01,-9.640777038314211900e-02,1.759548351898111707e-01,-1.327342087448760144e-01,-2.331719921177447807e-01,2.017609431836926426e-01,-2.842837119465632112e-01,-2.018976069551881858e-01,1.300557294437763578e-01,6.545192837264299235e-02,-2.518622814207243168e-02,-4.171276790662360734e-02,-7.459887382567378933e-02,5.095857285860948271e-02,1.885622719175522044e-01,-7.562892183257267920e-02,-6.644199235007114401e-02,1.778485097535369985e-01,-8.762493187235519121e-02,-2.315556160601556779e-01,-6.524814840341111588e-02,-2.793744093806669812e-02,1.178118148482973221e-01,2.065049331006914568e-01,-5.932891496950444266e-01,-2.735981871808295662e-01,-1.488038119066195097e-01,-1.628222352827700392e-01,-2.743441824846525878e-01,-1.730822759411009826e-01
