-2.271700544338642325e-02,4.983154535310327371e-01,5.216988369048559671e-01,5.943562784262775844e-01,3.379437497067743768e-01,2.691182506082722692e-01,1.023196388827063708e-01,-1.321534809365691177e-01,1.657101104440840134e-01,-1.856417887878940298e-01,1.211515004366905401e-01,-3.194251458157119916e-02,1.611340255501823582e-01,-1.437416284587783588e-02,-2.765827560448274047e-01,-8.427140552395341599e-02,-3.701446550755690401e-01,-8.656853069521153188e-02,-3.327857968221590301e-01,-2.687799687455348363e-01,5.264384407249296238e-01,1.879816879008159303e-01,-7.822440957892427826e-02,1.519131680950144316e-02,2.527524513570890766e-02,-1.656363442713197978e-02,1.280167226068710806e-01,8.458984682945318301e-02,-7.127272208410620480e-02,1.054464351802876509e-01,1.299203506003986652e-01,-1.883835008694433044e-01,-8.210321395863288962e-02,3.293296071421725202e-01,-1.824493005797961642e-01,-6.686262192926627212e-02,-2.328182283737032995e-02,-3.792196675986297949e-01,-2.804494776630840902e-01,-1.321235514910728825e-01,-3.363979902409763162e-02,1.469343415611082670e-01,-3.143015815693163129e-01,-1.777636552535358239e-01,1.863747347739238558e-01,-3.870502605896148363e-01,1.545884788948090061e-01,3.760991918764618192e-02,-8.049173824703752256e-02,1.764028020447420686e-01,2.915822894759790285e-01,2.517519212105975845e-01,-3.275523243867012324e-01,-3.523931383446545634e-02,-4.931151651594957441e-02,-1.663199690356897409e-01,4.824117324408383131e-03,-3.768204852889548429e-01,8.893926782666992936e-02,2.596585748726087384e-01
-4.623350322520202171e-01,-7.400032577655493715e-02,3.582980700642879324e-01,3.719903767845105791e-01,6.501964150617387528e-01,1.324434717669687456e-01,3.830342386995787551e-01,8.560767397307536553e-02,3.058956746549054140e-01,2.761819640230422923e-02,1.433843633008257193e-02,-2.859638027718964248e-01,1.499674859879744360e-01,-1.660806098527685057e-02,-5.168711368415934704e-01,1.284230812703686109e-01,1.178393762010252477e-01,7.715270491856253410e-02,-1.424850350817817302e-01,7.499317062731113148e-02,8.829083018088626500e-02,3.659394605605595929e-01,-2.259372828811666289e-02,7.487648623033812956e-02,-2.717796910973668822e-01,2.304090508228125722e-01,-8.405584931780285107e-04,-2.367185900011719440e-02,-4.121884447813953800e-01,2.468345795177569468e-01,-1.584039527320700025e-01,-8.435064539704731357e-02,3.234515282474960118e-01,-1.924699267373256029e-01,2.940741202600521270e-02,-3.345535600339244638e-03,1.212046630062833807e-01,-1.108618271446249193e-01,3.749488192930869324e-01,7.599966041720682131e-02,-2.549756112144285769e-01,-1.615366217018510131e-02,-1.187046354332916831e-01,-6.059417587204676131e-02,1.607884795915297815e-01,-8.895085924705958824e-02,-1.294711861549844578e-01,1.690183158432131960e-01,3.022744688176013383e-01,1.199678425208090121e-01,2.666157294056383242e-01,3.865745184737118256e-01,5.956221176012447410e-02,-1.903923726058144583e-01,2.467635859301246515e-01,4.897924799553114716e-02,-7.245717449306179891e-02,3.235633825567065802e-01,-4.641044862445214969e-01,4.275202206766580137e-01
-4.484345994305630745e-01,-1.355514999805867982e-01,5.906999115652713378e-02,1.507195470293958561e-01,-1.628815588599785980e-01,1.719307802831386289e-01,2.640746949501377588e-02,-4.879899438641004117e-02,3.155457899867942229e-01,-5.195006922897438262e-02,2.146356583436339477e-03,3.599637132831938480e-02,9.364619391389460146e-02,2.055124032281358259e-01,-2.382059387385933036e-01,4.303812161279241266e-01,-2.154172170347655180e-01,-8.079634030088166802e-03,-1.362104075226870659e-01,1.226749204085205991e-01,-5.422713354477156633e-01,1.373275522592723452e-01,2.780593794412584696e-01,1.638232796040075545e-01,2.519828467807244676e-01,-7.794028025915345111e-03,2.873474200543905122e-01,-2.626342727673947053e-01,1.328789276488226145e-01,-5.512551495146319341e-02,8.698065681715241859e-02,-2.829053112762440758e-01,3.843511108197344428e-01,-1.039463853062852494e-02,3.293656546076130232e-01,3.709740541282296467e-01,7.486904037205206752e-02,-6.962401730912722020e-02,2.177749738629279064e-01,1.366310282236148643e-01,7.505974752081651102e-02,1.029196762970134432e-01,9.838877953317712310e-02,-1.204229171231282480e-01,-1.059311312627393004e-01,1.409430667221767408e-01,2.381443432260303139e-01,-5.371908922028069411e-02,3.350490306055421419e-01,3.647353824495197516e-01,6.237012524719035694e-02,-2.781238015459800567e-02,1.858295165770995905e-01,-2.628626645664986494e-01,-2.605500664844015435e-01,1.879394034057316198e-01,5.182765573081730137e-01,-4.965320406924637886e-02,2.480918106897838094e-01,-1.086852450194258635e-01
-6.061649361324000784e-01,-5.214024416608488144e-01,-2.004537741526812855e-01,-9.544717387336543180e-02,-2.337068469828318482e-03,1.771529637246444522e-01,8.410363296623080132e-02,-7.928897013952877770e-02,2.142797074068633623e-01,1.125368427027547413e-01,2.609397908983307479e-01,2.625122122857612150e-01,4.415631057348460425e-02,-1.561081538040456993e-03,-1.557877716120277811e-01,3.141253490717526575e-01,1.024735205710147479e-01,5.227499194030168356e-02,-7.883446810040674324e-02,-4.355176025006124549e-04,1.531370869220356479e-01,2.145598814019707701e-01,7.031280932883129942e-02,8.013895925899908179e-02,-7.984140190811181426e-02,-1.772821783411279439e-01,5.491062601958033446e-02,1.627168596815262713e-01,-1.543181006783360745e-02,-2.196052407314927346e-01,-1.867393385621669497e-02,4.735873247519586937e-01,-1.017566381004029602e-01,1.511294549819476307e-01,-1.535412168841600589e-01,-6.754393233801073149e-02,-2.081877103226129344e-01,2.440708377644624713e-02,7.721834769417217081e-02,-2.429306049154334735e-01,-2.148235558470336648e-01,-3.788747559844035575e-03,-1.802829800510307237e-02,-2.956417552209875121e-02,-1.671668721184768891e-01,5.844138689503337869e-02,-3.774770337506209994e-02,-1.643218010115185257e-01,3.171207691878510371e-01,-2.023131386703898860e-01,1.940932664835107457e-01,-1.904329908235803948e-01,-1.720564075211496458e-01,-1.733486549308737856e-01,-2.502157660302389841e-01,1.460670130432259461e-01,9.201182905781179686e-03,3.013360431144957996e-01,1.682558093441762215e-01,-4.346058603322770497e-01
-6.737970062392493187e-01,-6.054774063178298693e-01,-4.669864522880600721e-01,-4.055984333926209717e-01,8.459681266322680027e-02,-2.010988370696639438e-01,-1.436380206787706004e-01,-1.815018142018108294e-01,-2.086251536654164518e-01,-1.073488827386154601e-02,-3.507738549666886141e-01,-2.389664176379760752e-01,-3.047710245826970032e-01,1.209074192293468908e-02,1.019826736617415186e-01,-7.068369570926577583e-02,-1.673526712566824060e-01,1.670488999740404323e-01,1.875470769452173836e-01,2.486478528461923132e-01,-2.280229625097699719e-01,2.219634912430494267e-01,1.253880597194803048e-01,2.574270861098002516e-01,-2.009833870591954119e-01,-9.829714749855205519e-03,-1.593953734076532514e-01,1.931236720871668325e-02,2.250808015664910455e-01,1.086756121831053551e-01,-1.558657143872407280e-01,3.747643100883886469e-02,1.440554483373544456e-02,-2.272346581843986968e-01,2.261341175049731977e-01,-1.773029433689851664e-01,2.397470968189853099e-02,-3.504104377684523486e-02,1.690265718397102740e-02,-1.965164421030748954e-01,-5.562871495961026203e-02,-2.587596654006958305e-02,-5.361795456546425420e-02,-1.486252795811545124e-01,3.309357024104847556e-01,9.922217044651229778e-02,-1.079339237486593578e-01,4.624827383339126519e-02,-3.060489077730227381e-01,3.611031693937540310e-01,-2.835719786497856165e-01,1.347228093121154158e-01,-2.168533019235547865e-01,-1.292492751773673954e-01,-2.732854555766768834e-01,3.155697410857076501e-02,1.333668475739912540e-01,6.024055214972503375e-02,1.942039952581354756e-01,5.771598478256269316e-02
-6.781431437755494063e-01,-7.177567656055036105e-01,-3.370279079560658531e-01,-3.746155500706542241e-01,-1.940748147159042369e-01,5.071845555677401141e-02,-2.304650046425114618e-01,1.899274647143688738e-02,-4.143883323753081577e-02,-5.597297554132194333e-03,4.157712933724773408e-02,1.091788787418484785e-01,2.355051293457328665e-01,-3.356756971880016371e-02,-2.307212882241168883e-01,6.178873228310399757e-02,-2.012100847454455776e-01,2.198526364015290779e-02,1.368338837202062730e-01,-2.650893859909149719e-01,4.006302993030687321e-02,-2.483388838991792691e-01,1.912626476612992454e-01,1.136980499434900455e-01,7.660935062145855790e-02,-3.629422925281984569e-02,-2.234834508753703528e-02,-2.049523275546047407e-01,3.880394593402661935e-02,-3.350005875934156108e-02,-2.439831878923669900e-02,-4.859152912162974930e-02,-4.210164853270626506e-01,1.190955086094107884e-01,-7.869414225813049779e-02,1.573406322211376163e-01,3.850564091103086395e-01,1.556155538340692479e-01,-1.634689187086725559e-01,7.935285261713066751e-02,1.103510922923165855e-01,-2.844294867190282905e-01,-2.100156237034615236e-01,2.189159792484955402e-01,2.622816790758243297e-02,1.267385702214202658e-01,8.035508088761826595e-02,-4.613844432858136280e-01,-1.074688832313791531e-01,5.242025342740550681e-02,1.274302425994460752e-01,-1.338266788849017952e-01,1.885803915283065513e-01,9.424565752065192092e-02,5.356053406221816804e-02,-1.672845888234296141e-01,-4.886723029500391613e-01,2.879670632886351389e-01,2.029837636986856764e-01,9.591817091992471678e-03
-4.787917362829074430e-01,-2.866198195371379431e-01,-3.461223243258517157e-01,-7.319544303347092114e-03,-3.176641213363718963e-01,-1.838792575828000486e-01,-7.046621546802052383e-02,2.892673562730712078e-01,-2.838724447563179543e-01,-1.047582787617235417e-01,-3.701784045900987641e-01,-4.995555006007926929e-02,-1.868273422411505513e-01,1.328491357879177104e-01,2.060667961218541622e-01,-1.740868387056108274e-02,6.596348962312140185e-02,9.022401332697876919e-02,2.916344774101310433e-01,-1.002402780529113857e-01,1.567575474565657268e-01,1.038192885892230688e-01,2.842011407328625117e-01,-1.498846018223578581e-02,-1.778465957597369308e-04,3.936330783069098838e-02,4.621981088496929235e-02,-1.805243013281613573e-01,1.670520805129780684e-01,3.372640236267330366e-02,4.649261194775546058e-02,1.872312830474350265e-01,1.797298280644926693e-01,2.822905405448141725e-01,3.761497754788330206e-02,-1.527113851619881224e-01,-4.008055340883882184e-02,-4.080956043437557884e-02,-1.215243106250398081e-01,4.855573868628636491e-01,3.314786065041795404e-01,1.682335616167522294e-02,1.144691249530090521e-01,5.663795664129624846e-02,9.635739525121886362e-02,1.031556548566472664e-01,1.393636669092540303e-01,4.943258830509093815e-02,-2.001315884231539069e-02,-9.840035238902197778e-02,9.373074101564013438e-02,5.728581834646190307e-02,-3.500881064024807809e-01,-1.145235076432878640e-01,-5.742981547082696286e-02,9.091860628500417207e-02,-3.388817474678063046e-03,-9.313643268745698534e-02,-1.116701401724861376e-01,9.175475258441521953e-02
-1.980112347412524010e-01,-2.692163680970164341e-01,-3.616750099451940814e-01,-4.043423965329931979e-01,-2.048064436636187757e-01,-5.578656063048521851e-02,-1.005439095964985041e-01,-1.103782014802824063e-01,-2.177174421966212026e-01,9.228055968781845309e-04,3.165224018749198537e-02,-2.378420409897795129e-01,1.170797072118238413e-01,1.273011514944892841e-01,7.833686681919356520e-02,-6.179005435652921985e-02,3.010259640777279699e-03,7.821133740635030640e-02,3.105159212626689147e-01,-1.032174603079657749e-01,-2.085799223868907704e-01,-1.056388720576748319e-01,-1.573767828285807246e-01,1.631827910481373212e-01,-9.644643675185005094e-02,-2.565901886236719998e-01,-4.369181686506073969e-03,-1.153233757879912292e-03,-1.641549833453719853e-01,-1.870679130043378935e-04,2.205110139959406690e-01,-4.090464793139919619e-02,5.030617236917418744e-02,4.165178072156376921e-01,1.134168990640401359e-01,-8.605912934362688893e-02,8.923465220776002904e-02,2.925337914892133240e-01,-2.650668528843876798e-02,3.473328458455294809e-01,2.992066256791438630e-02,-2.771256290425834767e-01,-2.318030664520524253e-01,-3.579253395198319504e-02,2.883535359322340619e-01,2.587470543416003355e-01,1.100197099067753426e-01,-9.933486737115305998e-02,1.208445974984969223e-01,3.921454515878523006e-01,3.935001938515133441e-02,-1.820694221761867959e-01,2.313046619440007334e-01,7.450337076985440177e-02,7.232598636532525105e-02,-5.253913557008639545e-02,-2.796405587254380820e-01,8.432759194336825193e-02,-1.485846713346116177e-01,-2.792456586117513309e-02
-1.842395858573618594e-01,1.748268188682904414e-02,-2.367959718378623291e-01,1.436296371911687797e-01,-8.542985029006285036e-02,-6.171559322233366798e-03,-1.254522600525937170e-01,-1.985212169016572353e-02,-9.130702130257328797e-02,-2.874313799126113761e-02,-1.678604327833144172e-01,1.083747464079834605e-01,-6.897228182723902021e-03,1.228363034925388647e-01,2.985609470424643863e-03,-3.996876366638315581e-01,-9.983812638284865482e-02,2.300507265041858845e-02,-2.131610051502205727e-01,-1.413404460727838430e-01,4.798082310207959361e-02,-8.677810636351813989e-02,-2.115814438488870797e-01,2.454579299194750014e-02,-2.871994459608036565e-01,-3.738196633541050473e-01,-1.658595902209211020e-02,2.566958570292360298e-01,5.352711511857880661e-02,-5.041368041211001794e-01,4.693767808105706735e-02,1.429665199886852589e-01,6.813507194162249370e-02,1.586736214157653535e-01,3.109634513275197909e-01,1.231454720097044098e-01,1.327845669918229221e-01,-3.925821648025374158e-03,-2.207272676721948323e-01,1.329494332464191686e-01,-9.455979686536317153e-02,-2.107333776129642899e-01,1.491378317386224117e-01,-6.235310328746383746e-02,2.412747202773662392e-01,3.748305192730716322e-03,-1.701483432971378964e-03,1.258222515674489728e-02,-1.616828321110904410e-01,-9.839556780338074016e-02,-1.004398320308552278e-01,-2.058336142904556021e-01,-3.218459734808852557e-02,1.562070640189323900e-02,4.814955635895219466e-01,-1.506247096841920041e-01,1.538265702685993053e-01,-5.617326230066162218e-02,-6.788435178158224934e-03,-9.066134543112200350e-02
-2.691613666341161060e-01,1.651495380385011313e-01,9.160204966074796118e-02,1.707106684476706049e-01,4.533985334094724901e-02,-2.537276997178853355e-01,4.243902817041510511e-01,2.302184053418259227e-02,-2.162830937138739834e-02,2.443784958989009826e-01,-1.847013286743361127e-01,2.501765901133038567e-02,-2.772121324077113022e-02,2.829521092760570178e-02,-2.047998549648217814e-01,3.547161865920416823e-01,3.497811325206928723e-01,-4.059369798725184220e-01,-8.471300189751174159e-03,2.886293803481169151e-01,2.212629011309380223e-01,2.088980740718560797e-02,2.332568264591073637e-01,2.777475422258254834e-01,-3.361549493900878871e-01,2.106285930724902805e-02,3.377589894892892020e-02,1.247179718692260353e-01,2.492855649324812184e-01,-5.111262443461346283e-01,2.923955436590500723e-01,1.811896686127810185e-01,-3.320090250815602856e-02,1.013463034304486199e-01,-1.981014363779785570e-01,7.095816889881646772e-02,7.581420849967115960e-02,2.430898158647011031e-01,-2.469488435632868628e-01,-4.833619559231200347e-01,5.887130256381495341e-02,2.741899056819528391e-01,4.296734179857576441e-01,-1.396945014021447884e-01,-3.493323306313481785e-02,-3.805163610919867767e-01,-4.724430877310106108e-02,7.593315639139885942e-02,3.827046487474514147e-01,-4.906509654311907442e-01,-1.673034231960831425e-02,3.406659244952751076e-01,5.857283116258395900e-02,2.994041308565833365e-02,-7.100712263279748693e-02,1.755938992288354761e-01,4.162362332791417346e-02,2.591449179149278234e-02,7.996452529280417831e-02,9.478183853021331096e-02
-2.353084325870821725e-01,5.503103216729116065e-02,2.163796615963316516e-01,-3.420528303121346536e-02,-1.420930444669625259e-01,-2.081996646351268188e-01,2.257596107451674272e-01,1.737729290984504349e-01,5.740490304566464586e-02,-3.327687714167195526e-02,9.188377796485414084e-02,1.999486320619499602e-01,2.051316299206373261e-01,7.052938723165098900e-02,-1.407907042324438307e-01,-4.604608687136170497e-02,-2.626114877473323950e-01,-6.642721050472366606e-02,-1.516886365500981493e-01,1.958976468280291539e-01,-2.443937643616803379e-01,-2.731318484686478532e-01,1.069180295350778687e-01,7.504603098218375068e-02,4.294525129089754034e-01,-1.585588977316856885e-01,-2.387922417093747973e-01,-1.315258557909894030e-02,-2.859367354370390690e-01,-2.283474422118825786e-01,-1.951063804600097762e-01,1.970921123728328755e-02,-4.728292753044546076e-02,7.482243942628760691e-02,3.146634661989142212e-01,-3.212994859728239838e-01,2.899084198217978248e-01,3.458444417568522222e-02,-1.795361131166021418e-01,1.174030180291390779e-01,-6.788777317654330623e-02,-7.270782705551032121e-02,1.718387595904216636e-01,1.343243829811358869e-01,5.171005503658023666e-02,2.520692684679320776e-03,1.548674958265138513e-01,4.706597685792181934e-02,5.796739089087993291e-01,-9.158732397532554081e-02,6.573484675703342162e-02,1.892347874492289195e-01,3.486094881914204580e-01,3.069523684473708380e-01,-1.437459442792111686e-01,2.161658167331026448e-01,-1.442382024519821004e-01,3.227163218458314331e-01,-3.822377331180614179e-01,3.746498887758699381e-02
-1.584331474691382247e-01,8.210856162791456414e-02,7.288236046347613961e-02,-2.281058232297126787e-01,-1.825802121004289624e-01,4.207642814064642411e-02,-2.330067193691027216e-01,-1.959936860808537962e-01,-2.077647573834497940e-01,4.342545373369104122e-02,1.321639235867912987e-01,7.906677936325738620e-02,8.091183294219281286e-02,-2.909947801277240620e-01,-1.240567927107807389e-01,-1.304202299792203701e-01,1.819425063630160933e-01,-2.119107326091159427e-01,1.740052358480191352e-01,7.181702721386554189e-02,-3.552469173993264701e-02,-1.706342339201465941e-01,3.614252542524761663e-02,-2.058827937976054623e-01,7.812037433067996195e-02,2.686038741837020738e-01,1.075015512559163999e-01,-4.018639386252090828e-01,5.784051626005695113e-01,-4.315554998423083710e-02,-2.583719339727585940e-01,-3.318471875593008158e-01,-2.131207752754358808e-01,1.755483941476440601e-01,8.261574525731515961e-02,3.728023493623140727e-02,7.773482842248459479e-02,4.650905613882289763e-02,-1.505346029712739675e-01,1.282297042398090059e-01,-1.479685356255873718e-01,-3.805904222456348296e-01,-3.750634177234034028e-01,-4.216952249316376078e-02,1.264373599195974529e-01,-2.142557657620128564e-01,1.224275812897894083e-01,3.028177364298115792e-01,-2.124565193906362559e-01,-7.123382438980126186e-02,-2.210320283635871519e-01,-5.058180282418434093e-02,1.878374705881629136e-01,-6.175222313245808115e-02,-3.656919224054384632e-01,2.558374735464996608e-01,-1.100813457527615863e-01,-2.890730188215102636e-01,-1.014562898228418969e-01,1.550882764697872618e-01
-2.416679486153664597e-02,-3.310495483636159975e-01,-1.188032592355915684e-01,2.808858263066967842e-01,5.868758797211728190e-02,-1.585630191300152828e-02,7.941148946192196079e-02,4.532194164251831386e-02,5.906831728018306638e-02,-2.279164644445050847e-01,-5.205036353310453501e-02,1.275280398064368437e-01,-1.905474193631904734e-01,1.922288431804300146e-01,2.262264059597449695e-01,-5.628295972340265074e-02,8.003375241761682968e-02,2.446048111208145581e-01,-6.787514623648256695e-02,-3.492563123015490767e-03,-1.958484353165480529e-01,-2.533228648049613563e-01,2.123608026139329752e-01,4.010272266038832356e-01,2.101173779576327727e-01,1.387921737480350970e-01,-2.982547625794085494e-04,1.543463269285027251e-01,1.330433956844067622e-01,-3.351112775774758856e-01,1.356341165001825055e-01,3.856129323644601203e-02,8.377341937466872834e-02,-1.654411223084443217e-01,2.296798362327650556e-01,3.313136178868237858e-01,-5.204942576304896068e-02,-8.702584820094662332e-02,-1.193843585996348100e-01,-2.363217684530884155e-01,2.240474217239989407e-01,4.744499846421949135e-02,1.814520435868187676e-01,1.309821293494268721e-02,3.186372705828954821e-01,5.000011842437146036e-04,3.283908328180954461e-01,-9.432747307613535692e-02,1.946055179679460623e-01,1.446127480143264976e-01,1.232312086198372320e-01,-9.300549526937376688e-02,-3.522401702602391826e-01,-4.043301682587232548e-01,1.901604813447433859e-02,-2.037147761256615230e-01,1.369995396436725632e-01,1.758434751376921068e-01,-2.696796942271336706e-01,-4.143567631915703875e-02
2.415120995900531253e-01,1.702472054273175828e-01,-3.031257709471817455e-02,-1.291562174696556375e-01,-1.598289597852746158e-01,-8.337752650962002021e-02,3.591234346175577186e-02,3.862109337314016677e-02,-9.698869387135072850e-03,-2.243538703941424794e-01,-3.768472238438026478e-01,-2.641114003830725698e-01,3.310632180591658313e-01,-1.902998289772471485e-01,1.134903894551462927e-01,-1.312162456215721085e-01,-3.757951497795004869e-02,-1.829059974060928961e-01,-1.781865013302483258e-01,-2.246192733282998122e-01,1.439079027225782237e-01,4.152747033175908931e-02,-1.267511702503584282e-02,-4.741801968361998576e-02,-3.169720943939851598e-01,2.895465772778418878e-02,-9.026218156175348784e-02,-2.202580497263735837e-01,-5.249454634315720361e-03,1.952997448253430621e-02,2.591605286366659433e-01,-1.592448396744942374e-01,-1.695733839531966478e-02,-1.925462984851527837e-01,-4.385056757103162478e-02,-1.520449023109397557e-01,-3.082420848382737624e-02,8.004713520883421918e-02,-1.621356732028080283e-01,-4.187472367509182183e-03,-1.567558442936346497e-01,-3.185724063497831493e-02,-1.747940999053922417e-01,-1.790641390490798623e-01,-4.816796117064896937e-02,1.823177931829521592e-01,2.115923005869162488e-01,3.373971389960333522e-01,-3.138829145181084579e-01,-6.122967604329671368e-03,-6.912763099901653163e-02,1.959879157175122011e-01,-9.373631507355749404e-02,7.901816462054193912e-02,9.617857578802867236e-02,-1.618094668354191912e-02,-3.136479770345690365e-02,-1.717735860022308603e-01,-1.976002656491030185e-01,4.415673988444890341e-02
1.565136579700428243e-01,-2.961406131386067411e-02,4.642774774052641495e-01,1.295707773434278190e-02,-1.270373407200133253e-01,-6.535695407724587125e-02,-1.178738135758582162e-01,-2.410693127511042214e-02,1.135699177663091752e-01,-5.508755833912418881e-02,3.301658866076283561e-01,3.526262746395366077e-01,-2.208336783552548310e-01,5.730454119995683632e-02,3.496452811625116314e-02,2.061844548294495261e-01,4.600905367506694793e-02,-1.779528796501796684e-01,5.087986005359645741e-04,-7.502966291179112568e-02,-1.028352845883859362e-01,-2.171047368692006346e-02,1.633078347747353443e-01,2.373471122000595790e-01,1.932646179945202713e-01,1.035664006664009651e-01,-1.042833771500633333e-01,2.373200561949885198e-02,-1.089153555890812718e-02,8.676636953739610969e-02,1.393496897311768401e-01,-2.983701791911724244e-01,-1.550404558479766270e-01,-4.151356603390055078e-03,-2.378755806877467793e-01,-9.772775429544391934e-02,-1.436307904254685575e-01,-2.046363110101993565e-01,-1.273412812214384793e-01,1.271808434964095125e-01,1.132176408392268074e-01,4.893619582116602584e-02,-4.714575756232739501e-01,-1.391983932680764258e-01,-8.429680034003364519e-02,-1.258116195833288431e-01,3.364806020039152190e-01,2.126917165134807886e-01,1.583747405071783132e-01,1.460400972852235468e-01,-5.031713714190420156e-02,-9.319278966065600023e-02,-1.318816441754911417e-01,-4.198464971681602903e-02,-2.419032013886132648e-01,7.426779466132216179e-02,1.907213544492812329e-01,-2.000789505244162103e-01,-1.597337096937548329e-01,-8.356149170508343771e-02
2.284652254907742486e-01,-1.126894578504075185e-02,-9.197895071642078757e-02,-2.046534025101961751e-01,8.697101131706841404e-02,2.306175628878580700e-02,9.031680473240665669e-03,2.969762305324433749e-01,1.941707028556239820e-02,2.536912655402493999e-01,-1.675023822036535714e-01,7.436142105113659195e-02,2.600866741527922410e-01,1.904892995571841885e-01,2.655851849733946272e-03,2.203591256926826780e-01,2.811457268588779534e-01,4.015678187128032262e-01,5.743964678775129867e-02,-1.442199450777121861e-01,-2.540106076321806960e-01,-1.114314883471172052e-01,1.790854366883473381e-01,9.464938664360408871e-02,-7.732050748787169803e-02,-2.021856370287696270e-01,8.995257051543854854e-02,-3.306772962355273293e-01,-1.906550959899407371e-01,-1.469637475004586212e-02,-2.379666212062863662e-01,-1.925725458156416769e-01,-2.787715353148252917e-01,1.572190380040554003e-01,2.383568456840499117e-01,1.303037681272904424e-01,6.403721927457971252e-02,7.842285569468462891e-02,1.160055128383382927e-01,-4.487355249449269390e-02,1.514817691762849472e-01,1.011616438385098959e-01,1.073889545624037573e-01,7.919633882821683346e-02,-1.263038670607843084e-01,-1.672427659278613310e-01,-1.111281262740552583e-01,-9.405882914591634503e-02,1.284188215556856805e-01,1.842907353084051458e-01,6.372323994181240681e-02,2.045979168074318344e-01,6.890575316907636416e-02,1.325401938349528574e-01,-2.699598645834452859e-01,6.372580494054345956e-02,4.912719743290538954e-02,-9.239169103066168648e-03,2.804186921357883500e-01,-1.573381162140178036e-01
-9.314282383510905095e-02,-8.084034408248094716e-02,1.441291150122418763e-01,-1.121929212397963643e-01,4.422473582476105225e-03,-9.896997336769075017e-05,3.867940729250645138e-01,-7.829208806881091109e-02,-4.047888462463037906e-01,-1.908982820351178555e-01,-1.185601552817914656e-01,1.144307477747561752e-01,1.225749265293389068e-01,1.685582575288254586e-02,-1.770365358721147919e-01,1.714569561197130665e-01,2.357958629428330843e-01,-3.951211698507894887e-02,4.238927605297643231e-01,4.318158014838320569e-02,3.360487242845230926e-01,6.776748110637276223e-03,-9.545714671175822841e-02,-4.358709703823046566e-02,-1.262651402734415963e-03,6.541771993945541541e-02,-1.375173386565294309e-01,-3.718501024100844821e-01,9.534391386489564357e-02,-1.369047470229493302e-01,-3.448747934034783191e-01,-1.846218301584948707e-01,-1.272234156053937415e-01,2.441953461711909162e-02,-4.298565380124132890e-02,1.494718776609091637e-01,-6.580454981829009231e-02,3.494603455468182629e-01,3.379869121138152910e-02,2.270697898994951947e-01,8.309318826429604177e-02,2.201029966828043638e-01,-4.223441067186380904e-01,3.319918048574154179e-01,-2.288694782977717668e-01,-4.019460813893315221e-01,3.847959799646073764e-02,2.844157818617875089e-01,-4.190899821570905764e-02,1.345827425226618634e-01,-5.098151781404734045e-02,2.830305105479666294e-01,-3.930302805538551381e-01,-6.112407337005274638e-02,4.308956064660917629e-01,2.598412482609863128e-02,-2.815362731689291693e-03,1.298767683632026659e-01,-4.767896401541305181e-03,-3.341699181896095050e-01
2.665941447596758551e-01,-2.591622806943832957e-01,-1.494929669852430310e-01,-3.003222021957287907e-02,-2.351120385834430115e-01,-2.596103959195912303e-01,3.215606181689163456e-01,-1.474949895673800526e-01,2.257551836001233936e-01,1.369663767278555266e-01,1.798628548925462756e-01,-7.311939697046598852e-02,9.719470982236302903e-02,-2.233031163825816845e-01,7.155032987943227632e-03,6.756399535653115351e-02,4.713408633657184543e-01,2.232255621156730430e-01,-1.523554123391540616e-02,2.429628635635091294e-01,-2.960306747059496257e-01,-2.284576042022410380e-01,-2.792542197543572760e-02,-3.372839806083578751e-02,2.034212504383657583e-01,9.045306407792125247e-02,1.825498166750495199e-01,-3.762372587093501530e-01,-3.588698674755086415e-03,8.279175302891984833e-02,1.845278491660997944e-01,-2.540672438814316481e-01,9.010036258118996055e-02,1.285593233123200618e-01,1.863827600023718889e-01,-1.748969859863516371e-02,6.799735355610636751e-03,3.453983397014505352e-02,-1.807309450122227545e-01,1.065486741885636468e-01,-1.728550432266907910e-01,2.872264646558451151e-01,-1.989020772252772518e-02,-1.103421152907613639e-01,1.383939561256749273e-01,3.913780233466278013e-01,-2.532241949027015313e-02,-1.672899786260632626e-01,-3.600718514611940257e-01,1.257098895345838963e-01,2.319058120549866153e-01,2.629916508781087736e-01,-2.271786555511815797e-01,1.936425000941338070e-01,1.575190125043285927e-01,2.542760384394177620e-01,1.270885770772915702e-01,-3.686285805010499489e-02,2.048365328607164582e-01,1.730922678220399857e-01
1.542195274787566961e-01,1.279936734661008546e-01,-1.828075528673843153e-01,-8.506351821238911093e-02,-2.246779447312580447e-01,-2.463708357877621713e-01,4.959188538626076864e-02,-1.468792586389108812e-01,4.371278125688871086e-02,-2.228895749782963676e-01,-2.263031225643984956e-01,-3.423702908062197237e-01,-7.051968039176774450e-02,8.683852764547587977e-02,6.040746332591431095e-02,-4.559326304998206209e-02,-1.936770735554137549e-02,-1.231253694978912822e-01,-3.634523307557290805e-01,1.986756477755552697e-01,-3.122727931670866153e-01,2.964540898120089293e-02,1.006398073003255955e-01,8.403502253589142934e-02,-1.842588644447752666e-01,-1.542619025291821211e-01,1.549713567320540886e-01,-2.332500728598144168e-01,-1.121596905292045199e-01,-7.861144994731612823e-02,-4.238314917820530381e-01,2.688463011540541681e-01,2.586708141837206765e-01,3.897355580253471924e-02,-1.554918808184180268e-01,1.647757838190048313e-02,-1.139044638044695440e-01,1.141764821055807622e-01,6.970753712338376151e-02,-1.793925599850892671e-01,-1.545946160578950124e-01,8.232358164931644073e-02,2.630108101653603758e-01,-8.630143871396057931e-02,1.621022410366656508e-01,1.549280146126929547e-01,-1.665461418184974174e-01,-1.122164266204531691e-01,4.945597730072697623e-02,2.463067005143622021e-02,1.452307257902384907e-01,-9.236073162625657584e-02,-2.507242615254947488e-02,-1.934007430090946555e-01,-1.210618268711448203e-01,7.786573594918427821e-02,-1.000784127017086550e-01,-3.319731171214535537e-01,1.898509882919309777e-01,2.746820399935807622e-01
1.652459976864149166e-02,2.046814510967991940e-01,7.853169928677808387e-02,-1.754105119285712944e-01,1.532976245538611448e-01,3.932119110266452111e-01,9.548745448369234945e-02,-4.267076744684272782e-01,-8.612035240443337292e-02,-8.918031476317435369e-02,-1.083286850503264453e-01,1.005500189056891536e-01,-4.211633501936436486e-01,1.787025687206298397e-01,-2.416721928674227596e-02,5.739379141606817253e-02,-1.321537808645033840e-01,-2.757674074869084224e-01,3.698219873945128577e-02,-1.881572619161550608e-01,-1.610433456868832214e-01,-2.947884562780846984e-01,5.259131075633259600e-02,1.080102655800307954e-01,2.666686202660578098e-01,3.398312196411200359e-02,-1.997439257136852664e-01,-5.256858867920650991e-02,-1.069973299710368086e-01,3.905324899656546084e-02,-1.601958887622137451e-01,-1.407446448414209073e-01,-1.149724729628379266e-01,3.753430205347062509e-01,-1.203678163637482770e-02,1.083994287467743567e-01,-1.787236630154089845e-01,-3.754001304599604016e-01,-8.820447704890853335e-02,7.878117713309505665e-02,1.655290834775137165e-01,5.520888327399253726e-02,-1.217958345855508773e-01,9.341912562630165506e-02,-9.070785330299060978e-02,-1.160524931354813410e-01,-3.180026678641744570e-02,-3.661850532435124983e-02,-1.175870179045049174e-01,1.291575810095474397e-02,2.886393895765962947e-01,8.770378306863338413e-02,-1.184851688408558729e-01,-1.127350394767640263e-01,-1.275969994729744261e-01,-5.745925348506732144e-02,2.740124790300314112e-02,2.150022028228333326e-01,-4.975161817509317352e-02,-2.613783382877304939e-01
-4.737755048969841815e-02,8.253740323228575537e-02,1.445418707620749199e-02,-2.563144760675166722e-01,8.399680455740011348e-03,2.387773607138501397e-01,2.445403584678270542e-02,-7.723155134378023590e-02,-3.180429033167989777e-02,-1.636677405883508185e-01,-1.229739086388366154e-01,-7.788140891443154357e-02,-1.401855089758177221e-02,8.311503400960953969e-02,-1.339637572492606843e-01,9.983423576885383510e-02,6.889389804045439880e-02,2.907328632329605478e-01,8.019308163544165702e-02,-1.509008406228438126e-01,2.601332668922832214e-01,1.331834932493057289e-01,3.277605444355056741e-01,6.303898086984065230e-02,-6.252853961190796284e-02,1.359764927550097258e-01,6.737163004121553278e-02,3.905762104310495086e-01,-1.143540564728660752e-01,-1.196101121641967302e-01,1.688986293524828985e-01,-2.763610499608758486e-01,1.667475103418703530e-01,-3.289775713630283538e-01,-6.883806768858632963e-02,1.715438626979581271e-01,-1.165005749168689791e-01,-2.462892684400266319e-01,-2.239630983463664349e-01,2.632350957770922539e-01,1.534821064958492298e-01,4.751289741257436194e-04,1.189375610495012892e-01,2.120641355874101630e-01,-1.089758355844608617e-01,-2.633031831651569954e-01,2.947404040903300968e-03,-9.288939908749883900e-02,-5.118472694008837504e-02,2.321546084094907592e-01,2.258979645655382618e-01,-3.851941395244923294e-01,1.103810803916538824e-01,1.661092082477553522e-01,-1.359139915602678161e-01,-1.299830165075845922e-01,8.549545616200589226e-02,-9.470596274627959832e-02,-4.011355244001336279e-02,9.544343024075663262e-02
3.106394040480325303e-01,5.272034528896867023e-02,-1.642364459631098783e-01,2.125898585016626485e-01,-1.029324370524307142e-01,1.142743662750840272e-01,1.468567425202197962e-01,2.036264411346399086e-02,-4.832273816513288182e-03,2.670655890482768746e-01,1.453280870733865415e-02,-1.889124681832261010e-01,4.125942644432523468e-03,-6.532337171074251159e-02,1.108045708585324307e-01,1.100561324387999348e-02,-2.009179346739297378e-01,1.303086847367465884e-01,1.436462372907525500e-02,1.033654379644001892e-01,4.260820115263128649e-01,2.924092141774771100e-02,-2.423833951885344395e-02,2.803657334646966204e-01,3.623962320365187173e-01,-1.272142685947701968e-01,4.236722480031741844e-02,-1.636919459323587234e-01,-2.259910477648541804e-01,-5.031334685600696854e-01,4.009400502172635189e-02,-1.106349341829571120e-01,2.443300782612486260e-02,-8.912816413705827029e-03,3.155732652058372278e-01,1.083697261421986829e-01,-2.340083824591126516e-01,4.635679665199707311e-02,-2.643490299406037192e-01,-2.486025306463205131e-01,3.643496847825811180e-01,-2.179876183171339243e-01,-1.384080864746673432e-02,2.232282125216770441e-01,3.794442928683441907e-02,-2.565066047356382439e-01,8.225094427865461966e-02,1.030665357123213416e-01,-1.968121339643119361e-01,-1.269006608984178663e-01,2.102045642400422465e-01,-6.869987921845790817e-03,3.966258139511243119e-02,-1.069541703875128702e-01,2.019589597693119687e-01,9.520091257936316720e-02,-1.101365030056475486e-01,-2.673215977134562604e-01,1.456197821207524112e-01,-5.340720711191820902e-02
1.079539752349061021e-01,-2.275779138036130023e-01,-9.270399109187646425e-02,-1.059840601306830665e-01,-5.688782956269023035e-03,-4.155251087907241292e-02,1.891525758196507812e-01,5.044055836453834735e-02,1.144695060545712906e-01,1.668348023071090647e-01,3.765453063618722784e-01,-5.788649160264349586e-02,3.116947387371539133e-02,-1.823347559423510456e-01,3.580706311191268754e-02,-1.894148089253085143e-01,1.138865177024202258e-02,1.307689692436708462e-01,-7.723867511590219725e-02,4.624160476934466302e-02,-1.117355862883089371e-02,1.399804026049430994e-01,-6.261635045798406851e-02,-1.592295344769023568e-01,2.168849284278764888e-01,-1.425417864801222824e-02,1.042069674843658644e-01,5.142828769247095172e-02,4.980371260504605213e-01,2.285344343348497398e-01,1.485904796534297245e-01,1.498468492534033025e-02,3.057609803885633082e-01,3.215030139536656506e-01,-1.533075164914178001e-01,9.489352483195597626e-03,-4.287572619654601846e-02,4.043342239631848856e-02,2.682694386285636723e-01,8.385474089202207826e-02,9.630739422924441961e-02,-3.228647144820863124e-01,-2.703431513410002318e-01,-1.384775865447597509e-01,-8.639428390604603214e-02,-9.370232813991173637e-02,-1.180597379013214876e-01,2.562289072214448682e-01,-8.913371430092156822e-02,-4.198650584288559640e-01,8.197787626040317632e-02,2.336767685509785752e-01,-4.332451706197702063e-02,3.453936728171334014e-01,-3.279829692281287234e-02,1.654586824462754568e-01,-1.673583847856680018e-02,-1.938418110453320187e-02,2.241814807466306902e-01,1.123252748749273000e-01
-4.878096410585416182e-02,1.951619753078591701e-01,-3.305465961118053686e-01,2.871698437703221196e-01,-1.926731678824355198e-01,-3.711677695599510662e-02,2.569627870946583070e-01,-9.597779273091217034e-02,-2.580989452004609497e-01,-1.969408397427296897e-02,-2.731105139274518367e-01,5.369171120165184066e-03,2.195505563530841722e-03,-3.967652762440818798e-02,-6.824633654642772718e-02,2.680744846985356200e-01,-2.562767478561872592e-01,-1.902950455108446681e-01,3.104853747717800649e-02,-2.937656065408145861e-02,4.071622623475740915e-02,-6.703981554997029413e-02,-6.510606945982620741e-02,8.840831982088991070e-02,-1.600056582163967567e-01,2.116104338407166774e-01,2.037341114380988305e-01,-4.831399038649152322e-01,-6.628715876237138704e-02,3.736236271306286882e-01,-3.728231419539068670e-01,3.875228819133308411e-01,2.393505288602931491e-01,-4.697589036020737019e-02,1.189443195197676106e-01,3.423191702196744929e-02,-1.440613331363952143e-01,2.129772050840191555e-01,-2.322350401179077983e-01,3.217211915402710121e-01,-1.924037405109060295e-01,7.180000650713909416e-02,-1.872328478409241714e-01,-1.012019199497817407e-01,1.425264242420866134e-01,-7.686334842260654499e-02,-2.340148339957004442e-01,2.024449602832591177e-01,2.301812410670652509e-01,-2.024258166360411726e-01,-2.218108414150909979e-01,2.801878022561584552e-02,4.042936637607600359e-01,1.441912593180111057e-01,9.031012230078211411e-02,9.753283056936337680e-02,8.687637786542760920e-02,1.684235887750940575e-01,-1.901199995530009623e-01,-4.477318767739576488e-01
-2.598636902194764731e-01,5.228536710249023084e-02,1.785605459841963505e-01,3.097047156849750890e-02,-2.105459888171999361e-01,1.245663067075457875e-01,7.124633072495878232e-03,-1.959882768790538188e-01,-8.087137948143825750e-02,-6.881960645637749674e-02,2.682596720712046579e-01,-4.800504185722632988e-02,-1.917841653908700650e-01,-4.406285525414455236e-03,1.682392217465787654e-01,7.777378744824351223e-03,-1.012649088483218718e-01,3.022717312796460720e-01,-3.484521307321409855e-01,-5.424080005926120579e-02,1.145657868956228703e-01,-1.214310961927036747e-01,-3.560159333199398868e-02,-1.137901543368960988e-01,-8.843708625955939984e-02,-9.005945990273328539e-02,-3.745437895716715454e-02,-1.083596679458774872e-02,-1.320552730699488808e-01,1.863536807171362053e-02,2.611631186719558517e-01,-1.199441519099729916e-02,5.042491369094903586e-03,-1.921929044853117330e-01,-9.818599086578275181e-02,5.229758191973897519e-02,-3.615218477688071641e-02,-1.178069759403723299e-01,-1.065084201823398996e-01,2.069133928404525702e-01,-3.948660254135307954e-03,-5.101043876033889077e-03,1.667446413390689108e-01,6.589178683545550419e-02,4.929149359201571989e-02,-2.627298342671983283e-02,2.023316755906099385e-01,7.481069320209733642e-02,8.072027151379224108e-03,-6.433287157210114404e-02,-9.020785323372601527e-02,2.455839997998828239e-01,-7.586316071843493547e-02,-2.922502470221841064e-01,-2.441661104073239996e-01,-2.731864890572311896e-02,-1.818243951124328128e-01,-1.796370011247815923e-01,-8.865820978795190682e-03,2.953835831109084126e-02
6.827992355716992756e-02,-3.572811375842599446e-01,-2.618122114199225581e-01,-1.023310942823767444e-01,-2.205095531170783718e-02,-2.769460563982804602e-01,-3.061038147540158794e-01,-1.916606308505517942e-01,6.370598419259335121e-02,-2.107441448038883114e-01,1.868720382116679235e-01,2.168841736320918367e-01,-4.241763926257210299e-02,2.380122772809266096e-01,9.637464451405550192e-02,-5.804131137088559822e-02,3.080202899196119587e-02,2.785331912353008477e-01,1.783015084817408114e-01,1.581594047945216464e-01,3.150092506876458510e-03,-7.274541798214388677e-02,-3.097715591195864815e-01,2.916893836770236698e-02,1.823552579875558910e-01,4.247399119012085222e-02,3.601949465260649574e-02,9.222903409351471127e-02,-1.678401952529405272e-01,-2.571695911073172969e-01,1.455363402026332896e-03,6.671514230840833171e-02,7.601519853130900284e-03,3.541403964157000678e-02,8.401220219821758928e-02,1.732444935483480955e-02,-5.214459801737312411e-02,-2.205520002103586175e-01,9.526523887082691266e-02,-2.001416168903991932e-01,-8.546108436541091646e-02,2.432964975464085161e-02,-2.284371892982972607e-02,1.314206092687471850e-01,4.882134098008145129e-01,2.467616526201598173e-02,1.938839700472682337e-01,1.332079762570252957e-01,-1.100028175395949825e-01,-1.091487556860704436e-02,2.159298564500700679e-01,-1.130000303098646491e-01,7.777812802868719344e-02,1.116348563510997788e-01,-3.372827417064468980e-01,7.787429085123787065e-02,1.636433780006743555e-01,-8.502284189794022395e-02,4.407261059417384996e-01,-1.052944361709704513e-01
-8.211817947378753646e-02,-1.325076784405134767e-01,-5.162662977418632643e-02,-1.646530463868636218e-01,-7.440421443740745377e-02,2.071182946210960857e-02,-7.297600612967554412e-02,2.120398828031414273e-01,-1.808421261933522428e-01,1.471007917781751440e-01,2.992092108842612716e-02,-6.216766987779438758e-02,1.373416837917669150e-02,-1.691891273206517776e-01,-3.091914039869574360e-01,9.808449951342865236e-02,-4.236234053451470752e-04,-1.412523529178892900e-01,3.149713725096205119e-02,-4.088432275930761056e-02,-4.558259517608791167e-02,1.177863317042783936e-01,1.325220534854001098e-01,1.191953167863954582e-01,-2.377712432821565275e-02,-1.208479864332386577e-01,-2.052861001940242125e-01,3.482282799832531750e-01,-7.285525447651505782e-02,7.182749345504518823e-02,1.783716391734282702e-01,3.318928392179813780e-02,-1.123993297823757953e-01,-1.831960485277967510e-01,1.681323528638910825e-01,-3.797290537229016105e-01,1.482331538656841141e-01,3.101252365573992642e-01,-3.094667556453956081e-02,-1.131085949668283741e-01,1.543445048929555641e-01,1.132994793682019496e-01,6.557688323659545404e-02,7.960855035930632095e-02,-3.217983149618979799e-01,1.782311790272553542e-01,6.074518476292034563e-02,4.049768501971549167e-02,-8.239714642186091176e-02,-9.974326620114182598e-03,2.138206964146704137e-01,-1.516936480184619962e-01,1.347902449536753197e-04,3.351997779653033416e-02,2.205456616080800070e-01,4.342319828794322101e-02,7.444679969183802537e-02,-1.034095342606244222e-01,1.168860651419702384e-01,1.197291803001705041e-01
-1.731175979259952369e-01,6.639223691029083607e-02,-1.132644852090562565e-01,-9.371732257894478668e-02,3.378556163799232431e-02,2.953810927363119676e-01,2.872461210251531227e-01,9.491147272352739445e-03,-5.433760240691577759e-02,3.126439660547084692e-02,2.943276092665225718e-01,2.346899961767025256e-01,1.226474054668467983e-01,-3.121305778400881858e-01,1.270245749440208037e-02,8.430175251630510347e-02,-1.076604129878688809e-01,-9.331935219188236541e-03,4.201685259951665197e-01,3.934456867845917971e-01,4.518522728941272437e-02,1.414245975385476639e-01,2.374550491580861566e-01,-6.465188381627703929e-02,1.397592601589303304e-02,-3.000687340200148823e-01,-1.712467239333945179e-01,2.668716051610158790e-01,3.088505591245180870e-01,7.161594404935167635e-02,-2.907685487465653806e-01,-3.610281458825120859e-02,-2.095029143978719977e-01,-2.437000459984207390e-01,-1.974614179355440313e-01,1.389481605389052965e-01,1.363077732160064282e-01,-3.352299643433843679e-01,2.763120024802020458e-01,2.547755351103748178e-01,-8.691014249736299380e-02,4.117962797023762278e-02,2.009108929895740414e-01,1.082554192562512202e-01,1.150623944703040441e-01,-4.452942579416632185e-01,-5.384050264722447382e-02,1.057545433041378047e-01,-2.559769029009567043e-01,1.041838434847431293e-02,1.722417709763564841e-01,4.084861631510262603e-01,6.042698064407366065e-02,2.308969607188081363e-01,-1.218753997959094865e-01,3.104700175611666696e-02,1.490722497580691253e-01,7.298599179743646415e-02,1.382155420675078017e-01,-3.438775352099554539e-01
2.011559615992373762e-01,-7.480897875395153829e-02,2.304057862882045171e-01,-1.340474119255056773e-01,1.725819626887023783e-01,1.560481789380327999e-01,4.074100564093974426e-03,-1.065934490817266045e-01,9.209621090299055512e-02,-5.911323679960471533e-02,-9.501822619015776726e-05,2.001884349595905443e-01,-1.703536960516698340e-01,-6.598237459284939099e-02,-8.205334351241880264e-02,1.799858309848491600e-01,-5.048660416604996287e-02,-2.174604743961013609e-01,-9.191286590895597977e-03,1.999619004144381207e-01,-6.861359589320703382e-03,-1.258449632070600122e-01,-1.592928758493292185e-01,-3.136242314857613511e-01,4.699794139944336036e-01,2.818038834053110397e-01,2.881353259086889551e-01,4.926889960270906532e-01,2.495688672399983266e-01,-4.102374665973991530e-02,-1.418589609315521471e-01,-1.577398438898920119e-01,-1.483761860680988254e-01,2.260718993565237478e-01,8.121479245881420284e-02,-1.368579738387879774e-01,1.242007558937776590e-01,1.025978229341076159e-01,-4.321424922790570444e-01,-1.239490341194380250e-02,-1.312789300285447935e-01,-1.357101361413329786e-02,-4.458968261994076393e-02,-9.401062870667260818e-02,1.782645697888007585e-01,8.620678197408215837e-02,-2.777106133743748595e-01,2.996808119481977808e-03,2.159052621062841279e-02,8.599502484116022805e-02,8.862547828825273477e-02,1.888115890332277558e-01,5.331105247739649500e-02,5.274808122238109354e-01,-1.095219496853753194e-01,2.410504541701046291e-02,-1.120837158531684530e-02,1.322938496389291230e-01,-2.946732114647384049e-01,2.070450422592504669e-01
-3.169218903763044715e-01,-9.067162799183056676e-02,4.078369079342010761e-01,1.748338535821936102e-01,7.299529014952821360e-02,9.506053102038619293e-03,9.810417807947749425e-02,-1.375342417456765498e-01,-3.618336881858847387e-01,2.547773093487162854e-02,7.226422531321191611e-03,2.194805256590376119e-01,1.425891537442209589e-01,8.135464815728649102e-02,-8.678390201923238956e-02,9.904482980671025505e-02,-6.919838725742236130e-02,-2.324171928886236138e-01,1.005818742959738443e-01,-9.610237395983482755e-02,8.127560072710258987e-02,-1.709335193816357568e-01,-6.933029012939270763e-02,1.779334051462326260e-01,1.159636632348720331e-01,-1.682023999735194897e-01,3.322557852633670206e-01,3.440518394053210249e-01,-1.038489206036998375e-01,-2.536659241672476472e-01,-4.096922139555411735e-01,-1.150753214939606722e-01,-1.993818785903425372e-01,1.987882137310030828e-01,-2.121720816941291832e-01,9.287232145958854157e-02,-4.040395241964277184e-03,-2.333638306451853717e-01,2.853246023073684537e-02,8.635784669302407068e-02,2.241571046165287059e-02,-3.166128810847020358e-01,6.188126020657904597e-02,2.179561695252941189e-01,-4.550176650983427384e-01,2.778260402797956274e-01,1.560456050924035609e-01,1.609065127354157576e-01,-1.448656351324490443e-01,-1.765808464951396095e-01,-1.014743611063041728e-01,-2.557501462127499958e-01,-1.901205834533953032e-01,3.359024811351974393e-01,-2.921818864122488479e-02,2.428165264022275061e-01,-1.369548355940095885e-01,-2.009314515114216382e-01,-1.461160151520495346e-02,-7.669626427476135266e-02
2.313520003557311411e-01,-3.331566349764499835e-01,-1.037086716049462065e-01,-9.987638870309118247e-03,-1.536966820431062142e-01,-2.005109595423443802e-01,-9.724102320904390306e-02,5.123211794018535103e-01,2.980464647485190355e-01,2.470489582411437568e-01,5.337876220384239062e-02,1.336510798746851914e-01,2.273164474116554923e-01,2.912211072337400619e-01,1.221359524856258927e-01,1.737677457208801624e-01,1.802993861709448198e-01,-3.028484145019592622e-01,1.558917222598051600e-01,1.560905354368824771e-01,6.845007447845122273e-02,2.095301035401866963e-01,-1.503421792649176081e-01,-6.417582205079186419e-02,5.713587919597442472e-02,1.177990772540493947e-01,-5.617844010049512921e-02,-1.664711077291556041e-01,-2.267380036671094723e-01,4.368424706661785395e-01,1.449973128915283405e-01,-3.628142300914155571e-01,8.698726956757694279e-03,9.511711423635511170e-03,8.936393780732836134e-02,8.602740217450226268e-02,1.390249275397594832e-02,-5.955806348989284293e-02,-4.556484368294079768e-01,-1.147767392412456580e-02,1.252000655534017404e-01,1.269899526887797447e-01,-3.352673810548618960e-02,-4.464103351384018925e-02,-2.039592802428944474e-01,8.024308211535766122e-02,-4.252931778288660536e-01,9.153828972031019182e-03,-5.252399777276697129e-02,5.129976622301875289e-02,1.074412753803617171e-01,2.940018379247645308e-01,1.621718278990452733e-01,2.266774231114026539e-01,1.186663637132595595e-01,-8.863233797263933567e-02,-2.515980388354466801e-01,-6.068226252182612468e-02,-2.110670271095923256e-01,-5.185111534057922078e-02
-1.962942489491012465e-01,2.413587267303947959e-01,1.310575397034410838e-01,-9.877743137096525738e-02,-1.905295422361231450e-01,1.158540786827841895e-01,-1.636718192364138014e-01,-1.756930657204981983e-01,-5.948302034428583351e-02,3.862736911100017045e-01,6.574723223423065144e-02,-2.186237384232068148e-01,1.090342608739403724e-01,2.289543849300664236e-01,-9.862837612805394616e-02,4.498153295104946880e-01,-3.212560147321180670e-01,1.049828087199324890e-02,-1.038571272153143987e-01,2.957075561044718581e-01,1.476953396412438446e-01,1.737792906766869316e-01,-2.884302886982413952e-02,8.665701156544733386e-02,-4.675566785919316182e-02,-1.214519641476075468e-01,-1.241642533475105156e-02,-1.061529228110145856e-01,-1.757818805852066901e-01,2.834042839409532388e-01,1.696030115877629196e-01,4.126958880198107471e-02,2.027511403541004675e-01,9.546110198376304978e-02,-2.066640574130467201e-01,-7.360228846485475374e-02,-5.536803049368410612e-02,-7.379264415062775084e-02,-7.894029346401260083e-02,-2.338193251019673458e-01,1.852910340883895113e-01,-2.413705595524965469e-02,-2.528526450282263527e-01,2.875273322970315834e-02,1.582451932929251903e-01,9.850846243498705135e-02,-6.053008464243520015e-02,-6.525617548999019038e-03,-5.082846514921943726e-01,-2.187773218733926883e-01,1.007296364983116810e-01,-2.013639360058131766e-01,1.857719980350237138e-02,1.374228229672135385e-02,2.347688645363685267e-01,-1.086941588928378929e-02,5.675572170772017616e-02,-3.643136446363578473e-01,3.981677534388434331e-02,4.247786872672086600e-02
1.928245041479735300e-01,-4.174798627889953484e-01,6.578235793926252850e-02,-4.692453832358774168e-02,2.791948221653596796e-01,-3.826521101722185070e-01,-1.077073109408220944e-02,1.734818244157738942e-01,2.700395507425206731e-01,2.397087452711975097e-01,-1.488656737094637417e-01,-3.179416839120736138e-01,5.131303242845711848e-02,-2.465331475920359561e-01,-1.675256918680565199e-01,-3.539890911082598651e-02,1.793581213831440535e-01,9.452721324748923626e-02,1.314983508704749560e-01,-1.630868694119992912e-01,7.178922954324676309e-02,-1.974690466897873614e-02,4.778685649467853125e-01,-2.054187100089935603e-01,-9.013686169979504004e-02,3.923618544924185048e-01,1.220033009759160098e-01,1.509332070459878383e-01,3.453712492585110649e-02,-7.334322656170011445e-02,2.554953029748271431e-01,-9.175306091278363774e-02,2.496740187778179743e-01,8.211468292201377916e-02,-8.030648882382521170e-02,-2.538706964719993353e-01,7.378387975334417537e-02,1.811120504183937607e-01,-1.308436348484736667e-01,-1.277899625343308088e-01,9.081729778485626847e-02,4.506251517787099869e-01,8.770690267291957054e-02,-4.976814451262535910e-02,3.011879584765511098e-01,1.794336051393264075e-01,1.545926881224333159e-02,2.058164500344218106e-01,-6.290285706251594333e-02,-4.796749437231278418e-02,-1.947753444533781297e-01,-2.069266529032009472e-01,-1.930967449492812238e-01,7.162710793217841321e-02,-2.010104582361516568e-01,1.662190281864980579e-01,-2.616657577268151624e-01,6.498639259719873711e-03,-1.006685993018872904e-01,1.593548015101127202e-01
7.120684266961702265e-03,2.943275686395196988e-02,-1.840055179620415926e-01,-1.908138043411332085e-01,-1.341898439902879658e-01,-8.874119623452413064e-02,1.218018868735233351e-01,-6.350613944997327009e-02,6.343128016313709372e-02,-3.012074742610369449e-01,-2.524532973802852132e-01,-3.783613984331121727e-02,-5.739091543626066022e-02,-2.772416247721515292e-01,7.496065907422755532e-03,1.805128520843612971e-02,8.602001123437925945e-02,-2.593852314667650094e-01,-7.556961333771712586e-02,5.304033737776275501e-03,-6.246527416452166831e-02,7.656482820356572128e-02,-2.932004071655343047e-01,3.130816299190625207e-03,1.760056721555087189e-01,-1.259099577472874709e-01,3.127655924111630292e-01,-4.006522369697239627e-01,-9.306062254363911546e-02,-1.189612477460183226e-01,1.233073074946496595e-01,8.107893236146735544e-03,8.629389344536098072e-02,8.429955740441917589e-02,-1.179692787118294672e-01,7.907863626827224546e-02,4.252717531356867836e-02,2.116662405862820562e-01,-7.676308651917349013e-02,-1.753342204333271093e-01,1.961179005279551357e-01,-8.785022888128214691e-02,2.019437846992370722e-01,-3.020616598940206732e-01,-3.982844129215703521e-01,4.282644706175660343e-02,3.442592882759404338e-01,-5.464144821822207454e-02,1.782827736664700236e-01,5.662022271648071980e-02,2.339857660294571706e-01,-1.537456493035718741e-01,-1.229434350600661918e-01,-2.926908971969459719e-02,5.629211655567249728e-02,-3.539433793132622519e-01,1.366978768853939485e-01,-1.199259866497133509e-01,-8.381320745562606533e-02,-2.133183144585626967e-01
-1.614314415717101048e-01,-1.424059371511982378e-02,2.264728526441567580e-01,1.218582904304023329e-01,-1.110211248366087602e-02,2.225759920942314563e-01,-2.193405683289590402e-01,1.731835718547552472e-01,2.748622780833782642e-01,-2.880523164685110382e-01,-2.781647263267162384e-01,-2.363305234905017649e-01,1.637080396878387023e-01,1.577262207521122617e-01,-2.492574180152058450e-01,1.888915361023427719e-01,1.423793710377770361e-01,-1.002979376958889057e-01,-3.944215292843707144e-02,-3.356761693662872054e-02,2.440817860442264231e-01,2.714086303091843289e-01,-1.191562241617756673e-01,8.507984206464078158e-02,8.135336312653572433e-02,2.742183147953112243e-01,-2.064044875644159283e-01,-6.011483010189433429e-02,-2.127362469643159781e-01,5.970552584455598305e-02,3.746441742178696077e-01,1.005043767122073273e-01,2.567692273951215354e-01,-5.889870750798387395e-04,-5.795963391139757892e-02,-1.247878245613657650e-01,1.691958082011728037e-01,-4.423625761670865525e-04,-6.612206234563342000e-02,-1.909602685458116345e-01,1.260693902085098239e-01,3.935184549752668293e-01,3.473771344906521896e-02,3.701760982529235522e-02,-1.894669451134033678e-01,2.149980705392585123e-01,-1.114070372497466457e-03,-6.038421612064959025e-03,-1.217269398821673176e-01,1.757036970270328680e-01,2.852791562407818726e-01,-9.796954484851845557e-02,-3.373620407313670383e-02,3.941516045282248554e-02,1.143999163787041973e-01,-2.336447481499453471e-01,-2.334820899405804645e-02,2.136301616444201967e-01,-4.485709075087928599e-01,4.872947535357063376e-01
2.509355382800307344e-01,7.929004389524240901e-03,2.327135278723033857e-02,-2.397166214490856484e-01,4.938226860531043372e-02,-1.362853383133502960e-01,-2.263799198132479817e-01,4.157980267819715026e-02,-9.009388831577706119e-03,4.938020701456833500e-02,-3.001046142219384594e-01,1.760311601443299290e-01,7.260056095224949602e-02,2.672150272573959873e-01,1.624938778707174236e-01,2.152867140242499810e-01,5.204663569321558991e-02,4.967620891997839849e-02,3.153346097877257059e-01,-8.809235898324319081e-02,3.137524931267988704e-01,-7.016146303243143978e-02,-7.476300580980702049e-02,3.227823548165426049e-02,-4.512620289195795609e-01,7.699080528003335311e-02,8.261736820662443637e-02,-2.272061076976677751e-01,-1.906370638085615743e-01,4.434707774825809301e-02,-1.433992471124653778e-01,-1.050527307521016140e-01,-1.858925214919220359e-01,-2.018104475306394252e-01,2.938214701916725541e-02,3.344793654067454262e-03,-2.204075866636387160e-01,-8.259577180096744353e-02,2.713389077757782930e-01,-7.263022542915224811e-02,1.920497161131690198e-03,8.237845090154992389e-02,2.205974702419858935e-01,-2.649740981817655938e-01,-1.508700532868443855e-01,3.431548803460206243e-02,-1.509759727314247679e-01,9.002390435874471630e-02,-2.259780744094434524e-01,-3.394160485690082829e-02,-9.675824994010100155e-02,-1.674082658182808048e-01,-1.424646822240561161e-01,-2.137653331599490281e-01,2.798845478763179462e-01,1.018906579186162620e-01,-5.331454689175167683e-02,1.866742115895722587e-02,-8.683276783480702032e-02,1.055280378135192015e-01
2.774850991397144750e-01,4.055211183472334779e-01,1.760861718482592819e-01,-1.193576947598698756e-01,-1.588378578838422206e-01,-1.877463160444433066e-01,-7.898825205229342838e-02,3.204775004942623240e-01,-3.918262613712220621e-01,1.375143078072919856e-01,5.706709676879456739e-02,1.968700457049784580e-01,3.915227897162750215e-01,1.210947393841117423e-02,-3.512154645269878472e-02,-3.714867406967407026e-01,-1.995244546388462159e-01,1.404215001778728357e-02,3.492633983282406041e-02,-2.001327354680121351e-02,-2.371194232989206063e-01,6.283575529539822679e-02,2.911690426546720452e-03,-5.297065830174438883e-01,2.601585483447554359e-01,1.783438048173489887e-01,2.340761152757950183e-03,-7.838545971489004061e-02,5.848652848649924657e-02,1.311933196358941733e-01,2.877718472335432515e-02,-1.257964392963492328e-01,-2.883441662945890327e-02,-5.171518370074890125e-02,-1.276429615847665677e-01,1.424891634353684100e-01,-2.693880705612310411e-01,2.652615042563158942e-01,2.475035637912011699e-01,-7.605074550146359580e-02,6.101733058745352489e-02,-8.323910777891804780e-02,-2.097609588416081972e-01,9.101927986282257188e-02,-1.296854099930417892e-01,-6.689339682599307335e-02,-1.273544833644114083e-01,-1.142096164620843846e-01,-5.998275129687864748e-02,-1.089606741091612568e-01,2.646867014018194908e-01,3.147112437931193912e-02,4.984814144153835308e-02,1.409122646092444420e-01,-2.872528179165120266e-01,-3.907498604603177883e-01,9.592703196589934256e-02,2.733595148933204433e-01,-5.005094612977253332e-01,7.360925086682792995e-02
1.123906479624633692e-01,-1.145353688838774975e-01,-1.087861494755566066e-01,-1.892331872862629827e-01,-2.252858422233922631e-01,2.533750995106870962e-01,-3.159288012118123268e-01,1.944660058881395870e-01,-1.681046889439716807e-01,6.699314325031115180e-02,1.408451418166048741e-01,3.116061106943816481e-02,3.284433071520421743e-01,-4.233510174305866736e-01,-1.300662144823542532e-01,1.167417178591328292e-01,1.801706694189832425e-01,-8.035653492590313918e-02,-4.354124754153525234e-02,-9.371442569772514553e-02,-2.886983831971794492e-02,4.017024327857386667e-02,-4.691332489096990410e-01,3.904469665721758131e-01,-3.460272949224539318e-01,-3.546012891422193891e-01,2.306278903114997170e-01,-1.648837011917471673e-01,-5.242439620843792891e-01,4.523321365592213039e-02,-1.253745381217576949e-01,-3.384340469286956643e-01,-1.148158114880368785e-01,9.347204611712876809e-02,1.043700738191363914e-01,2.936404219622910095e-01,1.017514714055544889e-01,-3.342566026874398133e-02,-1.948453853357443727e-02,-5.914770866794281240e-02,5.976096141392374383e-02,3.137717214109962405e-01,-6.192130483286966136e-01,1.223446112723742402e-01,4.607952035573818772e-02,6.559913288240301621e-02,2.338636188712204383e-02,1.310104144902763113e-01,-3.845998246443055324e-01,-1.908196113399356908e-01,-1.333232204537083132e-01,3.459174869158144761e-01,2.725898825393994196e-01,-1.927275057056387821e-03,-3.701458996969454740e-02,-1.705278522981748812e-01,-4.787725451886711003e-02,2.560615552800773465e-01,1.569609244813458537e-01,-4.199005059420126140e-01
9.338136710497066395e-02,-6.566707706758417862e-02,1.163781243153501066e-01,2.640617408876347882e-01,1.230064424158492792e-01,3.296461908702598698e-01,-1.772266922813771628e-01,-6.999331557636262469e-02,2.035354582160513459e-01,4.374087689023888892e-01,-5.634353460181592416e-02,2.196466019450922236e-01,1.824391064496190262e-01,1.995347663851691072e-02,-2.882406971321260780e-02,1.901084520136933909e-01,-1.525914194713545169e-01,1.171251455604543218e-01,2.865060779502916488e-01,-2.497302842643586429e-01,2.489098188514727791e-02,1.974804223084390686e-01,1.413555217441403167e-01,-2.008833055647226140e-01,-1.527698700923079134e-01,-3.255898764991415478e-02,1.427465611804697165e-01,9.169054581904741152e-02,-1.317609775042995479e-01,-2.710543526671222447e-01,-9.038940978300860629e-02,-1.486324138304377374e-01,1.515755702583785336e-01,2.941817010603601790e-01,5.596377614264012867e-02,-2.140737630361483901e-01,1.097956233589064967e-01,7.396677280095884099e-02,-1.070010666653527787e-01,-9.151011178183113270e-02,3.490892551291532864e-01,-2.251515920301535301e-01,2.507515128692180406e-01,-2.572045965394901268e-01,1.430772071945473067e-01,-2.777932139615413298e-03,2.843778338762466967e-02,1.263080418912179703e-01,6.519511850136620879e-02,-1.481751248159252077e-01,3.459101300410120233e-02,1.809481881120813540e-01,8.743318625203357064e-02,5.087287350300269406e-02,-1.880523037984727086e-01,-2.534146782231158079e-01,1.199081281195617243e-01,2.617288444484168197e-01,2.702737713558672206e-01,-1.453290354030042919e-01
1.662285133333414322e-01,-7.681145018127921373e-03,-3.300075600708729517e-02,6.061427285643498225e-02,1.751493248226318467e-01,-1.663533928679670759e-01,6.985153810905135596e-02,3.160134750799569736e-01,-1.313488744128702146e-01,-7.203860660782145098e-02,7.261100735490297331e-02,1.225311786120976409e-01,-2.848221881967016866e-01,-2.708174259689771768e-01,-2.460202633319138743e-01,1.673749175718485666e-02,6.104979538622307134e-02,-6.281910665295351026e-02,8.214180114079108752e-02,4.320221363656510938e-02,1.053771518832324373e-02,1.088470993210601846e-02,-1.802157473479279459e-01,-6.245844532968687635e-02,-3.258934288206353780e-01,9.283823879218454367e-02,-4.482090393875863554e-02,-3.502597968238353454e-01,2.381885999303299251e-01,6.430386126202292107e-01,2.810637399194614305e-01,-3.129907501703423356e-01,-1.171120611401527817e-01,-4.683228432198293656e-01,-9.687657588636908179e-02,4.699506982359225038e-02,8.582107094688701254e-02,-2.005569024270467404e-01,-7.901857089148321689e-02,-1.125701802678447626e-02,-8.663212401459544076e-02,1.623270251472790360e-01,-2.539000054534791828e-01,-2.911722696829695534e-01,5.142422551597532893e-02,-7.330184167185956057e-02,-2.373193744100821068e-01,2.601143610796867733e-01,-1.542380595910752827e-02,2.737995846391301225e-01,4.304897771480176161e-02,-6.397822292821628287e-02,3.144764910396077862e-01,-7.209690130821003184e-02,-5.372212570949634614e-02,-2.052941205436566163e-01,-4.016087659701743640e-01,2.489257906770895867e-01,6.635552470139971515e-03,7.331137501924242517e-02
3.161474535333571589e-01,-6.168281597918238990e-02,-1.644286682021564583e-01,-1.801145781557351722e-01,-2.831284999407949199e-01,-6.484523833333014076e-02,-1.798399206830351704e-01,4.033406210037206452e-01,-9.307166212930398363e-02,-2.984537691924092906e-01,2.501640470334564048e-01,-2.033206368839075573e-01,-5.654428511265389978e-02,-1.422732110329154032e-01,-9.706394412908994629e-02,9.592560918381386192e-02,1.149112376661264555e-02,2.525399097721182096e-01,-1.613871834505310188e-01,-1.516515995994352495e-01,-1.120519556718155840e-01,1.188820644248811398e-01,4.774167065146951716e-02,1.796113011211680210e-01,-2.720179769455696728e-01,1.946154151153116352e-01,2.807943803641569369e-01,-1.433186111526108808e-01,-4.222376212885386448e-01,1.526340414606940088e-01,-1.511915782249284622e-03,-1.822237244177543070e-01,8.885471410184533902e-02,-6.153699632182295376e-02,3.250519639324996324e-01,8.785035345220591763e-02,2.822693426199361921e-01,-3.283113724462800587e-01,1.707326098972911099e-01,3.059403700628041123e-01,2.236997952191101258e-01,-8.885801055369721424e-02,1.674854103805014094e-01,1.359330288676194234e-03,-4.932812706345138798e-01,-2.263517119408185382e-02,-3.481877604450624442e-01,1.998761751953148560e-03,-6.689197784101397551e-03,8.289018149443520833e-02,-1.525298887319062879e-01,1.331465329644602180e-01,-1.012702490733621286e-01,-1.832728895574641317e-02,-6.726562251459475283e-02,2.344260524368166898e-01,4.752075356805360307e-02,3.014911739997040430e-01,4.548329517041414111e-02,-5.530867644833364904e-02
3.075187090640103538e-01,-7.740297585236564915e-02,4.902710356579639273e-01,4.869385005826708246e-02,-1.230015663810188620e-01,1.363348393436773220e-01,8.407906323168493068e-02,5.634033840644508961e-02,-3.251325222277594018e-01,-1.182120200075565120e-01,-9.614585917612698818e-02,4.947221509683158436e-02,1.646573496208671716e-01,-3.168908892483580930e-02,8.045801892007853340e-02,8.930172134853871235e-02,-1.044894626357604911e-01,1.709548838012421856e-01,-7.276655576161226990e-02,-1.537585721404097494e-01,-1.780682031261002773e-01,-1.779001669629969307e-01,-5.934874825728064796e-02,-2.052834925777326236e-01,1.781125373417823954e-01,2.000257186312968116e-01,-8.948561294903334407e-02,-2.891740441527989036e-01,2.075909694917933146e-01,-9.438591526948980626e-02,6.014934847604480606e-02,-5.489712456375247379e-02,1.591349149925773768e-02,-4.329003433075759993e-02,1.688556867304980003e-01,5.704059282640059486e-02,-1.860199138885273995e-01,-1.280506722014790599e-01,1.227739966223177354e-01,3.229589077739377645e-01,6.123038421282002430e-02,-1.615003769743777462e-01,-1.645566675371734899e-01,1.130960900954946641e-01,1.689513263102893903e-01,4.305601612937515199e-02,1.124055053142263283e-01,6.562965741349854887e-02,-1.220132409702073123e-01,-3.249095786051036522e-02,-3.939497322661296708e-01,-3.729195868702852440e-02,2.706394819878061297e-01,-1.425457152833313826e-02,-2.669700836412974843e-01,-7.968164404192756844e-02,1.726374798715474279e-01,2.889077270561363209e-01,-3.059200086247078620e-01,5.267846724746391013e-02
1.952627846064130535e-01,-9.397243865249471639e-02,2.911460284979722757e-01,2.985527156243573607e-02,-9.588953960800075671e-02,-5.721710952818192912e-03,-5.870150607163118067e-02,-1.207329446025980219e-01,4.178218302663398720e-02,-6.675554776658534917e-02,-2.018279708026880087e-02,1.016095739723092556e-01,1.914252160289514892e-01,4.013078064183914911e-02,-6.168965588238850550e-02,-1.796721057134464117e-01,-3.477662490365613368e-01,1.795818309008588298e-01,-8.031579715848499723e-02,2.842400545485980756e-01,-2.798226230257435110e-01,-1.613390600336771230e-01,1.259953291929784558e-01,-3.904556403945909082e-01,-2.477650905501329048e-01,3.060613877173522582e-02,-1.961215092360332063e-02,-1.531517173574882817e-01,1.318523326183999866e-01,2.704455966931070335e-02,-2.600918902784268294e-01,-2.528168682464794759e-01,-3.235051354865660367e-02,-1.100447023971414390e-01,-8.396680660309630440e-04,3.409062299290677341e-03,-2.446225747547190604e-02,3.384846341180358098e-01,-1.056865616475437530e-01,-3.256021800849849546e-02,1.003843575008007694e-01,2.740171880937510712e-02,1.899012681674812075e-01,-1.403047987781069761e-02,-8.386809295870430170e-02,2.464601910361507997e-01,7.967943909658418977e-02,-5.048615519391781437e-01,1.654092274217374148e-01,-2.838339565795990338e-01,-2.949178024073754179e-01,3.941790570911938296e-01,1.177472408680782373e-01,5.013708070757783020e-02,2.433320093096070502e-01,5.614464982072596422e-02,-2.646263874099205604e-01,-1.148020666417813168e-01,-5.366489973207252268e-02,-3.621635206083486658e-01
2.713680599882584144e-03,1.639251762254434752e-01,7.599443821749438110e-02,-9.896384679597821851e-03,-5.800652503571802898e-02,2.803476491831703443e-01,2.073915026289131214e-01,2.131007883227343525e-01,2.798563981881297402e-01,-3.136885456045720305e-02,-1.184918882962649953e-02,-3.068427695022805102e-01,-6.108246563393158329e-02,4.872490099032510819e-02,5.296503147243609988e-02,4.510343807864397592e-01,1.090708029202385188e-01,1.505882546853898885e-01,-5.486384314581258664e-02,2.027773037663362782e-02,-1.740567758326778680e-01,-1.534708757991165226e-02,-2.986180469895830664e-02,1.603507616764763832e-01,-2.832118443347724779e-01,-1.304685885197911510e-01,2.758543867110675452e-01,2.173803381949691513e-02,-4.245337232499938329e-01,1.635943747515139768e-01,-8.667548275913369848e-02,7.335291326048831891e-03,-2.011675674568548511e-01,-3.029854805431273640e-02,4.282139574934966386e-02,1.993418698274491418e-01,-1.465824579456140309e-01,-2.872331994576318714e-01,1.255329607139876458e-01,-2.299476512810317563e-01,2.021834338952769872e-01,-1.198867779177442416e-01,-2.019402822316652135e-01,1.120740228210006240e-01,3.090831787669465897e-02,1.692889041723197319e-01,-9.862647474473373865e-02,-5.465973903066746742e-02,-2.520814183566349453e-01,1.337799793634196210e-01,-1.368592815776328853e-01,3.581743642451976628e-01,-2.904417326717840392e-02,-3.747113616663111935e-01,-1.708904098989366127e-01,1.609501859345537911e-01,4.823532075944340636e-01,-8.822712449753303959e-03,-1.909457685079588574e-01,-2.799628673852277982e-01
5.474378999148630381e-02,-3.530352256231390762e-02,1.384336950125370780e-01,2.934196035835988092e-01,1.381996126857495434e-02,-1.145958595193914131e-01,-2.094635334164121621e-01,-1.380412538885288087e-01,-7.553267264965390915e-02,1.146855014339871470e-01,8.659792579156681824e-02,9.471386801324081783e-02,2.146364632822319041e-01,8.853867244429100558e-02,-1.523261523692364706e-02,1.015811417809292516e-03,-2.010988238411918483e-01,-2.605028127772896981e-02,5.503533111900285046e-01,-4.120445461221733038e-03,3.566758073178687427e-01,-1.438585842068584864e-01,-1.560760471025184407e-02,2.210268583351511773e-01,1.103835333339634045e-01,-1.319435523845835789e-01,1.187007772044957297e-02,1.281240375990372327e-02,-2.715774484218060336e-01,1.604500027265209905e-02,-1.115758456344650984e-01,-8.380395403342112692e-02,2.761231106117690848e-01,4.973798453498014943e-02,9.666007962917391727e-02,1.044356961007312512e-01,-1.180286513061755971e-01,3.010083107409288750e-01,2.124391318466277156e-01,-2.605617325575589893e-01,9.303936843307651638e-02,1.245602303660283405e-01,3.221596360313503521e-02,2.693902949257711010e-01,-1.314519947211136297e-01,3.816783418354974811e-01,-2.229308492541356157e-01,-1.270020398904257442e-01,-2.376534400726753871e-01,-4.626188512970674446e-03,-1.493579445025729549e-02,-3.660205070104106673e-01,2.165028907595231422e-01,-3.991556040161192351e-03,-4.564310200696220510e-01,-9.470609827477731446e-02,-4.785742100863579068e-02,-1.328657386782424454e-01,3.100002069064698995e-01,1.551894679107187203e-01
-3.473735212373192660e-02,-1.333233550025418324e-01,-2.398197577122707647e-01,-2.202600493671740267e-01,2.324921098949550569e-02,1.517102572926868065e-01,-4.526336854587272029e-02,8.718447689680378088e-02,1.563178626577511332e-01,-1.865676629074323745e-01,-2.122203194207288313e-01,-1.565422288417865904e-01,-1.876754209131640816e-01,-2.710567958244915476e-01,-8.651401729541693952e-02,-2.463854197104037996e-02,-1.399272653179093606e-01,-3.329695790087499052e-01,2.093751395916324254e-01,1.142100027065755946e-01,-2.274608297420942574e-02,-2.650274707008380970e-01,2.196106973432922493e-01,8.255305438940162277e-02,-5.716536044332738709e-02,-1.211148738907585065e-01,6.189201575579213188e-02,1.258768245111575590e-01,-3.147448203352419815e-01,-1.679282811136888764e-01,1.634056296991705237e-01,9.563451578229995031e-02,1.187951206357687195e-01,-2.358135854296632972e-01,2.636962614838778696e-01,-1.036918560919952714e-01,5.028608499225545314e-02,-8.251786286321868835e-02,9.654507045312796243e-02,-2.123003187759775479e-01,-1.259078312937238486e-01,-1.399511799526831878e-02,3.021308628360493409e-01,-1.563117353809744259e-01,1.874741308912142856e-01,2.271804197577219353e-01,-2.908381124732496367e-02,1.851594773387370829e-01,-6.567924023549939760e-02,-3.684395140970678217e-01,-1.547938784900607101e-01,8.612862905648679956e-02,6.183335805246858996e-02,-1.301241023579866561e-02,-3.295720137860075338e-01,-4.225291517203216829e-01,3.969482466678805332e-01,-3.223116010067436643e-01,1.803220946009825854e-01,5.236249250435977276e-02
1.072505756622782191e-01,1.013534000462882612e-01,-3.149743084218155631e-01,-1.131310498776152001e-01,1.842846102091112021e-02,1.495898700283599947e-01,-8.361464329585208133e-02,-8.265979986375344979e-02,-3.267613765706395279e-01,1.097821079723989984e-01,-1.741549327222521176e-02,-5.274639504801008349e-02,1.679646743647841556e-01,1.862516959634567260e-01,-1.072533623252797386e-01,4.081113059494975376e-06,-4.359880172384315022e-01,-2.670599175294173233e-01,2.248537334947753319e-01,4.777442771163215030e-02,-9.165343076818754930e-02,1.065531556270554042e-01,2.003790814943036958e-01,1.708580288622934540e-01,2.172784361171018475e-01,-2.003597763803433851e-01,-1.163547738972502479e-02,1.992462958528255779e-01,-1.749051542002484291e-02,1.515926583151445961e-01,3.327283697313042354e-02,1.563989666176648224e-02,-1.220192741841092249e-01,1.755783487802465570e-01,-1.483455033161925063e-01,2.431894236024268741e-01,-6.848968276207359485e-02,8.264638181892249025e-02,6.694845151794198701e-02,1.194048529788975105e-01,3.987702892035044355e-01,7.940674308598125175e-02,3.920020366612101542e-02,2.344575313202680034e-01,1.190917595221115677e-01,-1.419973065242619015e-02,1.716826492526240533e-01,-8.510431350210627410e-02,5.845156771998041151e-02,2.115028835139322605e-01,3.380987041250462788e-01,-1.094198766530496414e-02,1.328861469003598805e-01,-1.181782851905324588e-01,1.887572870098882249e-01,2.808573286813853542e-01,-1.918040743347492749e-01,-1.873267875918653014e-01,2.486457583806066240e-01,8.147342818255121077e-02
-1.001674727728508324e-01,-3.004801848639351847e-01,5.382317749967512333e-01,3.478677218513548386e-02,-1.027071023195062216e-01,4.197567220792660092e-01,-2.336072981922541203e-01,7.635197337072927026e-02,1.685733371366792688e-01,2.435716369479827004e-01,-9.298317528950703070e-02,6.984995363551309289e-02,-5.656951045670041006e-02,1.326645138618248176e-01,-2.255439804338449927e-01,-1.286570045123653361e-01,-9.751590506299272210e-02,1.293671664265019228e-01,-1.930029090218769033e-02,-1.047120506506634269e-01,2.281389869515672297e-01,1.134880823294006219e-01,-1.331808567556911904e-01,1.274361950101665086e-01,-3.425429791201597962e-01,2.524786574516573595e-02,6.289343341868237902e-02,-1.739513505278696831e-02,1.671058337949248296e-01,7.297257982575908186e-02,-7.095014353051928846e-02,2.746318937428216533e-01,-2.534265201725257599e-01,-9.548423908034711638e-02,1.150340648720315634e-01,-2.659530801725823457e-01,2.001280859822289135e-02,1.742760660754188728e-01,-6.929329143088190646e-02,-6.179805833501672563e-02,1.943829662650221890e-01,1.926456496728939649e-01,2.078032461114702190e-01,-1.504051414292839062e-01,7.934497687043860770e-02,8.217340761497904378e-02,2.440598751165474756e-01,-2.964250533344641239e-02,5.100105274040991343e-01,3.456596564311358033e-02,3.485609188177971052e-02,1.305863540636188411e-02,2.242106302567896114e-01,-6.652698727282457813e-02,-2.709107372369661260e-01,3.479144288029543258e-02,1.323379865659636001e-01,1.049749900427465743e-02,2.436703377525427025e-02,1.703651208318228139e-01
-5.450066341249411306e-02,-3.437444588169021042e-02,8.511627256068585168e-02,3.130391766771568607e-01,2.668235422281003411e-01,-5.827103394667295516e-02,-1.645683968845812386e-03,1.215204955172382029e-01,1.092690516880446133e-01,-1.151306703829977490e-02,1.371211243375468347e-01,-1.801635669844918741e-01,4.541515857514977217e-02,7.327748235706828261e-02,-2.073898463806859438e-01,-7.472976513498390261e-02,-1.268355602359698131e-01,2.236389597279499208e-01,4.726018601121682178e-02,6.727251440978973887e-03,1.707507666054859374e-01,2.282816952213423678e-01,3.617486232382459699e-01,3.361227171523505919e-01,3.559847847393482478e-01,-2.263692693590008409e-01,1.069891698776423150e-01,1.727030873409896028e-02,-3.740694079434939839e-02,-1.723706196585839123e-01,2.310998987688702155e-01,4.269613522225134891e-03,-2.366948488095941827e-01,-3.457860890667383003e-01,1.297473569611106159e-01,1.160228720800622337e-01,2.526245367140740328e-01,-1.629134234954971450e-01,-2.016096395208908376e-01,1.479503471816155658e-01,-7.136448055279609112e-03,-1.099633761119900299e-01,-1.073180935221602628e-01,-6.535680456836497065e-02,-7.686262184685255065e-03,-7.416235618585305389e-02,1.070991931720154805e-01,-2.825892458708657573e-01,-1.338543329513207092e-01,1.566953713973512907e-01,-2.047457584921679175e-01,-1.351984502276083466e-01,-1.949992989556067341e-02,-3.563752667376764993e-01,2.325322598812796515e-01,1.994959529472271897e-01,2.393345488234172314e-01,-1.531867612486299546e-01,-3.379017290605471624e-01,-1.225338505758605673e-01
1.608532623988531696e-02,6.909487990079328512e-02,-1.064556935683309280e-01,-1.515183614431564185e-01,1.777258831181742771e-01,-2.160678005521180778e-01,-1.788768594712422111e-01,-3.110190294203493133e-01,-1.702640476596076480e-01,3.316406575433429593e-02,-3.758753864984560877e-01,3.045525074492158590e-01,-1.411646556115024875e-01,-6.987933528868717041e-03,-1.639076882076266339e-01,1.642844632050307896e-01,-3.666671415967663605e-02,1.567118630472981097e-02,-3.380999882852499944e-02,-3.172556154662015127e-01,-1.382806724427082801e-01,-1.871487812398339445e-01,-7.048408823929594447e-02,-7.435273785025948989e-02,-1.184691050635120063e-01,-9.486129757503332371e-02,7.427858115470295508e-02,2.974987217953758423e-01,-3.600531566808701234e-02,-5.410330997159327332e-02,2.359566218371866864e-02,-2.067261503676235124e-01,2.291840978949940405e-02,-2.550766522788263657e-01,3.094787977828073466e-01,1.345288375246403711e-01,-1.950342199502096696e-01,-5.470135504363958512e-02,3.346731738868972961e-02,-8.617849775791239231e-02,9.962200542522851865e-02,3.835969118518875454e-01,-1.502423700713850785e-01,-9.566597437324146636e-02,-2.736620579052436580e-02,4.659290412279468857e-02,-2.891661518516663865e-01,-1.706560628844162597e-01,5.659876577488515137e-02,1.432234798086937100e-01,-3.047288420284594707e-02,-1.749211737417736418e-02,4.053611914519425485e-01,6.958948406371881501e-02,-4.398184455584023059e-03,8.950327510145772089e-03,3.895135129327824408e-02,1.024468909987775733e-01,5.488227369149165785e-02,-2.936353021333125146e-01
-1.662713891562323520e-01,7.301392937258574523e-02,-2.107780993178043905e-01,1.108367368209929038e-01,-9.061214215632903968e-02,-3.954362407047089523e-01,-2.026599047638806272e-01,1.069094429253927975e-01,1.117115902710886718e-02,-7.971189123674712884e-02,1.427903556483437440e-02,4.614410550043993725e-02,1.285809732015175122e-01,9.617208240199882907e-02,-9.776219754229958925e-02,1.297888434523047398e-02,-1.890119095595048371e-02,-5.985247464038012666e-02,-3.658413251917680964e-01,-9.627985199036974417e-02,-2.314024345388286386e-01,1.056331200420091918e-02,2.548177942738888251e-03,-1.761535672572250577e-01,1.062638883829017111e-01,4.941828607169560655e-02,-1.386154859232575087e-01,3.524983113335097840e-01,-2.657010683239452997e-01,-2.028684721248905781e-02,-4.958023538655524469e-03,3.540981390809246065e-02,-3.800345817374548574e-01,2.238046981270345182e-01,-8.971829952077114978e-02,1.844234401249969235e-01,-1.634057622877490845e-01,-9.555374834335347844e-02,-1.482201782270332335e-01,-7.326332160899182155e-02,-2.834890230273183209e-01,8.354189314417533041e-02,3.577833654984999973e-02,6.572302667736165671e-02,-3.087755769954542151e-03,-1.645345783323461791e-02,-2.218601016929742653e-01,-2.026004812873364591e-01,3.202433550876270796e-01,-9.051021122687777365e-02,7.278732163118287191e-02,3.205103515746847431e-02,2.276593278105529250e-01,-2.609478488647832273e-01,-4.954516622693884431e-02,-1.603929813831033238e-02,2.869919725488516704e-01,-1.832691190034272527e-02,-4.712537118107008871e-02,-3.343975977941041622e-01
4.489695253255050755e-02,-5.193246382892854202e-02,1.371446760057142000e-01,1.253363199433108754e-01,2.605972948023974056e-01,8.805936852756918176e-02,-2.122946401147868534e-01,5.953614956376642592e-02,-7.965086552430745981e-02,8.086808978916801283e-02,1.211468621505509685e-01,4.071547318362538914e-01,-1.164287342981328993e-01,-2.170132069904458505e-01,-2.971746188974968006e-01,-4.188508089610104568e-02,-2.947756227554996361e-02,2.596649856007410273e-01,1.198029812239436581e-01,-1.584621853053438251e-02,-2.764137477295712242e-01,1.375299070490607345e-01,6.554343301012943539e-03,-5.690486697354235623e-01,-2.092345847382062196e-01,1.455315431870573550e-01,-1.817617390606115213e-01,6.895591266420979248e-02,-1.698620286608070740e-01,5.145196763234333170e-02,-9.260501972852289154e-02,-2.080779400370143806e-01,3.945514358870812199e-02,4.269227203551290151e-02,-1.703749023868479928e-01,1.884222819792620018e-01,-1.203778196933185524e-01,2.466817415465570595e-01,-2.376188552482040861e-01,-2.642812423554014023e-01,9.879422905917910336e-02,-1.347748488477707451e-01,2.694320904566479546e-01,-1.525932495221480889e-01,-4.623997765572359503e-02,1.610308962757006079e-01,6.317204143626305168e-02,-1.344319754021686686e-01,8.493448587882684864e-02,-4.209085801226222778e-02,2.408803350576809721e-01,5.732093359915837322e-02,-1.380244403460522962e-01,5.856521667077265597e-02,3.335379741448983859e-01,-2.312875662001335486e-01,-1.322637832415278214e-01,2.538028965330118014e-01,-2.012204078826738685e-01,-7.665306177564261414e-02
-7.476305558715938548e-02,-2.149453182029573139e-01,1.523010073670913178e-01,-9.969360226786193324e-02,-2.983278830792897574e-01,-1.481319073717023982e-01,-7.878262259537302525e-02,2.496089118137339580e-01,-1.821556552259786521e-01,-1.979396059250181431e-02,-7.658070348851046816e-02,-2.271574513693214448e-01,1.552620634031109670e-01,-2.947799988389688264e-01,1.275291549393641477e-01,8.050900968816138148e-02,2.485378802491878536e-01,-9.648854328004885246e-05,1.134570409706238819e-01,-8.466956864973451680e-02,-3.004508969399400375e-01,4.758946604018965409e-02,-3.649486356491272732e-01,-6.848161531987338735e-02,-4.952380064248484426e-01,-2.762792362802455326e-01,9.831346379567448834e-02,-1.055958039650890107e-01,1.346221663554066916e-01,-1.218224197928086949e-01,-2.411729700442103719e-01,-3.565913547652929672e-02,-8.405152321078945485e-03,-2.504848489710345127e-01,-9.683358646694757710e-02,-1.455275893552596678e-01,-1.481957790176034739e-01,9.006711540005193917e-02,-1.666120010160009879e-01,4.427057277201703472e-02,2.408711357472994585e-01,-5.647440275245385610e-03,1.766437296666727511e-02,6.689005118147643703e-02,-3.521769129355575151e-02,-2.384739973427927109e-02,-3.813623268255657006e-01,-1.787178932550319566e-01,-4.743439720988861796e-01,-9.663797805189719425e-02,-3.786299853968182888e-02,-8.803570070865493480e-02,9.016205878413804942e-02,-5.187394637132437814e-02,-9.580528662454371180e-02,1.827834309116848632e-01,-6.586110344359324964e-02,-5.344198445274342228e-03,2.959040673959834056e-01,1.974151661220948095e-01
-1.157701123511908070e-01,1.043910278497286737e-01,9.680857558767856641e-02,3.889919430673957068e-01,-2.729954432036816869e-01,-4.155778656150315581e-02,-1.323770447437811956e-02,-2.054875804464072198e-01,4.917832559067292046e-03,1.425124629457381019e-02,2.165606200179561180e-01,1.711076484507124407e-01,-6.655208730843450993e-02,-8.117129634322491072e-02,1.437404525807874922e-01,3.610140407017753406e-01,-3.061449353879934776e-01,7.267316671186119237e-02,1.034414192072933281e-01,1.240726142619448663e-01,-2.299994075088371281e-01,9.929804328812384673e-02,1.108042416928767954e-01,-1.485557104727028011e-01,-1.466353174098067869e-01,-3.440684195387865851e-01,2.381217698869875221e-02,-1.147759783397838407e-01,1.268308002645269772e-01,-1.981287733391958461e-01,-3.450103110089886016e-02,-1.221768828205612029e-01,-1.172578626331784168e-01,1.982872893388902269e-01,-2.240585874462338034e-01,-2.025746735866190140e-01,-4.552989587740520483e-02,-4.345911355700245171e-02,-4.754165952364643177e-02,-1.137721209606351869e-01,-1.070729706563699991e-03,2.572567345399108807e-01,1.165591787963429909e-01,-1.293645409502633681e-01,2.509283264014954343e-02,3.259636664421475816e-01,1.330949106800855819e-01,2.604271716633888012e-01,2.679238065361695328e-02,8.223652510382183090e-02,-1.210813641425239479e-01,-2.536311263980267072e-01,8.455135087843590469e-02,1.842950160439082163e-01,-1.481789576931156760e-01,-8.428194296219131132e-02,7.567266244703951816e-02,2.539666206834520490e-01,-1.474251583565773238e-01,1.714923820167385538e-01
1.036057464305746023e-01,4.809166766509446328e-02,-4.244738575612491682e-02,5.002285224673052033e-01,3.556490750261581124e-01,-2.268785294350289805e-01,1.921114105140927786e-01,5.485947825775445985e-02,3.886560449851350629e-01,-5.992567914748483243e-02,-2.702532065010251339e-01,-5.771031678343557791e-02,8.675705603689018441e-02,6.202640253590767372e-02,1.425787904854190768e-01,1.309511740354593057e-01,-1.410389088817449732e-01,-8.589627112412136223e-02,1.768735035813837619e-01,-1.786022701324362430e-02,-2.081946727089367764e-03,3.420913136273558419e-01,-1.360675480268215831e-01,7.555320925345404386e-03,-6.411899776073159973e-02,2.938475396739186896e-01,-1.797204398886673715e-01,-2.923706568186640320e-01,-1.441083669889003660e-01,1.446697545417201594e-02,-4.283934757586476683e-01,2.644525322709664200e-02,1.316178702123029509e-01,-3.597195461442416753e-01,-1.529617627778082911e-01,-1.526062515853360280e-01,2.242778285132064064e-01,-1.196510083432637678e-01,2.015751774033383847e-01,-5.140436897980362740e-01,-2.535069708356826323e-01,-1.512982831610639768e-02,-1.997925775289324801e-01,4.244920556347131502e-01,1.040285110855211081e-01,-3.326850938098777632e-01,2.179052411217902718e-01,4.706611073672999773e-02,-3.777616913801417481e-02,1.622932230459359082e-01,2.287224368793698281e-01,1.803999827544724294e-02,6.935632822335518859e-03,-3.628041834373431362e-02,-2.626000536251064110e-01,1.672110388463091402e-01,9.138900357138034225e-02,-3.197411903681739165e-02,1.997608175965554511e-01,-4.730752359039774868e-01
1.966342921597551696e-01,1.964943345525577700e-01,2.554468122833949972e-01,-6.703686517247502141e-02,-2.240233528440947058e-02,1.123054672695828621e-01,1.342326101395914170e-02,-2.575981080480952978e-01,2.107157821814053048e-02,-4.836318825540603800e-02,1.972183713971131791e-01,1.617406048598163948e-01,-4.943749981902153395e-02,-3.343016404882779846e-01,1.852935567860853824e-02,2.384340017996372796e-01,-1.918240041079259314e-02,7.526349493206654917e-02,9.697557087439158396e-02,-3.975654764644857148e-02,-1.457424870144455598e-01,-2.883777575378689839e-01,-9.208636903213920921e-02,2.018031368544503934e-01,1.300778164340485321e-01,1.772016973982399046e-01,2.461500159430642931e-01,1.596903235248408603e-01,2.777856198609877647e-01,2.886665225251668909e-01,-1.755994731374658502e-01,7.258694249928757114e-02,1.343064407315520126e-01,5.899665282538870542e-02,1.191506129967397944e-02,4.078649477959452735e-02,-1.873165736012057381e-01,3.016607427032151345e-01,-1.217648395296039021e-01,5.953699800734413294e-02,-1.753225698915641395e-01,-9.313668403777609905e-02,5.389579884750971949e-04,-1.113021207790735809e-02,-1.518545141443437552e-01,1.539376227354709303e-01,6.853868462216801405e-02,-8.519622273225588294e-02,-4.562007018156190030e-01,1.938843271156727999e-01,3.201466726401073354e-02,2.570337662872096418e-01,-3.969788796880071441e-02,1.279851654960469376e-01,-4.964558209882503903e-02,-8.954572166419194623e-02,-1.319038274519179210e-01,8.189546798712390996e-02,-1.466650797241612902e-01,8.747954473208556514e-02
-2.044932184584773854e-02,5.064456243618672276e-02,-1.283791138108126839e-01,2.123893944229410802e-01,1.956702902316683201e-01,-2.009577053041011058e-02,-9.694750380009065083e-02,-1.092397873715132556e-01,6.588632002219367567e-02,5.869260575672979874e-02,1.670268172431638720e-01,-1.618048955069327222e-01,2.289376596409882156e-02,-8.330038826921155881e-02,2.194175903226717739e-01,-8.780729230895542581e-02,2.854197051247607253e-01,-2.623241786966293843e-01,3.863861698931179978e-02,-3.370441211526625236e-01,1.658997852412470997e-01,3.397397595819417471e-01,2.996976870148672090e-01,6.102846887365655920e-02,-8.442303070442640223e-02,2.009371453383315131e-01,-5.062778861077586040e-02,-2.260514429946918757e-01,1.173948873267257331e-01,9.234069411791515081e-02,-9.401592277263083608e-02,1.171560098112827408e-01,-1.606555967860682776e-01,-1.200428863450134741e-02,6.302864217896657351e-02,2.670012328675295393e-02,6.477710639118453018e-02,-2.113953308452777013e-01,1.726255906765527537e-01,1.357374185803532085e-01,3.426426374335307667e-02,-7.992762081393777612e-03,-2.538425330403251690e-01,-1.367675564087717302e-02,-2.047270834978983933e-01,3.870109629547122121e-01,-3.796014021691369866e-02,-1.638949482070431729e-01,1.673306990068460787e-01,1.354340674595166383e-01,1.952767266411742642e-01,-1.350282996510407396e-01,2.292484673230182624e-01,3.595446513343034667e-01,-2.111510324961903273e-01,2.483521946989984408e-01,-2.254760786010391593e-02,-9.289769690146351677e-02,2.218931632645944896e-01,-2.100875780343742782e-01
2.516088824775130628e-01,2.158578533460516202e-01,-2.293069396898324633e-02,1.638167744385347346e-01,1.785497142829347572e-01,-5.821844898452405159e-02,2.866749087568309928e-02,1.379780211979768911e-01,-4.088051089697722351e-02,2.409812191748807175e-01,3.178001188940172278e-02,3.331450440639071031e-01,2.335675387373861156e-01,1.267279447192390107e-01,1.800967787571800816e-01,-3.860141808418132703e-01,2.673818001822963336e-02,-1.674232655846597806e-01,2.823868367841503857e-01,-1.959314897793679455e-01,2.129653155113855889e-01,9.675297823064193947e-02,6.756845207071109083e-02,-3.218576040283071538e-01,1.313728850856082375e-01,1.060261557273584343e-01,1.929154138509949212e-01,2.895256869500441588e-01,1.630363248874760751e-01,-1.800152714962714173e-01,1.025915913455921757e-01,4.562686081515221481e-01,-6.282186676797611724e-02,-3.798491064971069864e-02,2.676943954763495032e-02,4.192286797603885229e-01,2.988639537344772723e-02,-5.742852360060604275e-03,2.909970456102765057e-01,-1.209563206076259279e-01,-1.338238827922329510e-01,7.832293473860291871e-03,-1.377618883551936513e-01,4.059671578916902723e-02,1.730599374018181730e-02,-1.168854265769367871e-02,-6.636366086476967741e-02,-4.212456241782669419e-02,2.719611570915702985e-03,4.376154350436757545e-02,-1.756649726112194665e-01,2.740025651825075265e-02,1.564994487345953977e-01,4.955444236986855308e-03,-1.478175657880273497e-01,-2.179358383611331162e-01,-2.635987120413416096e-02,2.732035220955267851e-01,-9.692466838679547961e-03,-7.024293732394053247e-02
-1.414535104427076528e-01,3.324502723396725035e-01,5.882219503942572036e-02,6.225040734004230053e-02,4.969266896560233238e-01,-5.335049121884270079e-02,-6.849587819706084990e-02,-1.404220975748018130e-01,-8.489496263633690420e-02,-2.427225080834797544e-01,-5.040697280808752179e-02,-1.698430357901460630e-01,3.933032578051488815e-02,-1.927142048735125957e-01,-1.501397870296727610e-01,-3.912533347784554610e-02,1.037112449315236162e-02,-1.790976834626836767e-01,8.504844952690247817e-02,2.356229786330375497e-01,-1.292745310275146831e-01,-2.366443780744477698e-01,1.824620474786455282e-01,2.873173116498203283e-01,5.119108509962218279e-02,-9.202940732079746555e-02,-1.656008000084840670e-01,1.210922439451638244e-01,-1.684356424081149828e-01,-2.861253831810514070e-01,4.150338237412558584e-01,-3.036633389128405303e-01,-2.356707814153355396e-01,1.841561493887957646e-01,-2.358369965092145526e-01,-9.187099658278763403e-02,2.711799002300264161e-01,1.528359609696433863e-01,1.116177003773839160e-01,2.473984906621469193e-01,-1.120413480182906180e-01,-2.382247267939283653e-01,7.240028566040358771e-02,-2.205090073673251772e-01,-1.932216626724247432e-01,-9.883850462175197693e-02,-5.730592280375437081e-02,-2.329681361516496019e-02,-2.128321553853127490e-01,3.204029338870317822e-03,4.146259323308972289e-01,2.573810108605236735e-01,1.716609459142938443e-01,6.109919933092546052e-02,-1.624081997261938581e-01,1.089219696355020889e-01,-5.882797667217735949e-02,9.048134544970434789e-02,-1.047564646567159495e-02,-1.210024505862731664e-01
-3.261388296026576095e-01,-1.209845474636453422e-02,-2.788170948154233917e-03,-1.789950025212427853e-02,2.610838793584378537e-01,2.132353353467080215e-01,1.369967557543722014e-01,-5.153840129066855624e-02,2.126884935486620665e-01,9.752783158430422539e-03,4.861981559382880930e-02,1.050773943533208632e-01,-3.344647293061172588e-01,1.326738748961360237e-01,-9.616722474561681389e-02,9.990282405121568565e-02,-6.471908728330912075e-02,2.278168910773935643e-02,-1.315735617185718465e-01,-1.051160779326589523e-01,-9.814490335081763051e-02,1.980512439408790015e-01,8.593437476849756507e-02,-3.462255293543206047e-01,-3.295121339325488563e-01,-2.078916881106691178e-02,1.560080228799313740e-01,-1.061275755100542922e-01,1.516057289736447676e-02,1.085936373307989575e-02,-1.486129476392221427e-01,2.348013508140271988e-01,-1.561859859228413236e-02,-6.759390796303063609e-02,-1.739495703150845674e-01,2.372691713439661343e-01,-1.883566287159684632e-02,-1.597627701886545348e-01,-2.841456560128803877e-01,-2.709634217134427800e-02,1.237732782276234136e-02,1.338652267863423874e-02,-1.830118967789984008e-01,9.214339281733929798e-03,-1.858259887530256116e-01,9.838145692987773638e-02,2.739261529259224837e-01,1.001632261502907184e-01,3.913474077411379509e-02,-6.319493322406904978e-01,3.587186438290476120e-01,3.521421690760458967e-01,-3.012632249361916759e-01,2.517869582723620270e-01,-2.096110147527057987e-01,-2.165269026155713233e-02,-1.638060765935901997e-01,1.861908555367304818e-01,-6.469590017537399373e-02,-2.383475052276204931e-01
