6.534084871980903042e-01,4.705333987213042302e-01,4.366219865554340496e-01,1.365846262974040326e-01,2.045116227052795888e-01,-3.907717984909390152e-01,-2.473927001086195787e-01,2.036167133275699759e-01,-1.748112432654463366e-01,1.239112753396038463e-01,2.067973539011654371e-01,3.117782333466402878e-01,7.426365025200458436e-02,-6.654444913259430217e-02,-6.861990291590677749e-02,-1.969201025656543980e-01,5.481723131472752975e-02,1.862381374422937830e-01,2.477930431695904157e-01,-2.895625478889542539e-02,1.536903944821458277e-02,2.555576510792874068e-01,-1.212807569087402115e-01,4.288863747233662704e-01,1.370612450575672825e-01,-9.012477569191205962e-02,6.164614652482496016e-02,-1.094971507632055696e-01,-1.295463494166652629e-01,7.736650810981846038e-02,2.235366987911348302e-01,2.408125415946697490e-01,-2.720694955923210617e-02,-3.079243231174986217e-01,-1.707545114515308105e-01,3.068853864169251988e-01,-1.237122894003386733e-03,1.787443386764870912e-01,1.130099806582447186e-01,1.405524486653150773e-01,-1.823635004449483399e-01,-1.622585973816336249e-02,-2.857183814424495427e-01,-2.731524092871543408e-01,1.420950860964740325e-01,-1.996174257258906681e-01,-2.942735159691333216e-02,5.346050678527618227e-02,-2.624860931415811116e-01,-2.020828166767202616e-01,3.883654230409287061e-02,-1.017585916834578413e-01,1.518621627432815632e-02,-2.652191235597489150e-01,1.834344756591310688e-01,2.248647764962725670e-01,-2.264699490396747394e-01,1.592559919713992245e-01,8.133876773879299138e-02,4.680437235827579479e-02
7.946428275553583109e-01,7.106841072312561902e-01,5.022276699415382240e-01,5.405751936170102301e-01,1.848339796267065016e-01,2.959147903569591120e-01,-1.027433975881817396e-01,-2.519439379507379950e-01,1.845200824954918717e-01,-4.384152612200975345e-03,-2.347833320421452985e-01,-1.150435520341925796e-02,3.013766184637494128e-01,-4.615940168073435351e-02,1.978259871376624179e-01,-2.200053509908069249e-01,-1.366811084249993091e-01,-1.528798208029185646e-01,-5.446926678999790272e-02,2.815285650530315875e-01,-3.225237024261612961e-01,9.801780963601680607e-02,-8.152134210384169577e-02,-7.874344669477376102e-02,3.191958737780330180e-02,-1.452618213839767525e-01,2.503867635916161641e-02,1.473722065336192100e-01,3.022044924054656349e-03,2.860535770914217693e-02,-3.295804688941024740e-01,-1.957877944402073300e-01,2.448453182246945192e-01,5.688983388714212441e-02,-2.313266481137209174e-01,-1.846612833333439452e-01,-2.321036823527248549e-01,-2.491516979118926223e-01,4.027029509239338223e-02,-1.596799432192909651e-01,-5.770519931147788384e-02,-1.848848851691390627e-01,3.578475986317269375e-01,3.515886730728234322e-01,-7.681567869201225141e-02,2.035845392071827520e-01,1.573982897080746512e-01,2.951166052714208204e-02,-1.167764140837265485e-01,-1.574643360362927569e-01,-2.859014458233420375e-01,6.223590991820408813e-02,-9.415271141543855860e-02,4.342308454503290838e-01,4.492741293909045114e-02,1.462026612963109908e-02,4.399253770647558182e-01,1.937367950369607017e-01,-2.645822250079898907e-01,1.028122385394427407e-01
6.841866369240380275e-01,6.298582200679724297e-01,5.389098407337041818e-01,5.543845942771927771e-01,5.811982907857019542e-01,4.256885841815063326e-02,-9.201525570006811872e-02,-1.064716675698661463e-01,-1.799056943483964832e-01,2.193359466019885462e-01,-3.260608064640057591e-01,-2.947158496447203069e-01,5.283824745351034698e-03,-2.854314752952120116e-01,2.009054148874650225e-01,-1.280564214494738298e-02,-5.522912029060565720e-02,3.792185595918894092e-02,2.525931327077638594e-02,1.064557389177175073e-01,2.249261960634407198e-01,3.322733290631383340e-01,-4.602258830352146113e-01,-1.281002446951777854e-02,-1.093692554126182992e-01,-2.111227430010190476e-01,-1.114083839749817895e-01,-9.051057894582766050e-02,-4.264533366238668077e-01,-1.253853194128180248e-01,-1.831560561423035138e-01,1.817131063752293052e-01,4.070049366940840796e-02,-9.863264596154777686e-02,5.987897515425029404e-02,1.750148625393357638e-01,4.113683218095533917e-02,-3.960983158985537100e-01,-1.704158417449764817e-01,-2.271658295153327900e-01,1.163509158942292177e-01,-5.869330884596439535e-02,-3.152075548909659686e-01,1.173012391244240317e-02,2.552696019398352778e-01,2.496860262111526632e-02,3.272911754625164316e-02,-4.541594969922124747e-02,5.874369309113058879e-02,-8.882673513379645003e-02,-4.557079470199219828e-02,1.049508093291262323e-01,-4.238345894668877345e-01,2.476347379316988229e-01,-2.009279186674108875e-01,2.725982305612375534e-01,-2.894549143460726226e-01,-1.764194939661834494e-01,-1.040277466790574257e-01,3.368649350962562572e-01
7.598044655458405794e-01,8.016697609151481885e-01,6.508344478679801703e-01,6.476968177783766212e-01,4.774888142500500754e-01,9.557905028419066973e-02,-5.693669108034569298e-02,3.780316938835047713e-01,-2.707214915455803950e-01,4.501488738570839920e-02,-2.032943338679248091e-01,-7.544055084977892289e-02,-9.048758563205260702e-03,-1.657090267327653577e-01,1.448171510905630899e-01,-3.472550921878022612e-01,5.639336349151654465e-02,-1.642179184247860579e-03,-2.277658376824693298e-01,-4.550529627505300323e-01,-4.602509406736259023e-02,-7.707380292431813273e-02,-8.901783728736337165e-02,-2.037417937004311619e-01,5.699501004733729947e-02,-2.232246689104080417e-01,-1.651985975907601517e-02,8.899461055881648097e-02,-1.003638623801743623e-01,1.410467875966385232e-01,5.306500111955804455e-02,-2.420887942282160255e-01,1.569721268563532279e-01,3.346447146814372497e-01,-2.271663358088453211e-01,-3.054702324919998935e-01,2.615218040444516334e-01,-3.846865184081492695e-01,2.327343436026037549e-01,3.541239945040587367e-01,2.233376346283161007e-01,2.993381295735158057e-02,-3.244005600237553355e-01,-3.003219926836673756e-02,1.860636659825486705e-01,-2.764059892654559536e-01,-1.865534458984305366e-01,1.260925414925397336e-01,1.757357424868521423e-01,-2.709999161714812255e-01,1.681375851450389036e-01,-1.245366627172861812e-01,-1.500251374200501919e-01,-4.576786221850525638e-01,2.009132241925539186e-01,-8.284059735300956795e-02,2.555931176181606146e-01,-8.286148681122484927e-02,1.743649506825607418e-02,4.840365562090611501e-02
7.844685504714170587e-01,7.438161891827895777e-01,6.765671942041617815e-01,6.810899512519696941e-01,6.450391557553472599e-02,3.353310184561021368e-01,2.394189286636085323e-01,2.098723898411632705e-01,-1.521241949873557431e-01,-3.615190627241308963e-02,-1.869004330692621563e-01,2.889522154762407813e-01,2.366244193897613646e-01,-1.019710225921205138e-01,-2.383136467802896355e-02,-1.732225476493975125e-01,1.444131643127071797e-02,-1.522036891354409671e-01,-4.540593582541924134e-01,8.872004709243419551e-02,-2.022832758452320842e-02,1.409129919254208940e-01,1.207747551617493753e-01,7.430994973241260293e-02,4.868460074631698609e-01,1.524450896497659413e-01,1.712204738412978211e-01,6.798541816018892348e-02,-4.333274202383841089e-02,1.437620361145441894e-01,2.391789447781179356e-01,-9.467835708395203054e-02,-4.114146803590955359e-02,-1.214629865552291632e-01,-3.367843143107061843e-02,-1.431910666543000643e-01,1.552171642336518664e-01,-1.475361854505819470e-01,1.919993161508881619e-03,1.843110711364754906e-01,-2.476916039464299168e-01,1.870498325061783207e-01,2.744335046457402338e-02,-6.516350815008764216e-03,1.457701745504851321e-01,-8.105855687927442793e-03,2.560144243593886482e-01,-1.487188835720185676e-01,-6.347100908858665895e-03,1.174079280456739524e-02,7.371488924840446932e-02,1.616698378262361457e-01,-1.463758411329725839e-01,3.955397754466771221e-01,1.830885905756528542e-01,1.836619378127295754e-01,2.723071854208620191e-01,-2.483886492783473066e-01,-1.287253590760947808e-01,-3.287434203618787576e-01
6.964081085413516004e-01,7.644490091983550117e-01,4.133004628446964590e-01,5.261586100224738827e-01,3.557165705616502360e-01,-2.982253904012530793e-02,2.355469586303723939e-01,1.342145244109262392e-01,2.690633136761012012e-01,-2.778595019158444646e-01,-3.574164915272100979e-02,1.246482046644092484e-01,3.021253743636487352e-04,3.422169483030900738e-01,2.047932434718330308e-02,-1.785822130164308186e-01,2.590185899727192112e-02,-8.169914221670501742e-02,-1.913468759405674846e-01,2.152062888312929884e-02,8.546227137132221541e-02,2.296359631118849551e-04,-5.148495961764797124e-02,1.243461249016308140e-01,-2.207334283838844335e-01,-4.433443943774232482e-02,4.761192244051565825e-01,-1.245088017529234481e-01,-1.923251504271613066e-01,1.043494329491576611e-01,1.627765584904533602e-01,9.304409837961584440e-02,-2.284588195379887998e-01,1.124151271475009040e-01,-3.441746653084600677e-02,8.320522719468453898e-03,7.156161594559970474e-02,4.155819929188227929e-02,5.387008282838270240e-02,-1.097101452147799111e-01,-1.448070781711739419e-01,9.020689181291814684e-02,3.151021258138243519e-01,1.126412662639553197e-01,-4.422268980020757079e-01,1.290790664354440620e-01,-2.405589991778381564e-01,1.186103724654810482e-01,3.849411596767854382e-02,-9.465072092630924527e-02,3.571598361926411891e-02,2.603118524743874840e-02,4.498481683344246126e-03,8.301785346016402056e-02,-5.859297207460317791e-02,-2.584889266599641605e-02,1.429742038008106342e-01,9.075424928359039634e-02,9.097745203899322564e-02,2.736182946916515535e-02
5.242168501364913302e-01,3.400926127849147051e-01,4.420083028610492515e-01,2.535515457965181740e-01,3.581810619774368210e-01,-2.841745184326347970e-02,4.194636412814526372e-01,-1.948399504162970364e-01,6.666873084798966009e-02,-5.908164459315669997e-02,-5.506396255133771955e-03,-5.013122735687029763e-02,2.760689553122969153e-01,-5.089891113268731754e-02,-2.211764997322211435e-01,3.278270792930581545e-01,-2.740497778502685722e-01,9.896831760990190685e-02,-1.666509691506110613e-01,1.224268490013258048e-01,-1.278103525488670789e-01,2.418852784191335148e-01,-2.409835176160598780e-01,-1.288207500019555862e-01,3.214400184909709246e-01,1.639699474351394293e-02,-1.233687763318914304e-01,1.652230383768413247e-01,2.118275021384714504e-02,1.673487200675744012e-03,3.340994187506408919e-02,-2.032799269029759159e-01,-2.883243280164637934e-02,1.153007357486691420e-01,5.917574228511211093e-02,-9.261205630962640600e-02,-2.345863636900905047e-01,1.631601079869032245e-01,1.298870193434177867e-01,-1.537611085975837677e-01,-2.297240040367730940e-01,1.136976551607232488e-01,3.079697437059471521e-01,1.852651774409490651e-02,-1.290561801712593881e-01,2.835832389914390572e-01,5.431256252973486465e-01,5.087502913514128922e-02,5.867837728968498118e-02,2.437700948883917140e-01,1.164108477884991666e-01,-5.121047836991539370e-02,9.963281007729227201e-02,-3.892265500211401774e-02,-6.111675456886106646e-03,3.528667829323013372e-01,-7.248542610350716328e-03,1.334614236081362038e-01,-1.287150426429273329e-03,-5.087773463037310595e-01
1.718639467065302129e-01,2.413858208291314311e-01,3.973255002096406363e-01,4.487772891545064868e-01,2.353195200122656094e-01,6.450635233452675643e-02,2.729140890528695684e-01,-1.345052549283097185e-02,3.065430414907868717e-01,-9.057841107989772142e-03,-6.098869121311008279e-02,3.983196050072855821e-01,1.417679294113674826e-01,4.654857869096917788e-04,-1.441977463894409950e-01,-2.127029592506727573e-01,-5.159393794704097980e-02,5.153348580368373455e-02,-1.912193714145394574e-01,-2.929651085582478109e-01,5.599337661582101111e-01,-3.188345457151474660e-01,8.587912673610351155e-02,9.523652642588989470e-03,-4.760959780768838634e-01,7.153947548550777802e-02,-2.102902790143365563e-01,7.312685492543891282e-03,-3.440922543919646692e-01,2.213220410179456143e-02,1.200976150406560805e-01,3.726876013045678920e-02,-2.719786708781650811e-02,2.023288676061259506e-01,1.169545891943859495e-01,-8.987928996819289501e-03,-1.482572741830644192e-01,-1.898087926759640665e-01,2.293868302439909870e-02,1.572732492273786475e-01,-2.913708625460248447e-01,1.371069963106515688e-01,-3.192580558438208316e-01,-1.673608726332141972e-01,1.068597324781441066e-01,6.414314257274733588e-02,-4.216873925258643463e-01,8.295010150591623777e-02,-7.650712768907659556e-02,-3.028190943014386072e-01,8.354585492949935521e-02,2.270988611570959603e-01,7.961769173126385934e-02,-1.159105010489019094e-01,2.669421505136346240e-01,4.345929931589494893e-02,1.392696835303263714e-01,-2.105270420691242594e-01,-1.018015123759861106e-02,2.069388677500343943e-01
1.652885845948361132e-01,8.164807508444818507e-02,2.939741157544575323e-01,-1.297562104197543809e-01,-1.869438311715717477e-02,7.750174324892680766e-02,1.221417274379981224e-02,-1.319056682723769580e-01,2.773956968689103020e-01,-3.703443277483678409e-02,-6.896699676065309870e-02,1.169736994970469457e-01,-8.249986125999596298e-02,-2.621865324889832705e-02,3.259778514747594530e-02,2.583495081291750095e-01,5.971139567308164642e-02,-2.931119888789187056e-01,-7.256219865548393932e-02,4.887177277330032044e-01,-1.470980566803847811e-01,2.355228779083625990e-01,4.490756596673166068e-01,-5.246739201926702012e-02,-1.215259382858981975e-02,2.063822776144410565e-01,-7.708939140046769389e-02,-4.004105803375252459e-01,-3.639298832200682510e-01,4.421306599938280568e-01,1.167828193617145988e-01,-2.957055965591651181e-01,1.522533702201665229e-01,1.245853888762752798e-01,1.187170694182573295e-02,6.315556261363028390e-02,-3.567686385243988845e-01,2.611319541961941715e-01,4.511050522132761115e-02,-2.463629543441678282e-01,5.778609460822518168e-02,-1.115942165714661483e-01,1.003248918189351448e-02,-4.485827392994804624e-02,5.278394761227975934e-02,-1.003993719335264379e-01,3.232588166226389448e-01,9.335900525747466150e-02,-2.497075706792770688e-01,-3.657122283234784388e-01,-3.357037370753350736e-01,1.835182332113861892e-01,1.148953583356991104e-01,4.656971423279318012e-01,2.541987977830702516e-01,9.639510367038968408e-02,-3.560510612002293351e-01,5.917232151260411882e-02,-6.736049102909612285e-02,-1.386001477939112214e-01
2.508232483810026170e-01,-1.802334038077345879e-01,-3.695574482082421980e-02,-1.310261994654460804e-01,6.532311786770630957e-02,3.153986185437900880e-01,-2.849582465938642062e-01,1.716521233022449966e-02,1.897932417580945885e-01,-3.187405877959704759e-01,1.825115183672064781e-02,1.793829071647736195e-01,1.477306805647020660e-01,-7.856957024591371824e-03,2.408748920098026658e-01,-1.772935559119597770e-01,-4.055782279790392519e-01,1.992820625998061868e-01,1.659357920439837319e-01,2.529197897848063925e-01,-7.372180237315023588e-02,4.721517529666474644e-02,-1.722065437150951950e-02,-3.054764516401522328e-02,5.299290065413405637e-01,1.111995813651451837e-01,-9.519801717717800427e-02,5.469744131087622696e-02,-3.150358811368774714e-01,3.919400599096692916e-01,1.564258725989923493e-01,2.270413168281960048e-01,2.583896090392792111e-01,2.887095569882471846e-01,1.000106387347195758e-01,-3.702432558087703773e-01,-7.655164108649499533e-02,-3.092780909375182352e-01,-2.870715727708561538e-01,4.390867233745531228e-01,1.268245950777661946e-01,-3.018084942446819241e-01,-2.270689029003535586e-01,4.804013083900893766e-01,-2.684964530144501316e-02,5.266693186437983870e-02,1.449629464299673166e-03,-1.173415856453873529e-01,-1.269661739235854458e-01,-1.917963124439398259e-01,6.668585198098815614e-02,4.219566151927540143e-01,-3.779128420024890911e-02,2.019173913117137398e-01,-3.827732370492640257e-01,2.440053471343056612e-02,1.578402464438477537e-01,2.074935977580524560e-01,-2.656536994039941924e-01,-2.432142583654060553e-01
2.201836390247053354e-01,-1.015346816732402846e-01,-2.974614651749289962e-01,5.290825371893033424e-02,1.131166535788245414e-01,1.857716186074879205e-01,-1.410683191687974458e-01,1.122519902580334551e-02,-9.181996815162796199e-03,-1.369796025645976800e-01,1.262459461715524367e-01,1.817832611464023918e-01,-2.535026424817935498e-01,-1.919564298434097149e-01,5.916752824898979801e-02,-2.546994693998145751e-02,-3.822872783123296148e-02,1.587935066434494613e-01,1.239886068737894725e-01,6.183053543720944123e-02,2.083584287462076912e-01,5.011739390350683498e-01,-2.148978498513169910e-01,7.513850590836008980e-02,-3.302823381657877255e-01,-3.134775901583518598e-01,1.686393441073809896e-01,-7.062966583186298941e-02,-1.168457821038904748e-01,-1.415790399655860177e-01,1.656247544885006973e-01,2.716211053235068618e-01,2.991369372261476478e-02,1.078265839059175946e-01,1.710119751998924742e-01,1.634282991716027311e-01,2.074790730945719752e-01,-2.135746205311530588e-01,1.362550236359046374e-01,-2.073997818256073933e-01,1.410262603945407478e-01,3.158705555806227971e-02,2.483708275515337793e-01,7.264591664096120560e-02,2.013505952475458383e-03,-1.874216776217264013e-01,-2.739023293088897471e-01,-3.769068686834131790e-05,-1.399174494792749246e-01,-3.057757161572761118e-01,2.696959782184069065e-01,1.209196110156088022e-01,-4.269644622226287378e-02,-6.803997034714587278e-02,-6.577916920255474920e-02,-1.670610985356955902e-01,-1.447216332167398922e-01,-1.551865196794390833e-01,2.961201754773580830e-01,4.451492972710991980e-01
1.580628549805695449e-01,-6.902463942707830202e-02,-1.502678025749303384e-02,1.624035709113933190e-01,1.711530916763473464e-01,-4.109921389211229625e-02,3.597672657996017764e-01,4.210066343758803731e-01,2.234418121770913590e-01,-1.276185934707803685e-02,-1.774792273220154315e-01,-4.233289440386068248e-01,-1.926798670591876039e-01,9.307459237396373264e-02,5.432390988604016840e-02,-1.503551657537028630e-01,-2.577713880378303471e-02,2.322327287168390042e-01,-1.770530119302319849e-01,-3.510707471302998320e-04,-3.256598631613091821e-02,4.389595599254172420e-01,-1.875892937907389368e-01,1.393432229587903692e-01,-1.487020518681786462e-03,-3.564713158486755296e-01,-1.768174859114701181e-01,3.339886500114402912e-01,-2.953893466341916962e-01,1.997987912206955485e-01,7.238289685225526675e-03,5.057818416776364845e-02,4.435279916371288877e-02,-5.266646283066047651e-01,2.327661820429112183e-01,-2.870152488936873400e-02,7.305970550516185935e-02,-3.154309756178148849e-02,2.756714566059998428e-01,-3.699024087171334796e-01,-2.424347508377875937e-01,-1.215130258277835884e-01,9.389607479547021351e-02,1.199904593998697699e-01,-2.164476656956182410e-01,3.232811671780951301e-01,-2.234491773800022507e-01,-3.163807855418602766e-01,-5.788398632425446888e-02,1.478014444549737016e-01,1.922694432394149097e-02,2.488562111563346058e-01,-1.188554683415985191e-01,-1.286744275337826093e-01,-1.351792089466953006e-01,1.402696388923002357e-01,-2.445082573700618767e-02,2.369850040889655979e-02,-8.736215033826885690e-02,5.118951172241083952e-02
2.904885393102525290e-02,3.516243309118022298e-01,1.315947108728024728e-01,-2.137483703722153905e-01,-1.200683346630559561e-01,1.375853992017692928e-01,-5.552867975487444513e-02,-3.900592358744727622e-02,-8.439010001061457433e-02,2.723339772887940491e-01,-1.141603611128046286e-01,-2.877185541211811290e-02,1.233751117468750574e-01,-1.749683817269059305e-01,3.077544139447164345e-02,1.113623939910504124e-01,-2.842708802962308767e-01,6.781268268216218698e-02,-1.864234082227113343e-01,-2.332566469228242734e-01,2.912499792793160625e-01,-1.491175868181833161e-02,-6.315712383681913733e-02,-1.175449345108861843e-01,-6.459424549768480461e-02,9.049399985555882375e-02,-1.683268185346110946e-01,-2.093295159307276554e-01,-5.142359901680433609e-02,1.465965694038133260e-01,-1.591227863627051042e-01,-9.642668530948099448e-02,-9.778871534984284741e-02,6.117141346483909864e-02,-6.059542593198543464e-02,-2.444549373673329112e-02,-9.235634558752181533e-02,8.873848119180773042e-02,3.422497016462401342e-01,-6.332839090709213581e-02,-1.690852626527107050e-01,3.281036773927829137e-02,-2.677673560562238153e-01,7.620400551246639398e-02,-1.571116006354430356e-02,3.488059596299965259e-02,-2.381322680263902036e-01,-1.184464213335955363e-01,3.547458772738733002e-01,1.368870829257286537e-01,-1.018098651738727628e-01,-8.282268100138767686e-04,-1.803938272987670819e-03,3.910718947842354298e-01,-1.964878187652252441e-03,4.941280314909299309e-03,2.473921535609724387e-01,2.876948852744837248e-01,1.063440951736688012e-01,-1.887065804910689759e-01
-2.415224550325478781e-01,-1.806175670963633129e-01,4.476896171575337618e-02,7.445485672667970234e-02,4.949799691614896469e-02,9.655327564883733893e-02,-2.665631329454570264e-01,-2.274537800798518694e-01,2.301352862152707818e-02,2.992968649074859711e-01,2.369358143163133867e-01,2.575108337887731524e-01,-2.314594114391243518e-01,3.226755924788841101e-01,-1.500369106160745758e-01,4.854240991342155531e-02,1.002922771829685145e-01,-1.613241647568615933e-01,3.148685074459951078e-02,2.537181697268845459e-01,-2.461795502219844833e-01,2.121297627330225311e-01,-5.547516969958603272e-02,2.435058823956430807e-01,1.095358200436024332e-01,-6.860551729549385636e-03,1.369975406687582720e-01,1.247489516011020816e-01,9.339197574454091710e-02,1.989873394272511642e-01,-2.262006832748148233e-01,-1.992113443506272549e-02,8.293653907607945186e-02,1.050155502061712876e-01,7.016355295303444706e-02,3.494666682180797568e-01,-2.074643725497052338e-01,-2.915938686646633582e-01,1.767488441204657645e-01,3.290550503912928471e-02,2.377053996442037298e-01,1.093111870798615104e-01,5.493434628412934007e-02,5.108735873622808343e-01,-2.279236862962637500e-01,5.091747915057135560e-02,-1.257990045012626901e-01,1.308448279873692943e-01,-7.485555468757901058e-03,-1.254518344652444939e-01,2.115470905694634141e-01,-1.377219496497867832e-02,1.232498965828522086e-01,1.649679873953908138e-01,1.705445831807199941e-01,-3.908642950425839785e-02,-1.213435151418312541e-01,-1.929368585918836698e-01,3.631735383366038045e-02,-2.810459086219947444e-01
-1.346470180937226202e-01,3.524919962678594448e-02,-4.608850124288932371e-01,-8.309078756953117151e-02,1.240937018463695030e-01,1.603802075768762658e-01,1.289452882588761062e-01,-1.042462402768387364e-01,-1.849205841452873367e-01,1.389323867229143583e-01,-1.226033299695521162e-01,-2.039568581531083225e-01,-2.404294943242942656e-02,-6.412976792447470931e-02,3.013801548721060236e-02,-1.018699396709725480e-01,-2.771683309623662692e-03,3.059484750236237671e-01,-1.814432702310444512e-01,-9.059234270243883558e-02,-7.436099557942525695e-02,-1.050003685804915265e-01,-1.946211946721792055e-02,-2.628154366148393040e-01,-1.535775117160947112e-01,-6.620311786974678037e-02,4.876799264638470230e-03,5.312129562543564665e-02,-3.573742502684373705e-03,3.169531669560506915e-01,-2.067558528656515404e-01,1.735684026985409578e-01,1.712852965328111876e-01,1.102976943507148200e-01,2.517282156920498393e-01,2.968268459094947076e-01,-7.689593278969822365e-02,1.822475028128213714e-01,2.106198392521183016e-01,-3.123984211683789591e-01,5.209403538984534732e-02,-4.566526205019725282e-01,3.320383082851283661e-03,1.265383022019726800e-01,1.575848675389234302e-02,4.432208333232793424e-02,1.107989207723948308e-02,-9.625374937494808603e-02,-1.051360000257422350e-01,-1.745659244327649462e-01,1.768328911285905747e-01,1.232079010276335013e-01,2.252702027295939158e-01,-1.585756649128260976e-01,5.389191079762687409e-01,5.195427917236217219e-02,-4.248576110218145740e-01,-1.980619737702286609e-01,-3.191305723385259308e-01,1.126960260514978628e-02
-2.380863647691087992e-01,-1.148858844507484253e-02,1.334140015165560245e-01,2.007342503377935738e-01,-5.725687580957675854e-02,-3.370487177652700672e-02,3.230979744120587773e-03,-1.181215897276262500e-01,7.410021441816432020e-02,-1.854706828259617135e-01,1.583863499722042989e-01,1.496102006964739606e-01,-1.520200606847106339e-01,-3.129443935209216821e-01,5.382300545258609376e-02,-1.232497203410375108e-01,-3.005711330182044283e-01,-3.107383514080426234e-01,-7.419429000862477752e-02,4.060118185754283959e-01,-1.866908032252036220e-02,-9.213871994639485918e-02,-1.157420578523478960e-01,1.274484088382690228e-01,2.349019782988662208e-01,3.093677316165256985e-01,-1.556894359117043936e-01,8.195954167227011145e-02,4.178262637989742928e-02,-5.618319434433900750e-02,-8.153270863252802536e-02,4.705200978357634151e-02,2.082950510522617038e-01,5.540546379841346930e-02,9.613082826613925103e-02,-1.747255497436883132e-01,2.647265975056818307e-02,-2.317803024981409388e-01,-2.291853210816255648e-01,-9.861908824137252672e-02,5.669751324603426734e-02,-1.401491080080630725e-01,-3.342647056284758222e-01,-8.018961954868349118e-02,3.551734007624343659e-02,1.579162170162271561e-01,-7.196100217502787895e-03,2.929138173153875840e-02,-1.415413009731577021e-01,1.377532060106677614e-01,1.008467419017953642e-01,2.434876705930918289e-02,3.013531727354507028e-01,-3.924045174891727661e-01,-1.841391564350884549e-03,-1.675213046384729787e-01,-1.089132090249525370e-01,-1.091972493912056474e-01,-7.894205642188269201e-02,-1.817669051513540190e-02
9.370825017201279972e-02,1.069567590287091863e-01,-1.010666568866436660e-01,1.006372673711844190e-01,-8.956365088481188508e-03,-7.519413383603568146e-02,-2.883584070007572109e-01,1.302668668101289451e-01,2.404829084505257231e-01,2.019162108091846763e-01,2.916479013687091615e-01,-3.870008435601140356e-02,-1.497616168670357073e-01,2.725200732031470285e-01,2.347543455090707332e-01,-1.381451410054224116e-01,-2.765856062069128041e-01,5.820273440015850952e-02,-1.957320821173654801e-01,-4.043230596411876571e-02,-2.991761688250046958e-01,5.955797758951471288e-02,-3.249945104582218636e-01,5.002111971158351711e-03,1.852948643841394183e-01,1.445951617228765085e-01,-1.867651970275562706e-02,2.590438551605632744e-01,1.502225691446580913e-01,2.063269623286385634e-01,1.091574208162013060e-01,1.985474289987814167e-01,-5.405593587194584826e-02,-7.062769334070051475e-01,-1.258713648208588665e-01,-1.256688356039676324e-01,-2.044704131014566661e-01,-1.200237784356641135e-01,2.479972633397551363e-01,-2.587824408914286556e-01,1.886454163395523409e-01,-4.166654737929794544e-02,2.579613029355326548e-01,-1.817000436741383340e-01,2.591863272874019297e-01,2.947941853500586351e-01,1.308373511290467084e-02,-2.576628573848670917e-02,6.768270748609214738e-02,-5.485496255843326507e-02,-2.729798855139650704e-01,-2.167086668753919754e-01,3.490572618545086381e-01,-2.046619358457962556e-01,-3.959222827102065745e-01,-6.298477296928220448e-02,-9.632276190826044582e-02,-2.065387738217596691e-01,-5.405123740328390131e-02,-8.138471530156828060e-02
-2.415278800780929491e-01,2.729696563881824356e-01,1.617799475383362440e-01,7.520426759654832982e-02,2.301974426608452973e-01,3.154739329548245097e-01,-2.453464284405607043e-01,9.516558533459744396e-02,-2.111608317996513107e-01,-1.872444576909767788e-01,-4.230205239958386570e-02,1.018366108365921230e-01,-1.592881794017494690e-01,2.783267849577896191e-01,7.948860492154294355e-02,1.886301198336351806e-02,-2.413323090320387276e-01,-7.567621872619642587e-02,-1.027624812338894661e-01,-2.074650321507624517e-01,1.990785196001494950e-01,9.008032975226339112e-02,-7.419469383283819330e-02,2.440327475637360608e-03,-1.174938739326895076e-01,1.088705087329502746e-01,-1.982297074362299460e-01,1.383239412972206706e-01,-2.878998926724594259e-02,5.927533107315934024e-02,1.143819365551712874e-01,2.839092135595031041e-01,1.443585207934750536e-01,-1.973226091103039148e-01,-1.426941353983938454e-01,-1.103334547129651150e-01,-1.359425869997975614e-02,-6.471330304494624097e-02,9.856862707210703456e-02,1.158529597534478095e-01,3.472215542091263707e-01,4.814062770495418364e-02,-3.335731483727390478e-01,-3.151174121632326353e-01,2.389205506709199955e-01,-4.202949113436497269e-02,-1.027836725540857143e-01,-9.878893642941410924e-02,3.837456319561148854e-01,1.129480379064739248e-01,-1.475608747386926711e-01,2.097008137048330667e-01,2.189466976235190238e-02,-2.621222308240822585e-01,-1.988928065463164419e-01,-3.197524432257378146e-01,9.554371364610643458e-02,1.028858997278080459e-02,-1.339101398371988494e-01,-1.493990029413769238e-01
-1.448109090225049855e-01,-1.214281354740421592e-01,1.479593508544782277e-01,1.296881565900583622e-01,1.499518309068290367e-01,2.839013796838853465e-01,-7.124881530574056487e-03,3.267583358585327002e-02,-9.040829653061750737e-02,2.688036477272150448e-01,2.096393074992587147e-01,4.309108225357446420e-01,3.381930732697583930e-01,-8.411451843625174229e-02,9.697495275379219848e-02,6.056089769592624267e-02,1.794462639516115066e-01,-4.336408103666158226e-02,3.532546420322711933e-01,8.286455731533882985e-02,1.470235359142554044e-01,1.451597575504323667e-01,7.600681409578370629e-02,-7.833436847213642862e-02,1.770626231207856893e-01,1.595067663077545939e-01,-1.504173866496764933e-01,2.090469525636999282e-01,1.174106571109463093e-01,2.360198908892532227e-02,3.690822720981010718e-01,-2.168952697354702419e-01,-2.749956284827739100e-02,3.773851676459519799e-01,2.482122543458712971e-01,7.936051057533999656e-03,-9.918834809524594565e-02,-2.751731346139254519e-01,-8.012944498828836193e-02,3.371489066282584157e-01,3.480443601800755071e-01,-1.490088718031633286e-01,3.828941391915294951e-02,-4.126597148029028522e-02,3.427382979782114258e-01,3.852478457422166269e-02,2.716548351622710133e-01,3.038988571291423857e-01,-2.280908950600728513e-01,1.629261538498497780e-02,-5.440391516039724262e-01,-4.049536941495181230e-02,-3.633766147297147198e-01,-1.417723759537207751e-01,1.445643861473687730e-01,-1.801953320281912685e-02,3.044681194389781687e-01,-9.224309761542093472e-04,-2.926298592949606175e-02,-1.017181490929288668e-01
-2.739989634518374961e-02,-2.046060379153648578e-01,-4.715439607477110717e-02,1.845199623903461539e-01,-1.473741700355321871e-01,-3.478555787809911592e-01,-4.722026928694607328e-02,3.806534664957552661e-01,3.188473732999769217e-02,-4.506305975535972175e-02,-8.104615371767101561e-02,-2.962656367216623954e-01,2.693973009765303628e-01,-1.015485681204788132e-01,8.341513849080847698e-02,9.730046758407943225e-03,4.033585370116349322e-02,3.912087184257239114e-01,7.110090476457459063e-02,1.289452678002297181e-01,5.064497989501961506e-01,5.044785481449817061e-02,-3.841090559089278128e-02,-1.196187676800412325e-01,-3.158797579515769671e-01,-2.213908440076876594e-01,2.248269501763108524e-01,2.742450704083565331e-03,-1.457080257287863244e-02,-3.878492826274423239e-02,1.511944720383794072e-01,1.042467748757985174e-01,1.295653768004803585e-01,-2.584235059825757408e-01,-7.578852329480971484e-02,-2.521635660940025336e-01,1.619387097284077093e-01,-1.213990549030496552e-01,-8.242041200315748661e-02,-2.622801938160083113e-01,2.779282973889491901e-02,-7.093472641685430458e-02,-2.400944994836188562e-01,1.066223261838580988e-01,-5.711658980311764416e-02,5.726216762832003412e-03,-1.618241229009464988e-01,4.395034822524357954e-01,2.838815417389863316e-01,2.286100737632503210e-01,-2.339608975884493458e-01,-8.591911289847689592e-02,1.932187042828800716e-01,2.732814198721050108e-02,-2.740299930169161624e-01,-1.266229291325312867e-01,-4.139289223007183022e-02,1.218697410585340563e-01,2.628383761518432449e-01,-2.371638185635441542e-01
4.622184909584396706e-02,-6.381876873993228005e-02,-3.367250361413358373e-02,2.650193133708133031e-01,7.084598256516358439e-02,-2.508201895291208849e-01,1.007500472372298839e-01,1.120443426258142805e-01,1.333208958937456834e-01,7.274909020772372947e-02,2.478220919259953026e-01,1.025189233683658149e-02,6.846854244027814063e-02,-1.104363077878258749e-02,1.163560791906326636e-01,1.676535730217296738e-01,-4.636257088871190840e-02,6.526777796554261712e-02,-2.636995918415677709e-01,2.924441442324684504e-01,-7.639202450549978374e-02,-3.076449895859502126e-01,-1.398267472718939530e-01,1.444990651100019063e-01,3.079341835371035008e-01,-1.382768224724219563e-01,-1.045038754779657325e-01,5.169178486790793406e-03,-1.646880532608483716e-01,8.811024164120054292e-02,-1.442999817385726136e-01,3.237659240729883203e-01,3.706037627189935346e-01,5.101483327020415320e-02,-5.518231832436606282e-02,-8.013243589690274837e-02,-5.692223305545823786e-02,8.628683657352710645e-02,-1.140468532842824345e-01,-5.481558180610734965e-02,4.762756767966633276e-02,2.436878734594148388e-01,6.206790000881810820e-02,-2.128056164581294818e-01,1.146660977832915373e-01,3.581482085888391120e-01,6.862822268877181997e-02,2.272509195189243922e-02,2.405532369378407531e-01,7.646973289678474228e-02,-1.996755694977462026e-01,3.124327404210745507e-01,-1.291724767939025909e-01,1.292218883256443240e-01,1.602176609452155842e-01,-6.079284361238941614e-02,-3.433488366438641748e-03,-7.770328282283078597e-04,-1.199558453003140013e-01,-3.953587597010415067e-01
-3.052149652656213630e-01,-5.852102487156999461e-02,1.993710026972553562e-01,-2.192275195764637474e-01,9.659318612260117676e-02,-1.791136593368194418e-01,-2.096044407648149921e-01,6.958875951327703202e-02,-2.810239426282845621e-02,-1.970758794761479638e-01,-2.505469421274841846e-02,3.056584309787855891e-01,-1.053658459394870989e-01,1.016119717079235762e-01,-1.203314770390567362e-01,-2.118478221563762642e-01,3.228167033444384049e-01,-7.107914423356728739e-02,-7.326608999653677623e-02,3.813710128329047405e-02,-3.749209537105575030e-01,-8.761357229320604345e-02,2.441474666235728397e-01,-4.726125646700088390e-02,-4.572242217908896456e-02,-5.685541970193899036e-02,2.280692244919121092e-01,1.373198227800785376e-01,-1.054066698398624241e-01,1.108406503557798073e-01,4.578029391610679427e-02,-9.750024926621239652e-02,-1.121643265611259599e-01,-8.902473342119135435e-02,-4.561262791209198530e-01,-3.338411431117527424e-03,2.309905428087333790e-01,-8.057029080669153576e-02,3.206836414152238746e-01,8.803455459975145780e-02,-4.631679311532901910e-01,1.347504428393116738e-01,-2.296242021244312426e-01,6.395914680397948859e-02,-3.165969825365492207e-01,2.209808450126201085e-01,-3.388505882758849341e-01,-1.876940910647231786e-01,7.719492200363313461e-02,-2.223914568572499945e-02,1.103303310022306361e-01,-7.122015110941238170e-04,-7.736705190709235180e-02,1.901923714435680979e-01,-4.269264954556015873e-02,-1.295450755118388551e-02,3.174831007920486670e-03,-2.968868271580911086e-02,-9.751291101071358353e-03,3.407804143752571902e-01
-1.114735127180136731e-01,2.112326693291241286e-01,8.021594739081980285e-02,1.244517289380000918e-01,-9.532469590786163058e-03,2.164691141369829916e-02,-2.228619929631678320e-01,-4.969276575577263703e-03,-1.062090448624163769e-01,-1.987516688576191348e-01,-3.816499572715214561e-01,-1.016300433007813996e-02,2.121105660623789912e-02,1.383890086961388488e-01,-6.361699553216097758e-02,3.570354529943961519e-01,-1.668183338550631167e-01,-2.965158833220340323e-02,5.654938707413834781e-02,1.061963592671454418e-02,1.775862808469516607e-02,-1.057290071642654067e-01,2.514133963291437790e-01,1.132448885534345917e-01,-1.722493305994891588e-01,-1.707587751866355696e-01,1.595665105616742019e-01,-5.296985396181212030e-02,-5.562135762448346954e-01,-1.116869237573634710e-01,-1.800042428160985586e-01,-3.099658381904942805e-01,-4.151689147605193142e-01,-2.085117783168974337e-01,1.734980666034062202e-01,2.211158687359751907e-01,1.992851107691086809e-01,-1.041651326202913674e-01,-2.342255287451687137e-02,3.591361356346871314e-02,-2.651987867806681123e-02,1.048868305887122460e-01,7.561058610255208534e-02,6.318860195716899386e-02,-1.495163400779745688e-01,2.663492018603186209e-03,1.692515736981558064e-02,9.822744233539126846e-04,-1.502553952906415247e-01,2.977287023360192242e-01,-1.579521084903732775e-01,1.128685515379784510e-01,-1.951897550591299990e-01,-3.936218488863539311e-01,-3.095389791267072303e-03,5.508299749137018919e-02,4.327775153321340718e-02,9.520943845230677577e-03,-1.835742103170208417e-01,-4.291738159311253228e-03
4.739409253609670747e-02,-1.763213788690291828e-01,3.277371851378420020e-01,-3.127325489775399925e-01,1.788039290854340491e-01,2.943005877912246299e-02,-1.782948871493708620e-01,1.716599395854534471e-01,2.387061697105213320e-01,-4.068365294740223376e-02,3.505853868765280157e-01,1.322211743427706976e-01,-3.731163499556296170e-02,2.315576074711265808e-01,8.049821426929426593e-02,-3.904491268736217657e-01,1.308284012079888592e-01,5.089085953643092408e-02,2.911742030239294725e-03,9.731943695792300009e-02,3.578254008411275999e-02,5.146110860237119999e-02,3.956327778057742300e-02,-4.817502720398829548e-03,1.064732840764754107e-01,-1.747192683905255672e-01,-7.162187926909993618e-02,4.845336389291457491e-01,1.056768954232674140e-01,-2.781568448597716015e-01,2.262619031045469062e-02,-2.397550607445814441e-01,7.985132087656102162e-02,3.487818262075229742e-02,1.311395227105887074e-01,1.028518342587501772e-01,-5.292724456800155380e-02,-1.765771956863483594e-01,6.197093304268698477e-02,-2.299889619184655731e-01,1.560360143257371601e-01,1.359459786376484604e-02,-2.754231123441363005e-01,1.243398438028111286e-01,-1.236385136461983364e-01,-5.060384432570250862e-02,1.985360526856667640e-01,7.905633903059183787e-02,3.494505567518686462e-01,3.687048160750793779e-01,3.694632305802808547e-01,3.628656262304980062e-02,-1.876810832157535525e-01,-1.271552174311889050e-01,-2.397301589025016555e-01,-1.727978274965304151e-01,-1.442470530750689928e-01,-1.236021352822432168e-01,-5.626009979246765491e-02,1.098558457444965136e-01
2.594414890056567780e-01,-5.469491353895079844e-02,-1.536983638555785014e-01,-4.082137082776673975e-02,2.431313999518677493e-01,-1.204427872132575184e-01,-2.180230654437858087e-02,1.201133384889115086e-01,9.897276529679002732e-02,1.508442261570885380e-02,-2.508565273435671150e-01,-3.204158096277744810e-02,1.300959323513324883e-01,-5.366844479452419214e-02,-1.253819697126206945e-01,-9.549701374161144452e-02,3.616961915328584243e-01,-3.203210868339470552e-01,1.989010327995776595e-01,1.225846054860272802e-02,-1.252202932832576776e-01,-6.032093586994850820e-02,2.911392497271436675e-01,-1.961016949833598588e-01,6.241152283956889757e-02,2.302384812082182708e-01,1.380195428264645030e-01,4.482370413482461222e-03,2.051891624349227727e-01,-2.781593465005892107e-01,-3.643893466439049322e-01,1.056927728513129550e-02,-2.270021489934270775e-03,2.189531438332319446e-01,1.058575462194443900e-01,2.715369363005176728e-01,2.184527994938418802e-02,-1.728915508267817036e-01,3.292318142845743756e-01,3.038721655535636113e-01,1.826211528777972604e-01,2.099692136440665102e-01,1.252494946216424834e-02,2.593862666221182778e-01,2.800787151125617713e-01,-1.719056952958524787e-01,1.928422398611873700e-01,-5.831042299904556220e-02,1.023517877761458833e-01,-2.486476542277070989e-01,-1.204802894690469445e-01,-2.791876981999568200e-02,2.398530601653931227e-01,5.280181033689089476e-02,4.014954998159731697e-02,-1.062918595162849061e-01,3.740163446388615753e-01,1.953818602401526383e-01,8.522220525401248692e-02,-1.186197683068119374e-01
-8.232533297118459215e-02,3.386705508051084945e-01,2.650002993217542846e-01,9.195770285766982632e-02,2.115540677242279746e-02,2.478880850822970383e-01,1.894881974085506626e-01,2.128747100355370403e-01,4.634751450897139913e-02,8.094786018695823704e-02,-2.254260923264827521e-01,-2.966098126624494569e-01,1.797818069648773609e-01,-2.342628094178424158e-01,-3.611978429538709352e-03,8.985527115165845014e-02,5.763192321928560513e-02,-1.394664519296894278e-01,-3.946923277997812889e-03,-1.774709479301490034e-01,3.570083474882619623e-02,-1.098940672291158771e-01,3.415608127510915693e-01,-1.313052153544435052e-01,9.266531493923473028e-03,-2.492479954376884410e-01,-2.677677254955935782e-01,4.978619439013755310e-02,2.598037929426250114e-01,3.862065749729986890e-03,-1.569546759324996765e-02,-2.480555979903677558e-02,-6.222251628566918130e-02,1.195236011672512824e-02,-3.067335047153183503e-01,-1.873479315683568291e-01,-2.785083756484134712e-02,2.240914118774181285e-01,-4.070893769519617900e-01,3.802239378181301310e-01,1.659983357322407649e-01,-5.655574527133756801e-02,2.775432984835778383e-01,-6.125310771601373550e-02,-5.418826553747875252e-01,-6.059736090056282165e-02,-5.797384650416272101e-02,8.440132435616236328e-02,2.966247997852967666e-01,9.661705606338910624e-02,-2.572598608610395798e-01,1.707327021487614338e-01,-4.435001165872820006e-01,-1.749390221968395720e-01,2.343120663030774653e-01,8.995315709037056406e-02,1.065189237791495068e-02,2.564947629683319574e-01,-4.871622788613150234e-01,-2.998295589400474734e-02
9.888847151280470704e-02,1.349119225113122877e-01,8.732589311855534775e-02,1.619073608396389141e-01,1.446741414206212661e-01,-3.845559906970582448e-02,6.979340710452275331e-02,-1.808049075751340384e-01,2.242947615943983730e-01,-1.510759746006538062e-01,-2.092332787371227812e-02,9.757537004852764873e-02,-6.767568417991831967e-03,1.701819120645998440e-01,2.464498237493742694e-01,-1.192425205105749758e-01,-1.138134473758257992e-01,4.662924949149545306e-02,2.258522165254343295e-01,1.808424251450790887e-02,-4.321312704657691295e-02,-1.396980844265356403e-01,-1.945314731306505562e-01,-7.544616845768854774e-02,1.329027370489549442e-02,-1.348010592314194921e-02,3.611635453894746495e-01,-1.335843557905670997e-01,-1.288800000352830488e-01,5.650855821400666695e-02,-1.579630290174829366e-01,7.047624892597111057e-02,2.878300417025642099e-01,1.718607430980469974e-01,4.022477592704744309e-02,2.438124277065675805e-01,-2.646053672800551676e-02,-1.898480613871875722e-01,-1.561581579140488840e-01,-1.195925657577777274e-01,1.889012244141576036e-02,-3.255751265533678163e-02,-2.358911478497634495e-01,-9.997780275702247699e-02,1.928391660985148692e-01,-3.206044274992060628e-02,4.948807583020427975e-02,8.595528950961034420e-02,-2.140429451067207278e-01,1.498703695358535037e-01,9.068746860432551349e-02,1.927718049907889974e-01,1.459536497017329959e-01,6.491369994542352251e-02,-3.947350082723301290e-02,2.286228170160002904e-01,-5.492323687849633151e-02,1.347306686538052578e-01,4.456954361308573809e-02,-1.436920659304354898e-02
1.675139224756627132e-01,-8.705265510127523088e-02,1.134740613314363655e-01,1.216650161237114169e-01,-9.583253544343819930e-02,-1.587284367221898085e-01,-2.374091481727773068e-01,-5.013387547835703589e-02,4.969156908186765642e-02,-5.387234102422021331e-02,-2.129913022250137788e-01,-1.981905706827627178e-01,-1.124307821997285739e-01,3.000643757799433264e-01,7.251290946725295894e-02,-2.691551068004609526e-01,1.184197843887734580e-01,1.078209050083739629e-01,-4.217661996687350756e-01,-1.971660746640432060e-01,-1.776961525228730743e-01,-1.974982962646187334e-01,-2.762243246610193159e-01,3.067223222147153483e-01,3.367913020974948324e-02,2.556878218849057971e-01,4.024143162038294752e-02,-2.345593190822695406e-01,-2.335819978126021379e-01,-2.115498621475327690e-01,4.232604354748244480e-01,9.956039248809420150e-02,2.463394831788648376e-01,-1.233317824640916688e-01,2.499273704969492971e-01,-6.046199907865270479e-02,2.021492884815699331e-01,3.360942262031210159e-01,-1.347739407412915646e-01,5.953875265191621233e-03,1.678398595705140328e-01,-2.862116447809644471e-01,-2.217990747221575965e-01,-2.951851821802046749e-01,-1.108440435184105122e-01,2.594518958751496074e-01,-9.776208986928744404e-02,1.911044139760312288e-01,-2.395849746786360424e-01,-1.490447706427125429e-01,-1.515068902695001496e-01,-9.175651790819161491e-02,5.003991443103446984e-02,-7.699547997407685251e-02,1.434580770217976087e-01,2.372509779559214826e-01,-2.024906886846300318e-03,-3.421730453228518098e-01,3.786572119164034744e-02,5.982475566224906144e-02
-1.904129384784123968e-01,8.631435827910234615e-02,-2.672093960617595299e-01,1.390699671007842031e-01,-2.395522463282993841e-01,-2.033854034625162954e-01,1.656917432566248904e-02,1.542769562592539445e-01,-1.339764250001337920e-01,1.609021457034388036e-01,-7.520573292140368682e-02,-1.429389855542443633e-01,5.459196327618398917e-03,-2.476958772227172423e-03,1.170331999409579271e-01,-2.196773690685576985e-01,-7.780200293869710126e-02,2.559737098563943936e-01,1.692206481041598765e-01,-1.786337549169269290e-01,2.579634268264960895e-01,9.671099534614804871e-02,4.560338233157864435e-02,1.248606996402099323e-01,-3.034523478509047467e-01,-2.387444301837849392e-01,-2.456465942591631035e-01,-1.923073647062174540e-01,-1.145273850975248864e-01,2.186294627899568882e-02,-1.706980812223164029e-02,3.806296508591698602e-02,6.894608608458639709e-02,-3.809350630148011785e-01,5.442871956663918043e-02,2.702747659273074636e-03,-4.181500472063525708e-01,9.678996609904048920e-02,2.399450393784965385e-01,2.096601556009593942e-02,-7.583769923305311300e-02,1.188308999037114566e-01,7.479942424508401189e-02,2.658379958907125529e-01,-4.281541889131771361e-01,2.641745786491553893e-01,2.387259217060271332e-01,1.761494999588864019e-01,-9.983317305369650285e-02,-8.624302983597630090e-02,-1.838914113392627614e-01,3.759916845308912403e-02,3.193906021751866664e-01,-4.251758722183561767e-01,1.294061312717298406e-01,6.896447880907483063e-02,2.667705138927133346e-01,-6.669309973812900805e-02,4.490057700450356681e-01,9.295813068243011235e-02
3.195969215793895701e-01,1.073627240632480245e-01,-3.836786316330823565e-01,-2.037149512318636724e-01,-5.168049722084214898e-02,-2.151594550339865769e-02,-1.294317752215483897e-01,2.011313234153286333e-01,3.789597631408594958e-01,3.998207066484069788e-02,5.263177254437275548e-02,-1.313321303508861171e-01,-4.790047957801298745e-02,-1.003377752848407523e-01,1.779055153500818665e-01,-3.090909422841267018e-01,5.668833925654621908e-02,1.859175349743453706e-02,-2.636469801407732572e-01,-3.310603172956318174e-02,-1.871793886172999355e-01,-2.860139227379610190e-03,9.681003284372827200e-02,-2.704785612565276942e-01,1.160771913677863532e-01,2.067109901411786355e-01,-1.760673409719081539e-01,-9.235518426984896945e-02,1.180052135930153290e-01,1.057100208608054148e-01,6.763626898052392533e-02,-1.170704253700229069e-01,9.054387969219981902e-02,-4.323970740601849189e-02,3.327717590120482429e-03,-1.345010177723546807e-01,-9.908492613148925376e-02,-2.058173851800602083e-01,-4.467155792997434816e-02,-3.371085159820243482e-01,1.724143991196995518e-01,-1.507753354975530091e-01,7.284501810285193626e-03,-2.293251647598047727e-01,2.434268068849470834e-01,-2.491527707880893394e-01,-4.773324347283376956e-01,-2.236932195325108119e-01,-4.989507301160132219e-02,1.978715708349717273e-01,-1.114398023882791355e-01,-5.022184655687783605e-02,-1.990673174580859933e-02,-3.550781871075292528e-01,-1.779466121785880650e-01,-1.407795220165017902e-01,8.212431684875033666e-02,3.558733286705720866e-01,1.881124322590829456e-01,1.016141482573232856e-02
-2.338581070047918709e-01,3.432221464859931404e-01,9.507443825816896954e-02,4.562519859050764154e-02,1.910010936217617361e-01,2.320728964703618613e-01,5.220871313159323318e-02,-4.913019906385408531e-01,-3.064781606493864330e-01,-2.993968652006179787e-01,-3.276467708650453170e-02,-1.537002566762318001e-01,-2.616690029294795883e-01,-2.013182203227600053e-01,-5.648636810281162240e-02,-1.429133990565975842e-01,-2.645607147384450991e-02,2.708735470869231277e-01,3.189995232566071592e-02,-2.849683972792117492e-01,-9.252496862777281894e-02,4.645725875721401499e-02,4.574136369377605760e-02,8.249120838148951695e-02,1.930602625870435074e-01,-5.858039845082726321e-02,-2.830998225084247616e-02,1.669836340133747099e-01,2.226494358083515590e-01,-4.648228617519862271e-01,-3.874895097921069453e-01,8.483860641257234825e-02,-9.746958043386710902e-02,6.571592018316418926e-03,-1.766215396231746171e-01,8.747633773358917675e-02,6.879742403881417001e-02,-1.481317859598911268e-01,3.586030534839934059e-01,-6.391101285262684728e-02,-1.436069742547768646e-01,3.782680275918717111e-02,-5.696540493312833575e-02,1.470773246401931300e-01,-1.730897623384974326e-01,-1.825325764054491484e-01,3.301445600498053579e-01,5.729683411532752318e-02,1.274896956759149526e-02,2.587411058815702325e-01,-4.327163963343177433e-01,-2.831906714503352740e-01,-1.480250842201230599e-01,-9.413676125997372246e-02,1.137906358642383486e-01,-3.193729583820575924e-02,6.600798648692057791e-02,-1.875721273016555113e-01,2.838803802076815264e-01,6.374830482666904441e-02
1.964900446401798839e-01,-2.544236441187446851e-01,-1.374572112955978476e-01,1.201779963525830552e-01,1.765461825704215948e-01,-5.818526530478163039e-02,1.755157180318072108e-01,1.264623479648669391e-01,7.872867188561732954e-02,-3.745623878324167988e-01,-4.006395909678407696e-02,2.215886485742011858e-01,-1.127833840571457191e-01,-1.444123680922073105e-01,1.365086889755430799e-01,-4.041523035803916142e-01,4.241852802422411972e-02,-4.853008267656130914e-02,1.466007610310672005e-01,-2.263557924172943936e-01,-1.495153110285575571e-01,-2.955134804941534840e-02,-1.495533485630365644e-01,-1.420571862561029464e-01,2.558076672124190987e-01,2.191435296897396301e-01,-1.510862674246138959e-01,1.361292974230091379e-01,3.768939605829427913e-02,-7.675244887061824506e-02,-3.223505717303423168e-01,-1.802641708191928260e-01,-9.333461043987792416e-02,-1.547925913002317633e-01,1.420076725609598078e-02,2.678148518765430808e-01,2.990993663905137240e-02,1.250690739483409641e-01,2.513699898226529061e-01,2.827581302526068208e-01,-4.117159412669656182e-02,-2.147919187184207934e-01,1.184647439538707853e-01,-1.151668649385024779e-01,-3.141153789130283203e-01,3.811762948694963349e-02,3.170071543370783784e-01,1.140412760868528136e-01,3.093736372994815298e-01,7.137071899902595884e-02,1.829862832700214215e-01,1.278418750792061354e-01,7.334005980599081487e-02,9.239321393773481262e-04,-2.248136833756857467e-01,-1.976317758368026922e-01,1.253521647245546544e-01,4.220763264079298305e-02,-2.747555308906630689e-01,1.116866144864773480e-01
-2.063381653508627733e-01,4.101535981138158538e-01,-5.618040238812616050e-02,2.267877214637365954e-02,-2.794828983549419998e-01,4.050988428794186080e-01,-9.578569988132824148e-03,-2.007149468087290889e-01,-2.544576324249211430e-01,-3.112373287877628902e-01,1.339492700199926001e-01,3.507753188362497387e-01,-1.001968394636560886e-02,2.986757738097452486e-01,2.280518527744034574e-01,7.008206682594503301e-02,-5.795045762758922747e-02,-1.432599197083674336e-01,-2.032745829502381196e-01,4.182680178508650648e-02,-5.290175006644348699e-02,-6.852893847738421307e-02,-2.563853777430077363e-01,2.986639543405307240e-01,2.653426052735984308e-01,-2.204241230440241728e-01,-1.783108491276731711e-02,-6.235007491149270609e-02,-1.081715015999529517e-01,2.848908105870095464e-01,-4.635962117508894975e-01,2.272019747102052845e-01,-1.987763308487589808e-01,2.194839957924959450e-01,1.651297846421556914e-01,1.472251258565653587e-01,-5.645088256878807303e-02,-3.129090200654810472e-01,1.590652671280713970e-01,-4.855814169425605453e-02,-1.938608733850054056e-01,-2.820647643331909427e-01,7.930371906275718308e-02,1.025674130973115716e-01,-2.156407556705740025e-01,2.061032347353104477e-01,-6.101113714957236145e-02,-1.712956972517830356e-01,8.450764153919770524e-03,-1.069694756223177057e-01,-1.221723801802275383e-01,1.711481468943137629e-01,1.445679720280875491e-01,-3.565768367734891697e-01,-2.492164801099666475e-03,-1.936930439436166107e-01,-1.570801653254502162e-01,3.501230624156867477e-01,1.925466886737678407e-01,1.893584721172847929e-01
-2.080629175991478147e-02,-1.957348981717301276e-02,1.721475797733835744e-01,1.468810838313094891e-01,1.020490620603973914e-01,1.870025231739867178e-01,-1.323139744918488681e-01,1.208000360757886665e-01,7.113530743851159341e-03,3.191710768381763041e-01,2.767943659998713390e-01,1.045055738973767606e-01,-4.465539453398366387e-02,3.193845332690686267e-01,-1.039328212501274551e-01,-6.862564571859852474e-04,-1.059722617771913927e-01,5.425995421158787829e-02,2.479850541692197319e-01,4.831957817723016302e-02,6.534498237817244759e-02,-9.258900197916720975e-02,1.093888547226031377e-01,-6.896439803943954505e-02,-1.163267160448323290e-01,1.539864239141331970e-01,-3.653923781681460703e-01,2.408621784299623259e-01,2.140894189265412639e-01,3.263086703451529291e-01,1.961331704600356371e-02,-3.310266661639177377e-02,-4.684738862882414749e-03,-4.004579307189361226e-02,2.663896783063324225e-01,-1.074817713668044100e-01,-1.109634468229026283e-01,-1.536775759243820816e-01,2.193353236891176228e-01,5.946085872533037747e-02,-1.586154953866152351e-01,1.675123065255253174e-01,-7.309631077650988185e-02,4.617259012741641300e-01,3.151147697639171685e-01,6.984353064712503500e-02,-2.803819111468517367e-01,-1.362802159973528493e-01,3.720190223009724878e-02,5.368850682486374370e-02,1.155257173964667344e-01,9.668240180657654281e-02,-3.720127848537112258e-02,-4.099558997445895692e-02,1.749550387386702294e-02,2.959626931289651708e-01,4.913062712815075353e-03,-1.281590176014202054e-01,4.979380210712387733e-02,3.069288218640918789e-02
1.541148618263165349e-01,4.544892429503418971e-03,-2.369911643621303854e-01,-1.396846576692243325e-01,1.032147872286596178e-02,-2.055725537170501604e-01,1.651281229272407169e-01,-1.356287561725420532e-01,-2.772896606012813514e-01,3.106287788300712283e-01,3.301035795814811213e-01,3.277697419673155643e-01,-1.510472319110259254e-01,-1.664292754541457364e-01,1.479412345999436273e-01,-2.204421176128787407e-01,-1.686356543305027600e-01,1.540732940778072046e-01,1.851356696582033279e-01,-2.869047179772051676e-02,-1.142601010332388034e-01,-2.176632434987508039e-02,1.288110879317094226e-01,-1.291230795726105440e-01,-9.670992564770468369e-02,-1.994359766192930483e-01,9.248675650126578218e-02,-1.423322733945739105e-01,1.121978188339732146e-01,-1.630547704130514419e-01,-9.746918292263501843e-03,-2.388395291739676962e-01,-2.810671915687045219e-01,1.342235319745840039e-01,5.492142063241154532e-02,2.042808512869015714e-01,6.456705974933460435e-02,3.320281653445737724e-02,1.478287395086005929e-01,2.211462208764792547e-01,-2.827080265934556191e-01,-3.424819181410478919e-01,-8.045581034274365551e-02,-7.899763095727906081e-02,1.339670067263932507e-01,-1.126036559879683985e-01,1.366988578621416150e-01,1.206872048829905342e-01,5.324928478880323890e-02,-1.608243250209679120e-01,-1.444415305346756218e-01,-3.020187986403252700e-02,-3.657860272449006689e-02,1.594560936705988474e-01,1.602181303094080411e-01,1.555631078829323166e-01,-2.575012779671503882e-02,5.783417731847466381e-02,3.879533384070988494e-02,-3.123836236459586191e-01
-2.588995268923147686e-01,-6.925094235914553212e-03,-4.747398596414469096e-02,2.435081903916797574e-01,-1.123450064391294384e-01,1.403096714552345969e-01,2.738991763078590935e-01,-1.856348083986491052e-02,4.970378890460287052e-02,9.599574136869445939e-02,3.395755594655510690e-01,-2.077478791902996613e-01,-1.053302862400079531e-02,-3.413590354519736580e-01,-1.261822457893211347e-01,-1.418032705447958008e-01,7.878284998059455202e-02,-2.679483611575352725e-02,-4.060794359510957463e-01,-2.410852368001949880e-02,-2.237789593371521113e-01,1.063016527981260617e-01,1.490322336930703373e-01,-1.980911926338214668e-01,4.838531746862821947e-01,2.761520529046698064e-02,-2.110751762288704536e-01,3.620374994720844120e-01,-9.956833175566373595e-02,1.046569129443760959e-01,1.653748009497748583e-01,1.522656028877470147e-01,-4.578707499165191389e-03,-9.467203593856558796e-02,-1.940538238398495652e-01,-2.374598474802879777e-01,3.065309916321209416e-01,-1.867594594263047303e-01,-2.736896716567512877e-01,3.722775136628281994e-02,-1.803126974792277071e-01,-4.402792046410651527e-02,-1.458359177179673061e-01,2.813324337751626492e-01,-8.645423822683750981e-02,1.335112778937316558e-01,3.049935203135551998e-01,-6.149035392637865888e-02,1.642917473565830289e-01,1.028284229744086120e-01,7.656380110710636622e-02,2.297377186552981843e-01,-3.073672653387992532e-02,-4.402186702545228536e-02,-3.288212321970089835e-01,-1.717501249478628478e-01,-4.944297182019741568e-03,1.116092364073742321e-01,9.472269283144771346e-02,-9.198905258219475245e-02
-2.713129079119986908e-01,-4.090392686225189922e-01,-1.641525023942003170e-01,1.002787816411777888e-01,1.490801484072549477e-01,1.656983282403944879e-01,1.162722360824214041e-01,-3.473368548195995276e-01,4.088977199490099190e-01,-1.094167654821594782e-01,-5.619092270051141702e-02,-1.757374818091779756e-01,-4.128339822028260775e-01,3.025169632131485820e-02,-8.722053015936054310e-02,2.450699969703309944e-01,2.279145319899216759e-01,8.749564754761685048e-04,3.179835627480833565e-02,7.553712425255820762e-03,1.838032201268014476e-01,1.052693550657576721e-01,5.167597697778828630e-02,3.645404890875544313e-01,-1.600979889855095040e-01,-1.547151951297441319e-01,1.837865153978416460e-02,1.765382916238357192e-01,6.145983454313886252e-04,8.831705958540532128e-03,-1.170945001043344480e-01,1.162286458067091077e-01,1.231296615848324338e-01,2.109777159990011697e-01,-2.327192043677686617e-02,-4.881397489129647715e-02,1.199685026527923248e-01,-7.075347840352892714e-02,-2.367122659314253585e-01,2.032585571695344484e-01,-8.586072906728756116e-02,-2.063751691003646582e-01,-5.224005713882953067e-02,-1.026072447987353142e-01,2.955308297315426685e-02,-1.544094504919660271e-01,2.031323433876927598e-01,-2.073848911142313900e-01,-2.175647893748292871e-01,-1.102598056179279924e-02,-1.175796392977408455e-01,4.306459792710357753e-02,-7.369086943870790940e-02,2.027905530709121218e-01,8.465667727924672259e-02,3.001524631740240534e-01,-1.463945084376429007e-01,-4.274090141822543820e-02,3.166358957175415267e-01,-2.672374767634179138e-01
-1.150657322463946725e-01,9.888521374231398764e-02,1.162991084861687840e-01,2.192854368747899074e-01,2.624815635595468266e-01,-2.296128297085665293e-01,3.535104678898833841e-01,-2.225165300124559431e-01,1.529277811230672079e-01,-4.920075456773839034e-02,-1.187448751949911896e-01,1.044306746088759577e-02,-3.443071118499455019e-01,4.192658212523140415e-01,8.385988246212670860e-02,-2.480637012252691620e-01,-1.775707127218819487e-02,1.498032445266755386e-01,6.304787483906029721e-02,-2.534194913915731664e-02,1.846077219924025514e-01,-5.224313260019190774e-02,2.986053544414842276e-01,-3.505294154437390008e-01,3.543366427431522414e-01,3.657497818010918555e-01,-1.951927882242205370e-01,-5.670812807212984724e-02,3.666048198771270639e-01,-1.196389140726727141e-01,1.287494182605589121e-02,4.257718326900614692e-01,1.000259814564678634e-01,-1.934482708197887424e-01,-1.235195035428045818e-01,8.228721416473322448e-03,-1.604338058339387918e-01,1.256097392283504754e-01,1.794085693516169200e-01,8.410525710811353473e-02,-3.132878384599424755e-03,-1.873508390568265902e-01,5.015700864915669799e-01,-6.297167038098250291e-02,-9.224552243041184846e-03,-9.738248592284043381e-02,1.908923647168476317e-02,-7.271059180926627008e-02,2.718211991122344573e-01,3.135096587921904487e-01,8.310391907184799809e-02,-1.753322030539652410e-01,-1.774235494904993493e-01,1.438351511725338705e-01,-2.405221936563911589e-02,4.574059549745331660e-02,-2.846244429187778646e-01,-5.077158842077987566e-02,-6.508554048613442167e-02,1.977917652360585699e-01
-8.822827495519527941e-02,7.702415579418327163e-02,-9.444910894556116099e-02,-2.371162255126657570e-01,-1.435542807587321668e-01,-3.723424928277836443e-01,2.009186462723482336e-01,9.310123327714028840e-02,-2.257981719550647970e-01,-4.728705887710521472e-01,3.827019310389064705e-02,-1.950745383683270273e-01,-1.881386538887453996e-01,-1.596421914602896884e-03,5.881937685207452166e-02,-1.083931513509292649e-01,1.506983545999255880e-01,-1.374503443448949480e-01,-2.060368199688850377e-01,1.623935424376117820e-01,-6.130689944852320272e-02,-2.373836610911784217e-01,2.014105796181706737e-02,3.001792874937603828e-01,2.686126426440637593e-01,-2.335270601658891859e-02,-1.305739193709742618e-01,-4.495740571688335019e-02,7.588001983011065377e-02,2.640672304547385663e-01,-1.203482572630220904e-01,4.298148221422853910e-02,-5.442143499803465956e-02,-2.602531914140143732e-01,-1.661533569272723443e-01,3.061389460425919529e-01,-1.373478366025656650e-01,-1.954097624137272615e-01,-1.382388795943067794e-01,1.211267622566613716e-01,-2.756788308447499780e-01,5.210493628195227434e-01,-1.075937837117399709e-01,1.598613926846396693e-01,1.448017125063532154e-02,-1.218177554878735747e-01,-1.357572964814794392e-01,-4.832413260181352144e-02,-1.728564311130756370e-01,2.729023285255455233e-01,1.348324312799221436e-01,1.160579067401805442e-01,-1.642526095475591863e-01,-1.159931740779655412e-01,1.051209553609053354e-01,-1.803798051528199831e-01,3.990761979991647168e-02,-5.387386249758811373e-04,5.091894393677556113e-02,-1.121236888039033389e-02
-1.696321620493546345e-01,2.931013318846586828e-03,4.412531936521645742e-02,-5.950422406835444156e-02,-1.840745097168146605e-01,1.641848900483364460e-01,-7.676369533918976640e-02,-3.046862413694934046e-01,1.020096516811025145e-01,-3.274858442353174165e-02,-4.278218178662786253e-02,-1.769195480826815381e-01,3.571929309018223586e-01,2.799540942492549922e-01,3.097686174793944924e-01,-5.190418473673993199e-02,-2.107426416613994522e-03,-6.776840444004213204e-02,-1.774519520132838424e-01,-2.197992015469071858e-02,4.226060856467714344e-02,7.963637049956516500e-02,7.375390474813633968e-02,3.293551048250263624e-02,5.345590303457560255e-01,-1.243515569269752624e-01,7.844079999924739866e-02,3.382421653199812334e-02,-2.460425251306082028e-01,-5.728091975775988498e-01,-7.156477527578566922e-02,2.105962583234965435e-01,2.978542028709161432e-02,3.308829941377310346e-01,3.116139815965030535e-01,-1.300472548837913744e-01,-1.213104518730753478e-01,2.606823578005680320e-01,-3.974017056793003461e-02,1.469032802883800115e-01,1.688374653722680419e-01,-1.661885320310788616e-01,2.774728555290438825e-01,4.357083242648543409e-01,2.287108150512993099e-01,-3.459079350804797892e-01,6.452962459490393932e-02,8.559777077713640048e-02,4.605765408826789642e-03,-4.229267779077529599e-01,3.802186174794056767e-02,-1.353955068386088478e-01,-1.976263045790296879e-01,3.270338907068006534e-02,-6.103186604820977357e-02,3.334703799167620941e-01,7.873565464901494115e-02,-4.446850182340389424e-02,4.227063338602181364e-02,-9.075925408543959738e-02
-3.133903585687008442e-01,4.942345752997163305e-02,1.774209672734765597e-01,1.243857768559422511e-01,2.906433366681173136e-01,4.071446741729667362e-02,1.817757929970340580e-01,-4.018968461380530988e-01,9.264914596127973856e-02,3.518577218779311289e-01,-3.014384499721251554e-01,1.659905918050667006e-01,9.196898145641538985e-03,9.920692418288803993e-02,3.605221561357398186e-02,-7.616003476911278880e-02,-1.536027392656416912e-01,-2.282022007027782462e-01,1.800793704498320214e-01,1.963331598727770522e-01,9.248052003820193823e-02,-2.836766594058935942e-01,4.045039933236543872e-02,-2.288300858811672944e-01,3.632229918570129088e-03,-1.279911863507890712e-01,-2.414815512107980899e-01,6.297879286832802626e-02,3.131451393087459900e-01,4.472404744636787610e-02,-1.741160375189429177e-01,3.151217445486385604e-01,-9.187028803394751975e-02,-1.748157479130873215e-01,-5.605604340030609922e-01,7.308299819426092303e-02,-1.517406426104651040e-01,3.158750205577417480e-01,-3.210298385420193301e-01,-2.535602964890786848e-01,-4.625063747339787368e-02,-5.584344793053791500e-02,-2.877964258155524813e-01,3.992058725505686079e-01,3.983059237560379051e-01,3.443918507580046584e-01,1.818125476889110581e-01,-8.140428797166790464e-02,3.155186448165532287e-01,2.097830094963770708e-01,-7.774796468927525073e-02,-9.472591990276267582e-02,1.290202971393664411e-01,-5.018358272486438121e-02,-6.737490406086391048e-02,9.869755535687599335e-02,-1.107058248983907103e-02,-1.826601030608779597e-01,-2.941535136740125629e-03,-1.664076704540824458e-01
-3.018160763926778234e-01,7.274904318678725168e-02,-5.025494176994196316e-01,-1.944817570939925272e-02,1.392180628541829501e-01,-1.605115593618660075e-01,-1.129813996284156907e-01,-5.810675805132105992e-02,2.632829431839213696e-01,1.027440034139106839e-01,1.283443813804420464e-01,-8.005109228692584844e-02,-1.974761294500764208e-01,-9.421857683421093477e-02,6.670175353263229842e-03,-9.414525727379588482e-02,9.807461771216888224e-02,-1.747914870673130672e-01,5.280757736936494279e-02,1.792623812066310163e-01,6.426705895140397140e-02,9.249194586220511882e-02,-2.542781011759229909e-02,2.329324519393680126e-01,-3.130903040451012143e-02,-2.362306629066985020e-01,3.039188999978912342e-01,6.496820019790458534e-02,-1.481147247985585835e-01,-1.116372825032468930e-01,8.436309616346944484e-02,1.307807159039551526e-01,1.704619218842658712e-01,1.941191316201695133e-02,-7.851029589001634612e-02,-4.684268213754429894e-02,1.101942849188755763e-01,-6.826540122893531848e-02,-2.978921221621760873e-01,-1.716270910543385986e-01,2.496108994493201894e-01,1.662679468421108808e-01,1.810023252052978676e-02,-2.416803788002211406e-01,-1.999323688985506497e-01,-3.671089181067845042e-02,-2.427031087642407825e-01,1.202610619245269713e-01,2.785693595774120790e-01,-5.790574946256035055e-02,4.677190551768363735e-01,1.226209420524387861e-02,-2.316134429493286184e-01,-2.622230048899906185e-01,1.294411215674370896e-01,-2.929152159170639314e-01,-1.542717075745217992e-01,-8.517403868412865009e-02,2.779089143818340712e-01,-5.513748201987778152e-02
-1.905298974449457783e-01,1.016036161654173819e-01,-2.885675385252191028e-01,-5.942527548263879661e-02,8.130199429030363079e-02,3.229266444623156429e-02,1.625394514887779085e-02,1.047225744838810868e-01,-7.071707759590144249e-02,2.903558658554979827e-02,5.248753279079741013e-02,-8.850185755086667494e-02,-1.849128319177982260e-01,3.548636525797014413e-02,1.357767618610594140e-01,1.279455187567195007e-01,4.032441666450998774e-01,-2.371867444425078408e-01,7.359742559290669006e-02,-1.039963478335611119e-01,4.058423361450859690e-01,1.991914184604952065e-01,-2.852949380291993076e-01,4.542906505565801334e-01,1.268750774874967957e-01,5.050701412934011092e-02,6.600904149312782077e-02,2.349352166694979316e-01,-9.566745598837853026e-02,-2.081692799642209310e-02,1.882657248000372818e-01,3.843116050598828215e-01,-1.719334296474996776e-02,8.387312039061242674e-02,1.289558314654037086e-01,7.509169263963637320e-02,-6.218054616897798759e-02,-2.095761612260599593e-01,3.786178244236394763e-02,1.668539419885934488e-02,-1.180771114714152664e-01,-5.903846169217027290e-02,-1.375826629709819794e-03,-2.662835649087417766e-01,1.002875580694249404e-02,-1.918059741022741238e-01,-2.515415815678376243e-01,2.837975966813141016e-01,-2.022903380556151376e-01,3.071152642287665047e-01,2.816244367497794387e-01,-6.327255927516869383e-01,-1.518241781764687881e-01,6.130375137044846712e-02,-6.282964869444566947e-02,4.092739457422412200e-03,-1.398144338936176401e-01,-2.810175196682160870e-01,-6.099899306997029480e-02,2.146559093155037679e-01
-4.478110213731257075e-03,-1.677787111109955709e-01,-6.550043821665121890e-02,-1.289233997913520266e-02,4.949740778726965246e-02,-3.070015187792208833e-01,-1.963326289034376393e-01,-1.348779055270259986e-01,-2.247215977935577147e-01,3.093073453297592867e-02,1.425425155763399010e-02,3.952932670158132433e-01,2.588756528864612494e-01,-5.183183604306692421e-02,-1.014775353050609008e-01,-3.992511922701076910e-01,6.931198058588669553e-02,-3.394663572796485090e-02,8.775358541425304360e-03,-4.108945117236544042e-02,1.523433497989255536e-01,-2.097103172984575437e-02,1.108697377856380645e-01,2.437879194725143389e-02,3.069119946318853986e-01,1.694060031892345719e-01,-2.312626745841292464e-01,-2.221643761222022451e-01,2.580110499645728028e-01,-6.920151278030069186e-02,2.289275863143965528e-01,-3.685953682159633094e-02,2.208655033350307995e-01,9.378265827409201782e-02,-6.962403037643505321e-02,9.272060594909319053e-02,2.589099725602339030e-01,2.043792844457181235e-01,-3.219929453706703582e-01,5.395177610812269542e-01,-4.614322196405340470e-02,1.143609755310190934e-01,3.625814816101662341e-01,-1.200534931568709024e-01,1.895587232824763879e-01,-9.679855744519000327e-02,-5.569354186350043007e-02,-1.087815927751707851e-01,-5.676499746961138557e-03,-1.554660749749683935e-01,-1.876537537081362783e-01,-9.854924812220608454e-02,-2.283852916396111182e-02,3.126303990803450672e-01,1.657672202350298218e-01,-2.169572437536574916e-01,-2.516607909078373284e-01,-1.603389138927916943e-02,2.171312926850104685e-01,1.945813085225273353e-01
-4.909392461156535103e-02,4.374875909983134969e-02,-1.357231370291772932e-01,-2.697838873981891483e-01,-2.665595436660740322e-02,7.709173073852375324e-02,2.207516188044686412e-01,9.855221049523234245e-02,1.127184205146668922e-01,-1.001427389845820637e-01,-2.668770759788163804e-02,-5.487245852692411441e-02,-3.217973500990059521e-01,5.028207752611457346e-03,1.201610489492612038e-01,-7.348159624900103826e-02,1.523855224866596525e-01,1.425811595400636733e-01,-5.635069408972578353e-01,1.236745666154962231e-01,-3.854288607362623131e-01,3.185887762330533723e-01,2.094670882825212452e-02,-1.093687551258885338e-01,-1.554530822412790170e-01,5.666862066998112901e-02,-6.020150263691457365e-02,-9.119954091671979290e-02,1.397522468321768796e-01,-6.178052060698998454e-02,1.984077316690475157e-01,6.146131537399829314e-02,-1.351323255115721156e-01,-1.940820598850849857e-02,-1.809530201453201856e-02,-1.499256118014308525e-01,7.266011817563211572e-02,-2.610866110122868067e-01,-1.868277672643507692e-01,2.894414194063313905e-01,6.234929371357391531e-02,-1.796163020867936611e-01,-7.035242204309695435e-02,-1.048161906422660217e-01,-2.484550679570258699e-02,-3.735751699847986163e-01,4.748878276678724641e-01,4.179141649126928704e-02,3.727313647592204182e-01,6.203030375052620560e-02,1.486851063551202778e-01,2.173053329011877532e-01,-2.870556962101649678e-01,7.679091727032502646e-02,1.146040984852668004e-01,-2.233543225675024557e-01,2.128003042041714532e-01,-1.157197471879545525e-01,-7.636686454220904807e-02,3.490519743256093315e-05
3.555179506548192953e-02,1.255089710125232294e-01,2.504669819642023620e-01,2.016295624361562899e-01,1.679678056490356911e-02,-1.524043604130670415e-01,3.078972453620444291e-02,-1.116073760381300906e-01,-1.887996788707647089e-01,1.979996642557397268e-01,2.291860718843130584e-01,1.606666151231381512e-01,1.324169867522131672e-01,2.964507158647357588e-01,1.196118386955542096e-01,-9.541367040096126323e-03,2.283257410500054777e-02,2.831401456377313219e-01,-2.482512812739677555e-01,-3.013460785747415493e-01,-3.575403435248382389e-02,4.242757671366265693e-01,-1.298418490464174069e-01,-1.501151140167610309e-01,7.001661091372853030e-02,8.067981177555186290e-02,-1.580515349200572739e-01,-5.881299594306725609e-02,2.704407836524245212e-01,4.086727872352177160e-01,-1.785769599672042407e-01,-1.020474240380041114e-01,-1.351402976618756857e-01,1.470577712028114659e-01,-3.460519098634832202e-01,2.000390905920499396e-01,4.713050729946076378e-02,4.757444833977553136e-04,-2.381557648052545217e-01,2.090579316212443639e-01,2.575455416629993111e-01,-1.583159603634057000e-01,7.778983131171920973e-02,2.856811389693085235e-01,-2.225556595014002159e-01,-5.050900482821837345e-01,6.462134021894463953e-02,-1.672876197781638097e-01,1.219232226621581594e-01,2.425656622823961772e-01,9.920778270130206633e-02,5.863452396740907735e-02,-1.508514446648342444e-01,1.235997267870626304e-01,1.477408687107599206e-01,2.821597494136064976e-01,4.266570361732607841e-02,1.124790094461244061e-01,-1.467926736029529500e-01,2.332709027355634179e-01
-1.179522497200968384e-01,-1.044416790203193945e-01,3.069100685973076836e-01,1.104375280088334826e-01,4.038184629470939133e-03,-1.299469249958712103e-01,1.001431192378523516e-01,9.108012132071055533e-02,3.004799737738464982e-01,-1.228789878859051637e-01,-6.662427913624639764e-02,3.658378514535960691e-02,-1.267168214426713235e-01,-1.860385297152893913e-01,4.358827488217552337e-02,-4.195492188028871611e-02,4.310289533887899371e-01,3.539644194597856286e-01,-3.159077321500072810e-01,8.244805534483064247e-02,5.861489642633392616e-02,-5.232227344406290698e-02,-1.901704935567062882e-01,-1.613023817158755757e-01,-2.384170138725639695e-02,1.877793490900954709e-01,1.117613457912389717e-02,3.891839357913194630e-02,-1.168463190625240455e-01,-1.341314596015187044e-01,-8.778688301065282196e-02,-6.746846664180017328e-02,1.503582974566584907e-01,-1.960369338478649692e-01,1.602019569840905378e-01,-3.009019820325007921e-01,1.004386324601059394e-01,-1.795558951229818123e-01,-7.073931900477503643e-02,9.882584420502807387e-02,-3.285031435322786075e-01,2.115797898933419463e-01,-1.507868282237675994e-01,-2.504553656026383135e-01,6.839865428358174460e-02,-1.714375033513975688e-01,-6.050078208840088678e-02,2.485925430172841949e-04,-1.920473666791015499e-01,-9.306037285429780148e-02,-1.029380041009086977e-01,1.826774193123778534e-02,-1.189350505856170137e-01,-4.984696170734528170e-02,-2.461875553653571427e-02,-1.339502028591620653e-01,-4.678097254992360371e-02,2.154665179509704931e-01,-1.483294447562554796e-01,3.183815200170729831e-01
1.031499355674758978e-01,3.065935674676869005e-01,-5.317303522805797433e-01,-3.634440102776383824e-02,7.358315249346278342e-02,-4.325646252061117747e-01,2.664128038484973038e-01,-3.373433644959956956e-02,-7.843014822162994171e-02,-2.426939019112374363e-01,6.819596081315393299e-02,-1.378674734195898810e-01,8.341782543593953547e-02,-1.464469762485082205e-01,2.985116369005449966e-01,3.234265200644871607e-02,1.216801797367027538e-01,-2.176738791195801659e-01,1.507957475492211763e-01,1.151095072252154711e-01,-3.203658594017765315e-01,-7.706157355172413292e-02,4.306724807359151030e-02,-6.475276668503723854e-02,4.439791252548953016e-01,-1.445112912932791649e-01,-4.908933227665300547e-02,9.179443132422895890e-02,-1.786340831506690596e-01,2.583716718200291737e-02,1.217688616514190636e-01,-1.169204919772526691e-01,1.299473867088324075e-01,2.258334427146699019e-01,-1.446673868659949236e-01,2.586581460823038706e-02,-9.010229348138927563e-02,-3.191915566693181994e-01,1.777038729414547880e-01,1.068550434195062182e-01,-9.948576249943619221e-02,5.724520310139891155e-02,-3.032609136650951109e-01,7.022355168966779027e-02,7.184555971710405997e-02,-1.996022846078877588e-01,-1.169646646874950846e-01,2.891277643446716894e-01,-7.855722424122903169e-02,2.044052390799862978e-02,7.922641492317610001e-02,1.983057845953539039e-02,-1.775343734784189942e-01,1.285696390173556025e-01,1.323037316857447188e-01,-7.691858764614399602e-02,-2.689134581330064888e-01,-1.512122092794082884e-01,-1.707166365175735168e-01,-2.476824329271358205e-01
5.579334514784837357e-02,3.927732763910527641e-02,-8.522426960538079244e-02,-3.103085599123160399e-01,-2.673044576620342005e-01,6.950031593288706622e-02,-1.300382079519884007e-02,-1.360174211643111197e-01,-1.202515493771233179e-01,-5.530159578754939576e-03,-1.494027399491639763e-01,9.692421833184551583e-02,2.265602826454048493e-02,-1.188529289402870670e-01,1.219878819593223085e-01,1.087020366009907868e-01,2.065837040020204740e-01,-2.808177877396542121e-01,-8.491618047644733033e-03,-2.295083920597549773e-02,-1.822287587927151620e-01,-2.291193108879843177e-01,-3.837313881073503019e-01,-2.515626850060838637e-01,-3.349079494621475805e-01,2.087419665101685473e-01,-1.522025873173638022e-01,-2.305868027599621006e-01,8.225017806659065678e-02,1.125574594472323053e-01,-2.671784237027823861e-01,1.348318814120033106e-02,4.465394398490753203e-02,2.256372813571581870e-01,-8.668484439323928537e-02,5.034607474581074410e-02,-7.720727449901942929e-02,2.385268980891272483e-01,1.539680213612734383e-01,-1.050771580064511490e-01,8.667051151069307680e-02,3.986828319734747605e-02,4.257195720577141435e-02,-5.141690040163771069e-02,-8.677173012398202434e-02,1.908111702574115665e-01,-6.274063608984767337e-02,2.184808186337906799e-01,1.285109082457892293e-01,-1.790479810517474346e-01,9.826425197267731060e-02,7.191151271530368816e-02,-5.841936991209294161e-02,1.983673744822901097e-01,-1.213040015315585557e-01,-1.790496663042324965e-01,-9.301441256733503082e-02,-5.607091041743503951e-02,4.329324858094288353e-02,-1.243773575795707326e-01
-2.331833575089695132e-02,-5.987068502986304941e-02,1.009095729336388497e-01,1.263996804774688565e-01,-2.067619895368713878e-01,2.111164634957198027e-01,1.553646123953102420e-01,2.935238071950173055e-01,1.297780515170043614e-01,-1.480132971425258091e-02,3.454759558204392178e-01,-3.599064938325076679e-01,1.001468386524296539e-01,1.230749900077511604e-03,1.766082201730436174e-01,-1.703841481575784633e-01,6.227462571628313015e-02,1.362390372104193073e-02,-6.189875273238439751e-02,3.376599766210436337e-01,1.451811522889946415e-01,2.484252392104641660e-01,-9.758702489831794441e-04,1.174532264401630111e-01,-7.289945506801666364e-02,-2.123777276474773240e-02,-1.257016108283988964e-01,-3.476841437558150782e-01,7.354506722601167508e-03,1.274216367464872657e-03,-5.165055174107976294e-02,3.816295427296317877e-01,5.519644629591721058e-02,3.226168805402737094e-01,-3.613549662225581383e-01,-1.292736553005684463e-01,-3.382464894589798377e-02,-2.653283271246073549e-02,-2.486655715343638884e-01,-2.395965928342469464e-02,1.400227954982638801e-01,-3.153743936895206934e-01,-8.333027985879726263e-02,-2.553117426938639190e-01,-9.115801350905777811e-02,9.821619282093529968e-02,1.590699444913373783e-01,-4.560442213339581385e-02,6.443407070122039726e-02,-1.423581944415653056e-01,1.874049540397959481e-03,-2.248682541789575606e-01,-2.200177662336908480e-01,1.914009534182411210e-01,-4.696913509168614692e-02,-1.251962041177359097e-01,-4.130308591676247476e-02,-2.848888833198098824e-01,-3.013312703583267971e-01,1.496386407830798682e-01
1.614359510964298861e-01,-7.683228356200942633e-02,2.168391617485783962e-01,-1.363892254318376795e-01,7.381031828246960302e-02,4.006200834105076436e-01,1.754143825934952050e-01,-1.414781060173235794e-01,-1.783485402609168852e-02,9.972363875979629866e-02,-2.629546238722459822e-02,1.276409187791396373e-02,-8.501792615213017712e-02,-4.051913042470981635e-02,1.404601648359087573e-01,1.310439293336144138e-02,-4.604675837470377509e-02,-7.076152878045073591e-02,3.254538370800513225e-01,1.914935599931282817e-01,2.992751412571656444e-02,5.093972687558554618e-02,1.059035521799830439e-02,1.262091086454518452e-01,-1.916341325473664703e-01,1.793044212756273598e-02,1.784649753522662141e-01,-3.436120572632647141e-01,1.453542129825362295e-01,-2.010253766676881604e-01,-1.965418785239181343e-02,-7.477464384925808227e-02,3.341788116141821696e-01,-2.229045991832296070e-01,8.809731882221419341e-02,-1.987704538146669864e-01,1.333786236555746796e-01,2.040443532075756627e-01,1.289734767337431531e-01,1.161486326777388424e-02,2.796055873906005962e-01,-3.890130805239044171e-03,-5.745295820009908155e-02,-1.050435510832413988e-01,-5.803349665250601142e-02,-1.762495886874738682e-01,1.327789968702150492e-01,1.762740359941704082e-01,-7.760675012661556738e-02,2.137547560986741060e-03,-1.139312746383462291e-02,-5.810945375550523317e-02,-2.758715413564711838e-01,3.110261145468141142e-01,1.886536623952020653e-01,1.422069043888363193e-01,-4.345261895121148299e-02,9.301526740884727418e-02,3.445474923087793462e-02,2.238940642437116380e-01
-4.169405350101221958e-02,4.552634053052289492e-02,-1.416741482953160769e-01,-1.390867533289177616e-01,-2.804361463640138719e-01,-1.115444981622071285e-01,2.316353140151209133e-01,-5.994128696861319300e-02,7.530674603557516167e-02,-1.183418836866034496e-01,-1.368945852686374587e-01,-4.176225873130189337e-01,7.454387323084762929e-02,2.767937011260371838e-01,2.804644370273355891e-01,4.377909128165111130e-02,1.529891099048040215e-01,-3.796104704658008755e-01,-4.706125009461697983e-02,3.273059631537414416e-02,1.219159187623413410e-01,-1.720097300015993036e-01,-1.180879323803193381e-01,5.689168567372685503e-01,8.504503842289935778e-02,-1.318601530820894541e-01,1.789510492915161177e-01,-9.140515587837874656e-02,1.440677001523186229e-01,3.829884085472869213e-03,1.176698867844087337e-01,2.667736123410821003e-01,-8.218935401998146706e-02,-4.238881914045505850e-02,5.270580274383014630e-02,-6.128213793583425772e-02,6.909256777239683456e-02,-2.820980446091526650e-01,2.354652417198671022e-01,3.103413044468918969e-01,-1.869283325538773632e-01,2.603885475233072011e-01,4.908494669063784288e-02,3.273918258341896315e-01,-1.006086171736450402e-01,7.448669484846255628e-02,-1.198271437752705670e-01,5.759871231831716759e-02,-2.351374871626522312e-01,1.542256340957118277e-01,1.076112304982293627e-01,-3.354316330760002129e-01,5.732393634741249355e-02,-1.910297169637677761e-01,-2.506124470437035567e-01,2.909797772526407367e-01,-2.227355795723496290e-01,-2.077896244082060861e-01,1.830861780940356009e-01,9.086972455938646664e-03
7.132582105010444595e-02,2.193535539466494322e-01,-1.472289667603245422e-01,1.270927421031585181e-01,2.828251188345832223e-01,1.239496343210478163e-01,9.946882863204845049e-02,-2.217187230815172438e-01,1.836227163303017773e-01,8.544698836231689673e-03,9.446784722632509124e-02,2.635958760994067118e-01,-1.615199811482833370e-01,2.391371088291027736e-01,-8.134732046830316088e-02,-1.545434160641596666e-01,-3.314316728685663405e-01,8.853571982526920250e-03,-3.941421943403504435e-02,1.362643581489336730e-01,3.627575168266934935e-01,-4.006421650170381710e-02,2.695929819933238214e-01,1.415193538842859922e-01,5.139380069297410092e-01,2.461751313914505579e-01,-1.032267109357996315e-01,-5.105409364049989795e-02,-2.607249296889612156e-01,7.344974154740641081e-02,1.921241281025700132e-01,-3.888579123600936077e-02,-5.919637657627193489e-02,2.396514654852458237e-01,8.681852839879491968e-02,2.536719290374666036e-01,2.318888293191003758e-01,-9.314895885681574728e-02,1.041183610701834905e-01,-6.832691184104913718e-02,-1.502584916815170035e-01,1.349285944449655772e-01,-3.330860698217887050e-02,-1.486899109487601900e-01,-2.061296489439598256e-01,8.555548230371148866e-02,2.744945808404767318e-01,-1.378751657542252596e-01,4.732918428352735352e-01,-3.005247768237935269e-01,1.140523170251074303e-01,2.099892298647488553e-01,-6.644206913747563448e-03,-3.615540972501744832e-02,7.255092129047926996e-02,-1.923884148303511010e-01,-2.595602383375355399e-02,-1.846423594446677807e-02,1.065037890548440613e-01,-1.063422129620934242e-01
1.187715053644533975e-01,-1.008251123460813525e-01,-9.012670531712795030e-02,-3.681171999587160570e-01,2.587992254353533861e-01,2.321599993689161395e-02,4.877720761178325898e-02,2.038328381775521281e-01,-4.979474890089774682e-03,3.744105771568631558e-02,-2.278941837646887014e-01,-2.156927029016861286e-01,9.548594617717343080e-02,3.117595205890605261e-03,-1.217129064771852731e-01,-3.853433079963081154e-01,2.675659500295002324e-01,-1.391227756836656282e-01,-1.368039978972806006e-02,-1.341924926849620003e-01,2.174993848378863892e-01,-1.487671020639206865e-01,-2.499669206894460649e-01,1.816388149420924969e-01,8.662061421138978271e-03,2.879173750449904867e-01,1.008775365142339231e-02,8.060106641961624352e-02,-1.299404889323544920e-01,2.873394215444852184e-01,1.403097697564365531e-01,2.406800317375484555e-01,1.444282453098157115e-01,-2.282059965250740063e-01,2.751875058087412396e-01,1.305161690318323853e-01,-8.280054312199706945e-02,-1.965529646400299701e-01,3.703239881498736341e-02,2.050259712325890327e-01,1.017314639171912755e-01,-1.759861729980256029e-01,-6.543634590914913784e-02,2.592179354474515307e-01,-1.062022579194660532e-01,-3.636842210284899624e-01,-4.429614211974373938e-02,-2.687609574806324453e-01,-1.536373321119252101e-02,-4.646496764689945005e-03,1.541596617889733067e-01,3.300204436372534134e-01,-9.101860763068275739e-02,-2.508454387332700875e-01,7.234110571399444967e-02,1.946677577224604772e-01,-2.295306039762553818e-01,-2.088060369912261294e-01,2.009036627271406084e-01,-1.725381757450326070e-01
-9.124375258589695337e-02,-5.117225590521919804e-02,3.159037114461528406e-02,-5.067658946959928690e-01,-3.792861095836014274e-01,2.271078904134695153e-01,-1.688564493929979871e-01,-8.128992877388012406e-02,-3.582376321870703317e-01,9.569924021511451440e-02,2.784418278281266534e-01,3.976403525144091289e-02,1.870077476407091405e-02,-9.721661337797198044e-02,-1.165186338699560065e-01,-1.119930262790419240e-01,1.569849327691429930e-01,2.184233665942031111e-01,-2.225467907780016019e-01,4.278819866662642371e-03,-1.939325358395031090e-02,-4.025076267521693896e-01,8.081933415813680188e-02,2.535756056279938123e-02,1.686146770832017139e-01,-2.033062287356962317e-01,1.870513471405148287e-01,3.013118446456710675e-01,5.676623022958330461e-02,-9.163155376955667286e-02,2.459042014345028393e-01,-3.379362645112582615e-03,-2.058148890847281420e-01,3.306300625861368081e-01,1.747361383291231862e-01,8.684918325507212655e-02,-1.165720430876047431e-01,8.040699446742950729e-02,-1.794603989150242163e-01,3.480909001839903039e-01,5.162721160987378960e-02,-4.588717243183789568e-02,1.134584183176289562e-01,-4.912840406881565092e-01,5.612104870147487101e-02,2.884178448905191372e-01,-5.837073782555311091e-02,-9.523720539143029629e-02,-1.723206083145110978e-02,3.998029537727244842e-02,-1.721020766226389331e-01,-1.435420456175960369e-01,-9.196989260228409513e-02,1.176502858678480090e-01,1.720626306187414412e-01,-1.037440127380508531e-01,3.127418011008301774e-02,-7.916819244359456220e-02,-2.761819101715381475e-01,5.421804655854307597e-01
-1.928278219236422564e-01,-2.059344878101907472e-01,-2.565781441640007654e-01,4.863977077232820717e-02,3.644422114616241437e-02,-1.330867085090988722e-01,-2.659073371157235147e-02,2.542224737708377313e-01,-1.845666231995969284e-02,1.475944711242949993e-02,-2.104875044973314180e-01,-6.923507427909296463e-02,6.146795596363481551e-02,2.895594070774108464e-01,-2.100038219002544476e-02,-2.766455330994778139e-01,4.531602636775786813e-02,-1.247360794562673257e-02,-1.738380202733650626e-01,7.458970848412972698e-02,1.854317224466735803e-01,2.760726639797086990e-01,5.509736693580791482e-05,-2.291943935108836095e-01,-1.265710860333186250e-01,-5.813498236703876915e-02,-1.989615710960345452e-01,-9.705846273420708215e-02,-3.132386114544935540e-01,-1.962467836916937935e-01,6.024955228205151891e-02,-1.089258341607084041e-01,-2.222436361622524004e-01,-1.001332450194397650e-01,1.355005137967467965e-01,1.180485865986526661e-01,2.462684384004841243e-01,-2.978868400732665456e-01,1.915412515319307452e-01,-2.495054350152104417e-01,-9.146468250780626086e-02,1.369116929417555917e-01,4.694912964816005257e-02,-8.466506149321277597e-02,7.453625053021784019e-02,-7.306057439918091367e-02,1.132488960254943028e-01,2.367496872852709738e-02,2.876943484249444571e-01,4.498393805764239195e-02,-1.287611404737186438e-01,-3.650658865100087636e-01,-2.282682452012890217e-01,-2.592188854606848336e-01,-4.064764120364744437e-02,-1.273651933954782489e-01,2.214379503299478691e-01,-8.346609220312983801e-02,-8.559571470553509198e-02,-9.343131503325388665e-02
2.352508679780628692e-02,-4.874723391989595894e-02,1.130555298379110479e-01,-2.052998471375500067e-01,-2.047811778577165731e-01,2.003478453185966041e-02,4.385859735700781137e-02,1.070185536212143740e-01,2.041886015898136675e-02,-3.657987759830044067e-02,-1.500095196164032696e-01,2.052203797497017812e-01,-4.809936096722178950e-02,6.452446499610535458e-02,-2.215159538347203083e-01,1.151160246172882873e-01,-3.285857523353176157e-01,2.797493862935731546e-01,4.365646384026455884e-02,2.474054717639052048e-01,-4.107186011285017535e-02,-3.138477827896022365e-01,-3.994496067054392197e-01,-1.238905248401363651e-01,1.630027379752330696e-01,-2.950749628563001936e-01,2.798410307189900387e-02,2.889754487922343573e-01,-4.472578003289182785e-02,-1.449492322188249138e-01,-3.544497072542164562e-02,-3.117224691456893515e-03,1.937598097944802367e-01,1.223079098721759073e-01,2.208652565827465553e-01,-3.658735616211830632e-02,-1.438063426821546351e-02,2.036494901402571556e-01,-2.102390581250842827e-01,2.060669140236064470e-02,7.974112115152900970e-02,1.108587923094905420e-01,1.364433161950613094e-01,-1.233691064814175231e-01,1.181741938856353674e-01,-3.986385787151326410e-01,2.095736438136570623e-01,-8.750735059090398310e-03,-2.095119540785142509e-01,-9.770445655766309134e-02,-3.853673049683089546e-01,-1.493731489696589754e-01,-9.413735655776697686e-02,-4.140873460263168049e-01,7.416575721930272758e-02,-9.888235999026540046e-02,4.218057866605529407e-03,4.800921831536308915e-02,-1.884835555659938877e-01,2.721346647838331426e-02
-2.496142168066406986e-01,-2.122174188220390945e-01,4.357317171015186175e-02,-1.707820034237728102e-01,-1.742450823660268155e-01,5.808613298099618572e-02,-3.535048210188751656e-03,-1.404729283822391817e-01,3.187247123121799558e-02,-2.698039446992592794e-01,-5.942133440821256718e-02,-3.173399674488269762e-01,-2.194248920727188135e-01,-6.689312388108312191e-02,-2.010688185805794004e-01,3.036710145581168474e-01,-3.170326356657520578e-02,1.084575429051208573e-01,-3.134772868176417537e-01,1.498739170559143241e-01,-2.727709667406225114e-01,-1.611481239071426430e-01,-1.257055642120181171e-01,3.421801823963134259e-01,-1.129801256599463483e-01,-3.977696342246594963e-03,-2.788182381833181345e-01,-2.022330296021982721e-01,-7.078285116359864237e-02,3.409490730370012823e-01,-1.844974069202741651e-01,-2.708362929209894299e-01,9.923170537037095604e-03,2.330919752668917655e-01,-1.046621356431453875e-01,-2.568338143496357029e-01,-5.646364396454987833e-02,1.893398207146346560e-02,-2.979167490293880283e-01,1.264774939470124093e-01,1.935113378115509430e-01,-6.519766193791239062e-02,-1.572292147318566646e-01,-5.524294560019723382e-02,9.167825155395756265e-02,9.191901494115742310e-02,-8.011587084669891459e-03,-5.181616340011865190e-02,1.136133210136253124e-03,-1.373540836419286093e-01,3.002920808695460630e-01,5.671643375468406190e-02,1.610065530983254278e-01,2.185816125914286090e-03,6.886322274658432385e-02,4.371244764019256712e-02,1.600682830229301357e-01,-1.877614894944305557e-01,1.759064504366215087e-01,-9.890326092096268784e-02
1.338774307373268024e-01,-3.377273800087271516e-01,-4.532342744860681089e-02,-6.169584245898621783e-02,-5.040516218591297726e-01,5.469028082857472356e-02,6.756639327469761425e-02,1.119079983982810000e-01,3.803552843573511366e-02,2.474867367165256571e-01,4.281834216222578371e-02,1.326708995751761100e-01,-6.585471610521614894e-03,2.550930585319505228e-01,1.224823693407359471e-01,2.243223541663713627e-02,-5.046001817990988098e-02,1.645891227372298649e-01,-1.283048044477505534e-01,-2.874240200252199395e-01,2.074149954609672830e-01,3.040773304502697449e-01,-1.792340248532329483e-01,-2.610424707315320281e-01,1.380234117884924193e-02,1.163973439213334543e-01,1.248193937256091568e-01,7.633879070461607567e-03,1.293257272607852282e-01,2.229063242148459634e-01,-4.394423314799226210e-01,3.329650910064451130e-01,2.415819839284232828e-01,-5.475809664351841827e-02,1.946643314283535153e-01,2.241066206105588737e-02,-1.563936814157032562e-01,-2.262770717298028811e-01,-6.388796929174381245e-02,-1.030492398155176959e-01,1.074651561339053513e-01,3.175691947555107086e-01,-1.345822735989658236e-01,1.594666757221985531e-01,1.230408166234358419e-01,2.596083036674113886e-01,-9.723520049863129677e-02,-4.591407791937425487e-02,2.368921194597598257e-01,3.058729246730654966e-02,-3.694621441099193992e-01,-1.816718161094519890e-01,-3.428214029538563246e-01,-7.379815261956165773e-02,1.823293968071749982e-01,-2.289207239177653078e-02,1.454894331887976733e-01,-2.060912582718602698e-02,5.135214404714029401e-02,1.645635360826783467e-01
3.237174965894137890e-01,1.332952570296366303e-02,1.600838128327441989e-02,5.152153028983186105e-03,-2.484781338171444531e-01,-2.062499756165977749e-01,-1.497033641786034430e-01,9.209161514733152365e-02,-2.091854079316443626e-01,4.127826642070908832e-03,-7.761214630994157926e-02,2.052344342925664991e-02,2.573260386175245107e-01,-9.158232791322062916e-02,1.297549085839804217e-01,-1.306876039134364231e-01,-1.322423710592828330e-02,6.607543089868804509e-02,1.606933009987272787e-01,1.785248844902521115e-01,1.173084354574347454e-01,-1.390866588782844748e-01,-3.834712661480393914e-02,2.168016301569634652e-01,1.967848907326615326e-01,2.273233525925296220e-02,-1.200767941614665074e-01,2.259100803001120317e-01,-4.088055823314627746e-02,4.540722370514351652e-02,2.740608953336318709e-01,-1.616998290783042691e-01,-7.119671463173517234e-02,1.242893278936623574e-01,2.677970267146239647e-01,-3.072848298262172984e-01,1.653489505397583714e-01,2.430306512483436099e-01,1.672612178925524384e-01,-1.378538019824065985e-02,3.999793501867104917e-03,1.296701458772328043e-02,1.921971961747295787e-01,-3.757505836724244624e-02,3.545876189653855010e-02,-3.203398779241652117e-02,-1.746243354565185091e-01,-1.893297550871709256e-01,2.513037820777891396e-02,6.336808600560197569e-01,-2.310261368434878837e-01,-2.477833760431888133e-01,1.477641576790564848e-01,-3.252950162009313750e-01,5.554363474326977634e-01,2.025205184067855324e-01,2.212476579665169363e-01,-2.069746555264441110e-02,2.384853373654785558e-01,2.909247882465003099e-01
