8.155673635132721921e-01,8.155346282125816026e-01,8.074375063030869715e-01,7.193156497243154979e-01,1.834474393361221201e-01,1.340728064599689406e-01,1.438364406135533291e-01,-2.055948426595642642e-02,-8.407859699940092163e-03,-6.024579319930149779e-02,-3.039407189526073180e-02,4.334446520980328454e-02,6.158633526122433977e-03,1.386344443907454871e-01,8.705003114798538777e-02,-8.319906450957458011e-02,-2.863525060194880290e-01,1.893778169677853840e-03,1.864863107597550251e-01,2.100240581903506099e-01,1.394061682539358693e-01,1.943534210647818450e-01,-2.021859895980864311e-02,1.426720192974036405e-01,9.545486973703094791e-02,-1.585259463918065603e-01,3.233948590008421664e-02,1.438636969093736728e-01,1.522030982590241721e-01,-2.320468518635459068e-02,-1.951740673060068376e-01,-8.671305813039924260e-02,-2.276127678937681920e-01,3.143677796895229526e-01,-7.139239880318457021e-02,-9.985584323960991493e-02,1.313805988016298609e-01,-1.060124947533983147e-01,-1.951507510264537670e-01,1.989824280257228295e-01,3.969368414397903000e-02,3.937581953402991553e-01,-3.380397426753589118e-01,9.120441175924183519e-02,1.889660229305088479e-01,-3.770147494279680322e-01,-4.341603099396464799e-02,6.289084996945371042e-02,2.695684373233753206e-01,4.103347829606853736e-01,2.117909529364325749e-02,3.255732257679904706e-01,-4.890404354772816264e-02,6.848762826015447440e-03,-2.246138870570046076e-01,2.606262635651224180e-01,2.322182925677742649e-01,-7.609870237631188861e-02,5.845359201619983874e-02,1.166588778871248816e-01
8.155328228676059776e-01,8.155590825718874726e-01,8.156715921990376206e-01,7.839437887273950079e-01,4.106339767584316069e-01,2.934264997301495592e-01,1.156807245064698231e-01,-1.290638600896367762e-02,9.239527586762774636e-03,-3.394069082022429379e-02,-4.798870356630399910e-03,1.021315916202268498e-01,3.464183968005149494e-02,-7.244687911248101631e-02,-1.324480500702243102e-01,1.009802714475167978e-01,4.284564024635548196e-02,-9.649287906005259152e-02,9.620965172474880978e-02,-1.460875516569088428e-01,1.761629402802332989e-01,-1.959526938924897044e-01,9.755463556707459627e-02,-1.576555882744804793e-01,8.704075326551533043e-02,3.590478709295638528e-03,-9.191122096574008693e-02,-1.025947563275815266e-01,-6.073891017017644944e-02,-1.967906679037732809e-01,2.340746844483854172e-02,1.753526384494490109e-01,-6.590446030036223096e-04,2.128610147961397803e-01,3.666261485377721174e-02,-1.381915235463632430e-01,2.388615214929391481e-02,1.485949934746893242e-01,-2.086408043112354671e-01,1.466271132764648821e-01,-1.319038644581908490e-02,-1.418442828904767083e-01,-1.264580788044738779e-01,-1.377236876742287119e-01,1.708972292417199057e-01,-1.487324585812798139e-01,-2.194742144598208766e-01,1.357416489516149460e-01,-8.254828535949768065e-02,-3.159693875588124312e-01,6.195629606633059477e-02,-2.964621810741189245e-01,7.251408139666744301e-03,2.127717811367420830e-01,1.664667301781148356e-01,8.106531290373143739e-02,-3.396201364146034796e-01,2.774220144346032368e-01,2.603446531982582177e-02,4.084203411306096265e-02
8.155659009613323018e-01,8.155745634200515237e-01,8.124301908639731673e-01,7.124076986360613484e-01,3.994365522121392509e-01,1.544651685312280476e-01,2.811907308213765916e-02,-5.373576641782309288e-02,5.980145212355474083e-02,9.290539394496485914e-02,7.186894866415977252e-03,-1.863400503955202694e-02,-7.868406459000914632e-04,-4.275935578348766253e-03,1.461301840161667032e-01,7.321526314789872369e-02,8.225304909093067440e-02,-1.987750238639470479e-01,-6.517437880429108321e-02,-5.460172614109030931e-02,-8.714823053441081435e-03,-1.333395201315449308e-01,4.254602994782955006e-02,-2.924181348140712441e-02,5.419185954708235359e-02,-5.453859842964471627e-02,1.381201560583878996e-01,1.343180966834687795e-01,2.526739644360973674e-02,-5.631830707764793470e-02,2.075764524344504147e-01,-1.230248487220068770e-01,-2.395463979752447126e-01,-1.765882322230593118e-02,1.017246411397461359e-01,-1.368397147110798906e-01,-2.423682403904085098e-02,2.082486220642011665e-01,2.624030839271684901e-02,1.214283224130201788e-01,-4.701036392890117210e-01,-9.202332434108395631e-02,1.458676152565926420e-01,-1.708457932624275200e-01,-2.316818676937077923e-02,2.149652744105417790e-01,-3.213082754798453344e-02,1.894625336385241665e-02,7.796196838038194077e-02,-1.237777157681290569e-01,1.355682790795758874e-01,-3.741042568841225213e-01,1.045562599106824031e-01,-2.067540901381239582e-01,-4.641839364316358366e-03,3.201929891082126445e-01,-1.511720035925330149e-02,1.436991578346526535e-02,-1.675592482264675817e-02,-1.370543800143411706e-01
8.155439414948121302e-01,8.109654956212350996e-01,7.973130505682221036e-01,7.427673442036576423e-01,4.228766065426894372e-01,2.917183604047627332e-01,1.600719578633142959e-01,-2.133109373483002558e-02,2.330448021216324772e-02,1.136138367424619905e-01,2.983143340990284179e-02,1.567891774612856781e-01,-2.972934352776792494e-02,2.047720187321991347e-01,5.015859248134317550e-02,1.476144718454150406e-01,-4.221215581506312930e-02,-1.577537008180641409e-01,3.792194229731344485e-02,1.154960364105080128e-01,4.184714991348195343e-03,8.001044352019441586e-02,2.329689771081173144e-01,7.326439203705636949e-02,5.571480884120191129e-02,-9.933474583098303445e-02,1.052151192944788399e-01,3.755781321114005922e-02,-3.305222256299215206e-02,-4.026461009502741994e-01,9.702198952440521662e-02,-2.723200223042175280e-02,3.255370989047680352e-02,1.804380951702198033e-01,1.783447615279848408e-01,2.540610234556461844e-02,1.121308809079041985e-01,1.879594913653896693e-01,1.883843316728985307e-01,3.509508616169794148e-01,7.976551932252450017e-02,2.626968988655424275e-01,-1.533630865847216695e-01,2.163419979772935320e-01,-1.676827068110084140e-01,8.634273237345205243e-02,1.358693895111670602e-01,1.454034389622381185e-01,2.570698164970722788e-01,1.554582563679486884e-01,-2.232030621694860995e-01,-9.890539051474397936e-02,-5.589586907449509839e-02,6.856192030615956834e-02,1.319345214500597940e-01,6.389170632552318430e-02,-1.662873684592685586e-01,1.365323950625101090e-01,2.780674608744032050e-01,9.262390963928494869e-02
8.035138785861948296e-01,8.008292923516340256e-01,7.374096787051687141e-01,6.755856422663966132e-01,4.714812835379584288e-01,3.729596916127880246e-01,1.870531044791051700e-01,1.037464674243434581e-01,-8.059386042231367342e-02,9.492184061935918238e-02,-3.571929537399454180e-02,8.538985787202606204e-02,5.930180127230233467e-02,1.428894562111158728e-01,4.639072348315727290e-02,3.173750195313942285e-02,5.445796470260104438e-03,-1.047377541475180418e-01,1.174521204281329112e-01,1.399108593341159834e-01,1.493477508114063879e-01,1.277005579695144125e-02,4.979492301492823708e-02,2.765365558629906406e-02,1.786237913222203377e-01,5.106474001113044808e-02,-2.120284767316974600e-02,9.546514394580959961e-02,-2.577740635740532471e-01,-2.312073461926926754e-01,1.791230556284789666e-01,8.010943440076644106e-02,-1.147413911061385960e-01,-2.483056614808533749e-02,1.823582214404622925e-01,-5.361478198680955792e-02,3.339514414583218960e-01,-9.541346643886686185e-02,2.643809661883325113e-01,1.101814390890790002e-01,-1.767459570852870365e-01,-1.800222624346312639e-01,7.065294713602385257e-02,5.621456813502744010e-02,-2.111334936279965768e-01,1.653015044971160030e-01,2.231275464536290887e-01,6.004331542948826428e-02,2.687844265314463521e-01,-1.461903179345356296e-01,1.081442036563333708e-01,1.384607651996886124e-01,9.591322316394718106e-02,1.203320234680846090e-01,-1.755829729534239686e-02,1.234559918825579583e-01,-1.843112464408961371e-01,2.373797718902604381e-01,-3.038946952036440385e-01,1.918457125668252827e-01
7.638987275397497445e-01,7.382234584611310213e-01,6.453124993938456067e-01,5.203586353180715829e-01,3.451134920091166736e-01,2.957427256107463265e-01,2.455892857678606267e-01,1.283803806704555128e-01,8.066257649905748950e-02,1.365822565116191212e-01,4.831625163215916979e-02,1.516640254441945813e-02,-7.467978231493752062e-02,-4.559078227832107089e-02,5.885417543616486974e-02,6.268275291024225093e-02,2.285984177423542457e-02,-4.717732326401365139e-02,-1.569679301941202809e-01,-1.126550073329820184e-01,-7.685317460341387075e-02,1.808972060003801730e-01,-1.279685514231113097e-02,-1.550091058255039511e-01,1.000759116962429418e-01,-8.631480759027873595e-02,-7.666537405199225046e-03,2.096217945385455972e-01,-4.656568868806315598e-02,-2.412185103784612872e-01,2.861848606759223590e-01,-8.086217838427055271e-02,8.534946842321021465e-02,1.451363722295798409e-01,-1.178080158392585675e-01,8.306882804984186408e-02,1.207292898776200218e-01,3.790224199581764819e-01,1.944553793455834900e-01,3.244478827533873733e-01,-5.318650994830755735e-02,2.287660597614396829e-01,5.614236651248185467e-02,-2.340478945880996586e-01,-1.162708184116390681e-01,4.564447184690475362e-02,9.742825686868694657e-02,1.240885111407505487e-01,2.135557238523860535e-01,-2.917091448443959179e-01,-7.002958494254393762e-02,5.039497367171802064e-03,-1.246533565479104044e-01,1.420766601854421898e-02,-5.798033750886353449e-02,1.646953595502539600e-02,-9.920101227620636841e-02,-2.304647716133384483e-02,4.403399573463164657e-02,1.084693206031844409e-01
6.202535257324999218e-01,2.604474709250471087e-01,3.005333525587434718e-01,4.495642834847989877e-01,3.191691275567424269e-01,1.665191933610009611e-01,2.610149769715165435e-01,-1.842870872836414528e-02,9.029618080334127217e-02,6.618011689387490182e-02,8.003008788568802268e-02,1.175244386601809144e-03,-2.737043298327812568e-02,2.657870876062988844e-02,1.388550245059421706e-01,1.052608527535174587e-01,4.666114680940754156e-02,3.231585318706986726e-04,1.589238164727825239e-02,-3.433054181440975405e-02,1.918573872478140973e-03,3.921128479384594807e-03,-8.484118298095230659e-02,-5.312192056060853311e-03,-3.397592932817293521e-02,-3.274765773610617547e-02,1.708715274021607722e-01,1.321471849098609375e-01,-2.931109307221211463e-02,-2.265124409076064299e-02,-3.434151601110791985e-01,-1.309384164677827866e-01,1.068579915418334803e-01,1.235540118801742304e-02,-3.615398689783726888e-02,1.215828183158983722e-01,1.730640124819050885e-01,1.908369644944218901e-01,-1.166880061073813923e-01,2.316647075191122576e-02,1.375274651088979061e-01,-7.055490797589092367e-02,-2.366768690239924311e-01,5.003898399017062820e-02,-1.643264887166561716e-01,-5.130090735162214782e-02,-4.984341786130142005e-02,1.443206980053913790e-01,-5.867436712091774614e-02,-1.413025564250066923e-01,1.258286347060660892e-02,1.627100536362424132e-01,3.824717606197100550e-02,-7.089893141146555444e-02,-2.833032319546858677e-02,-2.920611812521585124e-02,1.190683753362366676e-01,5.248800476937173082e-02,-1.208213249269519257e-01,-3.402107672675295236e-01
3.559971890427311991e-01,3.281483893797810802e-01,2.597596610388390737e-01,2.223662592450590947e-01,1.814111137172318144e-01,2.580523181596335869e-01,1.877368823528751396e-01,3.901926530490155282e-02,8.938184638096074303e-03,1.327494396918123543e-01,2.081919911232997869e-02,-4.142639475750653499e-02,8.234483371351984660e-02,-4.101091248032105729e-02,5.678938011588008372e-02,1.209583764571479508e-01,3.324422873768771713e-02,1.281071007391152983e-01,2.347361388359225920e-02,5.822627176114362341e-02,-1.308896663041336228e-01,1.458728663371971213e-01,7.361024104350613606e-02,8.164971051417278802e-02,3.207754219706434456e-02,-6.884473622018466576e-03,3.786571905000234162e-02,-1.225038939265072901e-01,-7.557348830598456524e-02,-7.183306789795931846e-02,1.365529395782763000e-01,6.175565185121626582e-02,-5.209747116236003277e-03,-1.019614983041901013e-01,-7.100149107006030469e-02,1.666468913434806798e-01,7.181966747369461501e-02,1.890535547027995533e-01,-1.154016266477970731e-01,3.698964697568267734e-01,2.464835767256459975e-01,-4.952336418452029515e-02,2.370106251394476504e-01,2.770062895635949651e-02,-9.078329413568768380e-02,2.201184758914537798e-01,-1.519654331783080667e-02,-3.297960229856417014e-02,-2.504822194559493814e-02,-3.305526009827985390e-01,-3.373346223530384463e-02,4.600370624981054216e-03,-3.014308773658204085e-02,-2.048412586148438130e-01,-3.429544828120340005e-02,-3.148690252703157007e-03,-2.445579718223935828e-01,2.721119114533256944e-01,-2.897010943050079557e-01,3.734411961059731500e-01
3.241343769994616819e-01,2.351013068495312608e-01,3.018438079145543407e-01,-2.626567605327286350e-02,7.144277978269143736e-02,1.692209793541335494e-01,-1.902444998954483033e-02,1.446646753201802915e-01,1.665916331329082567e-01,-4.603878101579361032e-02,1.177439663403165443e-01,-5.164743048655042086e-03,-4.636501495308177623e-02,-1.819971871253359963e-01,6.599575311236163810e-02,-9.177851976419762470e-02,4.197133000734623760e-03,7.663230185194977451e-02,-6.836820763527687306e-02,8.192833582903900902e-02,2.481627275749776970e-02,3.628245891250449218e-02,1.032546007991292647e-01,-2.117838679439454017e-02,-7.231567831868954133e-02,-7.868696670239289093e-02,4.191233262523118286e-02,-1.084217357076353548e-02,-1.315457723117943456e-01,2.905848485770346976e-02,2.650318599573286971e-02,-4.056331316669004212e-03,9.522480404220289019e-02,-3.226564672300651082e-02,9.953273372682681919e-02,5.015646139109190826e-02,-3.329387406286275497e-01,-3.323675049536344017e-02,-2.173703601570405319e-01,-2.802837055398429422e-01,-4.948358805208602496e-02,1.361328053083424583e-01,-1.030656027005715514e-01,8.976624235029419252e-02,7.884300832577595397e-02,2.447324893211134944e-01,-1.286114770213681313e-01,6.308797701224427845e-02,-5.641493093440812234e-02,9.469359195859609890e-02,1.271234515672234056e-01,-1.750939923560090039e-01,1.351486141355064952e-01,-3.221336980296396479e-02,-1.024244340995203589e-01,2.169228013708608960e-01,-6.491542835539720890e-02,-9.654323212274662502e-02,2.590005287326472283e-01,7.126661843639223171e-02
1.999548894839414115e-01,2.682608724424812019e-01,1.660782761422646692e-01,1.511982418782916934e-02,1.238119764410749724e-01,1.537634309565826252e-01,1.244799558145242707e-01,1.526437461297770193e-01,-1.479975837344446078e-02,-2.449312351349146669e-02,-9.875465949744775818e-02,-7.572891872012656178e-02,-1.803952984522226230e-02,-1.123009668192289680e-02,1.629304797913865288e-01,2.014544774059682727e-02,1.057953340184048380e-01,-6.712679977603590309e-02,1.831451808069287923e-01,-3.223928571176599284e-02,3.871119330668779807e-02,-1.059268450869367967e-01,7.843770909948404035e-02,7.434554967115941486e-03,2.041093815954336810e-02,6.353808691060987279e-02,-5.498170271659363895e-02,-1.544073197956739030e-01,-3.071308452730820565e-02,9.135225333848005086e-03,8.274557009178681866e-02,-6.135244349407061037e-02,-2.330743531918072209e-01,1.621011506416672465e-01,-4.320407580795536384e-02,-1.029044999610102262e-01,8.642899961911522377e-02,-9.597695124421648516e-02,-6.573326279767126301e-02,-2.052097149449127189e-01,7.407005449051511092e-02,-2.764559689259600828e-01,-1.635485281891448373e-01,-4.302719694865217437e-01,2.039446965935861056e-01,-3.328994315709185026e-01,4.582014061506376607e-02,1.223287776536496479e-01,-1.291599122793768151e-01,4.042910339120268093e-01,-2.195647260699732650e-01,1.976889388749784315e-01,-1.176634794788146421e-01,1.415647775716868430e-02,-3.179432378870899467e-01,1.499970752220633752e-01,-6.971150610589299523e-02,3.701072927593127559e-01,-8.924060253991308866e-02,-1.590596913641314780e-01
1.171886306942703654e-01,-1.771492922058376038e-02,1.444463008783080094e-01,1.176120853633141616e-01,2.145935868649362921e-01,2.000211654364028591e-01,1.327744802568834870e-01,1.230494559253008102e-01,-4.720813678821864784e-02,-5.070523629943314570e-02,7.880101342591019908e-02,3.867208788818488063e-02,5.977745601922505175e-02,3.593348860453808580e-02,4.129409463105981892e-02,-4.823021278179584481e-02,-1.022690641268098471e-01,1.676813064231957862e-02,8.874134831274016477e-02,-4.092996678828417917e-02,-8.222963032440760989e-02,1.865831269389684258e-02,-9.277122388183631219e-02,-2.508103143831989443e-02,7.100246999437813400e-02,-7.282133344660760010e-02,-6.788402260157136436e-02,-7.703228128546271702e-02,-4.332084537606988028e-02,5.989508714907765263e-02,-6.156052755596173182e-02,-9.164401060593459908e-03,8.734837558157296233e-02,-1.598558978248968299e-03,7.115639389881980859e-02,-1.334211648453081656e-01,-1.661213883975692085e-01,-9.664753653723323623e-02,-1.175850812429606596e-01,1.199878343383447253e-02,6.276287851802866968e-02,-3.940940909298565331e-02,3.401240887698192550e-02,1.723440530372177815e-01,1.660945305606616740e-01,-1.593609502257066768e-01,1.696072222431992682e-01,4.667553136467050834e-04,-2.308106093489107058e-01,-7.876206146745209913e-02,-2.965879050804817174e-01,1.629429515907950266e-01,-2.353423138452908486e-02,-2.212336177239314708e-02,-8.553031222263587918e-02,-8.568144353140909331e-02,1.117884034837524120e-03,-1.354609142037623559e-01,-1.012481959455770186e-01,-2.495196196554558266e-01
9.721920663959851550e-02,1.968768134135173153e-01,1.117336940281153657e-01,2.490762619008693446e-01,2.026695490546507050e-01,1.515299832110760525e-01,4.076840480799760746e-02,2.184597517592933857e-01,8.509478867069376895e-02,6.345360541431309398e-02,6.054592789321076168e-02,-1.299046379960215047e-01,-8.691885173360270472e-03,-3.037594520519647581e-02,4.216040394791491230e-02,3.014236845726685904e-02,-5.182195976976210205e-02,4.856655283282659136e-02,-5.103821236686313656e-02,4.858666004332305721e-02,9.508942126037701892e-02,4.544394782948253664e-02,-6.336306250346279700e-02,1.392017632566140417e-01,-2.948438830514717862e-02,-1.415123875256189268e-01,8.553618915149868024e-03,1.107752640985888021e-01,-2.899055824012145011e-02,-1.426814973077156490e-01,1.025194666185657300e-01,-1.614394433978168508e-01,-1.120286417514483601e-01,6.363562828142348138e-02,9.845403135769448602e-03,-9.566935550904237529e-02,-1.814803844907989239e-01,3.016480098291372536e-01,2.441582132741864086e-01,-2.486513565205616949e-01,2.202331431328372058e-02,7.186807620314533684e-02,2.428023707720189106e-01,-6.318587689959009879e-02,3.865642549388246252e-01,7.017725148592275641e-02,1.891868342708757922e-02,-7.007116551350224543e-02,5.594974100194658601e-02,5.306989636101466790e-02,7.566485978070480907e-03,-1.861389796232917893e-01,5.313354983772117235e-02,-8.007785345609962080e-02,5.436704204351858888e-02,-7.309214021418279639e-02,6.893307160859606098e-02,3.030298144313473552e-01,1.323632272862449999e-01,-2.894868146177339008e-01
1.731204280293782705e-01,1.855025673220135618e-01,8.393681207023587221e-02,3.822041851546539859e-02,5.477981201841637671e-02,1.199636827996457961e-01,-7.282989094676040054e-02,1.118476763922882505e-01,-3.411798169419449911e-02,1.584727365290549417e-01,6.190477748166821337e-02,5.142663028482941101e-02,1.100287886395604486e-01,1.881699615517127833e-01,3.666657582173136337e-02,-4.680832036821963582e-02,1.678068965293185930e-02,-1.544599659278759751e-01,9.777365192106235448e-02,8.502784252901218753e-02,-5.664946610675388600e-02,-2.469350347206903662e-01,-2.261544183912398212e-02,-5.245373993471454804e-02,7.997715143681638494e-05,-4.731357774160938057e-02,-7.170126206834843974e-02,-3.889468981901020306e-02,-4.257819735369847841e-02,1.041270658995318704e-01,1.323905413144750853e-01,-5.113636438740185725e-02,-1.945760809079224163e-01,2.076523012617734198e-02,-1.671847632730261712e-01,-8.211494572903291211e-02,6.509379162548555031e-02,1.667902279310884972e-01,-2.109043672849469364e-01,-7.431212377132549729e-02,3.137172832102038678e-01,1.233217386402233606e-01,-7.068922563084507893e-02,-7.798394552849818862e-02,-1.891727635368512656e-02,-4.886330180936822309e-02,2.781365887635173229e-01,-1.836503583281489660e-01,1.102818372214910553e-01,2.514809181377829495e-01,9.978239141647013422e-02,-5.611996364243247021e-02,1.277286675025224028e-01,2.877289176180014008e-01,9.380063011234533732e-02,4.527138033162908526e-01,1.737171695981254427e-01,-2.964333390318004552e-02,1.447628386237376132e-03,3.817236538884721808e-01
1.322711595234054849e-01,4.578991485790052940e-02,1.080273507999186811e-01,8.682611482558574845e-02,5.262729547821877463e-02,4.424568310873623622e-02,-1.642664653201161146e-02,9.277020047757880694e-02,7.540701717995666742e-02,-9.287814497547005471e-03,-6.445720513433403354e-02,-1.226600525491161608e-01,9.438910865193476940e-02,9.052345871171084413e-02,-1.096698936076540287e-01,-1.333199503299721013e-02,7.005943532330997925e-02,8.167369720966401181e-02,-1.959710761742466251e-02,2.053005307368296548e-02,3.251953245215400551e-02,9.422279658820198467e-02,1.574859187387938134e-02,-9.753626386270392024e-02,2.129760079452871352e-02,-6.141689249023931513e-02,-1.334681930188751642e-01,8.905610179773196244e-02,-1.685623349381765723e-01,8.009920580216170483e-02,-1.024307920001405608e-01,-4.932868022757869869e-02,-1.338279580722913087e-01,-2.503187190049226477e-02,-3.316026610154822196e-02,1.703900056215673364e-01,-2.038950136412274738e-01,-9.692538035696116050e-02,-2.329446725743808400e-01,-1.886236385372683233e-01,1.467342196782237262e-01,-2.973653927207088321e-01,2.920185532657380151e-02,2.015261201649506673e-01,-1.499120492401996296e-01,3.207385545558208984e-01,-2.791603156092829496e-01,-1.346658935882553976e-01,-4.764499127991697058e-01,-7.898838608047806242e-02,-1.066873784890142451e-01,2.493662852085831716e-02,-2.754592248165549373e-01,-1.257909656059930659e-01,-2.617164521872716756e-04,-8.304995646671189946e-02,-4.693021392803366221e-02,3.116324991480479839e-02,1.332764256650588106e-02,-3.061632813457061397e-01
2.792703228295829662e-02,2.450885345495872059e-02,1.819413651119954622e-01,3.154265483064977449e-02,5.263571146300428938e-02,-1.071457840314536149e-02,5.437431677747048969e-02,2.180606631899512787e-02,1.330554597286557825e-02,3.367453220350122289e-02,8.850637415491904858e-02,-1.191810595522862712e-02,1.241402080304194744e-01,1.805442434754868375e-02,7.904982920524862566e-02,1.639233859267768545e-01,9.917453159656000605e-02,8.034935354088972026e-02,1.606432887597690831e-02,1.313523154915253455e-01,1.317941908898502545e-02,-1.608717740063264623e-01,6.114524250940289729e-02,-2.533305629412116629e-03,5.235326861528535186e-02,-1.391161337603822046e-01,-7.660556631949309858e-02,1.498167157572806094e-02,8.941048820176654421e-02,-1.685927603520823853e-02,8.415480546015816077e-02,1.691897073966736331e-01,1.188843350811670529e-01,5.834206868229602216e-02,-6.520516819552501890e-03,5.122484799818262380e-02,-1.160272107875012226e-01,1.609116247167374503e-01,-5.228057679539663966e-02,-7.544278811800368689e-02,1.165992778738543373e-01,-1.297480305197759587e-02,-7.425571782171805357e-02,1.300307720504873532e-01,1.855633437694182708e-01,-7.313938916076309638e-02,8.004404117809392483e-02,2.826218012664694634e-01,-2.451780457251500900e-01,5.853621443831917570e-02,3.935460211815204612e-02,1.888794797387764179e-01,-3.267051207486356551e-02,1.019258270912563463e-01,-2.406208124763190848e-01,-2.458049019794715240e-01,-2.572913525333453411e-03,-2.457327853789875640e-03,-1.528931029227001415e-02,3.550812013383002896e-01
-8.254335846493290885e-02,4.420906410737288073e-02,1.219541421343143667e-01,1.034799036049935672e-01,-1.055457742760645690e-01,2.018814699337746071e-02,7.031722402281978535e-02,3.052324518597845232e-02,2.425047184075652604e-02,9.331105893394299466e-02,-1.524765629687211896e-02,-9.828024628964554532e-02,1.255052394465214771e-01,1.895039638820334993e-01,-2.452848732283974438e-03,-1.679180555235082750e-01,8.036825542759620800e-02,1.709372236589301553e-03,1.170313618962803837e-03,1.042896875544866708e-01,-1.371191393008869275e-02,-3.393558699831981940e-02,-7.481976606085267989e-02,-7.898176402927456485e-02,9.492336273882860664e-02,9.741325734799063940e-02,-6.094916857756747103e-02,-2.909059851876296537e-02,-1.165698845172795234e-01,1.739628432650486833e-01,1.037454618685644120e-01,-1.412042777658977233e-01,-1.547213373307278761e-01,1.260977922881178961e-03,-1.906495576394250935e-01,1.111092179578715144e-01,-4.177072198053614210e-02,-1.161877530159647620e-01,-1.894085603082854008e-01,7.733399600251636419e-02,-6.797708301513301354e-02,3.327966498895789660e-01,-3.751228762080711931e-02,6.680985761506569309e-02,1.466632258897243059e-02,1.967811521517303652e-01,-4.596116340280821666e-02,1.664312004929662248e-01,3.509731220960253528e-02,-1.199652404632015890e-01,-4.389154652613873331e-02,9.261322707805155763e-02,1.279388024392222878e-01,1.271642785401285169e-01,9.672351921529472041e-02,-1.184196637397425117e-01,2.516837582127559592e-02,-2.344915357043032278e-01,1.095758360497837425e-01,2.433888903587357322e-01
1.379451906542177898e-02,1.082641430590096238e-01,1.330516818180648986e-01,1.257286932612213248e-01,1.518087572869785684e-01,-1.395634792724892870e-03,-1.803438071494451178e-01,1.446337516695746228e-01,-6.778918749391954837e-03,-4.411402253138137913e-02,-1.635467397350102298e-02,-4.118764265895089038e-02,5.825369119598154677e-02,6.509482062619756371e-02,9.958000211382724010e-02,-3.923068533158506621e-02,7.627005665403989443e-02,5.438321586731777180e-02,-4.349917459929047298e-02,-4.693294749247885894e-02,1.051310911906859075e-01,3.694043771023531458e-02,-6.280222796129870944e-02,-3.423815433337677565e-03,7.231426479468922031e-03,6.099741472100807249e-02,1.707345146879783379e-02,-7.256029548393885809e-02,-3.356354152649894396e-02,1.582224303939223573e-02,-1.019861930607172534e-01,-1.505308905767633321e-01,1.469785604853551531e-01,1.726658684992180559e-01,-1.291018799210240930e-01,1.144561278908314550e-01,5.146309871273124781e-02,-1.104552123148763720e-04,1.513194017958871262e-01,-2.203635605388087892e-01,-7.108243654464815875e-02,-9.913517971567049891e-02,1.949944244952343253e-01,-8.231242878594002832e-02,-3.207222932880270105e-02,-3.380609896699188904e-02,3.438601522151837203e-02,-5.263794192659849991e-02,2.433251120675611057e-01,-8.486233728296425916e-02,-1.775207315904097360e-01,-1.302296890271286978e-01,4.726261770664332007e-02,2.302556996391280641e-02,7.764459091644271282e-02,-1.556441473382631224e-01,1.984922650013539458e-01,-6.182357816817320856e-02,-4.527582766852047969e-02,-3.531899585119519045e-03
9.056764143631940156e-02,7.359408519037682894e-02,1.149812952879432082e-01,2.715180950775418142e-02,9.392129889576145141e-02,4.354916965747575308e-02,6.684614515354711517e-02,-5.709911955504802517e-02,3.745406943153073605e-03,6.618173434237996366e-02,1.189962971935846214e-01,-6.092165027754394696e-02,-1.011154359678035075e-01,-6.371172141510939024e-02,7.577468687753668650e-03,3.098187639795707549e-01,2.137381256131832413e-02,8.799767494675084234e-02,6.714748084471486300e-02,1.865773841022482782e-01,-6.412913581019893949e-02,-9.601109886691008843e-02,2.258161030788563561e-01,-1.302602670230096071e-01,-1.668276340261104149e-02,-1.209684944496203923e-01,-3.363702117304380457e-02,8.093657892573766222e-02,1.154108100384094657e-02,-6.859712159597483594e-02,5.033747173423295564e-03,-1.150830288126102052e-01,1.184910461196396828e-02,-5.816998813444131805e-02,2.220967157030773534e-02,-4.930756308456368635e-03,-2.914708821587565571e-02,-6.321357082854012210e-02,-2.323920739959032741e-02,1.348826176328142279e-01,1.950920456736569483e-02,-7.561430946541794484e-02,2.485015560525100000e-03,-5.173490802568669888e-02,-1.386013061965488125e-01,2.633168617766616371e-01,1.277056128321175932e-01,1.632153390396623438e-01,-9.548159729492697312e-02,-1.278044237096263580e-01,-2.429437468420590496e-01,2.449182008609375738e-01,1.241544495580118451e-01,-1.781981859513330213e-01,1.676112717143096731e-01,-6.096099315711774741e-02,9.778259930855717763e-02,-1.870780502750560570e-01,-1.196282247737388837e-01,-1.783821345010040138e-01
9.074039745080451219e-03,8.356539474171552351e-02,9.586631359589443957e-02,4.893166363709371136e-02,9.555670016303708866e-03,1.244206058053168862e-01,1.963079229137730877e-02,1.227926464108846163e-02,4.780369225996838889e-02,2.481614463872656041e-03,6.888640917545432556e-03,-8.890403120555898098e-02,-4.895033607203998216e-02,-1.400906858561803414e-01,9.995735760335104636e-02,1.055499425348366228e-03,1.628563623797721349e-02,-5.799074506128110151e-02,1.017859309814927136e-02,6.828158303102874194e-02,7.292464955339299226e-02,5.110830400558463715e-02,1.652369282781650239e-01,-2.363664134886251517e-02,-2.685055192823026962e-04,3.120335863921961869e-02,-4.995632743606664983e-02,7.262208267328115752e-02,1.122016468113889998e-01,-5.859007966612297252e-02,-8.010669034805566191e-02,-8.405710422098464085e-02,-1.062897770871288616e-01,6.131454988024901201e-03,2.508380029686817572e-02,2.096304869420000452e-02,6.322233710434163600e-02,2.373424735530659802e-01,1.955655308624449917e-01,-8.729846136618828190e-02,-7.587937174440269328e-02,8.152010954093055761e-02,-1.931797448736209954e-01,1.323637209132885739e-01,-2.565328733187130505e-02,-8.440688049960573536e-02,-1.522562582614311044e-01,1.618143347778199306e-02,-8.295345885490602866e-02,-3.588552505422369643e-02,-7.070219340218589221e-02,-2.177617049133297525e-02,2.010217101015672747e-01,-1.363600184725578812e-01,-1.235690409068700840e-01,3.333763407051574257e-01,4.940254342926593545e-02,4.576180672486903495e-02,-1.121375767629961551e-01,-1.149075840074743025e-02
-2.605358578456732493e-02,1.875529720394218391e-01,-9.591779201667940957e-02,7.102607608106525569e-03,1.161417512573470522e-03,5.842861759678077277e-02,-4.255750538310126146e-02,9.518134931395300091e-02,1.061122943010653907e-01,1.775987272549722495e-01,-1.644437274909263391e-02,1.032560930141425554e-01,-1.729383924581426313e-02,1.457891495396310411e-01,-7.188239592725172156e-02,1.723694373216465986e-02,6.501979344651155623e-02,-1.219031852799228322e-01,-3.360950938387605863e-02,-7.734589173032729685e-03,7.920206225954580515e-02,-2.683963436760859050e-02,1.071403910229387912e-01,-7.776043681777514149e-02,-4.182841148822476207e-02,4.357368801990751939e-02,8.249128344490615217e-02,-1.853388474178743750e-02,8.714400384104828423e-02,5.474122591180607955e-02,4.617633443198530113e-02,-6.558905064975265042e-02,1.023504260064583005e-01,1.448717443116997183e-01,-2.118169619089972922e-01,1.693414837164287576e-02,-8.970833767150246385e-02,-4.050010094705303217e-03,-3.408470430052658318e-02,-5.231825061697370494e-02,1.426931415645117385e-01,-1.434019602988704234e-01,8.589713429055814697e-02,-4.436436585770768548e-02,1.747992382462323913e-01,-7.724617163132274644e-02,-1.254019790903383169e-01,-1.184960332203371415e-02,1.402886827667045311e-01,-1.426419797476280171e-01,-6.975642313607964551e-02,2.311779190075319013e-01,1.308333520474275289e-03,1.267214549567275694e-01,-1.399808132319234899e-01,-1.317348761422757197e-01,-5.603337008077056286e-02,-1.934401493216016815e-02,-8.848761434735855080e-02,1.833841329154129174e-01
-1.023214984671858285e-01,-7.156839211217246033e-02,1.247208337633925190e-01,-9.113321787030577437e-02,3.130029148456170635e-04,2.773039117070855847e-02,3.266108261738936980e-02,1.720586090216633113e-01,1.621211249978042890e-01,-5.788972892543173959e-02,-2.310591850950816182e-03,1.134272031698292660e-01,-9.813693227056327628e-02,-2.920543747440208088e-02,1.157348245737801519e-02,-3.920476095305502201e-02,-1.242650881981601785e-01,-7.741050805497717846e-02,4.162993792462931636e-02,-6.996073571214169069e-03,3.949063804959689755e-02,1.447135412943758026e-01,1.561536993243392291e-01,4.488366103178142302e-02,5.687692002132610503e-02,2.130672345969812989e-02,-1.476437791521224008e-01,1.389041948755856959e-01,-5.665580184910484762e-02,7.490820571827433438e-02,-3.226691721591752604e-02,-2.004932280791474342e-01,3.339176820981352989e-02,1.091992382604209666e-01,-8.200399230677504758e-02,-8.785899402802084535e-02,4.907179518121985301e-02,-4.440251609837556762e-02,1.820336363418816397e-02,-1.929593621892536359e-01,1.538172500290175271e-01,3.281493034277292997e-01,3.191135360626476403e-02,-1.262363637040646025e-01,8.335824837276306631e-02,2.131014644513439804e-01,1.099309383778200866e-01,-8.825518817717503683e-02,8.880502765434697410e-02,-2.192745830235656168e-01,-5.058390529940072489e-02,-1.361561807349557784e-01,-1.740063291089204434e-01,-5.402619001903703755e-02,-2.089666468626675544e-01,1.289552488300325372e-01,5.067187232052455803e-02,-6.049048653469402126e-02,2.048727865964762029e-01,-5.195986823633461787e-02
8.926640840349919781e-02,-5.338304821095527647e-02,-9.263966657371272562e-02,-7.023775270632641454e-02,2.893338583847990947e-02,-9.698871800831003476e-02,3.643397529458414219e-03,-1.260456017130724415e-01,5.966582983436413690e-02,1.427767592449762958e-02,1.810939434009119220e-02,-1.101717380391058904e-01,1.120233063499443127e-01,-7.744217996100174854e-03,-1.451981733210596648e-01,-1.281195873614894842e-01,6.675822240432580101e-02,5.755979748113650846e-02,2.601814610350828769e-02,1.950628230208297301e-02,-1.656485954029872712e-02,-6.457087657915575041e-02,4.898804956783760906e-02,-2.602745813491575549e-02,7.362303505301517892e-02,-1.447769591585181537e-01,6.229660228888658086e-02,-2.162971454297636098e-01,3.379425698520828469e-02,-1.448048133538906435e-01,8.666576675579935884e-02,5.457126865728352538e-02,-8.136893649564866382e-02,1.688443966258654227e-01,5.623590127947582229e-02,-4.369400704664724855e-02,9.967227608861259358e-02,9.189799232297130027e-02,-4.809928764395020317e-02,1.771903810951140079e-01,1.545383805511945652e-01,-3.003668289130175667e-02,-7.382603102958919250e-02,1.472256849373822229e-01,-1.775004815962515428e-02,7.312082520764100202e-02,-6.308440865835547584e-02,-9.748295380094051943e-02,5.929851552848147342e-03,-6.653706713332858957e-02,2.963742599243321396e-01,1.655039533310224131e-01,-7.967687543674450978e-02,9.270745419391471231e-02,5.171148532793099981e-03,-4.779724321441768814e-02,-3.791608586583475327e-01,-2.606690819071132426e-01,-9.676855701559919365e-02,1.554626873592733771e-01
-1.904191274248010542e-03,8.414880574218266962e-02,-9.856486697247217321e-02,6.091321590172767142e-02,8.101552028570493946e-02,-1.639074628103928122e-01,1.455894531012648929e-01,-5.594391571794939122e-02,1.812939183217382177e-01,2.954304584153722574e-02,-2.068142730348610306e-02,-8.399748691094972852e-02,1.203659938783805394e-01,-1.519303596995563999e-01,-1.690378057078668339e-01,1.223775418420731675e-01,9.040077755830924766e-02,1.308818249893381191e-01,6.231607437949422679e-02,-2.199312151049991754e-02,-2.919951235645355109e-02,-8.996696282381913198e-03,1.618384046676166199e-01,3.386644166718803806e-02,1.697466309300245044e-02,-3.556884137147189873e-02,-3.987219927790280546e-03,5.884309811260923784e-02,6.660470611196829538e-02,3.020575450458231476e-02,8.877607217766637221e-03,-2.315626320071313346e-02,5.156988200981514614e-02,-1.457010879398614421e-02,-1.149849082981622556e-01,-2.836335040092099330e-02,1.535272425277593722e-01,2.040575229183986400e-02,-1.447569293807854374e-01,1.030274928417986846e-01,1.225302917243077383e-01,-2.860878926505550091e-05,1.721656054414500425e-01,-1.926655076551302970e-01,-7.292682897828739463e-02,6.648776897646017925e-02,-2.060105231718369345e-01,-1.114774971743755227e-01,3.125739330507516511e-01,1.757819445244059309e-01,-8.870081244932626063e-02,6.172982102009093308e-02,-1.615395184903786752e-01,4.630951188269875896e-02,-1.466859974861948190e-01,-7.199670735637191121e-02,2.175204023840157652e-01,3.423759315952038668e-02,-8.070724377200189092e-02,2.718537300192544470e-01
-4.488065113740390827e-02,-2.729606036403335947e-02,4.911714080144494524e-03,7.598041719793156845e-02,3.042150232726240772e-02,9.438463348046877144e-02,1.096659693578510772e-02,6.213314712933008799e-02,6.216014293981862726e-02,8.217795693984362992e-02,-3.127049176065509195e-02,-2.742322513073562965e-02,1.254302832018885927e-01,-7.263756196837535539e-02,-6.509798952158030172e-02,4.555478397514900468e-02,-8.976000575044154606e-02,-4.159738721861853256e-02,6.528151298943554726e-02,7.716932761114261852e-02,-1.275846733242021191e-01,4.194182117662054003e-03,1.278940595536057212e-01,-5.779353103163868688e-02,-1.147735875333830008e-01,-9.546156302770131274e-02,1.430339882555873299e-01,-2.379140001389291534e-02,1.161620997850254522e-01,5.812391867766510123e-02,2.565586043443539993e-02,6.983761360974474752e-02,-4.307729847514748384e-02,1.729344432873326232e-01,-2.327651166606798175e-02,3.783996321282272202e-02,-2.697742789576864503e-02,-2.042802232608168650e-02,8.194472492395557528e-02,7.157813402224605381e-02,-3.303172734256972776e-01,3.902653626730694103e-02,-1.096826896689319028e-02,4.078452056791956326e-03,1.062205320790070157e-01,6.702583972627457198e-02,3.516228017665316147e-02,3.232925310254294166e-02,1.696961210418318211e-01,-3.126010390981251996e-01,1.652342711768355343e-01,-8.490958657391638187e-02,-7.880408873754995991e-02,3.662716851353008396e-01,-1.027726047568281176e-01,9.604627013903094257e-02,-3.491856816798719759e-02,-4.059352805915243841e-03,-1.473304253452809576e-01,-2.889842468127592351e-02
-1.194921885821402380e-01,1.440740598649693227e-01,2.303763259920149631e-02,-4.928951683987163601e-02,-1.780117533629899940e-01,-4.904795045522176988e-02,-5.509575533861151009e-02,1.178704285365803212e-01,1.140876356720452039e-01,4.863817285314528394e-03,1.567962215417225136e-01,6.460759995056074290e-02,-1.091359509859842793e-02,-4.686325263185068396e-02,-4.233931267394464015e-04,7.618106067615010302e-02,9.551654021892207191e-02,-1.807213791669960989e-01,1.321736389069106364e-02,-8.896044877835199149e-02,1.006064839427850827e-01,1.004543914321226888e-01,-9.200920287988345603e-02,-3.100799337265302928e-03,-1.209087849091154687e-02,1.095883243419517178e-01,8.901738867673725589e-03,-7.184445943045824831e-03,1.198625618985990487e-01,-1.174515464724208182e-02,-1.105432487190445914e-02,2.136137200959710089e-02,1.481908386567575876e-02,-2.598835264927336006e-02,5.228780072187697373e-03,4.508138138403729872e-02,1.215665441708543709e-01,2.241708148807469436e-01,-3.971834606768541442e-02,-1.652387791627767943e-01,3.318283692753050407e-02,4.859409462734536056e-02,3.951975241068135525e-02,-1.540554793631576658e-01,-1.686232055512684735e-01,2.074509665874816472e-02,1.325196308523289013e-01,-1.292586970483718400e-01,3.637193014175744976e-02,7.651584319046264571e-02,-8.545134509958629554e-02,1.077368376514210163e-01,3.503561326909186702e-02,6.891204477559330355e-02,-1.855670933359671315e-01,2.777405296542180824e-01,-2.709012775468667145e-01,-1.952101156767460377e-01,5.061682060310975645e-02,-1.570265228185183104e-01
-6.343730851429088546e-02,1.228332802433332871e-01,8.294405051687131492e-02,-4.038103896903582485e-02,6.370794886832007939e-03,-7.729581553255528148e-02,9.487091409935768938e-02,-1.257519724752300672e-01,2.836937038347770931e-02,-7.033004335389056449e-02,-9.447071956218916489e-02,-3.570586479383483502e-02,3.704507063435624747e-02,4.417540287523213927e-02,-3.774197975856743298e-02,6.538406657741260841e-02,-5.079716479182912886e-02,7.893005922076208603e-02,-7.967462970837121961e-02,2.307979238455678817e-01,-1.582588972589994147e-01,9.716512113558749275e-02,-1.427857198143866468e-01,-6.912828134476356251e-04,-2.957509452939679345e-02,-1.875157351804750171e-03,2.032533304979380895e-02,-2.570226652941937084e-01,9.647055717475273851e-02,5.349246151485635009e-03,-7.453709098604584249e-02,-9.803501379118775838e-02,6.790206091125630672e-02,6.912791521048596011e-02,6.655821159219051097e-02,2.436541887428732636e-02,1.012199021267252003e-01,3.556034821413078806e-02,1.214643933218534783e-01,-1.985135114960150660e-01,2.878332865773612914e-01,-9.255339343051971479e-02,9.482156306611685959e-02,-4.654045635750574811e-02,-1.578701563487233672e-02,-2.474111223381662145e-02,-1.694242312397954975e-01,1.463714503103193676e-01,3.370814344729555854e-03,-9.469247577128780957e-02,-7.580677132902030602e-03,1.159990029658301697e-01,2.215484574780649252e-01,6.494325090137473278e-02,3.270388299157875323e-02,2.616721473649477603e-01,2.186505123690699326e-01,8.979789110836025601e-02,-1.063930681871890771e-01,-2.669515873467710465e-01
1.684837292852717217e-01,-1.364163544252490479e-01,-2.450543380043778557e-02,5.434670029690182730e-02,8.193839872798833190e-02,-1.319612177046383117e-01,-1.109361851843898052e-02,8.132130802717359164e-02,-7.029474583640879515e-02,2.030126870142397871e-02,-3.636350566480859615e-03,5.276831368913435100e-02,-8.577912447998244094e-02,-1.019048959288084699e-01,1.404343904169705858e-02,7.906825546404539157e-04,6.985093656772864423e-02,-8.084464177545024055e-02,-4.566079613062746373e-02,-1.583382339838810063e-02,-7.757793227020202791e-03,-2.790634416343828941e-03,1.146314707557644363e-01,-1.548560585444765381e-01,-3.758035209436538706e-03,-2.213394798858810131e-02,-6.872387554243748753e-02,1.479583126363234191e-01,-3.035909631449106375e-02,1.095441631745373845e-01,-7.660039554956929453e-02,3.240946620478656059e-02,1.589786208331197548e-01,-9.945690847715168981e-02,3.788510066569920898e-02,-5.379872413556837513e-02,1.123329200575900605e-01,7.585713277505549967e-02,-2.313158418223059398e-01,6.438860423108499868e-03,6.146020025639906820e-02,1.691418491978312066e-01,-1.444618062055512686e-01,1.471886280641564182e-01,7.888999490417528127e-02,8.574286573592302535e-03,-8.937206987971114958e-02,1.715269967719148803e-01,-4.756002746047612723e-02,-3.304216538700495698e-01,-1.244048979128970778e-01,-9.465618149420965133e-02,-7.282181164160800302e-02,1.524527718834117473e-01,-1.823321964412099039e-01,9.913489649774784307e-02,-1.753155777206098220e-01,1.911994945187657780e-01,8.832445544991925079e-02,-1.875454187818297314e-01
-5.280648853429843921e-03,5.525364067884291908e-02,3.872548615879503608e-02,6.383043447833273987e-02,2.350896854285631360e-02,1.192940610975457049e-03,-2.934439563261266246e-02,-1.183140849035339004e-01,7.498648328429644017e-02,-1.691851912969171146e-01,-9.656498329315785223e-02,-1.829293777406561239e-02,-4.241423259215133801e-02,-5.767051749582084025e-02,1.102511046157658436e-01,2.395631098039342419e-02,2.606878147803248671e-04,-4.329069172628435477e-03,2.897386622813095253e-02,-3.807042746199825519e-03,3.227955700901455338e-02,4.049849834464514658e-02,5.559032315477961672e-03,-7.600691337137738431e-03,-5.848474534479759790e-02,-1.729711345529849342e-01,1.829751714414347462e-03,-5.343893403953299537e-02,-2.769316093344966617e-02,-1.554634701148254784e-02,5.058742914639489247e-02,-3.377911430107118085e-02,1.687960103842456316e-01,-6.353611607864331767e-02,-1.311833025394771590e-01,-1.128599164142267061e-02,1.211690881829867311e-01,-9.660943783607658930e-02,-5.403912591440503815e-02,-1.098965965410204360e-01,-4.102416664595247286e-02,-1.050538095629674346e-01,-2.089563215962850218e-02,1.180437568220294303e-01,9.463685733323802529e-02,1.078475412195622346e-01,-1.406681660568525893e-01,-1.736379644989053117e-01,-1.794678459236165313e-02,1.995694280097367462e-02,4.399679700906456575e-02,-7.391499471332109439e-02,2.536355865012941344e-02,6.504360190618194149e-02,-4.478476532859318460e-02,-1.356818651060173742e-01,2.244702425688243144e-02,-1.195710070677923620e-01,1.947481459978066543e-01,-1.830380098698819180e-01
1.577604597881963194e-02,-1.338650878750211604e-01,4.316221434554711953e-03,-1.779810005759013825e-02,5.135590475156372181e-02,-1.309640644142577581e-01,1.260530670699909206e-01,4.336346108454366965e-02,-6.664397165774678389e-02,-5.389599814217230916e-02,-3.014554624345335693e-02,3.239523841134775428e-02,-4.144609672185695787e-02,9.968125994832591208e-02,-6.661852841039020423e-02,1.322293771931857750e-02,-1.254521045178063898e-01,-1.274897194115658106e-01,5.202905838041620157e-02,5.022849913209637140e-02,-7.304498125809688602e-03,2.620588709497449487e-01,3.178931417261925130e-02,1.248827441212998074e-01,-2.434514914340145733e-02,3.556786778872164656e-02,1.076180100057894107e-01,2.764324281513073564e-02,-1.400983517108062848e-01,8.065637149778102921e-02,5.321341941976035633e-02,-7.943630670118692616e-02,7.252075183422604376e-02,-5.868006217647638023e-02,-7.878636791750659452e-02,1.003976431844261913e-01,6.219109159137525822e-02,8.248279386014242820e-02,-2.197922608640150988e-01,3.926112503076255311e-02,8.793247298086186159e-02,-7.973637531977897930e-02,-6.357335883716834501e-02,2.467749259708027984e-02,-2.572498555259917774e-01,-2.125194726555393598e-01,4.533266300555275491e-02,1.108157236898602571e-01,-2.455711108652213759e-01,-3.456198200527438313e-02,1.201084342763559798e-01,1.716424449444021727e-01,2.734168515259398635e-01,2.652586986699981969e-02,1.464380408428390401e-01,2.285801182817270294e-01,2.027794677060623316e-02,1.847650443406478882e-01,3.296154658398117165e-01,-2.320043261379805405e-02
-6.582176796356839499e-02,5.464805553178516545e-02,-2.772228823765035544e-02,9.046259352833947720e-02,-7.780486607748807182e-02,1.419861171002033753e-02,2.002933949870151775e-02,6.955669679353265744e-03,1.496058774482538455e-02,1.112237116307675799e-01,-1.833216763997882193e-01,2.164944102402503179e-01,-4.441930040386070366e-02,6.832583836204997318e-02,1.079477049454346804e-01,7.906905646401782284e-02,-8.853119512833981450e-03,1.146356725691989945e-02,7.481839663945219487e-02,1.182198424013261445e-01,9.414507860119446236e-02,-9.074446737297414689e-02,2.788561771316010879e-02,-7.634644137888016652e-04,-6.364973712832824870e-02,-5.025407661388362618e-02,1.706123986231065578e-02,-1.045062116537157360e-01,-8.709361258495421088e-02,-5.923546761299496033e-02,1.031741524542304222e-01,-8.092278123834403813e-02,8.233339765512173725e-02,1.580785406168344533e-03,2.810497001442453097e-02,1.563726601651673279e-02,2.210527308122626489e-01,-5.869637240215046237e-02,-8.299599591221760997e-02,5.917859715523186154e-02,-7.445344471777038016e-03,1.482834402822597042e-01,-6.926451726783837415e-02,1.066914911488713313e-01,8.783682644958622221e-02,1.374522846259261868e-02,-7.935870535475489373e-02,1.442455641330390170e-01,-4.696635056161427985e-02,-1.259038181918304723e-02,1.789369749010920885e-01,-1.952322584912749848e-01,-5.490574988184896560e-02,-1.088585589172971629e-01,1.025663631074527765e-01,-1.521135236829865844e-01,8.006452045744566481e-02,-5.636316680022086974e-03,-2.394802450171227420e-02,1.057055598642988176e-01
1.885029255844076351e-02,6.993108041171340605e-02,-4.358514522858630835e-02,9.418088912448560959e-03,-1.126848400341415035e-01,3.428471010960301713e-02,-2.325836299531092166e-02,-1.171365434151950234e-02,-1.726979565834742963e-02,-6.287226494245697073e-02,1.661844302297026399e-01,1.298308874371346122e-01,-1.145391358424724393e-01,1.805497318463922807e-01,4.616314574967780686e-03,3.523514976405506260e-02,6.204123853796929960e-02,1.119324181469441432e-01,7.615698384207467142e-02,-7.009384701103373028e-02,1.573862502618487980e-02,-3.094100425889034084e-02,-1.178155295623317146e-02,-1.640545631966403295e-01,-1.478407275623187800e-02,4.666667821206450795e-02,7.555720304908861151e-02,-1.770530931425262910e-01,1.449535252796714802e-01,-1.005680076178681881e-01,5.244257422576147076e-02,-1.554891307799912727e-02,2.298062371829049516e-02,5.660125220252202466e-02,1.752900574145336843e-01,1.844414440094249985e-01,1.491592374937997754e-02,7.589249292524394286e-02,8.937679383162730473e-02,2.129135129496856262e-03,3.018531226610537271e-02,-7.081160112725995610e-03,1.301493355492699955e-01,1.187960330103421669e-01,1.576879825916196742e-01,2.366453718902177678e-02,-1.706906002709331766e-02,1.381097385383386611e-01,-4.396713493339461654e-02,1.302435418240706078e-01,1.539826164678045062e-01,1.674210768093803078e-02,4.414489529508968529e-02,3.921718997877257640e-02,4.998371342610561513e-02,4.441403777002155689e-02,1.120932611750530689e-01,3.424148250861728249e-01,7.109378532130636308e-02,-5.957331286077731380e-02
-1.384901260083293839e-01,-5.592889109908596307e-02,-1.631080434211121810e-01,-3.613653199711730490e-02,-5.018216465668062787e-02,5.564174255617397591e-02,-5.608534155505696950e-02,-8.165448035697438212e-02,1.685445091429844111e-01,7.314412971573017175e-02,-1.476708400132797959e-03,-5.940271118342734663e-02,-2.772102884488314434e-03,-2.313512269647302264e-02,8.291646364734625574e-02,1.763026594314258677e-01,1.073983913617209546e-01,1.778099797010862472e-03,-1.983533836032581044e-01,1.083533401332232443e-01,-2.865242031809168630e-02,-1.944263936340947380e-02,-7.665066498453546040e-02,-4.183218179516004498e-02,1.444530648943885554e-02,2.073312940576107211e-01,-6.500772178959317305e-02,-9.132526721239198064e-02,-8.802812512036970252e-03,-3.564828133854375941e-02,-6.165255737453285978e-02,-4.971716873960711769e-02,-7.093707282547201398e-02,1.901485729298373062e-01,5.609965965951111549e-02,-3.274740058962971601e-02,8.477039414213433099e-02,-1.891350272148089040e-01,1.127916339432235987e-01,-2.408177145884689563e-01,2.963678493583056170e-02,-3.275769787437390196e-02,3.228305154701731350e-02,-8.333638014508561870e-03,7.394061186855328816e-02,-6.054429535074734581e-02,9.964667700216409130e-02,1.722803484268571328e-01,-5.310547129938580913e-02,-5.858312481653022222e-03,1.985434442280304898e-02,-7.751009125048444193e-02,-1.845086295769144957e-01,4.348325594707479202e-02,-1.649730027052960790e-01,-3.231104803018946398e-02,-6.335507887056045229e-02,6.280553066365168920e-03,-1.143417267263051665e-02,7.366221337214032272e-02
2.014643506540942097e-01,-9.930419349858185182e-03,2.364918625934851748e-01,-8.812671573977270967e-02,8.857856032447089523e-02,-5.234136700652153307e-02,9.007633377502674565e-02,1.497694260664244881e-01,-7.136602451026559379e-02,1.981202626588008386e-01,-8.438676827597552110e-03,1.284415421060968732e-01,-8.775814143279271964e-03,7.226812095836623873e-02,4.001251027581011893e-02,5.734780567210062685e-02,-1.265413875354181872e-01,-4.639982920362317742e-02,-9.999235991960922498e-02,-2.599902361657246419e-01,-9.490694240620142774e-02,6.169326160982100543e-02,-7.035908251969824612e-02,-3.650506869706101470e-02,4.242819978013789958e-04,1.162831250649387221e-01,4.793306101005381098e-02,1.782235799332970438e-01,-7.710663629025085730e-02,-4.077490896848234847e-02,-1.439496271929684504e-02,-3.490093272095409066e-02,-6.318152702423363021e-03,-6.460158124493001197e-02,1.007402917588866298e-01,-1.075759898076377591e-01,-4.952763349857317726e-02,-5.706145288415625724e-03,-1.862690935201251896e-01,2.409521397779289253e-01,9.374048217697007745e-02,4.523382798267588586e-03,-9.367566657942880126e-02,-1.475770299385836259e-01,4.983781717794062704e-02,-5.200275613850868783e-02,-4.865675003729574150e-02,-1.626548722703933247e-01,-3.125160101030099308e-02,1.367413884235023358e-01,-1.365234104765746248e-01,2.057908460252853011e-01,1.134086229354172859e-01,-1.690388972316355376e-01,1.710075330356852497e-01,6.419762166031614536e-02,6.808812898325497520e-02,1.051989377327666314e-01,9.212298832359021306e-02,1.919941034875283503e-01
-1.629052737081615465e-01,-1.151090732475281708e-01,7.231215080793886377e-03,1.219995717222482901e-02,-9.096348102266609004e-03,-2.503279542067989721e-02,7.204263097863648768e-02,4.380277591238632834e-02,-5.798351645953732370e-02,1.658341855398354769e-01,-1.278478759635374717e-01,2.962989281922998042e-02,-2.239912046710589855e-01,5.743577754442189681e-02,-3.830021894862018633e-02,-1.114403299493165259e-02,-4.196424645360410238e-02,-5.906871927843857645e-02,7.086607815997250648e-02,-5.136985308915551635e-02,5.294446300817012840e-02,-5.206972192797988674e-02,-3.057070443378215926e-03,1.714837150671272986e-02,7.017995135437296583e-02,1.587210720443708520e-02,-3.763357270224677864e-02,7.766232013300780265e-03,-3.492814046140355760e-02,-9.330779283225731913e-02,-4.432792024035176609e-02,1.314512504877879406e-01,-2.919478480219259847e-02,9.818281541967555787e-03,-5.758291169474947374e-02,9.403759610234611876e-02,2.636136850908027407e-01,-1.431531067408831348e-01,2.172975513380574417e-02,9.668935827055838428e-02,1.350621607786458012e-01,4.786806391975247099e-02,1.333095977662900403e-02,1.382237698459764519e-01,3.019697278867076659e-02,-2.170009695368292080e-01,1.916900595940416452e-01,-1.113977722991156966e-01,1.687427250031854897e-01,3.073953258596771043e-01,-1.491012075709027829e-01,1.533191972518306578e-01,-8.611146461047413866e-03,-1.928376141631619745e-01,-2.427632390675786567e-02,8.499765456200819580e-03,1.525313251551098648e-01,1.385785000187941471e-02,-1.837386481934704177e-02,6.897005364626632162e-02
-2.239004767509896604e-02,-1.058678015247950521e-01,7.571050985630378271e-04,-1.134067269152038426e-01,-4.756324404395816108e-02,-3.580566999558348722e-03,-2.774606285625776450e-02,-2.024869955080559336e-01,1.400132705421835988e-01,-6.249643615399712304e-02,3.116026115789164580e-02,1.836059612967583798e-01,1.058087215608727837e-02,-1.067607809554382142e-01,-1.961935646450025661e-01,-4.492220935111318134e-03,3.048366284527849121e-02,1.056023894819615450e-01,8.721333476774648097e-02,3.823819342714977060e-02,4.446815199315919120e-02,-7.298519195418680383e-02,-6.873174010995701522e-02,-8.713931339517633906e-03,3.063939538233104859e-02,-6.235554124635080131e-02,1.321023583285537741e-02,1.567280576661998423e-02,2.326424387322593434e-01,9.223864596689558548e-02,1.702324256909448219e-01,-1.046346304448761561e-01,2.791398473089014981e-02,-2.628350877787640760e-01,-3.610220294778318517e-02,-5.289093618205235187e-02,-1.785315708465927756e-02,1.414798915740955176e-01,1.636182822927003538e-02,5.733332269275200066e-02,-1.431274938144369568e-01,7.054761104703069496e-02,-4.326997961836344386e-02,-2.078096793169443776e-02,-1.119835643231312378e-01,-2.653895879982727177e-02,-6.244452652380803187e-02,2.737734448728036327e-02,5.159348914621157689e-02,-1.123513087745309641e-01,1.695021489399004266e-01,1.970892295593436594e-01,-1.353977253938049852e-01,-1.410888668786135780e-01,1.029917142211181913e-01,-3.607021882998416307e-01,3.156179820588534413e-01,-3.251672716597370782e-01,1.641916721209941143e-01,2.699839286082111878e-03
1.211881351514975391e-01,3.045277187341143346e-02,2.925013279899197835e-02,1.134176641088472798e-01,-8.807426296023244949e-02,-6.534762976285772573e-02,5.806701277451318394e-02,3.290061598363473727e-02,-6.311681805257322864e-02,-4.784603598619265041e-02,1.279041616969820438e-01,1.154756751354533428e-01,-7.710979721491502403e-02,8.350309534752826945e-02,1.954237694936982947e-02,-3.563130865424245231e-02,-9.001826901205368936e-02,-1.022387514673371023e-01,5.841286431734207113e-02,3.744911396374436601e-04,-1.109487467920958065e-01,-1.360057953514051676e-01,-2.518217135409863555e-02,1.334211671193807625e-01,4.676233707165848574e-02,-6.646932837301919306e-02,-6.808683566976256318e-02,-1.277109455936083771e-01,9.321191494574299075e-02,8.832316032155855534e-02,1.271599024440060455e-01,3.527287431126843037e-02,-1.953068406567269322e-01,2.241561808838589687e-01,-4.833675469927733830e-03,1.190844496233389310e-01,-1.212896759164704685e-01,-1.514034926670870720e-03,2.012155489602834579e-01,-2.953704567754112872e-02,-3.030967868906090934e-01,1.559524315230099156e-01,8.768070938082449250e-02,7.708923607809575577e-03,-1.519570072186823308e-02,-1.183901071583949305e-01,-1.107550434621955293e-01,-7.187091441925572144e-02,1.008891097223477973e-01,-1.622467998184065618e-01,-1.635793256735419143e-01,6.090115841556359433e-02,1.878520897928890043e-01,-1.174718823240349652e-01,1.171435188576057385e-01,5.422099376050330821e-02,-2.922066731675597093e-02,1.754357124704818138e-01,-2.109836821136696905e-01,2.395977776772369172e-02
6.083491850229828801e-02,1.376190202862738118e-02,1.145564205133376284e-01,1.441440267041912970e-02,3.875726114224029711e-02,-7.479035828866403834e-02,5.212029696822859798e-02,-6.217950968241479220e-02,-2.448954445351937334e-02,-1.628675570973304454e-01,8.536146059690041810e-02,6.073008546713908051e-02,-4.605736321439402037e-04,1.277721399034351391e-01,-2.699540389742913910e-02,-1.493316144511894206e-01,3.066103562044882394e-02,1.040659177411390884e-01,6.392636965234828328e-02,-5.591987566777276847e-02,-9.179059620783691642e-02,-1.797676468234041952e-02,-1.798055124943724881e-01,-2.135886454707420709e-02,-1.064616864524766948e-01,-1.662238699740223036e-01,-1.126678425858215239e-02,-1.164314052103815056e-01,6.573699680389775979e-02,9.773300316050126391e-02,-9.747149440073331339e-02,9.168557929749843877e-03,7.063319580941748721e-02,1.842900723523159187e-02,-1.481365578467311317e-01,6.737247691820968942e-02,-1.348452987642064504e-01,7.449737546227346019e-02,2.242215807893321866e-01,1.215704982186205790e-01,-1.597875302487390126e-01,-1.655608806758045726e-01,-2.054734887644801555e-01,-6.922170353947264265e-02,2.818296140411948869e-01,-3.460820789339057180e-02,3.840449871427729922e-02,-1.116386662887522557e-01,2.326438660163698824e-02,8.634124070249911409e-02,3.829978150367360085e-02,6.679988260434463476e-02,2.225395526534258706e-01,1.740990954763851906e-02,-1.022557823501220459e-01,1.622496874092165253e-01,-1.614599589835428450e-01,2.592969461773154682e-01,1.126380800644116997e-01,1.091866958718701042e-01
9.601917046914421050e-02,-4.606948232051508857e-02,-1.694968546858351965e-01,-9.461842107328928553e-02,-4.569219419442655319e-03,-5.852790195729279388e-02,1.391872589483236777e-01,6.507973855163383392e-02,5.930954941682398118e-02,5.940941829762097504e-02,6.659771112523361902e-02,3.759159083118115974e-02,6.033552155031608397e-03,-1.994290848739422792e-02,5.133250713643804086e-02,-1.310171942173419257e-01,6.527375864402266969e-02,-2.791733327776052542e-02,1.877812899145697018e-02,-1.889540139877255928e-02,5.478282680432853408e-02,1.507535688961405551e-01,9.185131283905263733e-02,-1.473814361742374901e-01,1.443069803031507836e-01,9.220799835741065598e-02,-3.461131250044373331e-02,-6.167915724602432252e-03,3.121935805760953780e-02,-2.719052162373064574e-01,5.487694059655016249e-02,1.733910831171719680e-01,-4.901027176455562129e-02,8.470669871291826303e-02,-2.073520229446622898e-01,1.233334606611665302e-01,-1.989011826708310671e-01,1.542051312263946206e-01,1.256179271184392765e-01,-1.201969436541873437e-01,2.103575521772006740e-01,-1.842303171691164199e-01,1.127423418194219984e-01,-6.108919659996338986e-02,-1.538718930366633243e-02,-2.066979238404104222e-03,1.440465231847285962e-02,-6.450431626094747795e-02,-9.557376017220839404e-02,7.838295023687130714e-02,8.870578012372040688e-02,3.167365573812356422e-02,6.911929082586623641e-02,2.201942805209012310e-01,1.194277899948686522e-01,-8.022418217452820244e-02,-1.120906621911657713e-01,2.212907756545381271e-02,-2.587740540978112347e-01,-1.720437607732292623e-02
-3.570252027348871926e-02,-4.479672477424818944e-02,-4.777100459275442773e-02,-1.978686611283398799e-03,-6.682078934741039755e-02,1.058364652023261430e-02,1.764249567684484168e-02,-4.121987796786061417e-04,1.645351394084832997e-01,4.153889964379589572e-02,4.239837848450545704e-02,-6.884148009575742633e-03,2.435477030201659357e-02,3.898839189923868770e-02,3.891918523759652082e-02,-1.619406922761985890e-01,-4.947612182194131630e-04,-4.489720215723146113e-02,1.383268711400349460e-01,6.069972566580659340e-02,9.225264485067838360e-02,-4.117150294712582786e-02,1.482798902349545186e-02,2.984627476765148654e-02,1.839125039115622681e-02,-6.394888021618524987e-02,6.664024256676448488e-03,9.483978709909536564e-02,1.461509448930400912e-01,-8.332590555835700519e-02,1.167531067226534047e-01,4.138472197245059159e-02,4.004600895603176169e-02,-1.881773467597745719e-01,1.513745070458982767e-02,-1.219591802366128130e-01,-5.517646694398253837e-02,-1.212962570426159292e-01,2.572577385196350708e-01,8.016246502182436395e-02,-1.697367118008112630e-01,-1.433475712478326780e-01,9.959979742611985154e-02,4.416560171159124998e-02,1.099995982368280334e-01,6.010664008857443535e-02,4.103398422353347896e-02,1.281819222519122725e-01,-3.458376168108637932e-02,9.770556311615845313e-02,-1.308101541333752671e-01,5.331561503093953935e-03,3.885480916537664524e-03,1.776157693198100740e-01,-1.968909547055270881e-01,9.282467205933176303e-04,-4.366040248346944423e-03,-2.154191779439641186e-01,-1.688019365357084148e-02,1.249192444319871809e-01
1.275060395878441308e-03,-4.769578290511539316e-03,2.360416198322060413e-02,3.652490063844040374e-02,-1.367210316055183193e-02,-1.143973244135186168e-01,6.808607980143729921e-02,3.740482150485116564e-02,1.310655979487526657e-01,-2.120283850088138800e-01,1.302728644238862199e-01,3.863103677839519606e-02,-3.266059481116011243e-02,3.557235968131517573e-02,9.133981899264110443e-03,5.013665520996202218e-02,7.726658991000411036e-02,-4.664199599104669469e-02,2.673703249923677777e-02,-4.412546437494252460e-02,-2.654009235748798767e-01,7.577693097180869530e-02,1.647433022675340308e-01,2.088930539692152033e-02,-1.089937794899261403e-01,-7.405186870917490269e-03,7.165241731416421497e-03,-4.926345206278181371e-02,8.297502004974272038e-02,-1.680169845431556119e-01,5.701048323733474976e-02,-1.628919897425748498e-02,-5.218879866609586748e-02,2.808685470814000634e-02,6.320923349894358445e-02,-8.763716276582183759e-03,-7.877750891500776009e-02,-1.816822013909106734e-02,1.715836545473276367e-02,-2.218568877383782501e-01,-1.369074565622440398e-01,1.267871461411279599e-01,1.505160874983421382e-01,4.844171172968503650e-03,-1.171367980544505832e-01,1.125680994429737458e-01,4.291365825144551061e-02,-5.063133595015335831e-02,-2.611838736939170458e-01,-1.955545963677592647e-01,2.777667942019500513e-01,3.223716423435731004e-02,9.457297101270520367e-02,-2.081235951347721325e-01,-1.674718083309603700e-01,-1.748588708107870482e-01,2.175448376731197592e-02,2.650438363474039247e-03,7.322096751309195573e-02,-3.680601252178729299e-02
1.108869913942175101e-01,8.657977651115184026e-02,6.439040156872136156e-02,-4.806129366045951840e-02,-1.815257062146447085e-03,1.343278824488167156e-01,1.406851916065515185e-01,6.210904275284093862e-02,6.793668896778741473e-02,-5.606760891618085829e-02,6.131286268978164422e-02,-4.660428378115510917e-02,-1.150091245371328078e-02,-1.040106459557629121e-02,8.856087101725666766e-02,3.137913337563470045e-02,6.482168572821996044e-02,6.191517373480985575e-02,6.457168487232226028e-02,-2.150774692322438703e-02,-5.612632435550192478e-02,-1.632032893521103423e-01,7.546199991785790609e-03,1.272752813038127984e-01,-3.700536166206343236e-02,-5.277639774849229685e-03,-4.461117977601326834e-02,7.153299740822369190e-02,4.906845086656960037e-02,2.967262765753136272e-02,9.506583262309878379e-02,1.564421576587930462e-01,9.417609180077442937e-03,1.015164638768879524e-01,-1.633913147455348103e-01,1.292205106526255753e-01,2.477601010723982644e-01,-1.761151265002222632e-01,-2.469707237132331701e-01,-9.142163607826047766e-04,1.408182892528241359e-01,6.717530492223708349e-02,-2.176146994701019521e-01,1.128356916363933669e-02,-1.207165246980712314e-01,-7.785414694292838722e-02,-3.479900342712792527e-02,5.139824248526782963e-02,-7.092860701922647226e-02,1.836469787473379023e-01,-1.773728555797377537e-01,9.926086036362857801e-02,-1.357069937765218448e-01,1.861214358425043458e-01,6.048440287079317329e-02,-1.195564564595827904e-02,1.027678770535896541e-01,-2.249450059014834801e-04,1.059070015323471392e-01,2.439084940601008444e-01
-7.561853717554825605e-02,1.521071001608944595e-01,3.428886255370695163e-02,4.931687842912516745e-02,6.586861674786745335e-02,2.371354459429637629e-01,9.005968590088900272e-02,9.100069556201545017e-04,1.271249602706549520e-01,-4.445720679952491761e-02,5.007567133571031066e-03,-8.458361995117802401e-02,-9.732737012218753425e-02,-2.030901140604495780e-01,-4.031041598084535854e-02,-2.795963641517387049e-02,-3.169909314421127944e-02,-1.166383170307375428e-01,9.080253846809464846e-02,-4.572547178566563168e-03,8.977813531127684654e-02,-4.397010836920236393e-02,7.074999701737864910e-02,1.636591829244327945e-01,-9.617867660296569587e-02,9.015880037998731666e-02,-1.673579209520075495e-01,-3.448164755302836337e-02,-2.458329501312570553e-01,-7.824749833868938076e-02,-3.261889903277496311e-02,-1.256936027057961869e-01,-1.646819565508797489e-01,-1.032026987952221198e-01,1.197173531863350016e-01,4.851418019257828368e-02,8.563529712201581323e-02,-1.180154693612187888e-01,4.188032123221611946e-02,-1.363619953407375074e-01,-2.603179412257616288e-01,2.010004157487053633e-01,1.472082793896077879e-01,2.046003428052101114e-01,-1.173765220092822317e-02,1.966736386289277480e-02,-5.939508037869591084e-02,-4.946911409319599412e-02,5.089833071103468803e-02,6.218959692596672667e-02,6.115402541118451080e-02,-1.279451025526897323e-01,6.791801315114816273e-02,-4.612757811139226588e-02,-2.922462944281078914e-03,1.960365589825803501e-01,-1.771879148736271725e-01,-5.969753090863084977e-02,-7.824093669216529434e-02,1.981358621766517447e-01
1.774865924753144669e-02,6.793556367054563727e-02,8.700444043511160186e-02,-2.356768790263352037e-02,8.172800582104006173e-02,-5.310454518376754585e-02,1.251401321291669144e-01,1.724240685289823299e-02,8.650298046751213332e-02,9.971184443202008030e-02,5.037230738825112381e-02,7.951984432528207136e-02,3.560643924234951213e-02,-8.840524221432725926e-02,9.800142795855609767e-02,2.810332514313347227e-02,-6.693595537023901143e-02,1.138807124698147932e-01,2.560745502688514461e-02,7.793475001283777133e-03,-1.685107982936218107e-02,5.844270119234997590e-02,1.909100311492965552e-01,4.411020307176367894e-02,-1.137429739522017591e-01,4.001618631564713043e-03,7.804423521785058826e-02,-1.756403788751662587e-01,-6.555247430209514004e-02,-1.286638020729034826e-01,-1.773568337945028994e-01,-2.032532992648789644e-02,-3.225576054732758741e-02,-6.061725149277290281e-02,5.990690260042656062e-02,4.682423072498477501e-02,6.991277723674213518e-02,-1.765278940969782287e-02,-2.965218959804709065e-01,9.399976661391409860e-02,5.756123499584834408e-02,6.814561399021731858e-02,-2.506504841551214779e-01,2.855535021506740434e-01,1.403226765317634739e-01,1.768671872635281528e-01,1.979006348101952084e-01,1.221555785325247195e-01,1.279257993787676073e-01,1.827379498611474695e-01,-3.134310955155449746e-02,2.501668098746198110e-01,2.613679427539845057e-01,1.886054762372753879e-01,1.248889572813990413e-02,1.176615826409549512e-03,-8.035111470102392073e-02,1.592579261138190871e-01,1.609202934492519055e-01,1.319671166792584227e-01
9.286274126698362830e-02,1.391122628956524276e-01,1.943462009718180949e-01,-6.052234208552002837e-02,-1.640548781627007013e-01,-1.135344547903443801e-01,-2.406357073123125967e-01,-5.666905996293436498e-03,-2.468171585857897310e-01,-8.300584266068691819e-02,-6.572563372922783642e-02,1.470061778534121621e-01,-7.157040532097155849e-02,-5.880560080607981355e-02,-3.212693108202092918e-02,3.260200153207315314e-03,-1.782638819947418296e-01,1.746086439464012707e-01,3.784241638699165772e-02,-1.261322888672857245e-01,-4.065002342803264446e-02,-1.155630775705974028e-01,-4.844578338381854560e-02,-1.182401475826910520e-01,2.366980373539369076e-01,8.268605567507016085e-02,-8.281045515977657201e-02,-1.455643804740831548e-01,-1.373009705915822776e-01,5.589876784567904267e-02,-3.541829554121542906e-02,7.961778841892093450e-02,8.042436491271920743e-03,3.132488506491381934e-03,9.337371312136849566e-02,-1.507848634364283291e-01,-9.821717995816245383e-02,-5.838122469364268735e-02,9.878720702792570529e-02,-3.269636128298059052e-02,1.473103827357723217e-01,-5.740182973409287126e-02,-1.702852477283095800e-01,3.423182542937566047e-02,-1.469929061606459197e-01,1.052762167432241408e-01,-8.061868588330185770e-02,1.483489529293994802e-01,-1.846137162037413473e-02,-3.407108755515505377e-02,-1.728758397452538897e-01,-3.477372799254314917e-02,-4.532031989182430665e-02,-4.626173721081559831e-02,9.534248932810349131e-02,5.145094371931382415e-01,-1.571077740462821851e-02,1.313104956176325833e-01,5.219089072350835065e-03,-7.147417649617755775e-02
-1.629219813013776941e-01,3.779338381857674789e-02,7.999970766854044846e-02,-1.600102662183932115e-02,2.285006632095744616e-01,1.255651659094486269e-02,-1.995960367793795515e-02,2.272694971721220866e-03,4.901823572217717251e-02,6.939814805700655898e-02,-1.466233564372572407e-01,-4.736173514819361913e-02,-1.694138878994186082e-01,-1.559653458332584987e-02,-4.458647148670394356e-02,-1.255357020636376775e-01,5.982642734754310687e-02,-1.278193921050068682e-01,1.059501070867577138e-01,-1.320565041127904349e-01,-1.189756722590385174e-01,1.002627003906176456e-02,-5.526197710512712608e-02,2.034192342630503775e-02,3.918414382945529378e-02,-5.267000657688394177e-02,-6.646960533646086022e-02,-2.011899915186333640e-02,7.643909744606625090e-02,9.155212940383890274e-02,-8.194150979804795676e-02,-8.490279658566346477e-02,-4.348314326111439587e-02,1.130028535262360967e-01,-3.693829836901113550e-02,-7.546520295150253854e-02,-3.827607473680391670e-01,-7.842909610805870457e-02,-1.116031172184914766e-01,1.551018894302910733e-01,1.252670366073529440e-01,6.846820994204878830e-02,1.098274032516519949e-01,-8.185540261833584852e-02,1.142609011795040486e-01,-1.316155662086034364e-02,-1.272445475992340369e-01,4.689628588058990938e-02,-5.480680776599267459e-03,1.296182925110968553e-01,6.782907425252197864e-02,9.062274404952339046e-02,1.456333727032237402e-01,1.330323312331188890e-01,1.313880689516013778e-01,4.184356845111589229e-02,-2.191148639076875015e-01,6.706717920272835254e-02,-1.814317161854742400e-01,-1.094710070348012404e-01
5.949889929993131682e-02,8.283420671164179461e-02,4.243192146003842841e-02,2.738907474219339777e-01,1.018152586657425918e-01,-1.408726945704512623e-01,-2.158671242785131089e-02,8.517527033060647013e-02,-1.790354411146021785e-01,-6.000213373959926988e-02,1.990130074120333246e-03,-1.029096934793446438e-01,-6.904622343999401723e-02,-5.003980008196882295e-02,1.615748024709520031e-02,-3.146634873995218795e-03,-1.981326405158763404e-02,-7.985638201241226919e-02,-4.798399573630398457e-02,-1.787900024187388803e-01,4.951572512729421338e-02,-5.931351390336599139e-02,1.397764566640664063e-01,-4.982086251244854935e-02,-6.010953396024609763e-02,-3.269018346222039850e-02,1.118631911139015556e-01,1.197026114432713645e-01,-1.280822964690095100e-01,-2.229336845072383277e-01,2.679339666519267582e-01,7.395719326264396654e-02,2.258321786107884699e-01,-2.205009950093745827e-02,-1.453097993450312361e-02,-1.491316670775035269e-01,-5.566940247617693099e-02,9.952632493313565143e-02,-1.551816446927739290e-01,-2.171073089933885925e-01,2.434947088347626798e-01,-9.984702774318846008e-02,-1.937960944157147980e-01,1.743854023209508164e-02,-5.146586933195330948e-02,-2.044232359371168928e-01,9.968028026130703809e-03,4.758767240147420557e-02,1.113250649235429240e-01,7.222827523526798021e-02,-2.208696185232116860e-01,-5.071019769861014048e-02,-1.487928261650716677e-01,8.411353514518955105e-03,8.548433135778165867e-03,5.774953753502383436e-02,-1.012489448171373894e-02,-4.067877813663257902e-02,-6.265367202312979722e-02,9.709001203579616102e-02
9.038728046234685565e-02,-6.261008541653553805e-02,6.714427353651770958e-02,8.229819954868979048e-02,4.172814041907396687e-02,1.505423747199731987e-01,5.335326313380164137e-02,1.669631142645602306e-01,1.223952284784770861e-01,2.306494399667953221e-01,-7.134302328558168871e-02,-4.649536465835807549e-03,-1.020930679383289935e-01,1.132736681286798247e-01,1.179819151564879681e-01,-4.348009386587283615e-02,5.489537521662909286e-02,-1.022068315883625234e-01,-4.817620605863588701e-02,-4.741314240304810024e-02,-2.585674797550421844e-01,-1.501244968709149544e-02,6.020550269276936373e-02,-1.479052146909131706e-02,-2.509056592862706631e-02,-7.319506116432281106e-02,4.636543613641812278e-02,-3.824570280642373976e-02,3.541072035781989702e-01,2.345930570073984783e-02,3.495275582946323623e-02,-1.453698813842466964e-01,-1.410733063558854139e-01,-1.349589842189498623e-01,-1.266678073704757268e-01,-8.833641279622871101e-02,8.462400507214942053e-03,2.035786172603328698e-02,-1.276227803989634091e-01,1.347035706278282285e-01,1.693559998744983974e-01,8.827010040102367672e-02,1.929855710917355860e-01,1.526950561995190636e-01,-1.295229975526307198e-01,1.613375949919598484e-01,-1.954777448757874236e-01,-2.223489241612203460e-01,-1.612761673909745563e-01,-1.240830128869188920e-01,5.926760662216104536e-03,-2.017759902877941935e-01,-2.140900386438960301e-01,-8.733255850782296881e-02,-2.298627273033334861e-01,5.184804729287961766e-02,1.060349042895520622e-01,-3.177063992985271895e-02,-1.388407225397550460e-01,1.333929633099858458e-01
2.527176951434093738e-02,1.282791984063001711e-01,-9.428367164099971109e-02,1.209981239610889991e-01,1.564947313564631071e-01,1.468880631132235548e-02,3.523251955416843023e-02,4.213935379391765823e-02,-1.612290905573208200e-01,-1.549743705893241773e-03,-1.274001903535271762e-01,-8.704757995315782083e-04,-1.178450206360279334e-01,-1.560429071222685414e-03,-2.080753689623971447e-01,1.263578845511266133e-02,8.136050540257062924e-02,-1.851570732331906111e-01,2.981026017573126796e-01,1.417915625452498829e-01,-4.098212504665934425e-02,8.075476232600239945e-02,-1.104408259838461082e-01,-4.498667781035754765e-02,2.209980039523950224e-01,-9.996970134937294833e-03,1.013881270101931464e-01,5.541204060734376824e-02,1.238694925303879535e-01,-2.668511178460588121e-02,-6.596406250154834838e-02,-9.154840170520181508e-02,2.471574010872716054e-01,-3.820189396771130064e-02,7.758816214411057462e-03,-1.073153147838734334e-01,-4.596111250357107214e-02,1.820580269031745746e-01,1.101397342861204082e-01,-1.087417519419838358e-01,1.677104907511857701e-01,5.018877233510421476e-02,4.068773024575737807e-02,2.893160951978657747e-01,1.012739708499747621e-01,2.906823035878236365e-03,-3.923991661748295334e-02,1.105785515935663599e-01,2.307191736758681944e-03,3.647775512281673654e-02,5.571774701539559255e-02,9.590664515871351326e-02,1.314273921811169588e-01,1.439018444523350038e-01,5.517369739531668808e-03,1.121115808600535030e-01,-5.801988475503978837e-02,-2.453958411877344425e-01,2.295427719571285774e-01,4.683573739803700148e-02
9.958960512283913935e-02,-5.788670497314294533e-02,-2.557308353928099826e-02,3.890024511166706358e-03,-1.514481281659249665e-04,-8.367297958224613474e-02,1.054592696897194981e-01,-3.200675481531954636e-02,5.366636840752336823e-04,1.298076712848300618e-01,-8.345302237890370178e-02,-9.177603531864143849e-02,-1.164004561117105985e-02,6.714712737472599766e-03,4.849468810582611977e-02,-1.077612698772416853e-02,-7.925754641175242199e-02,-1.629697464987376332e-01,-1.275087372287259622e-02,1.307829573090112940e-01,4.700986965667715289e-02,5.127774611061954729e-02,1.307508344179179882e-02,-3.863363578429834799e-02,1.313763415036078332e-02,2.885069403007252745e-02,-8.993168338235334874e-03,1.945433465555677921e-01,9.681271591845386909e-03,-9.998999870654440292e-02,7.868853321011544388e-02,-1.302936061521522415e-01,-1.505574501288622080e-01,4.188158136053032887e-02,-6.927304862328542701e-02,2.653498221639499777e-01,-4.328523951370492201e-02,-2.213089100051032487e-01,-9.524148955448893950e-02,1.272766247273574847e-01,-1.849366614624627370e-01,-5.753986496192296102e-02,3.333407322845700904e-02,1.044202168645506391e-02,2.862708163315783039e-01,-3.216350881704919257e-02,7.779254175726577070e-02,-1.098197849782891478e-01,1.192331754865488397e-01,-3.377207843461828007e-01,-1.758207555395085719e-01,5.014564909397974113e-02,4.495873530417320019e-02,-7.164450952075022971e-02,9.154361293935436850e-02,8.804781544012151018e-02,-3.809167050205619631e-03,4.723692998506426668e-03,1.606167787506915801e-01,1.888857336636150797e-01
2.237077348479296623e-02,-1.644396242064945779e-01,1.082836885601365928e-01,2.178459882093759098e-02,-7.311738156433540692e-02,5.435890290957754584e-02,7.340391846979603396e-02,1.948370264520816672e-02,-9.399677014121098073e-02,7.186686240414633109e-02,2.634467491977717304e-02,1.535578070999559785e-01,2.003881957836526895e-01,1.147836146761587461e-01,1.417805937707190544e-01,1.411343665131128966e-01,2.058820471728393109e-01,5.163371926530963430e-04,6.387925473708468312e-03,1.137705959636535341e-01,5.229377511590935917e-02,2.867388463925606978e-01,-4.252757570625276262e-02,-4.693022177574237425e-02,1.692571769050125741e-01,1.837796179038085065e-01,1.276400296530775212e-02,-3.003828754450940663e-02,-9.257850172771193986e-02,7.019406693696778055e-02,-4.393770844476976856e-02,8.994614529941551140e-02,1.503130421239279590e-01,7.119463491590859172e-02,-7.684859353082598710e-02,-2.451273519296187642e-02,-1.941295280555212499e-01,-5.745782621160715198e-02,6.839614416896651339e-02,-3.105361577815479550e-03,-1.542365860795731278e-02,-1.041323663268483857e-01,-2.238641116761312319e-02,-1.815943591817230363e-01,8.587416213718920832e-02,-5.404026465571021287e-02,-6.867882390594862163e-02,2.795393430287963429e-02,-7.461609508559721715e-02,-2.136577488636376074e-02,8.083722962730491290e-02,2.139693590092994202e-01,1.129724094143688129e-01,-1.121625673616035435e-01,-4.746463737279092709e-02,2.274445599940758955e-01,8.461898880286362890e-02,4.907891897665360437e-02,-1.017035110482415183e-01,5.828116212784739854e-03
-1.881627358854336129e-02,-2.200868302399189378e-03,1.123522931158055932e-01,1.896747888954424021e-03,-1.694686077224645260e-01,1.506309241850838365e-01,-8.910975800309435535e-02,-6.320201517674731151e-02,2.075615366978313947e-01,1.602799872551196117e-02,-2.266184163626125958e-01,1.860061139295363097e-03,-8.963394748623704222e-02,-7.732273224246906211e-03,1.119640441958689656e-02,-1.035408872354522114e-01,-4.877810851661380787e-02,-9.995967482781931146e-02,-8.104159364971630364e-02,1.724775900389818595e-01,-1.209515540053597710e-01,-1.050051569499056425e-01,3.247063278343010478e-02,-2.354251478162038558e-01,-5.070052894296354917e-02,-2.017851700501859524e-01,6.839104744059842748e-03,-2.823870270336055199e-01,2.898139979867402419e-02,-2.179645790635163782e-01,4.925326831952490936e-02,3.038338709513640490e-01,-1.674315900929376766e-02,-3.461642223065107549e-02,1.736335141719234088e-01,1.638085282796841735e-01,8.242803427404986338e-02,-1.130638653817676031e-01,-4.239319646056276952e-02,3.323977214914608340e-03,2.792501539614425932e-01,3.816596267132714437e-02,7.830364043236379135e-02,-1.389285773645820843e-01,2.271533285299764948e-01,-8.384496257984666578e-02,-6.625980482778734415e-02,-2.114592217568546373e-01,7.636310612572154433e-02,-1.094246589755986793e-01,1.491290840039600704e-02,-1.130116585385195077e-01,7.837279443153125080e-02,-2.282984522493057902e-02,-7.154110014396822259e-02,2.892922392625142392e-01,8.226501538841100858e-02,-3.955631494220363670e-02,-2.385920069847004277e-01,-6.707842237479225145e-02
-6.739511400460429513e-02,-8.686070682807935789e-03,2.274877276897530332e-01,-2.997125317745412756e-02,9.753472058002732314e-02,-3.194772703989601226e-03,8.678914352556257872e-02,1.277086995514005729e-01,9.924340176300244787e-02,8.925053847535607821e-02,1.023142484495226101e-01,7.398548075792032996e-02,-4.369916906260873151e-04,-4.515149317715614480e-02,-1.658737839234205036e-01,-1.470548912242435891e-01,-1.248603455267639495e-01,1.578076961489389279e-02,1.642205093677831518e-01,1.914699907121344274e-02,-2.785312082975262560e-01,-1.657467127220357871e-03,-8.582241182405586644e-02,3.671577105011337300e-02,-2.537385137865138043e-02,8.215799854899151489e-02,-1.104983197908130169e-02,5.504553700719035103e-02,-6.333964038357196846e-02,-1.382225372145583220e-01,-1.264036634524847436e-01,-4.562546834551338415e-02,6.620363528481358617e-02,-9.168840988489773691e-02,-1.147255394017351049e-01,9.376744064515116217e-02,-3.582592621272852051e-01,-1.176798679003893816e-01,-5.487145562564221812e-02,2.142450499227014082e-01,-2.488421103721158156e-01,-4.628319413782501501e-02,-1.179467962897833705e-01,-1.955654266842682676e-01,-2.492983408974537851e-01,-2.144513674498619016e-01,4.423260845117167606e-02,-7.981731857389774698e-02,1.808828499754368546e-01,-1.400225777671297578e-01,-2.054447114535667696e-01,1.387326239031053642e-02,-2.403104033473932311e-02,6.703653806237939994e-02,-3.357932676647280568e-01,1.042792490683475543e-01,-1.981697755138108752e-01,-5.191620386927373737e-02,-3.204353957698977823e-02,-5.422837015656709753e-02
2.615035228749712504e-02,5.929085909640537111e-02,5.818927670971475730e-02,8.554495587620289387e-02,7.857984442670340464e-02,-1.832850234255514743e-04,7.647128028584218584e-02,-1.063553392174882706e-01,-8.994998390922815529e-03,2.136788003429303251e-01,-1.556007531092410689e-01,-5.307162743327460686e-02,-1.507398162988330959e-01,1.203866170070683195e-01,1.121489836722598665e-01,9.920581656367215284e-02,3.813968723195296923e-02,7.682285567356181288e-02,7.869907566804147658e-02,1.133609697951340617e-01,-6.670483113550304544e-02,2.162612351236392269e-02,-1.085034027891087077e-01,-6.189654751387942827e-02,-2.866317126781074351e-02,-7.820355959563452322e-03,1.044354810469987349e-01,-2.037772981354428192e-01,4.076153198214619439e-02,-5.343479016524088632e-02,3.961667528227540147e-02,-1.396480062470844830e-01,-1.058490459780733889e-01,-4.851393731088955719e-02,-1.796077005835862092e-02,4.216533724785443971e-01,-1.424325011653944650e-01,-6.862481618103490055e-02,1.437275857073878060e-01,-9.578786181747009354e-02,-2.154485061392608092e-02,1.502935132634281024e-02,-1.509122484652386477e-03,3.754117984506251393e-02,1.741711323644944479e-02,1.475559730793349345e-01,-6.574211391437184693e-02,1.652704005831755196e-01,5.244585363706349979e-02,1.445945567743827653e-01,-6.072346518690671310e-03,2.244501924469569087e-01,9.877168236788864963e-02,1.914600684140187470e-01,-7.429382649543345152e-02,1.650519345374156788e-01,-1.193709680841732040e-01,3.352736467803476422e-02,1.083053340228223860e-01,6.285875830933626562e-02
7.242801256638756180e-02,-2.029580380677711848e-01,-7.095100225650703696e-02,-6.707792050314256849e-03,-1.995291974013435055e-01,6.062494396336316760e-02,-6.071015633203697076e-04,-1.958248823437800934e-01,-1.390886828721279167e-01,7.747414186723142193e-02,-1.236223121374667028e-01,1.128043333527060932e-01,-8.683260358241826071e-02,-1.266767547446508435e-01,1.013191940395371110e-01,-5.589589257497797753e-02,-7.385351556748719071e-02,-2.073083250856725956e-01,-4.919427349112765607e-02,-1.008181467898650735e-01,-2.602962180334029638e-02,2.028340209284645590e-01,6.654127937619208621e-02,-1.806401933181548541e-02,-5.791668191344406802e-02,4.811458442409593389e-02,3.964647507474537702e-02,-1.357636062039963287e-01,1.402771722060990045e-01,2.556815353163229276e-01,4.556244776221141275e-03,-7.235872586475636248e-02,2.339612647961305247e-01,-1.938739782823847846e-02,4.628156272603796764e-03,1.503936934802979075e-01,7.045646565239185866e-02,1.353706391397168640e-01,-3.156193944063305501e-02,9.039251349510085687e-02,3.302785114983737558e-02,1.010450497123054070e-01,-1.828909786173800733e-01,6.018672669095288807e-02,-8.270146633167677064e-02,-1.038617110022058664e-02,1.949308792423993519e-01,1.009783290901410981e-02,3.106856517140121343e-01,-1.497301923427276082e-01,-2.454058286943510692e-01,-3.406671815071000975e-02,1.763265565541033697e-01,-2.258257124800998050e-01,-2.755116771541668563e-01,1.509413571426264922e-01,2.470570299212055398e-01,-7.348381364411451719e-03,4.265031426199690501e-02,-2.652205590228220305e-02
6.030207547422967995e-02,9.711846079472725990e-02,1.438654114971247844e-01,-4.124536404565765264e-03,1.724392709352806086e-01,-1.460457422381268855e-01,7.235674379035000534e-03,-1.017086149592869859e-01,-8.275758205761818420e-02,4.681338426864806168e-02,1.083375531930561159e-01,-7.216004056315317161e-02,2.182904362766314166e-01,-8.341454238009304856e-02,-7.212752048293986917e-02,-8.330633498760102451e-02,-2.003024755724057762e-02,2.247591857327835285e-01,1.380760693464559187e-02,-2.179136961989507348e-01,3.102325723979039093e-02,-1.006575824660119051e-01,6.280746607705949003e-02,-8.450304304637439035e-02,-1.299091567822863447e-01,-1.364303781651145520e-01,3.111815866382082185e-01,-9.372611995368221316e-02,2.653136050777069044e-02,-9.432878236958808227e-02,-1.098488404935667739e-01,1.837156323436556771e-01,-9.155831456073914437e-03,4.111151218227010462e-02,-2.204770045155443614e-01,-4.074654724446964693e-02,-2.048931676900585946e-02,-1.510710880135238410e-01,-2.472672131533059647e-01,-1.002865968610644302e-02,1.757015203274387705e-01,-8.980217079276867076e-02,-6.975529730019504326e-02,1.260701924454780964e-01,6.946641339651424274e-02,-3.313527079734029379e-01,1.181995556175638729e-01,1.238447713896453639e-01,-3.892318940863302018e-02,-1.060191375173217543e-01,-9.144365884697745750e-02,6.087141613947229940e-02,-4.680016783812524506e-01,-8.711066373037593125e-02,4.810561116428462014e-02,1.124250640504631110e-01,-1.181521545806527886e-02,2.629702421544627966e-01,1.141528881720356575e-01,-1.796381558368545517e-02
1.299674439858931607e-01,6.364544759620494041e-02,-1.104779920959548384e-01,8.876776888539888999e-02,6.084195101864595806e-02,-3.853632521699647262e-02,3.771042086665349347e-02,2.565035362622288331e-02,-2.441969709851217751e-01,-1.472764051250764761e-01,-5.681244366306327509e-02,-8.400220765416194224e-02,1.330413067960725948e-01,-4.755874533237878371e-02,-1.595040171801113404e-01,-6.770666641124310769e-02,-2.314551911662354690e-04,-9.035279579116950455e-02,2.130374095343684493e-02,4.353206821499582685e-02,2.431272214113096852e-01,1.412351656398855848e-01,6.937969323284311207e-02,1.082285028944070387e-01,1.220163157237284662e-01,-1.256976704713843040e-01,-7.909485806762682480e-02,2.903995200003516713e-02,2.703140272276736630e-02,1.504287261758196215e-01,1.405956380919611837e-01,8.373816377268281097e-02,2.981573080221671113e-01,6.279994615340023234e-02,2.018096146551055514e-01,-2.615031720153236927e-01,2.503036002205858424e-01,1.962460213819231247e-01,-3.097329597540934842e-01,-5.995929186530333382e-02,-8.140869750829493601e-02,7.014560513703391176e-02,1.576580445269833430e-01,6.795624463106969548e-03,-1.083332074382207938e-01,1.175808808900425523e-01,-3.353563823165188751e-01,-6.526032823497912583e-02,1.143739364848090634e-01,1.891854748163841471e-01,-9.972072880140359086e-02,-1.220283618946756687e-01,1.497843168217526943e-01,2.360104743187110277e-01,-9.891184707919949137e-02,-1.648574023268744304e-01,2.568879174352146633e-01,-7.132986862929029115e-02,-9.759789636300994498e-02,-7.457889650194045317e-02
-2.524087699638759563e-01,-1.523858470446512806e-02,-8.204995035730330843e-02,-5.691246244289397543e-02,4.943307162044952192e-03,-1.229172482535376282e-01,9.499025700961705176e-02,2.071023950933230662e-01,-4.985848327243094791e-02,2.880015874820206906e-02,-5.825922984351779299e-02,-8.464151564685414020e-02,4.161329102394911716e-02,-1.238871642695608954e-01,-8.876363640062500792e-04,-1.710322809036622371e-01,1.850718694830089106e-02,-9.854711744729006961e-02,5.748631987548186162e-02,-9.915786851013173864e-02,-2.664708151168521111e-01,-1.496467676280488213e-01,-1.338741129376838368e-01,2.477562878675878405e-02,6.116123835880907939e-02,-1.876119517249532076e-01,1.586890463058089895e-01,2.289546998868268735e-01,-7.698287130416141266e-02,-1.710974232329914579e-01,1.828747662356274700e-02,-3.046461931099198051e-01,2.142181707744113817e-01,-7.316986117662915845e-02,5.903494436532350648e-02,1.995504055105445373e-01,-2.613911128912640436e-01,1.732244135942759555e-01,-2.972053499630575996e-02,-4.335748056933719230e-02,2.560998583231215986e-01,3.490174115190555204e-01,1.991925618241102980e-01,-2.417195508017096553e-02,1.504707715296461634e-01,8.917661334201587575e-02,-1.098374630693358805e-01,1.763677458503830897e-01,-3.806264113692713058e-02,-2.794822147319414585e-01,1.542307935083989390e-01,1.158470915129858475e-01,4.170562264119157675e-02,-1.711762780381825277e-01,3.700718662987298284e-03,2.625626065376798768e-01,6.084101720874033475e-02,-3.427782235843977038e-02,2.968931957967450019e-01,-5.201845589495124322e-02
4.895402235408739811e-02,-1.698780620816026099e-01,-9.285641707803095335e-02,-5.587929859459565135e-02,-6.136122707215598687e-02,-1.146931500644691460e-01,3.514193121833443512e-02,-2.172961895072347827e-02,-1.595603244010567745e-01,-1.051110347187490246e-01,7.426214264947984811e-02,-6.533489326977796885e-02,-6.171046545553280499e-02,-2.017746131060529358e-01,3.235812211701517560e-01,1.992880903709756402e-01,-1.350987909491693784e-01,9.926283650781994594e-02,1.270775525527887417e-01,1.776592046137401570e-01,8.321603981453809529e-02,-1.257421371494601148e-01,-2.327492968758872877e-02,-3.712618534726186414e-02,1.321887941763255081e-01,1.521533467449465993e-01,1.104732472732673082e-01,-9.438407383776767356e-02,1.370006431897959932e-02,9.874960942766976280e-02,-2.407893928201347289e-01,-5.737698396052891281e-02,-1.975909429094249992e-01,-2.795005885972187687e-01,-1.038698675147113892e-01,6.850557891187840365e-02,5.593303065949698644e-02,-7.613188551773307500e-02,-6.595938785241144131e-02,1.886946125061948060e-02,1.663850268721718817e-01,-1.742528968954668023e-02,-1.406645229889226800e-01,7.735492882677688642e-02,-2.542610146733286780e-01,-4.467196193458585624e-02,8.247906100787734396e-02,-2.432401466258487729e-02,1.131826465568765983e-01,1.511276476681656933e-01,9.703732216779818731e-02,-6.915682868234235281e-02,2.282950736278266499e-04,3.484091128037704599e-01,1.893766690524906204e-02,-8.381757555115938729e-02,1.149410234886120846e-01,1.436076666504245425e-01,2.143395827891420302e-01,-1.204270965907514868e-01
2.494281599370783142e-01,-1.089239426101170326e-02,-3.281626919197690867e-02,1.953390612978704310e-01,5.758304578024028494e-03,-3.833409799768758286e-02,1.140873937192938836e-01,2.136962366591364099e-02,1.318967420906276000e-01,4.709480388975476745e-02,1.420466205976326224e-01,5.141287471958626287e-02,-1.078792914339092163e-01,-9.858124605517763761e-02,-8.280322001953727140e-02,3.561829780625160730e-02,2.359717689440235522e-02,1.078884719901088973e-01,8.719947454273570264e-02,1.265645714783253939e-01,4.998409660348743927e-02,-6.984335292976653897e-02,-9.339762444475722958e-02,2.708780659299011573e-01,8.900947377471918331e-02,1.443460152044224454e-01,-1.352050624636090270e-01,2.460254121325348431e-01,-8.553724528873891952e-02,-2.013305999804368140e-01,2.350356042527265710e-01,-2.768988716615693457e-01,7.200613631220234567e-02,9.447494078523882566e-02,-4.164203786939530035e-03,-3.751189104232778571e-02,2.493844389605536505e-01,-1.787732673905402248e-01,-2.221363338773109375e-01,1.132634044580572118e-02,-2.306076909762221072e-01,8.027338916132217839e-02,1.869089725639351204e-02,2.902966050539634857e-03,2.804569996532398427e-02,-6.493763393790949467e-02,3.200203435262551077e-02,-4.116483627711398086e-02,-7.071685246163515737e-02,-4.746443589735886981e-01,5.879386248104279122e-02,-3.189171655391774274e-01,-1.596928143136149003e-01,-2.786506277160544220e-02,-2.775236535472486721e-01,-1.256878418562695499e-01,-2.087995419542164055e-01,-1.956167283783774857e-01,-9.172030239972725485e-02,-5.270594155376247952e-02
-1.718561300636351971e-02,2.203787842686909249e-01,-3.003745548198646920e-02,-5.332141647257253314e-02,-1.847243434195397493e-01,-1.931864973156872251e-02,4.117518004989795949e-02,-9.788798958872524381e-02,1.402395100529270910e-01,1.765882746922445012e-01,2.220456093032538158e-01,3.035250967200393488e-02,2.070375315180480180e-01,6.004618592867372318e-02,1.027476746923878387e-01,5.430622430171285625e-02,5.128603829335766362e-02,-5.786144109764788240e-02,2.709503253428291632e-03,-1.417089997510499189e-01,-3.642808573695505842e-02,1.556542370232465167e-01,-7.711664603524967868e-03,-2.082816396990828933e-01,9.343024860681907462e-02,-1.772190627367066229e-01,2.650689201502506864e-02,-2.474521399594518251e-02,-1.815183053185255233e-02,-2.342160260901805235e-01,-5.877882981356659098e-01,1.121162023221304177e-01,5.093117477461979459e-02,-9.311889792554919887e-02,4.316865400232690331e-02,1.678800057730925332e-01,1.863762517620791148e-01,-8.989957179385664465e-02,1.451994231097823163e-01,3.323162429189614742e-02,9.031719521706367548e-02,-2.457867413983518823e-01,1.411281295504197009e-01,4.828159310366084145e-02,-3.121544707006152497e-01,9.583355316272526569e-02,3.890805641473987775e-01,-6.678450325328434689e-02,1.700482340444278151e-01,-3.867369653381950295e-02,2.372639093859051640e-01,-2.957096433603976365e-02,-2.595388253497101783e-01,1.307967700762843188e-01,-3.371203387470685098e-02,-1.462685984505538717e-01,-1.858245207818961797e-01,-2.202957129378829426e-01,1.124865837295751791e-01,9.467990522039734791e-02
