6.786928211239466879e-01,7.080638559304908153e-01,6.389956697952530185e-01,7.224915681622497976e-01,6.328435181367718654e-01,6.200697130799357470e-01,7.348754217791892973e-01,7.074166052299714069e-01,5.955732485273544929e-01,6.219594404999557735e-01,6.240377364086249212e-01,7.014054616242870743e-01,5.624022816909918232e-01,5.512858989180602354e-01,7.084784593825151910e-01,5.235239058890244213e-01,6.899291068394470816e-01,6.080267921018536192e-01,6.858766323819446287e-01,6.563205345246434508e-01,6.662848726875348904e-01,7.252263339109685791e-01,6.929267753311446620e-01,6.568017603894168444e-01,6.195277071368897603e-01,6.171254677330015870e-01,5.314734979301711792e-01,5.053829514807460788e-01,6.948102103101494453e-01,6.240260559900531190e-01,7.147705071484982131e-01,6.689612933089286173e-01,6.370845232316854068e-01,6.495835572816935910e-01,6.716850274854172520e-01,7.041330760487019003e-01,4.799990888800744204e-01,5.768337697215718540e-01,7.584277601490354570e-01,5.866870438058353621e-01
7.013331293476569028e-01,7.592579695198143908e-01,8.215642808027503463e-01,7.288605630752887921e-01,6.434192580871325173e-01,7.235452589977185989e-01,5.656218614545347467e-01,6.183316406228760442e-01,7.521886951857043035e-01,6.674719438690567275e-01,6.782984811641162848e-01,7.566121549113729028e-01,6.398767337814098566e-01,6.435073588817433743e-01,5.772210031416795672e-01,6.126019296490582411e-01,6.640623865730755915e-01,6.565092777877563623e-01,6.483480083510795300e-01,7.695054044509312963e-01,6.480844484552900076e-01,6.917425414803241024e-01,5.803213928510080333e-01,6.478719474125083089e-01,7.075785420103353207e-01,6.880810733402125123e-01,5.835296893033413701e-01,6.637793697468550302e-01,6.337989289263397108e-01,5.873111798308372489e-01,6.624577266015314603e-01,5.977230790027424634e-01,5.741279527407436856e-01,7.349294819677429924e-01,6.328220638895879491e-01,5.322142394166529122e-01,6.389013018169632518e-01,5.907703463927702625e-01,6.632460708620738776e-01,5.570065478274891513e-01
7.008988263561378718e-01,7.304072175565119451e-01,6.581839378004726848e-01,7.920910718551965601e-01,7.338971175062007912e-01,7.793784126966214476e-01,7.064558915381036197e-01,7.670089402335644735e-01,7.528414384552218896e-01,6.683326692140318936e-01,6.441930124634528410e-01,6.309907291307802479e-01,6.481938750595220844e-01,6.572640545947830981e-01,6.082080592310503686e-01,6.275702893981691677e-01,6.216546119019177308e-01,6.869050774750172783e-01,6.769850718781185162e-01,6.769294637666564141e-01,6.096880544386916734e-01,5.690789396707273129e-01,6.336413284907507215e-01,7.234407611278728112e-01,5.757004888281570532e-01,6.535862714793300166e-01,6.783079080591420951e-01,6.409641939721459902e-01,6.495700797094758894e-01,6.237332240977505604e-01,5.465823665545952448e-01,6.462291376395035147e-01,6.479247162929888670e-01,6.246333148906163535e-01,6.077788906024818028e-01,6.600742472926637294e-01,6.519320193915386641e-01,5.709817546293176616e-01,6.518671743352062453e-01,7.034514828191469338e-01
6.753092446351043332e-01,6.225221389665471783e-01,6.781650864651552757e-01,6.287340248443682444e-01,7.137499709964888472e-01,8.205763872672818815e-01,8.796683559275875197e-01,7.472903639697564548e-01,6.640227524632604794e-01,5.287570677385609041e-01,7.171821163161012924e-01,7.575876126463438887e-01,6.025596808358265610e-01,6.112904650389300309e-01,6.354691141308491664e-01,6.150589302668885150e-01,6.853126067254982079e-01,7.092501183641422013e-01,6.751297813565317885e-01,7.772532763037249826e-01,5.928501215124841739e-01,6.443204680616382296e-01,5.516069916002607210e-01,6.321206378235125767e-01,6.284485386838799537e-01,7.197699964223491786e-01,7.620573765655854759e-01,5.913702064979705630e-01,6.047318392492125882e-01,6.258619571749648447e-01,6.793436794747514940e-01,6.016923581481637973e-01,7.756266229059904926e-01,6.627633890976657449e-01,6.276856207162209156e-01,6.753375424785625913e-01,6.155133669899282012e-01,6.638777091711616229e-01,5.831839543435216600e-01,5.823089449719708321e-01
6.436761469501716126e-01,6.944466680914780365e-01,6.232071746425733583e-01,7.520859772008763322e-01,6.749603431109454377e-01,7.157682018274974522e-01,7.663990571797842932e-01,7.397355827634685133e-01,7.369286684509777086e-01,6.988845801756085052e-01,8.115358353179299433e-01,7.525171563392358820e-01,7.080846453672955398e-01,5.951085673635270190e-01,7.195719030434848396e-01,6.159046544738482343e-01,6.741061246417171526e-01,6.306702846691638609e-01,7.201587441818231294e-01,7.684525927176439897e-01,7.436742487765402032e-01,6.697085745912627619e-01,6.049656632954681923e-01,5.101570738915713887e-01,6.541988938456750891e-01,7.531749711709851969e-01,7.014365954989634222e-01,6.961848693680823263e-01,6.275132922197241836e-01,5.581922387420731324e-01,6.451074005894888996e-01,6.213646003249720939e-01,6.933224410794800452e-01,5.481578636423337647e-01,6.523569904860362367e-01,5.272027447510361231e-01,6.185614908648964239e-01,6.836984468840723306e-01,5.335288068027927988e-01,6.459356681936581079e-01
5.924003301148488276e-01,5.963452028154845319e-01,6.871614253719863230e-01,5.830045876023802753e-01,6.835000006198003186e-01,6.731733804327211246e-01,7.498758528616710217e-01,6.705019173115869258e-01,7.850501233113812427e-01,8.317901623757293361e-01,7.177788861054621439e-01,6.891369572767278573e-01,6.839178260557089439e-01,4.955249443281873889e-01,6.089908467060557440e-01,7.185794914659747734e-01,7.571376311209311316e-01,6.495352858825284015e-01,5.679197713083002919e-01,7.264330207586821020e-01,5.625739368613383862e-01,6.362119030835627909e-01,6.763672963708002861e-01,5.629098245483896701e-01,5.466168072348549511e-01,7.358520637740270098e-01,6.802766593840482434e-01,7.084976935064829506e-01,5.599136003447859888e-01,7.244357724063974491e-01,6.627689416596305172e-01,6.533563691584575173e-01,7.433141678106041095e-01,6.430253064639124272e-01,5.358343579459355910e-01,6.183383847397609934e-01,4.906576737635638952e-01,6.195481398786354399e-01,5.701729587135301314e-01,7.207640449270775740e-01
6.126128231996499363e-01,6.484349465369829701e-01,6.911809634087211496e-01,5.856064557743734245e-01,6.219940393115002131e-01,6.215883479023004421e-01,8.115834542130579976e-01,6.854044618300250136e-01,7.629066167826802358e-01,6.846549150826793939e-01,6.893925308088644233e-01,7.640252638672031527e-01,7.968482775454669431e-01,7.858718291664673616e-01,6.301677177225236681e-01,6.995878394104185771e-01,6.253299267298674247e-01,5.986470056158845754e-01,6.876032348899624447e-01,6.604497886556152109e-01,7.944745520991833843e-01,6.058994050606150150e-01,7.789748897784239956e-01,6.157334519555918151e-01,7.266973691741647201e-01,5.723403891926088782e-01,5.704444560083847815e-01,6.069061822671415474e-01,5.954237792784401462e-01,6.509853136869860890e-01,5.113802761552610487e-01,6.435441014840825869e-01,7.041032048317641401e-01,7.062590490357237849e-01,7.340197492874904750e-01,5.386610149228315825e-01,6.351163293301718138e-01,6.266677057057845612e-01,6.810399592074022346e-01,5.549972192852385966e-01
6.713508207407812289e-01,7.511879029135459795e-01,6.367119750290914926e-01,6.567570865362245547e-01,5.935670877322497541e-01,8.638988448885530635e-01,7.316960256626999781e-01,6.972444104710813217e-01,6.511926718612663922e-01,7.242195412883378758e-01,7.511121840764167779e-01,7.804153776788954611e-01,5.928552138469174171e-01,8.233860811705893124e-01,7.413498749808992150e-01,7.172965773334759598e-01,6.784731275900635072e-01,5.348417514267468365e-01,7.223669754358084116e-01,8.082274823133909214e-01,7.548673032194694876e-01,5.889918783566661098e-01,5.182310096515549969e-01,5.511123744994618212e-01,7.019092815099912119e-01,6.720032346089349629e-01,5.416993637309239773e-01,5.776147411976816359e-01,6.758200330612231799e-01,7.016752830663924856e-01,6.777152221873372628e-01,7.107458827274664159e-01,6.865289565473564615e-01,6.025490087793028415e-01,5.368194454351320477e-01,7.026368068427799596e-01,6.354749159572077311e-01,5.534021856395557881e-01,5.909933650859173770e-01,6.026439574262119070e-01
5.656590942314095871e-01,6.439992671997620821e-01,6.225171275360701362e-01,6.912133808100694443e-01,6.023818872674590041e-01,6.413922694626907894e-01,6.094266780693005092e-01,6.390926647210206646e-01,6.739498326205274337e-01,7.909998561076271306e-01,7.638452568609073179e-01,6.974475783921625371e-01,8.050541006748732631e-01,6.737461127000823335e-01,7.670016199850409055e-01,7.608673747876238957e-01,6.165788181528460976e-01,6.506121615232958177e-01,7.395317299558873403e-01,7.477404611556993652e-01,6.310451735185520494e-01,6.978243674902927518e-01,7.953548300999384590e-01,5.608261954758593237e-01,7.728957373122130603e-01,6.642413960249026195e-01,6.947067245974202221e-01,7.257074426560222724e-01,7.358619151939160830e-01,6.947080818861952611e-01,5.715173930513226530e-01,7.573044385827869540e-01,6.580483630780102899e-01,6.897661510862759249e-01,6.913395867625929947e-01,6.294959004610314324e-01,6.543138521868392399e-01,7.083869496460939441e-01,5.176321061137767465e-01,5.603861242293121103e-01
6.268602630040942536e-01,6.221242079541758896e-01,5.215192255315943548e-01,5.745426033159437562e-01,6.455362044214830730e-01,6.056503270560271712e-01,6.379125972324788396e-01,7.286417507174232089e-01,7.926567821976830963e-01,7.178052529150307226e-01,5.799831794876600943e-01,7.348998226253119492e-01,7.433835966887214486e-01,7.230683937122936999e-01,6.737842285739507053e-01,7.727012505090682382e-01,7.617573518120598353e-01,6.825167396253437602e-01,6.466381110374503915e-01,6.959814909476839118e-01,6.781127432672170441e-01,6.975533820304938848e-01,7.113443693222575304e-01,5.908373757063076770e-01,5.765695103819801215e-01,7.910445294883767797e-01,7.781295142123145769e-01,6.878077250456818836e-01,6.385914752187592525e-01,5.736261239878062135e-01,7.552344077713794013e-01,5.545271521267411963e-01,7.755760176414946416e-01,6.924054904428179613e-01,6.957383953798340626e-01,7.739556693920557340e-01,6.660636198910397932e-01,6.245446558919407476e-01,6.628481795181364600e-01,6.771509707882888973e-01
6.445289763551473872e-01,7.642094068126339401e-01,5.830026020492796723e-01,4.826674325559781598e-01,5.516204059251459402e-01,6.926068952466877260e-01,5.273291648677126409e-01,5.987145821054435935e-01,7.168447295028259614e-01,6.754756306911533503e-01,7.351637108368330731e-01,7.122986450354842347e-01,7.245512794209247875e-01,7.038910130129538700e-01,7.138808937640559460e-01,6.757980205316623801e-01,6.285293602525394707e-01,7.963125870103973103e-01,8.022018998955058322e-01,7.597978571406578396e-01,7.756907952195662981e-01,7.245857647485078878e-01,7.271141643557811340e-01,6.130218592421362578e-01,5.654372044239848183e-01,6.717082820321109704e-01,6.677374837397903606e-01,6.952132429910993228e-01,5.630965966323938643e-01,7.087307635161821384e-01,5.459937190746508850e-01,6.043545175792336410e-01,6.962754380297162538e-01,5.654673982955563671e-01,7.093201199449788996e-01,6.001584519707787724e-01,6.446589597225529378e-01,6.349608421353252208e-01,7.163614902730166545e-01,6.925439426361753581e-01
6.963298952958923982e-01,5.468791363417773166e-01,6.119621106115544773e-01,6.310099880721443677e-01,6.735901421309450354e-01,7.137804550464834641e-01,6.821018481952283441e-01,7.337322918966555640e-01,7.338710088110793617e-01,7.095805506747199232e-01,7.038784486962426090e-01,6.788136777315600945e-01,7.113525591517796398e-01,6.320604610051419048e-01,7.232915832191597616e-01,7.981577390115442983e-01,8.082006008787825380e-01,7.969563860725867865e-01,6.755945660444823142e-01,7.000538856077831440e-01,7.952640646819648662e-01,7.444849269841010697e-01,7.574771825935820990e-01,6.858579873340480138e-01,6.626735407037116499e-01,7.375125041305171658e-01,7.165905238014572687e-01,7.066455434954712622e-01,6.097229796688300452e-01,7.760649372812569169e-01,6.733541619410691181e-01,7.038789766407655968e-01,7.716444841769938279e-01,7.513569783443149186e-01,6.549924787089673739e-01,6.387371535679580159e-01,6.537158350051723854e-01,4.789157010445682650e-01,5.653373422844837348e-01,6.256820290732056922e-01
5.853921895121930730e-01,7.245971066455068055e-01,7.075026805597475210e-01,6.600419410146999288e-01,6.415716798993622572e-01,5.736483405998161755e-01,7.201814479150139281e-01,4.750191719450701511e-01,6.480686866868576868e-01,7.317472305794867626e-01,7.173718881268523750e-01,8.489097658831982196e-01,6.822672970330934117e-01,7.514890025049091316e-01,7.873161347723416359e-01,7.650689448446341689e-01,7.857954006822599480e-01,7.399373069230313904e-01,7.243215033273582293e-01,6.537906141954279438e-01,6.576531946423563868e-01,7.126062374680308675e-01,6.816478227694485748e-01,8.036964498011279767e-01,8.033306966066510180e-01,6.601382463282272628e-01,6.305952776960963568e-01,7.239676326914662452e-01,7.209635836393288866e-01,6.243019112034933205e-01,6.051656761930173101e-01,6.802172352497898311e-01,6.731585098916177401e-01,7.687339227850140677e-01,6.595264615085660864e-01,5.933707212664176556e-01,6.114337077212685934e-01,6.927162665558851407e-01,6.136448555548034145e-01,5.020247922896506898e-01
4.802956434187755086e-01,6.537157887615100416e-01,6.615716591079998654e-01,6.790580217937328689e-01,7.255896907793538686e-01,8.045370390627653023e-01,6.126079354170095304e-01,6.982043846362930850e-01,5.700428059665219038e-01,7.993489663534725231e-01,6.907965450035824517e-01,6.410680710942422422e-01,7.422521497426274317e-01,7.264896787172976378e-01,8.014479653078361299e-01,7.100037050849345999e-01,7.439688655914021842e-01,7.325526646248683438e-01,7.884880826405474830e-01,7.622885435514816788e-01,7.806436283869655490e-01,7.344030224612552171e-01,7.898651648761951805e-01,7.803443720508282944e-01,7.848087520747129009e-01,6.685035943439781025e-01,7.632149016650664475e-01,7.691578183274470071e-01,7.354283382283506310e-01,6.930628490856782786e-01,6.912506252022591058e-01,6.227289310682563306e-01,7.781094102195662554e-01,6.112072661921406080e-01,6.239718149399376967e-01,7.269906634890164199e-01,6.651637102666685397e-01,7.236753183587399940e-01,6.420680707252579555e-01,7.240315620207039560e-01
5.900195707253436117e-01,6.203100345694049222e-01,6.597167551660918505e-01,6.138929627153490998e-01,7.166663198783628230e-01,7.064801568166501067e-01,7.669743389030102554e-01,6.862143624915570950e-01,5.825019285036251437e-01,5.658515447435343848e-01,7.277697328786649766e-01,7.363671791001813460e-01,6.168539833297870256e-01,6.814186585946402364e-01,7.991135427491837806e-01,7.130432743673342788e-01,7.384066935840287726e-01,7.474349650122567024e-01,6.999238806522092293e-01,7.972604746003326692e-01,7.197374377242909960e-01,6.261925020401293285e-01,7.821487721424736916e-01,7.398070325372192446e-01,7.237876089299912774e-01,7.039443639144227216e-01,7.400431097534158065e-01,7.465768193466463254e-01,6.757911789184358753e-01,7.799474634166201348e-01,6.727569561832230649e-01,6.972297423072424394e-01,7.370887902067833064e-01,7.230055287944356923e-01,7.764290911343600943e-01,6.885716077271144542e-01,6.597481286454084382e-01,6.924203373708761600e-01,6.181278576908181277e-01,6.337762099485034772e-01
5.568358419027428230e-01,6.850686166741478678e-01,5.746013477553858495e-01,6.373383066512076089e-01,5.072797666629802471e-01,6.613925688272477288e-01,6.434190606230657528e-01,7.160826532033588432e-01,5.123657241940090534e-01,5.867166997756908531e-01,6.338132013512540741e-01,8.018320069752817858e-01,7.118929638000648374e-01,6.813508037011091201e-01,7.699556745425246707e-01,6.728487050844103035e-01,6.997542036234504215e-01,8.015609929114482224e-01,7.160328675075373628e-01,7.786768461404314223e-01,8.347784861015329350e-01,8.112298720077451009e-01,7.560293459598554922e-01,8.417938116834907669e-01,7.895304471329723794e-01,7.424190138253684568e-01,7.332261633181029747e-01,7.544067506963579861e-01,7.381850495033827064e-01,6.835891023467173255e-01,6.308164780875524791e-01,7.596592607886566428e-01,7.397627287395706075e-01,7.496922386778159808e-01,7.092278493709370801e-01,6.670560344543037257e-01,6.390453606055570557e-01,6.203178511728401068e-01,7.615221019432297789e-01,7.462223177223259452e-01
7.002159904708160632e-01,6.545179263787225254e-01,6.562140152611700694e-01,6.755980163148536111e-01,5.482865826197893533e-01,6.467308285509508758e-01,5.989446266501892158e-01,7.101699542991639635e-01,5.198659961166188781e-01,5.875468250929360980e-01,7.662338282469456363e-01,5.411623131589662350e-01,6.012567023831316693e-01,6.145563088229394344e-01,7.619074777030201417e-01,7.523107867371915392e-01,7.196651123951213203e-01,6.906888338823318207e-01,7.443800602442889325e-01,8.294564906756294320e-01,7.237325881351355239e-01,7.581701078283293871e-01,7.263796432862916763e-01,7.436976541156739007e-01,6.831159607983713355e-01,7.821685508563681610e-01,7.503692159290148433e-01,8.269155589637280368e-01,7.344398161317431395e-01,6.816099172612678503e-01,7.144895337460248630e-01,6.594028056486881395e-01,6.850092183916076660e-01,6.966761994430201721e-01,6.083237643467513944e-01,7.408993554964198314e-01,7.036472681768088933e-01,7.807701050701219003e-01,7.535138257849027799e-01,6.472561846976478961e-01
5.692025701672723814e-01,6.312043826549106340e-01,5.825918527788169765e-01,6.199136531221464130e-01,5.718620163846793725e-01,7.104974730077516787e-01,7.226058082932046434e-01,5.951396057149940244e-01,6.407278915481524617e-01,6.468638945282859654e-01,5.395810087251973197e-01,7.384877225215488172e-01,6.045008419064467065e-01,7.038068523239008334e-01,6.233994394239820158e-01,6.633783534972619300e-01,6.662569068498106484e-01,7.734613899714506413e-01,8.496953872369233940e-01,7.986747609385633773e-01,7.141468064473635025e-01,7.045099389072496665e-01,7.626751286851372047e-01,7.186834086149476164e-01,7.831180514398630166e-01,8.146355505358686688e-01,7.708703385069188840e-01,8.018840729491015784e-01,7.086872947258719968e-01,7.431711220577167376e-01,5.920832823630488573e-01,7.056764843969700607e-01,7.361334561269282650e-01,7.254897555959327615e-01,8.701832806254303776e-01,8.169977299764121792e-01,6.612456547278637853e-01,8.047661874785768665e-01,6.586168809571348870e-01,5.700635558819515669e-01
5.714596787640146003e-01,6.160554460169613833e-01,7.064593334187954099e-01,6.051024714897320633e-01,6.217377651113369375e-01,6.870862825677565011e-01,6.986421360636131395e-01,7.407145465521338679e-01,6.165509138147469148e-01,6.228242901206899607e-01,6.434329900507458344e-01,5.924276357413089666e-01,7.384117105111663859e-01,6.556039004095307599e-01,7.223524056797497872e-01,5.641679499720138047e-01,7.990540740143942111e-01,7.211490957402613144e-01,7.881801081331203385e-01,7.555544549512338559e-01,6.900433768630410691e-01,7.761556002192377957e-01,7.153588869683646934e-01,7.565624670269058827e-01,8.023400780311849001e-01,7.653798943743971295e-01,6.856037908326093611e-01,7.371833360398023505e-01,8.065788307997552309e-01,6.280875316151978138e-01,8.068625735887096084e-01,7.159144376464842141e-01,7.436033201474862020e-01,7.547004488073014716e-01,7.782595016240373420e-01,5.974551981373201759e-01,5.973524213266535599e-01,6.292141264836527137e-01,5.891488890533693734e-01,7.043417980035264758e-01
6.088071804885765159e-01,6.429375996397957982e-01,6.015821229519766611e-01,6.003131824716008147e-01,5.676080810190036186e-01,7.098734855438240121e-01,6.809483656194639245e-01,7.293157557234724031e-01,6.767388996171743720e-01,7.324550975466201930e-01,6.667024658673169624e-01,6.499589936569039050e-01,6.609494927957912935e-01,7.032292305737943838e-01,5.477409086169243713e-01,6.978628489015470393e-01,6.734814349375417564e-01,6.838339587108037687e-01,6.646373407171470848e-01,8.012451139528137256e-01,6.627330034618060806e-01,7.804921622112381829e-01,7.102636115071431222e-01,6.381822572518200953e-01,8.237265303941671002e-01,6.908363011390992181e-01,8.093329429533829833e-01,7.715595548651219548e-01,7.801992969959979929e-01,7.475405979081439778e-01,6.566603530962710211e-01,7.576562502512553809e-01,7.787902546740751442e-01,7.168348758112867980e-01,7.459195354862776517e-01,7.638060441476403062e-01,7.111173703248913069e-01,7.243093700431021409e-01,7.599770857644201350e-01,8.354500111396598871e-01
6.469990507931913104e-01,6.978679836806619408e-01,4.981904368668563232e-01,6.880748774428753212e-01,6.394834301292535716e-01,7.004170063504415733e-01,5.523795718315487324e-01,7.097647601195922196e-01,6.340843470950787708e-01,6.949304674131046022e-01,6.530567292643850719e-01,5.760189638933421730e-01,6.179259075363070508e-01,7.493071324549157586e-01,6.655365714985780334e-01,7.369735422645822265e-01,6.622767323508803594e-01,5.817290435182943531e-01,6.936476409159538781e-01,7.170727510140704197e-01,7.128519949400582423e-01,7.511772351689333105e-01,6.675770552300910321e-01,6.533016193441867348e-01,7.228188831346356036e-01,8.494617788380670609e-01,8.134893262308272588e-01,7.623348155988837194e-01,8.347987333834596679e-01,7.300263463459741864e-01,6.996883922159543578e-01,6.867809860412492640e-01,7.448381635944119061e-01,7.768383941875522947e-01,6.285886490549736916e-01,7.114369228910407683e-01,8.272787495044260364e-01,6.893460171797709535e-01,6.373437015198969435e-01,8.543669371158397752e-01
5.370411216426457246e-01,6.710606549778310725e-01,6.431685508084694636e-01,6.222859770011648362e-01,6.400541135848394347e-01,6.902841074299015389e-01,5.308197465116413216e-01,5.663247354661966604e-01,6.790300571089478154e-01,6.647829353756750104e-01,6.903500893188854182e-01,7.438062277757946372e-01,6.918470303710013702e-01,5.966589488516469419e-01,6.520561132699327356e-01,7.643538513376342269e-01,4.218303372089048375e-01,6.838194106173541842e-01,6.654929404154352746e-01,5.680409492170306329e-01,7.968392056122094447e-01,7.744159163687268643e-01,7.545100439200098652e-01,6.926556418858031972e-01,7.895284063750740433e-01,7.661486650080302496e-01,7.780109344931186444e-01,7.406028113878133645e-01,8.119563450739806232e-01,7.891071584425028984e-01,8.136743785218001346e-01,6.910894561640745781e-01,7.295802221536666909e-01,7.182031853562895751e-01,7.987692526297518469e-01,6.490881418623277721e-01,6.579890370491524587e-01,7.921211275406931929e-01,8.129223862005632295e-01,6.902532545602276803e-01
6.684556693515096848e-01,6.833437928952935669e-01,4.400573706800240958e-01,5.907051413448166644e-01,6.647106417477918194e-01,6.576992843413999035e-01,6.750129481948408117e-01,6.899269416839822755e-01,5.885982122312491960e-01,6.593427206773265770e-01,6.396793753127976156e-01,6.278704805291144275e-01,5.821923524667528271e-01,7.773051252827125612e-01,6.317573471681219299e-01,5.897232693101919221e-01,7.082768923966721308e-01,6.131675087121686296e-01,7.407539954138409044e-01,6.752813645025241840e-01,6.122787150335350370e-01,6.354561834010830079e-01,6.811815757204064958e-01,7.018705905407127688e-01,7.332069767804921812e-01,6.879063574787578350e-01,7.012438545307089210e-01,7.615185163869410134e-01,7.040729929559750300e-01,6.982180494102775414e-01,8.065237922754580069e-01,8.565982278843110587e-01,7.199327148595359160e-01,7.890514285720392484e-01,7.391209119497815783e-01,7.528189947529559944e-01,7.372682083490873506e-01,6.539983395259881815e-01,7.614078056845262621e-01,8.495925290279734421e-01
5.910702586032788863e-01,7.625297378914366320e-01,5.661113823129917400e-01,7.075913315258723912e-01,5.462328950793320370e-01,7.118414537095280048e-01,6.556476311620546005e-01,6.345666066746391554e-01,5.617518979194882078e-01,5.567511272943725942e-01,5.867144394801842022e-01,6.625537065388166225e-01,6.476260283581435351e-01,6.074822510955544264e-01,7.418005245307653928e-01,5.730529906578716304e-01,7.106976226688302978e-01,6.668665061918928050e-01,7.120016371738520089e-01,7.209464671810112968e-01,6.764495096889369119e-01,7.818606805654088054e-01,6.404877436560001414e-01,8.624316780736741572e-01,6.777814259030252586e-01,6.670437745882937808e-01,7.263670249629801123e-01,7.695395566419631628e-01,8.157646321934128864e-01,7.838482525387810984e-01,7.378154923612650906e-01,8.742847982428380016e-01,7.671512339780144352e-01,7.641914748328917373e-01,7.645717119409317641e-01,7.819570267188789003e-01,6.430900087225241979e-01,7.034192730330143251e-01,6.832798504908917936e-01,7.108222659842368119e-01
5.895002665026727318e-01,6.522036429543320857e-01,6.707068041937016556e-01,5.735076922875974592e-01,6.270387595008813930e-01,6.414897640650533139e-01,5.295198735801178724e-01,6.351600483154149490e-01,6.301692413923991598e-01,6.579563366344705067e-01,6.805195679910285289e-01,6.951969776137173485e-01,6.507739723407396371e-01,7.720038616167501644e-01,7.053792837573592545e-01,6.514752897236730789e-01,6.219615225805186220e-01,6.472165387684094551e-01,6.449110139694163024e-01,6.955080062597474022e-01,7.718435193595682975e-01,7.143803816088465375e-01,6.733643221903087284e-01,7.447050878472374347e-01,7.300626662293747682e-01,6.083098967162376969e-01,6.830790237509263285e-01,7.783906017722446169e-01,7.875827670649983014e-01,6.617761312696497367e-01,7.069431537194423854e-01,7.824121414354296977e-01,6.980845012178480413e-01,7.967090447713529588e-01,8.018626612937433951e-01,7.893508951461339906e-01,7.550853567240559672e-01,7.584471683897971994e-01,6.689263884745088040e-01,6.922591797536281621e-01
6.403565488636580039e-01,6.215825380618138496e-01,6.406855189271520867e-01,6.156762088002021294e-01,5.857105716156608688e-01,7.392207737497499265e-01,6.318501113710117689e-01,5.083457780967648443e-01,6.088564194635457394e-01,6.482402973101686339e-01,7.198550180649828656e-01,5.820097731059240553e-01,7.085041825307607510e-01,4.945790183937622819e-01,6.042732620097180929e-01,7.244788943003658277e-01,7.267893043711575185e-01,6.063300228999298769e-01,6.006884122104596546e-01,6.794104794882557252e-01,5.822415306538613056e-01,5.415082371226509483e-01,8.006096634208583751e-01,7.340748815682764938e-01,6.364286108023099464e-01,6.887574387095128925e-01,6.701617220086816262e-01,7.033642162279318821e-01,6.716846322220184629e-01,7.109798057985464714e-01,7.457510872364616628e-01,7.387571940040936758e-01,7.351142780812632838e-01,7.595958637715634065e-01,8.138167148129250572e-01,7.362690675966755416e-01,7.608939733478731204e-01,6.878375089451610469e-01,7.273739234881005933e-01,7.815378453609891363e-01
7.110997183974270275e-01,5.251940673882528055e-01,6.404649200108007978e-01,5.300049246040393625e-01,6.660199375001890632e-01,7.965757257107349831e-01,7.438444745317038809e-01,5.616054981196942908e-01,5.381257773974538194e-01,5.776313780382595908e-01,6.128927309945300106e-01,7.211524234996875560e-01,7.136144384619862446e-01,7.400017319107619063e-01,6.102191784429619181e-01,7.571937968481641246e-01,6.724822246772679257e-01,7.340205907374000027e-01,6.916605772776072136e-01,6.409887572901405983e-01,7.863880594741796681e-01,6.119927217933471830e-01,7.893971066999231345e-01,7.433148024296057921e-01,7.405451305253685224e-01,7.584001744529210720e-01,6.663406781888432384e-01,6.454532706078325299e-01,6.891712259108199179e-01,7.399827635936545578e-01,7.556620216486860109e-01,8.141930493091200649e-01,7.764070121796724511e-01,7.038232133159761927e-01,7.857134090726745068e-01,8.129747420509328970e-01,7.582296232382953471e-01,8.038280327909419487e-01,8.254322465319582358e-01,6.445041290409243562e-01
6.061902591293302223e-01,6.380533760452223868e-01,6.669534432565463744e-01,5.687409989697262969e-01,6.610740885607186978e-01,6.470860970601149953e-01,6.441922117451370777e-01,6.321206663017073790e-01,6.322237792991455274e-01,7.100775869590059131e-01,7.480037477352199371e-01,6.470938810329804891e-01,7.163898854158398111e-01,6.402208562622621058e-01,7.422111273632402417e-01,7.362198129353660914e-01,6.681151002703625830e-01,7.459122121400220129e-01,6.189732121844919721e-01,7.427511865988402073e-01,7.043878949118597133e-01,7.125992204902329430e-01,6.770932142989376512e-01,7.489596820106035890e-01,6.639850604254410316e-01,7.731559077285251602e-01,6.917413606571012341e-01,7.234932973705089365e-01,7.398587444921747025e-01,6.903562013928783436e-01,8.027913477560548738e-01,7.882278004665890236e-01,7.902438530653669302e-01,5.580942497846193007e-01,7.260532443167589944e-01,7.329562724154456976e-01,7.323419528764201214e-01,6.854697445372938125e-01,7.389294394767668139e-01,7.904838831033046409e-01
5.731112856874176487e-01,4.666462252721471637e-01,6.794634560028109949e-01,6.520859347086107594e-01,6.381305190319536136e-01,5.499823520803176491e-01,6.980794472860140099e-01,6.596711186260167947e-01,5.388828545345178966e-01,7.056937649051202577e-01,5.032032488076082499e-01,7.676212481742805682e-01,6.219017599648843930e-01,6.630513059681890642e-01,6.981352854421232212e-01,6.922418226609944325e-01,6.708840508040918582e-01,6.302991805631531497e-01,4.615370069900998073e-01,7.875316678059187669e-01,6.698834849663609647e-01,6.489841885792885234e-01,6.263071121812345821e-01,5.848029114526627215e-01,7.687764398023755330e-01,5.537310688182074392e-01,6.706099639568081638e-01,7.681656653109615318e-01,7.840113678351217086e-01,6.223743824390587376e-01,7.206437727561241235e-01,8.100203831479610983e-01,6.817726085605990693e-01,7.376839865785274064e-01,8.338470098928422169e-01,8.287158711192994520e-01,7.614894075793560146e-01,7.628503426445372160e-01,7.727822382936893053e-01,7.564355966255719155e-01
6.382589601016007697e-01,6.134471485787049705e-01,5.838359803864084929e-01,6.707550557731192242e-01,5.584540201496593914e-01,6.839037580602074229e-01,7.104380867907730268e-01,6.734861139666996621e-01,5.668008860149227335e-01,6.063696001428835469e-01,6.221804121630297724e-01,6.280477408004661033e-01,7.092501608116097422e-01,6.405811442036679626e-01,5.918465513127066924e-01,7.226684342292830632e-01,6.150861519201453742e-01,6.327926926256135509e-01,6.306555855754188977e-01,5.752146204901993354e-01,5.932064004656580902e-01,6.150470115602548749e-01,6.850785707976945194e-01,7.088794839539643844e-01,6.317816784547556352e-01,5.391469848004397658e-01,7.455773837451158403e-01,7.418342610969483886e-01,6.031473878506580233e-01,7.911172199423657236e-01,6.127130641041957926e-01,6.447462702385571287e-01,6.564180725771064928e-01,7.715863346616000928e-01,6.990855416403470857e-01,7.976169034248016265e-01,7.543552656822377633e-01,7.306184845409153805e-01,7.924246026312872226e-01,7.570989753382386667e-01
4.940463305412963746e-01,6.346850229850390379e-01,5.611589983400127046e-01,7.082479802095068555e-01,5.527612380768378575e-01,6.457379143703323443e-01,6.529113534365672544e-01,6.970057819932071741e-01,6.252903829458273943e-01,6.708618860685257035e-01,6.031944928538368611e-01,7.074249661592618699e-01,6.917977695926785797e-01,4.941813333857984492e-01,5.765234313232879826e-01,7.233927225323866228e-01,7.497250124744185840e-01,6.153264385452246188e-01,6.877098083923479654e-01,6.995583648108012476e-01,7.454702928519062466e-01,6.440580456416107324e-01,6.083776723464927594e-01,6.218500881519136714e-01,6.844485994006543894e-01,5.091337853938414648e-01,6.221735745071315105e-01,7.280260013928263607e-01,7.454083197463277077e-01,6.269129636703315578e-01,8.121340430938790433e-01,6.932637625032513906e-01,6.585709494990303892e-01,7.695288218064872954e-01,7.502766940283941421e-01,7.437184005139532150e-01,6.756895201616215374e-01,7.147439293955042405e-01,8.021196871768397907e-01,7.611193677983412176e-01
6.785567926339952649e-01,6.551512248844948427e-01,6.292871153936244744e-01,6.021878229257474624e-01,6.677688806149234546e-01,6.720585622331286535e-01,4.552647472373315130e-01,6.282840922981181020e-01,7.021834616298792131e-01,6.352268866628663080e-01,5.091575605432372420e-01,5.910315210626518878e-01,6.930852052843078370e-01,5.796516351928568955e-01,7.587690424616094775e-01,6.372022357943896154e-01,6.560748058750596190e-01,6.802472936046439766e-01,7.563578300640736440e-01,6.761145976057156837e-01,6.318470848396076089e-01,6.569531119398124286e-01,6.041564921505024888e-01,6.830690733745534704e-01,5.738499885703166603e-01,6.038675062585212583e-01,6.597532240684190752e-01,7.491937629546794319e-01,6.559945496154264699e-01,7.382886823214588334e-01,6.911969214721386257e-01,7.326257115759450267e-01,7.627102722798035916e-01,7.788329002462076600e-01,7.910128497210723308e-01,7.680133169350917832e-01,8.328837041240282346e-01,7.295146491488526674e-01,7.914531804877185106e-01,7.318621264288969197e-01
6.710684482854154531e-01,7.171918372429669786e-01,5.799437484011298327e-01,6.772768520145185933e-01,6.123511869271434094e-01,5.412741951617481284e-01,6.730694318868997161e-01,6.225599471753875402e-01,6.091533524367789276e-01,7.328422536571673751e-01,6.100675357051235093e-01,6.098413139573380937e-01,6.138570859969310067e-01,5.189849858498922774e-01,7.000305157966291159e-01,5.763900300699198453e-01,7.220382622056958910e-01,7.686934743407020099e-01,7.224200699791887281e-01,6.647921276258366152e-01,6.494853254489594274e-01,6.352719880953222598e-01,7.538120681398037259e-01,6.235449843391979163e-01,6.027059007763814202e-01,6.907575481067408374e-01,6.070085623901010363e-01,6.281100544892065374e-01,7.245902038072900009e-01,7.526078308959689434e-01,6.489427969270329388e-01,6.572255792411796360e-01,7.924308302071912946e-01,7.668754572111773360e-01,6.855324415902336321e-01,7.810085410962479546e-01,6.952369374824404202e-01,6.640195744881025597e-01,7.331023252787962630e-01,6.606556206465923342e-01
5.921402540543475590e-01,6.842802812214225927e-01,7.317464291666900822e-01,6.303977820904005380e-01,6.558508521283680226e-01,6.592564959874731567e-01,6.332233172451886549e-01,6.367134652240225012e-01,5.696288280908866630e-01,6.526270482719028765e-01,7.057906608553214944e-01,5.756381828496591746e-01,6.663752479079387836e-01,6.235498874619116449e-01,6.048070365669346860e-01,6.376439620317132517e-01,6.879828398229121955e-01,6.995198572254903713e-01,6.418022560326550607e-01,7.188436241523880055e-01,7.279706062273046951e-01,7.392768761344234996e-01,6.623231713190111947e-01,6.572137789444771894e-01,6.561132935462965499e-01,5.877018332467525141e-01,7.066859840139101401e-01,6.650439786070506676e-01,6.670142603057728214e-01,6.614998737420214603e-01,7.921413811968974761e-01,7.098783516274653760e-01,6.822072253601435543e-01,7.280087796855003734e-01,7.232543248671763347e-01,7.215318636606642411e-01,7.061794508190901709e-01,7.989393277440155483e-01,6.822086166594479861e-01,8.067228435803871500e-01
5.860455676037414907e-01,5.714533110212518530e-01,7.515711898069092900e-01,4.898664259013185140e-01,5.931376661281990703e-01,5.400307037730667226e-01,5.324169866313523958e-01,6.558655076062087641e-01,5.512060884407221639e-01,5.663003558058736786e-01,5.446978555151130719e-01,5.992677752422497228e-01,6.741840979131838996e-01,5.970058366561704633e-01,5.933342029764259173e-01,5.989151763025362118e-01,5.469492733877742152e-01,6.050298327119059127e-01,6.366943834204972230e-01,6.497669580035080328e-01,6.314002533719855759e-01,7.209039191249184686e-01,6.482748370039514985e-01,6.283325741539915743e-01,5.834101923734410500e-01,6.327845158758662603e-01,7.995470887205665678e-01,6.946081887090700402e-01,6.864003393566361355e-01,7.527875891832688238e-01,8.023621334903900948e-01,7.033961462264460840e-01,6.821466524233233963e-01,6.860174770517419862e-01,7.355076204868247203e-01,7.049741458654079640e-01,8.092254618393658339e-01,8.078060335315557783e-01,6.823269082292218179e-01,6.915901212955977151e-01
6.861531666901664606e-01,6.027281240013537822e-01,6.168014361480338437e-01,5.340614304436407389e-01,6.409889884290017603e-01,5.987531191889770010e-01,5.708123565875137251e-01,5.675085689629407737e-01,7.046558634213304639e-01,6.772796628622658188e-01,7.384155824348913599e-01,7.169152355774590646e-01,5.216983275840900713e-01,5.499435893388119334e-01,5.668880503000869320e-01,7.452945919876837744e-01,7.060214057229006190e-01,7.357993392943883437e-01,5.523597068470555982e-01,6.670345036663070104e-01,5.863412433689685344e-01,7.644202990540314158e-01,7.166941764190386532e-01,7.283247036824864740e-01,6.670266338112876836e-01,5.964701614387843964e-01,5.923544412695365136e-01,7.921903026048278118e-01,7.277125836038589313e-01,6.868222337060065907e-01,6.999190589558274000e-01,6.273716022175495066e-01,6.336273882447220895e-01,7.569490514019394656e-01,5.851434874770384820e-01,7.532987293986205257e-01,7.971575228685845449e-01,7.616748235966289693e-01,7.584037867469849425e-01,7.094313508309622041e-01
7.084485176100813186e-01,6.182437436438315004e-01,6.410379285227166823e-01,5.735345729052289121e-01,6.021347960784889652e-01,5.845207656584150424e-01,5.597799367519242786e-01,6.514266038633776956e-01,6.759086863999944628e-01,6.150907984874167678e-01,5.618923870016406807e-01,6.850460892090148857e-01,6.970758630357447583e-01,6.539401192798052209e-01,6.526965359293770419e-01,5.959746731797139763e-01,6.888734148574028326e-01,6.737550011373805159e-01,6.817606769146916657e-01,6.804870110186189702e-01,6.299742848698774988e-01,6.787623909640450037e-01,5.687327843614408129e-01,7.304605191602122627e-01,6.470901237905557490e-01,6.029345402575757573e-01,7.535341236380210805e-01,6.581945401912079330e-01,6.774759019273077776e-01,6.340362652019726486e-01,6.759936009228344478e-01,7.145297351900252725e-01,6.306191640217049255e-01,8.084834476701800998e-01,7.406993186468444623e-01,6.615296332348886699e-01,6.922090696088798456e-01,7.258694102969600603e-01,6.708670737846704757e-01,8.641188098929161177e-01
5.724458737989243096e-01,5.589387956240342570e-01,5.479509323827695955e-01,6.097299375024463064e-01,6.064202836918550776e-01,6.269780980018763161e-01,6.197210568138088460e-01,5.569367543539890386e-01,6.671656267936091345e-01,6.162518184393324105e-01,5.886069728158092040e-01,6.248524619512233480e-01,6.023192074616072755e-01,6.572252182806204157e-01,6.190452826376570128e-01,6.897889465017638111e-01,6.255503314435426621e-01,6.555573675063136596e-01,6.935275154841468170e-01,6.898518041030450298e-01,6.872128486491968502e-01,6.291733646739949837e-01,7.020777045405239836e-01,5.335782287086209275e-01,7.713258118706244337e-01,7.326270957872215162e-01,6.657201190932705570e-01,6.386616788959577073e-01,7.061936335551963762e-01,6.238495021979391097e-01,7.806689662239181260e-01,6.541755845235702749e-01,6.925399733601259600e-01,7.146638782856870042e-01,7.868720439940755096e-01,5.581495689672733018e-01,7.006835233575291477e-01,7.799941052179686363e-01,7.813570874404397459e-01,7.375977801009538926e-01
5.676547555192079653e-01,7.306244436853407409e-01,7.441919060204248426e-01,6.596712030352296363e-01,6.395609787590805784e-01,5.781405345381028793e-01,6.173918154321406115e-01,5.942952668389027693e-01,4.904570391744235147e-01,6.190032328989053534e-01,6.581259135934861559e-01,6.863578787069283260e-01,5.314397731471858233e-01,6.485597988715431361e-01,6.080957729507125986e-01,6.396259743729456604e-01,6.242343647908600301e-01,5.917200688342743042e-01,6.745225961549382587e-01,6.019795479735531307e-01,5.637611229811694269e-01,6.413347118251022660e-01,7.064612386088223728e-01,5.914316137806536755e-01,5.917164071740077524e-01,6.331570400133793575e-01,6.590805963829703407e-01,7.018531314081836170e-01,5.757618585415618107e-01,6.284186182001648691e-01,5.928506186433218916e-01,7.014021601099978964e-01,6.840547808081690606e-01,6.951483605563835155e-01,7.049562183010464889e-01,7.931830792842438083e-01,6.983147937893546819e-01,6.877998919615938567e-01,6.827254424817477130e-01,7.537385243788831124e-01
7.275852048098719882e-01,6.903119943907199962e-01,7.319120382978183681e-01,5.938567422314127153e-01,5.976820461190269773e-01,7.250581768679628114e-01,5.831254557372343994e-01,6.289528066223926128e-01,5.640021718968528663e-01,6.745745669887562856e-01,6.218242732694652108e-01,6.174217023783641345e-01,6.591528888480617798e-01,5.677471580863183709e-01,5.927153094975949887e-01,6.098410212034943712e-01,6.324853835733270646e-01,7.737730965667982685e-01,7.212685185035412339e-01,6.401203594386626339e-01,6.122285556122379901e-01,6.714811503221365108e-01,6.403061586374834135e-01,7.499018660596682428e-01,6.897492504855814444e-01,6.642096380728358396e-01,8.078154897225658937e-01,6.051296448663587846e-01,7.256104543166834731e-01,6.965376286443503151e-01,6.774204437308627424e-01,5.605147896180311395e-01,7.515157283600030214e-01,6.161694293948855039e-01,7.940679076721040008e-01,7.203152146179048199e-01,8.016949814927899487e-01,7.279105340602940455e-01,6.250802311020652313e-01,7.689849657947369632e-01
