-5.690670957693791943e-01,-1.743529344932085723e-01,2.777385300810251284e-02,-1.148383230311607467e-01,-6.535421357779597207e-03,6.605452743871804977e-02,-5.170563043632563083e-02,-1.020193974255589886e-02,-1.378336980859751204e-01,7.118427485180414682e-02,-3.018663606716493961e-02,6.207217564044741065e-02,1.047301381832372036e-01,-1.726361972327773997e-01,-5.914464835797077213e-02,4.850598386631709003e-02,-1.359971556689415452e-03,-8.947729348027746998e-02,-3.748026718639572985e-02,-4.498730504961944571e-02,-3.237298149130737185e-02,3.388169855144120696e-02,-2.281860999227862119e-01,1.283620556678291003e-01,8.307798510612993126e-02,8.771898639479194792e-02,-1.196107533778911769e-02,-2.380173710002031311e-03,7.030130428857153668e-02,9.944169384691063651e-02,1.798123555574939192e-01,4.161676047161456948e-02,1.572807900223673339e-01,9.784806416095211123e-02,1.528270055122443391e-02,8.668215925855610182e-02,-9.271865202233538217e-02,2.142762777033378405e-02,1.430714126465414959e-01,1.351980452999520244e-01
-3.845703447326167534e-01,-2.613731678662279956e-01,-2.819565620995767574e-01,-1.553714682967707872e-01,4.167930445961973845e-02,-2.039859717402113248e-01,-2.462004458723022204e-01,-1.594256705595149259e-01,-7.528917430654261111e-02,-7.354110057322799099e-02,1.829623336422493141e-01,-1.010487754812448014e-01,1.151846928891223365e-01,1.528486914673264120e-02,1.431661340655044322e-02,-5.499392254978519023e-01,2.375455022840998187e-01,-6.618470437975454423e-02,4.302657439675020706e-02,6.047226910311187704e-03,-7.929334879289802462e-02,-7.696784959597402498e-02,7.163229947197247149e-02,-6.001022557180901718e-02,-1.504858161785720405e-01,-4.119664311025461774e-03,3.533946921162448712e-02,-1.159376048553422134e-01,3.578164952267213345e-02,6.903482366491367483e-02,1.952362118070654629e-01,-1.151651110118887267e-01,1.512607037978682123e-01,-2.998091610905547766e-01,-5.812106597724688711e-02,1.925847496474688836e-01,-5.276637586341469122e-02,-2.002494989121533231e-01,-8.504698877120015280e-03,2.890237073922660715e-02
-4.560031823512279425e-01,-4.920081912595278828e-01,-6.839030227803138962e-01,-3.961657550514131598e-01,-4.901227656398360333e-01,-8.756997080565730174e-02,-1.523982419847976499e-01,-1.415604073856049638e-01,-2.967979155046504003e-01,-9.762422566864567552e-02,-8.973701837828711170e-02,-2.029773995259269714e-01,1.940792845986449855e-01,-2.302796907329883180e-01,-5.773278875205235805e-02,-3.255202484476819869e-02,-2.567388092992361343e-02,3.279252799372682492e-02,6.489455031018906417e-02,-2.359533321907816283e-01,8.281114597416613932e-02,-4.940620762750820572e-02,1.054397411707422572e-01,3.578191253355030021e-02,-1.234368753926267936e-01,-1.647826280512247332e-01,1.193128057026511535e-01,-1.617493959165778872e-01,6.801647737141704175e-02,-1.498583741918168601e-02,2.626878194941309475e-02,-4.579804140856319483e-02,8.865729548590139952e-02,-2.106158115405991696e-02,-4.896535639551109764e-02,2.620166204894653836e-02,-5.715282705010366407e-03,-1.168966665255127824e-01,5.678031435431570018e-02,5.301350183925369886e-02
-4.381116095500995899e-01,-5.479357510962683531e-01,-4.177786264724435705e-01,-5.230947474024931765e-01,-4.876420692708739457e-01,-3.461257427203036086e-01,-3.280977209740578160e-01,-2.186392182791338235e-01,-2.709418077316123608e-01,-8.020368400539965026e-02,-1.130412056615524852e-01,-2.308134365956298617e-01,1.434924177414124702e-01,-7.923655584248917583e-02,1.872643226576787556e-01,-6.186202950339862033e-02,-1.329464281020755478e-01,1.235842755475042576e-01,-1.239420145448576760e-01,4.610333379062150905e-03,3.954382555792435722e-02,5.029985440339070774e-02,-6.299983868980482682e-02,1.351436602860767167e-01,9.645995312454383463e-02,-1.995631985007432774e-01,1.354152697811250236e-02,-2.530598517353933527e-02,-2.271536027745272024e-01,-4.980451660731254060e-02,-3.741952133258254209e-02,-4.298640774349131444e-02,-5.042577737214835182e-02,-1.335590198769832093e-01,1.535565099306275549e-02,-2.877374099589354375e-02,-1.298100479962768783e-01,8.727824378387373516e-02,-9.225879547030926831e-02,6.020682816948623450e-02
-3.298275233583121135e-01,-4.280756784460167386e-01,-3.911321135049297681e-01,-3.023297758966463911e-01,-6.428984455531245867e-01,-4.154003516670065066e-01,-3.294376711639267485e-01,-4.747139272513140607e-01,-2.715501535959292112e-01,-2.380004262478946642e-01,-2.316608381747668199e-01,-3.248623900041391344e-01,-1.015425643823385238e-01,2.616961682980369422e-02,-1.440395877157575333e-01,-2.405005952582943696e-01,-1.903774122752614761e-01,-2.200400513355446619e-01,-3.217729484652550598e-01,-2.389791352648485898e-02,-2.397968146537017911e-02,-5.893980389991263641e-02,-1.225122170644935560e-01,-2.145214859803084954e-03,2.308171039651337464e-01,-1.932438197032535221e-01,-2.452610939562795411e-01,-1.655596400706481064e-01,3.830027692011327145e-02,-1.457086501710960491e-01,1.065105872730298664e-01,-1.083213179353586242e-01,5.173437049106721641e-03,-2.511785063078576102e-02,1.996575914316734979e-01,1.440154120358543288e-01,4.359457801554567254e-03,-2.602216885495615695e-01,-8.037692119253493639e-02,3.690089206226709884e-02
-3.092368772101162233e-01,-4.750247085413611403e-01,-4.579763053145091689e-01,-2.816612497234759482e-01,-5.219201017565918699e-01,-4.318779182452401888e-01,-2.518516367713140025e-01,-4.530547434525292738e-01,-3.155852737192012536e-01,-8.576480716643877789e-02,-3.523224198301848076e-01,-2.485856318246108532e-01,-2.056477019428776809e-01,-1.046066416297678076e-01,-2.444296293895342198e-01,7.067589434633272938e-02,-2.895153582508658285e-01,-2.666615084714685224e-01,-9.692640127821700036e-03,-7.688412747104592104e-02,1.619979659558594687e-01,-2.749853256632469600e-01,-3.170367482369029592e-03,-2.043067882141483271e-01,-1.241927618153952223e-01,-1.453531640607475528e-01,4.426699840758653581e-02,1.603292730639313546e-02,8.594846447793952696e-03,1.182008395695674369e-01,-8.274302669063998694e-02,-1.162523086250899784e-01,-7.435852620661093093e-02,-1.135151373011422660e-01,5.637846152135597005e-02,-8.180236142378964626e-02,-2.122052009764071323e-01,1.310736667664849642e-01,-1.745159116557351842e-01,-9.922138173194842981e-02
-4.058304539543846623e-01,-3.848695344792919526e-01,-1.821804048742057813e-01,-4.308172354886815048e-01,-5.397207955467303586e-01,-5.362253839215405105e-01,-2.550712741479959078e-01,-2.690494453034703026e-01,-3.006306318572567471e-01,-3.945676285089094737e-01,-4.017312057282730331e-01,-2.039148070571120408e-01,-9.081510349478238986e-02,-1.970234406541538918e-01,-2.755308505635336580e-01,-1.267523389773164144e-01,-1.343808331947564938e-01,-2.186630678020630714e-01,-2.041162233977972806e-01,-5.646572206166718122e-02,2.306029774998123172e-01,8.440179482191685623e-02,5.908041981633253142e-02,5.060072080146071904e-02,1.582100093063120438e-01,-6.860857119288824024e-02,-2.172456041548955635e-02,-1.126943505028222825e-01,-7.038640259491940609e-02,-7.869077842779856335e-02,-3.473836143908742846e-01,-2.232859226762212157e-01,-2.642833662652764870e-01,-1.153203861741699116e-01,-4.101291299866616225e-02,-9.061723673331142925e-02,2.001552690784051403e-01,-5.844631924962586517e-02,-1.098190172720731328e-01,9.116243686201952251e-04
-4.087083968664151357e-01,-3.201643948350703095e-01,-5.332966558913264654e-01,-6.069746313381230163e-01,-3.564280591928314368e-01,-4.261758599537918135e-01,-3.701445874229917776e-01,-3.245780667026106903e-01,-4.229621149496912702e-01,-3.856478925925370116e-01,-4.840928593907727340e-01,-1.347923724927193589e-01,-3.567831910001088569e-01,-3.314014494792091869e-01,-1.679243031945822362e-01,-1.583025454636656781e-01,-9.430748609685227213e-02,-2.615720628047291801e-02,-1.115185885944839084e-01,-1.585321040066539969e-02,-9.984014834800755689e-02,1.395935555560777197e-01,-1.809296965435078508e-01,-1.331232013577345399e-02,-1.086559456453677353e-01,1.726367892206929489e-01,-7.293538647755815063e-02,-2.017611590557106260e-01,-1.435717472240949366e-01,-1.586600091168560156e-01,-4.787244479121242208e-02,-3.405610232726571235e-02,-1.032173886705397281e-01,-6.337695408586592472e-02,-7.362579326612413155e-02,6.763859813431059853e-02,-2.343275409673068466e-01,-6.786667634436771915e-03,-9.976584476520684863e-02,5.824540395605233914e-03
-6.001065937354055357e-01,-3.843858803449410888e-01,-3.536702343919715386e-01,-3.820289544348219879e-01,-2.347841422637270414e-01,-5.747653874352580683e-01,-5.099222616047673906e-01,-2.070433047306519669e-01,-4.769707915775995843e-01,-5.095202739645162682e-01,-2.755807710673173760e-01,-3.197324306547884021e-01,-5.553872164054002303e-01,-2.650368903862718173e-01,-1.203821841002187532e-01,-2.848079411080041701e-01,-1.932934361900542630e-01,-6.879781850521696218e-02,-2.390723436004981439e-01,1.730870772602249308e-01,-5.791343983723488964e-02,-7.338976852975183374e-02,-2.791082243084962999e-01,-1.386563001184394628e-01,-1.019029225511144804e-01,-1.427109599223057301e-01,-7.666425786860583957e-02,-1.829545504946425427e-01,-2.400563200763668747e-01,-4.635851666978592356e-02,-4.235087697161769166e-02,-7.483017380952876330e-02,-1.297503530071283662e-01,-8.203643284914508699e-03,-1.146003502000865204e-01,3.449280139397784689e-02,-2.806860125862158384e-01,1.506267905350768335e-02,-1.181724694467493064e-01,-4.538632436360273692e-02
-4.335226659731761245e-01,-2.745932647837063256e-01,-3.864567097793586425e-01,-4.066002764826687210e-01,-5.056651290977366431e-01,-4.639826731420583217e-01,-5.679475070120567626e-01,-3.342457188600161944e-01,-4.613024707954509473e-01,-4.657084396004448901e-01,-2.566743985932858907e-01,-4.516016018510701224e-01,-4.048766182885373266e-01,-3.458388992152591768e-01,-2.498030225669512494e-01,-4.467754031125832914e-01,-1.547698489803184807e-01,-1.820307524997400589e-02,-4.177256347381057000e-01,-2.599583074047407405e-01,-9.735242697652976562e-02,-3.479393477512134902e-01,-1.992319664799563628e-01,-1.579980882985566881e-01,-4.204667995883677040e-02,-1.291281027282980068e-02,-2.800845553315741698e-01,-1.552544772548452856e-01,-2.004703965022048284e-01,5.210001505890021409e-03,-1.157168729260866363e-02,-2.039692669416677817e-01,9.805495699334791648e-02,-4.113513158341654263e-02,2.804652182974604752e-02,-1.404178568868043042e-01,-1.203687857055113081e-01,-2.335504468021670221e-01,-5.617858846737833201e-02,-1.594226158545045402e-01
-5.606148712962004677e-01,-5.321368613006857151e-01,-4.967458019736669117e-01,-5.453877670368402208e-01,-5.027024347784442293e-01,-2.042619845039802817e-01,-3.600969849543503298e-01,-3.899011522995468604e-01,-4.127407293206216687e-01,-3.504025778165023031e-01,-2.644509486535178144e-01,-1.792074270597284469e-01,-4.412076059917181547e-01,-3.907345582938537287e-01,-2.992661369423576523e-01,-1.656357329979437076e-01,-1.974721898104880302e-01,-2.724566461037614129e-01,-2.964905275390402051e-01,-3.257169362494887754e-01,-2.453639888895279009e-01,-1.292175408341995069e-01,-7.813934346161872935e-02,-3.400575143494259378e-01,-2.546979990582810549e-01,-9.551223013584761445e-02,-2.269315081714946558e-01,-2.267448247630688418e-01,-1.178925950794722510e-01,-2.172331837318878800e-01,-2.233824822576468139e-01,-2.692674889365280211e-01,6.637119862224949429e-02,6.428897406252097324e-02,7.871002810855930176e-02,-1.343644156372984511e-01,-2.701612819829168899e-01,-1.425688212953578060e-01,-1.580514925171513929e-01,-1.268967521992886982e-01
-4.806892021348236343e-01,-4.587680775252125365e-01,-3.635130234324250864e-01,-5.090262651877317523e-01,-5.660553949146586161e-01,-4.534544668651127597e-01,-2.963741122033635711e-01,-4.249899033877557741e-01,-3.645711471895081712e-01,-4.265604559586687605e-01,-5.067202869397016141e-01,-3.228161802775747491e-01,-4.508925379672346634e-01,-4.049286170745632907e-01,-4.588513467570926041e-01,-1.593667565808398467e-01,-3.127666645708856441e-01,-4.467210296444818485e-01,-1.932495678957582841e-01,-1.597628996620679698e-01,-2.460647325474877856e-01,-3.055582580655940017e-01,-1.982062732386233594e-01,-1.862302204295308572e-01,-2.487633987949326164e-01,-1.531368526819856524e-01,-2.707757432748071347e-01,-1.488075607385373478e-01,-1.944362906521803214e-01,-3.526024766969207969e-01,-1.953566267506035570e-01,-2.323923643389296245e-01,-3.081475134047500508e-01,-1.230396307534655786e-01,-1.909311169790311735e-01,-1.020642251704848569e-01,-7.910074030879450657e-02,-4.336625947955899743e-03,4.828445465565176647e-02,-1.145358364017158986e-01
-4.448591943537772986e-01,-4.006570322377179805e-01,-5.603311700452184851e-01,-4.775724184045984089e-01,-3.759492173830293327e-01,-5.068874012539666962e-01,-5.091203118675651229e-01,-4.408447075383231106e-01,-5.665648008982151485e-01,-3.416781121227633888e-01,-4.390705731022629399e-01,-5.217332195255501848e-01,-3.098973250069713137e-01,-4.632131349084379623e-01,-5.665917193195435519e-01,-4.769937760432680918e-01,-4.955939553831840705e-01,-3.518176051094418222e-01,-1.479433917507019802e-01,-2.397548443633796822e-01,-4.726142832204790478e-01,-2.136101683692649966e-01,1.352887929609680783e-03,-2.318025148766699739e-01,-2.176697231225579454e-01,-2.337627679139267778e-01,-1.407305605189791142e-01,-3.171514875742486583e-01,-2.596276701855371877e-02,-1.194401066624918017e-01,-2.885174092171939320e-01,-5.996165126048330629e-02,-4.726834731991375049e-02,-9.197590982019994421e-02,-6.493513759633454119e-02,-1.052081571111108949e-01,1.574761074842529196e-01,-1.107115755787601297e-01,-2.226294428381916379e-01,-1.583486446162458150e-01
-4.248928573009934651e-01,-4.252601100409079682e-01,-3.160676722917634685e-01,-5.991245099104565153e-01,-4.894370074546736116e-01,-6.147287089707571539e-01,-4.669818644050218737e-01,-5.280114555530003306e-01,-3.702772693870717835e-01,-4.786550134406951651e-01,-5.145481687037333218e-01,-5.219570986969548354e-01,-3.153335276720707347e-01,-3.760928062821614626e-01,-4.949325659875984940e-01,-3.906829146594251734e-01,-3.989342379920084447e-01,-3.606603896247463359e-01,-2.747723332286321485e-01,-3.483581601392775617e-01,-2.926657702008477191e-01,-2.938130411971119904e-01,-1.770809557373545506e-01,-4.292958211978478711e-01,-1.680717464400645622e-01,-3.139385355006047429e-01,-1.764639361303159404e-01,-1.261890625988849324e-01,1.731424944086012996e-01,-1.033331305909865674e-02,-2.168818420004606506e-01,-1.845354123302677396e-01,-2.673600576407052509e-01,-2.555511028191307377e-01,-2.990438382999126635e-02,-1.275452436642461329e-01,-1.498461039288468410e-01,8.448998026957892094e-02,-1.570160009096288334e-01,-3.766481433327895090e-02
-5.378706815744196401e-01,-2.560083236445801491e-01,-5.008980149441735197e-01,-4.407924500950146651e-01,-5.298128913618369573e-01,-3.192636296679082220e-01,-4.628612699607099756e-01,-4.918035269240313978e-01,-3.144440118092560743e-01,-4.103701704254880123e-01,-6.223720640610567179e-01,-5.480621578895666923e-01,-3.044037891987950162e-01,-2.755682107877494569e-01,-6.153415251836850119e-01,-4.430034771841481200e-01,-4.845601569424440314e-01,-3.644113506369307531e-01,-3.328733325194631054e-01,-3.706919715362954060e-01,-3.567957864600500018e-01,-3.535423258348263653e-01,-1.302001917257275820e-01,-2.075356591513753679e-01,-3.515422915998312470e-01,-2.700591167406103943e-01,-2.155241959619212666e-01,-1.489369714010929102e-01,-1.397705124494581785e-01,-1.429282498087514897e-01,-1.377127558775726734e-01,-1.917383474826665490e-01,-1.456710645674895721e-01,-2.633991695873468264e-01,-1.302129701877131063e-01,-1.175623246236389904e-02,4.263563018569017926e-02,2.063896481262417204e-02,-1.632513792867547608e-01,-3.846321549411097496e-01
-3.273114089370383062e-01,-4.940619765062747026e-01,-4.168850068103284734e-01,-4.500275194844008952e-01,-3.873795523710203415e-01,-4.514223986789277498e-01,-4.953455512353613921e-01,-4.775284421315625361e-01,-3.343806071848021699e-01,-5.256582478202167508e-01,-5.652755233448388816e-01,-2.708013938959357159e-01,-7.017530172513110065e-01,-4.180937856886720039e-01,-5.161851145449658507e-01,-4.115175868853269137e-01,-4.065454923468438397e-01,-3.613659110563080534e-01,-4.847132991171133609e-01,-4.231318764768657870e-01,-5.079127670001722938e-01,-2.085264544079658278e-01,-3.008742700074061305e-01,-1.373042858892391527e-01,-3.569183601605272482e-01,-3.554865131461607541e-01,-1.713723808230021017e-01,-2.425378614866650628e-01,-9.711195403217649791e-02,-1.972483244579962269e-01,-1.116461655109128454e-01,-1.494491919276789704e-01,2.373648640531526507e-02,-1.927265138438494785e-01,9.253906044247377227e-02,-5.344470597004091772e-01,-1.138434335910903927e-03,-3.935373769823792556e-02,-1.435226300993806825e-01,2.116757950163453139e-02
-3.506690529617047525e-01,-4.962664385685105484e-01,-6.038506097643594472e-01,-3.096252757763687802e-01,-5.426002480643103976e-01,-4.585237944986243486e-01,-2.576074158280572957e-01,-4.989470946335626822e-01,-4.436207173070814136e-01,-5.357396989051922409e-01,-5.816091814296978635e-01,-5.329187295000157309e-01,-3.970579460230585500e-01,-5.596354577368998218e-01,-4.557099157159896774e-01,-4.930923547481214086e-01,-4.275532729516040575e-01,-3.780424874599001006e-01,-5.209131930614404604e-01,-5.742079036825947780e-01,-3.209125882726343026e-01,-2.155949164907064175e-01,-3.147714617875663756e-01,-2.379157592036347246e-01,-4.075915333285186071e-01,-2.899688866744403182e-01,-2.206093966489267311e-01,-1.784559665106995596e-01,-2.470344695458533690e-01,-2.448099953248135952e-01,-3.157304831085622210e-01,-2.273821737260333653e-01,-4.141124052221166751e-01,-3.368550051521271294e-01,-2.532014404444068445e-01,-2.953762020494010154e-01,-2.471001001466184843e-01,-1.997682140283453534e-01,-3.398795903305974475e-01,1.080745465240404504e-02
-5.434242866699432462e-01,-3.629683454932223774e-01,-3.572785025867254438e-01,-3.742850809330540707e-01,-3.733267741091504943e-01,-4.842333906973141922e-01,-2.836136401751953584e-01,-5.814960990059654389e-01,-5.710813103280236724e-01,-4.773744199211759631e-01,-3.800438667474804744e-01,-2.929534588458030386e-01,-5.686216463247444342e-01,-5.087910219144980983e-01,-3.910098705456744872e-01,-5.227287955892926385e-01,-2.619689485894849401e-01,-3.413958120130018425e-01,-2.156862361902249781e-01,-4.068105660496031950e-01,-5.211729213940728966e-01,-3.718509653331646403e-01,-2.802641416386397188e-01,-2.973683562461918450e-01,-3.761015768640934565e-01,-3.137127699512644030e-01,-3.948232661469492366e-01,-2.597652492576926209e-01,-4.610259764347816036e-01,-3.367957815808448330e-01,-2.222622449509027154e-01,-8.763720082235244846e-02,-1.075814001120856539e-01,-1.255215889099974835e-01,-4.146288525437492600e-01,-8.190128302602313337e-02,-1.117167754374353422e-01,-7.708896581415819460e-02,-2.739670475724388932e-01,-1.430482850353216595e-02
-5.855163738036343046e-01,-4.755400145468852702e-01,-5.282351369193741819e-01,-3.369697956995448829e-01,-4.936031303793038671e-01,-4.880374893822151949e-01,-5.340469521658839369e-01,-4.272637962006959889e-01,-5.346180298727607472e-01,-5.677265938054005812e-01,-4.306189873258061129e-01,-4.725218989837506323e-01,-2.411100252365558361e-01,-3.755997783865882012e-01,-4.683382936226651583e-01,-3.862484882417601684e-01,-3.900522171142044026e-01,-3.660246919811999122e-01,-3.215202270560140185e-01,-4.806120429290047791e-01,-4.748453554115185105e-01,-5.071368041072388255e-01,-4.571567358508844547e-01,-4.212956101584849344e-01,-3.730563032261496881e-01,-3.911651316752388641e-01,-1.825314454008189480e-01,-1.072086182994543418e-01,-4.222768853926820998e-01,-2.077439341241296977e-01,-2.683015938172677028e-01,-3.675770607909126797e-01,-2.646399698728009175e-01,-4.228053782464848420e-01,-3.835658281002343184e-01,-2.311300272672976719e-01,-1.567384693553442454e-01,-3.732792204716490758e-01,-1.951771795318876790e-01,-6.088734263500679422e-02
-4.064839685558288562e-01,-3.737789490518887425e-01,-7.433528696112428058e-01,-5.951079847712474891e-01,-3.821780188080342033e-01,-3.763343355045966065e-01,-4.191651418535157214e-01,-3.560580476930603755e-01,-3.210174784804083470e-01,-4.241710331325825867e-01,-5.210348720803147371e-01,-4.236671906684129074e-01,-3.990686957907100263e-01,-5.209320648263592313e-01,-4.537033340168134532e-01,-4.303899073042307677e-01,-3.375289136203559748e-01,-3.194395787541490783e-01,-6.085667393570429740e-01,-6.232418238740679017e-01,-4.408400282227920575e-01,-4.999399365550872831e-01,-2.583452183393449841e-01,-3.877576218555414678e-01,-4.092654138291682564e-01,-2.935055919643316247e-01,-4.107669028590964500e-01,-2.743826487650952162e-01,-3.209782057854957404e-01,-2.325177112184508843e-01,-4.044636671276308770e-01,-1.487917485472700085e-01,-2.042756613874290861e-01,-2.579821676692569121e-01,-2.540351760747999177e-01,-2.313635876726552743e-01,-1.760617012333226539e-02,-1.087516583761287056e-02,2.068406776238545797e-01,-3.105561830451924465e-01
-4.429376474851215439e-01,-4.848884092601137286e-01,-6.313728529073835416e-01,-4.895706406698080992e-01,-5.126953522853409106e-01,-4.947018735357370245e-01,-5.521682576357355154e-01,-5.012125844373007677e-01,-4.664253436339946823e-01,-4.791547996080510186e-01,-3.941449665300559846e-01,-4.657261994832652685e-01,-6.419031101410348494e-01,-3.275913467402776780e-01,-2.932485140433870319e-01,-4.351842632761370733e-01,-3.105466542197243829e-01,-4.479027831978681928e-01,-2.747409394616608935e-01,-4.551041352321222311e-01,-3.862520143877587464e-01,-4.995138486021041824e-01,-4.559543335714674184e-01,-4.850728368813996272e-01,-3.006522975157243094e-01,-5.414518519656761342e-01,-5.327738346896986332e-01,-5.514650478301879044e-01,-2.402197803283581679e-01,-3.498507919371442454e-01,-2.295322584234646413e-02,-4.177495567384733599e-01,-2.557583319201546870e-02,-3.955330302252803021e-01,-2.896621277338325418e-01,-1.042371063227814226e-01,-2.401065822407454642e-01,-2.278817711106238819e-01,-2.172738405152729035e-01,-1.726659140656331692e-01
-5.677111038514690566e-01,-3.256786401144282084e-01,-2.808165001322668330e-01,-3.861129051628033326e-01,-4.052197730733672065e-01,-4.874124029334764852e-01,-3.477649306128527962e-01,-2.549562636388661430e-01,-3.639185259663830219e-01,-3.666240605422325105e-01,-5.914168636674982382e-01,-5.412575974231053078e-01,-3.903092956287723125e-01,-5.115095490562918679e-01,-3.041530053353922458e-01,-5.582920702681727354e-01,-4.150249705501591890e-01,-4.725510884719096305e-01,-5.597970963719460791e-01,-2.483107944804401335e-01,-4.475760633254926013e-01,-7.869491798546390804e-02,-4.708991338523957348e-01,-3.970330611852744274e-01,-2.841496825764566192e-01,-3.440740019521057458e-01,-4.916535669544702669e-01,-2.880561360515781488e-01,-4.491137118185867250e-01,-2.905870207626342072e-01,-4.138933634543543461e-01,-2.394243323106224897e-01,-3.838632541023194178e-01,-1.371050688146646934e-01,-3.521580922904090638e-01,-2.715200624225921344e-01,-1.777231451782577687e-01,-4.840970106884993074e-01,-3.727906356543765898e-01,-1.508336610247226761e-01
-5.737973272420686666e-01,-5.360579466128425619e-01,-4.611324064644696241e-01,-4.395802933687814051e-01,-2.189849207796004116e-01,-3.580411241513353215e-01,-3.044823525615489301e-01,-5.226308423864025610e-01,-4.343963823144864622e-01,-5.365625466479934103e-01,-3.600451021636372761e-01,-4.009780220967555375e-01,-4.534752475485617218e-01,-3.324591499138149220e-01,-4.846782298202965689e-01,-5.888634372876636602e-01,-3.636356986421362403e-01,-2.175752699303744875e-01,-4.904841712270970322e-01,-5.211872866965843176e-01,-3.576111509879834061e-01,-4.659117349307045908e-01,-3.400627717547559103e-01,-2.989717505352514348e-01,-3.335874905909280708e-01,-5.036725375967997520e-01,-6.052732539417507995e-01,-2.970052459387330090e-01,-4.448299771996968022e-01,-4.152867737697428230e-01,-4.694968475878978365e-01,-3.533727716163001520e-01,-2.997588765886515239e-01,-4.443899810136504591e-01,-4.075579969595604091e-01,-2.258044057294562312e-01,-5.891483413868303654e-02,-3.576816222946830881e-01,-1.618791186975104546e-01,-1.107544349503548353e-01
-5.243563202743991569e-01,-5.598672480483488645e-01,-3.913853426631654364e-01,-5.355085838538113929e-01,-6.100799536639142095e-01,-4.070798722790434643e-01,-4.564007765806589179e-01,-2.240897721688857869e-01,-5.172156743826701319e-01,-6.177631682394023604e-01,-4.382636425535496594e-01,-3.705474982735195155e-01,-4.620694218509552309e-01,-5.233501996414452462e-01,-4.714353778254241623e-01,-4.909686602007284906e-01,-4.571990330863855978e-01,-4.416771116135007058e-01,-4.437126357006530020e-01,-4.322400427503068632e-01,-4.704359677136416562e-01,-5.405126648288305358e-01,-4.413709469677319919e-01,-3.556732812321103943e-01,-5.691210400278855497e-01,-4.431898710385797635e-01,-4.416352100406427672e-01,-2.043908141141360379e-01,-3.707382031670856670e-01,-2.015203080381050282e-01,-2.868110955659978201e-01,-4.656455432494980284e-01,-2.672119817175095946e-01,-1.078643193845155446e-01,-3.306542055714499218e-01,-1.054888904168656688e-01,-2.726442412462195541e-01,-2.069972725484933718e-01,-3.147711594932980916e-01,-6.838064330608994990e-02
-4.336139371498729522e-01,-5.668687985629878856e-01,-2.847075786591187763e-01,-4.344329998038400364e-01,-3.936361125642741654e-01,-4.251228642375045608e-01,-4.817282645131329422e-01,-4.172379441883338203e-01,-4.796662536822558498e-01,-4.575393933160999405e-01,-3.540639975512870352e-01,-5.163313559719575618e-01,-4.064384850358847556e-01,-3.870883588098606443e-01,-5.087268548326713269e-01,-4.824186444549520836e-01,-5.296821362744573713e-01,-2.685941247572889989e-01,-3.907558481013024831e-01,-5.435837439722140951e-01,-5.273996027878823378e-01,-3.065321083434998650e-01,-4.052120043134332938e-01,-4.991898299107277448e-01,-4.574561653007453432e-01,-4.537981825324440277e-01,-5.114569987254439232e-01,-4.825050800968347930e-01,-4.530775249755668588e-01,-2.727435864502854024e-01,-5.667537448180302029e-01,-4.793493025441244448e-01,-5.888389021887647790e-01,-5.331695460698246958e-01,-3.674839260913270178e-01,-3.139512096929046314e-01,-2.893001204924612324e-01,-3.030535235961236973e-01,-2.768386130153614455e-01,-4.350183580786481374e-01
-3.492749378416338812e-01,-2.901405718746711826e-01,-4.775954724016011066e-01,-5.899081683289801870e-01,-6.697903292067298731e-01,-5.041967135414048284e-01,-4.362165499490705534e-01,-4.204093094647650686e-01,-5.499841351349707974e-01,-3.806685487646592758e-01,-4.102058574790095058e-01,-5.837785886235900001e-01,-4.972282550917811461e-01,-4.272357209859323213e-01,-4.668118883041619260e-01,-4.018818724443598001e-01,-5.128458035459346753e-01,-2.588484028349397614e-01,-5.177579970477481641e-01,-5.138009770519873509e-01,-4.109755400826714533e-01,-4.114572044086127756e-01,-4.084226657204725330e-01,-5.095825164307749011e-01,-5.137150951522093667e-01,-3.940366763542595407e-01,-4.970816665986720340e-01,-4.301863701457931954e-01,-3.976456145448884483e-01,-3.163627955162992000e-01,-3.728545365669744815e-01,-1.994721436933303005e-01,-4.347458047082885524e-01,-3.172667028231465070e-01,-2.720566814308549852e-01,-4.159748458319817987e-01,-3.987267141701217321e-01,-4.693506496904450986e-01,-4.786285061108609962e-01,-3.239695670885047729e-01
-5.853342906160875492e-01,-3.786495519703404478e-01,-3.780902826805200845e-01,-3.167059536881079995e-01,-7.062667498332662053e-01,-4.675490612800894397e-01,-5.873038489390420835e-01,-4.965829144241341031e-01,-5.454660622343209253e-01,-3.641243751454577571e-01,-5.121029969037984575e-01,-5.262708357011913751e-01,-2.193241964130440702e-01,-5.486000120374632250e-01,-3.206293668687089649e-01,-3.524836968798717995e-01,-5.497721818480078015e-01,-3.950907742612401741e-01,-3.343636259393769627e-01,-3.600691217991600079e-01,-3.812624890784978016e-01,-3.180173186480500513e-01,-4.857676061279244673e-01,-4.570143585813790099e-01,-4.990919892442014505e-01,-6.694490226864525662e-01,-4.535090236431348343e-01,-4.832586817010544600e-01,-3.361273745091314380e-01,-3.303920073185117601e-01,-4.427447030683156481e-01,-2.959563707229787566e-01,-4.608061826052692878e-01,-4.080985485502701127e-01,-5.222356326808178517e-01,-5.744901828345048145e-01,-3.725691814237814814e-01,-3.288847645234113104e-01,-3.692848329639386029e-01,-4.276040310209169304e-01
-4.255219307736066159e-01,-5.501379195003071043e-01,-5.601034455499267484e-01,-2.507466913379650109e-01,-4.709591041518911281e-01,-4.554063797514794065e-01,-4.893590401477937446e-01,-5.251208599118905029e-01,-5.538276800652159881e-01,-4.470110986903862438e-01,-5.751934812159014143e-01,-4.427537669440494983e-01,-4.775804513648151395e-01,-4.379389893389267208e-01,-3.584656854214441912e-01,-5.101586078187932971e-01,-5.079876706692153521e-01,-4.517794274241705710e-02,-5.588268516224206284e-01,-3.607188510733095321e-01,-4.919699597116601875e-01,-4.610485633729193289e-01,-4.596957236414676018e-01,-3.341150545671591199e-01,-5.123610539474240388e-01,-5.113025774287990322e-01,-3.401287723806977747e-01,-5.184699656611660989e-01,-5.078880350064565175e-01,-3.500901179762389570e-01,-4.431124769388449236e-01,-4.343094784847784107e-01,-4.019485057645777459e-01,-5.736961819939516705e-01,-5.194831591607311783e-01,-3.454468010710441961e-01,-3.797579591962054746e-01,-3.732887228707544303e-01,-3.360872316944359950e-01,-2.636842889379675814e-01
-4.346313741718018653e-01,-4.766189652326887627e-01,-4.364334838787030657e-01,-4.257704570607496741e-01,-3.522710522706756220e-01,-5.544162078589521814e-01,-4.978958821292726045e-01,-5.386467768521913113e-01,-4.757332550777805258e-01,-4.466606027062463014e-01,-4.302790958295856782e-01,-4.295622673912601330e-01,-4.463899787252337825e-01,-4.241894772386321510e-01,-3.611644177987811677e-01,-3.876896127955179461e-01,-5.099901826282835504e-01,-5.139498352125018155e-01,-3.174452349328849565e-01,-5.325067979492258408e-01,-5.375267051411906083e-01,-5.189754255355227830e-01,-5.042578314892819380e-01,-5.387220959283919308e-01,-3.879490343126887342e-01,-5.078593853357165067e-01,-3.841050656435975319e-01,-6.280139458359188520e-01,-4.218591112803937726e-01,-3.858739615470246909e-01,-5.385469655425233482e-01,-5.554640953875491505e-01,-5.318495364579028939e-01,-5.523784474838290270e-01,-4.817780762745471068e-01,-3.581024237816986533e-01,-4.466770111136112442e-01,-4.332170992627347172e-01,-4.605681756455585196e-01,-2.283149902087239780e-01
-4.662442138209856313e-01,-4.636003318466278000e-01,-4.612021728539320020e-01,-4.620318653433367340e-01,-3.831141423415468372e-01,-4.973918311557387062e-01,-2.762268875781316857e-01,-4.455884060680245784e-01,-2.665962633549289196e-01,-4.721430937275578055e-01,-5.654178799743023731e-01,-5.079140105994912613e-01,-5.545737937109466165e-01,-4.312685034513146221e-01,-4.288819412384808349e-01,-4.812809753623022990e-01,-4.424314847009599427e-01,-3.353503624798845340e-01,-4.139640149303128180e-01,-4.817643880766699915e-01,-3.753342345463027696e-01,-4.960063369863759175e-01,-4.386331918348077563e-01,-5.305999068176052713e-01,-4.706401476939639505e-01,-4.720569095757937150e-01,-5.517286964978551644e-01,-5.138076395350719139e-01,-4.774705370956112138e-01,-4.686183048233417137e-01,-3.707816425757954337e-01,-2.313099339933248066e-01,-2.516220829525789293e-01,-5.120361249463493136e-01,-4.456627138613996619e-01,-4.787333816476532777e-01,-4.426898963623409067e-01,-4.049485054904369830e-01,-4.220657630456011167e-01,-4.860376635871534456e-01
-4.454937875873966613e-01,-6.123222350215199450e-01,-4.383728309777595866e-01,-4.413522935527719460e-01,-2.125559707997041747e-01,-4.219995236266004812e-01,-5.205391739303951715e-01,-4.350158735274176069e-01,-4.732907842828574796e-01,-4.729069814550742601e-01,-3.754808705500388699e-01,-3.588527754709333606e-01,-4.435757511471251635e-01,-3.953366067387950600e-01,-3.347156510195811174e-01,-4.647411181421886583e-01,-3.707708823651482688e-01,-4.645890494451058172e-01,-5.392242261121228397e-01,-3.897523184835440802e-01,-4.335223170238176604e-01,-5.006226148384740338e-01,-5.195134036083892681e-01,-4.563593199518815591e-01,-3.961220906225781380e-01,-4.062719938594068769e-01,-2.903230379654936355e-01,-4.602587761961679513e-01,-4.044609113642873011e-01,-5.534518088748832110e-01,-4.332074437453450888e-01,-5.048115206526266885e-01,-1.229669294636170640e-01,-4.044157270138109550e-01,-4.490868906623601831e-01,-3.682575920160802707e-01,-3.576015575823754955e-01,-2.028953026328556286e-01,-4.933496569386612296e-01,-4.938616911788057395e-01
-4.581096361144769702e-01,-5.197645257871238433e-01,-5.522268198768562897e-01,-4.534052513687818475e-01,-5.153443094712015782e-01,-4.473307238671935804e-01,-4.725077025517697704e-01,-3.973585491169072115e-01,-5.169094153387239210e-01,-4.496241403256500679e-01,-4.204445761851639540e-01,-4.620299346803850016e-01,-4.744925297271912479e-01,-4.069048707336792026e-01,-4.613773475008543512e-01,-4.921436488740805193e-01,-5.601210462449055516e-01,-4.904731671431228901e-01,-2.664802909825005894e-01,-4.376582046759607825e-01,-4.295967093994071950e-01,-4.545674355775668474e-01,-3.055873480188672220e-01,-4.389527931863448917e-01,-4.773086972607465950e-01,-4.321091053595015330e-01,-3.789998164454940199e-01,-4.041776671025190670e-01,-4.659281415429238349e-01,-4.649775010601445158e-01,-3.356360364856605383e-01,-2.858861905237913836e-01,-1.571134366594876541e-01,-4.724858901553333768e-01,-3.241965803922816081e-01,-4.736037379514265178e-01,-3.608070613547670336e-01,-3.580088401600059478e-01,-4.030357996633711082e-01,-2.760413835450331033e-01
-5.395846772940704472e-01,-6.396169962407430853e-01,-6.437937269331845958e-01,-3.369074824731940199e-01,-3.660596151614243787e-01,-4.044748108561079247e-01,-5.784757280081873621e-01,-4.731609955221739439e-01,-4.592950224249200408e-01,-2.807337211727453097e-01,-2.930043526441999946e-01,-3.136554136118577807e-01,-2.528949608597163556e-01,-3.829752326653262928e-01,-4.851483430267203301e-01,-4.779084761588666130e-01,-4.296154652640252758e-01,-4.148347839145316018e-01,-2.836964175443795755e-01,-4.527522555547311423e-01,-3.789004276551829475e-01,-3.291181773070394612e-01,-1.774327692531901812e-01,-3.276976325396690481e-01,-4.607739773103357583e-01,-3.623518540986692127e-01,-5.346720142075904736e-01,-5.062283165561016762e-01,-4.402591352908429845e-01,-4.038011371268882543e-01,-3.923519482806924752e-01,-4.639046609908518692e-01,-6.000655436777800888e-01,-4.705389972213022132e-01,-4.511592140944589713e-01,-3.476306114379089096e-01,-2.169559749987083896e-01,-4.654991236192920212e-01,-3.784726977418034766e-01,-4.561337399928392378e-01
-3.565576252570571980e-01,-5.038198469602731544e-01,-5.451195882021432348e-01,-4.839002649571967352e-01,-5.938212013018591140e-01,-4.378673656250703372e-01,-4.289321594010515604e-01,-4.118473761627715612e-01,-3.717920217258069426e-01,-3.598587926222126532e-01,-3.982924900017080772e-01,-6.008354646266865773e-01,-2.602322503923387154e-01,-4.060906580705586633e-01,-3.119605542154568756e-01,-4.060391774397068554e-01,-5.263248907423730971e-01,-3.838329674338191166e-01,-4.270827434978421988e-01,-4.220804804121812137e-01,-3.349886248615899231e-01,-5.286363911984406361e-01,-4.429627533863400579e-01,-3.404470600977482775e-01,-2.521843267714371506e-01,-5.309009214125499643e-01,-4.751619127807339416e-01,-5.651940789026607126e-01,-4.358951838514681931e-01,-5.085073666599561060e-01,-5.731641562176316151e-01,-6.131253124857789505e-01,-3.011475136657886797e-01,-2.747813532772970246e-01,-4.131200937864832889e-01,-3.589124747465287646e-01,-5.165134002850706452e-01,-3.894535519637574161e-01,-4.032862371269257951e-01,-3.011183452502043112e-01
-3.625089591651409204e-01,-3.520106025104913217e-01,-3.397050264468121084e-01,-3.160198186741581261e-01,-5.544211768570582732e-01,-5.648385822482853147e-01,-4.591178214534127333e-01,-4.753977727447424861e-01,-2.185983756247157905e-01,-5.685660090872504124e-01,-2.972494600166359358e-01,-5.684491103804875101e-01,-5.393744867105104701e-01,-4.502345947587665376e-01,-3.168711828256282614e-01,-3.846720308053416804e-01,-2.545613103161451507e-01,-5.710084301615349078e-01,-4.000414480850207899e-01,-5.765887833392893125e-01,-4.041360419569530182e-01,-6.177563925036896331e-01,-3.578378674241423640e-01,-5.687015834315010121e-01,-5.378237951805215911e-01,-5.102194909839399273e-01,-3.598624220874983015e-01,-3.882985937654225284e-01,-5.979432073369522760e-01,-4.542933618583316902e-01,-4.095994971980275179e-01,-5.272735227417326698e-01,-5.088259615016050841e-01,-5.107587741236860879e-01,-4.691215495048531858e-01,-3.563264181573703171e-01,-2.968092417047646370e-01,-2.359830223917112058e-01,-5.717727650105122184e-01,-4.792556307004137706e-01
-5.272036320439812407e-01,-4.331037990458659337e-01,-5.342981933331852895e-01,-4.557364177571775476e-01,-4.751711368325910456e-01,-2.720223794426841479e-01,-3.617618363274681670e-01,-3.697069154982640105e-01,-4.923944064021453793e-01,-2.730044607672432733e-01,-5.679182056907341458e-01,-4.975288955590181916e-01,-4.376748061522443001e-01,-3.255069121095560680e-01,-3.800518439907401014e-01,-4.853767422717578661e-01,-4.400199074289797840e-01,-4.278955389625911931e-01,-4.962455584131134079e-01,-5.202135389545300415e-01,-4.106493945999030726e-01,-4.035448584172688369e-01,-4.474368484641781940e-01,-3.670678901274247452e-01,-5.419558438452316551e-01,-4.206147811949427218e-01,-3.495789035453258919e-01,-4.371268696333965309e-01,-4.797505465816418457e-01,-5.230142308607719226e-01,-5.427027323311118812e-01,-4.883400001279901703e-01,-4.052742261936394530e-01,-4.780098875166904904e-01,-4.044358187750015654e-01,-4.048965079642912746e-01,-2.856343793599530612e-01,-3.650222491466109664e-01,-3.752947181074635097e-01,-4.290224578018822510e-01
-5.656466139329758835e-01,-5.250359865469254039e-01,-6.235378458446004801e-01,-4.797409288050718534e-01,-2.986135163992533759e-01,-3.776527601295416314e-01,-5.003909022013636188e-01,-5.698054245559485143e-01,-5.469843121617801174e-01,-4.373675558690709453e-01,-5.434014604616395072e-01,-5.129972756954002122e-01,-4.854267306163991269e-01,-5.824123038089178417e-01,-5.417095665601832088e-01,-3.680228831444551374e-01,-3.040666107189703427e-01,-5.190750111764977914e-01,-4.101235550065047697e-01,-3.903667294711214986e-01,-3.845293912956013749e-01,-3.857533263622555109e-01,-4.820547919459287067e-01,-4.568920981224581235e-01,-4.100222646879740362e-01,-2.897761095214966831e-01,-6.169715241370407055e-01,-5.800174813820256903e-01,-3.576829867069563629e-01,-4.862976541163046562e-01,-4.444720689949518966e-01,-5.298582104936355730e-01,-2.404324781145890100e-01,-3.911747475095646576e-01,-3.082001619633288336e-01,-3.795231933039923122e-01,-5.100830100447162341e-01,-3.065203692895003273e-01,-4.121389190643534595e-01,-3.820982548195065442e-01
-2.975843310342783932e-01,-4.637871596654291051e-01,-4.155855358887985962e-01,-2.899771069387137024e-01,-5.214071112146918541e-01,-4.659970832471828084e-01,-4.521503291600401653e-01,-5.191295818012894303e-01,-3.286297373449830750e-01,-4.662622800599209860e-01,-4.932726498498812839e-01,-5.321475378971961545e-01,-2.917671458016233288e-01,-4.119625261166673935e-01,-5.092567666926441916e-01,-2.962342824219891813e-01,-4.717069097708005421e-01,-3.927187069018841514e-01,-2.736888543423988129e-01,-5.320226701987167406e-01,-5.390603293838578391e-01,-3.636896621453082901e-01,-2.089461435033300452e-01,-4.841443411535534258e-01,-3.272713364434110539e-01,-3.776362727767107463e-01,-4.967053613573654824e-01,-3.957950915759395061e-01,-4.784363574657167217e-01,-3.924164811326206759e-01,-5.163004525634822262e-01,-5.425185359703722510e-01,-3.542935130663060761e-01,-5.477295369895273103e-01,-3.538268926507532885e-01,-4.949100797935073182e-01,-4.518002755752895117e-01,-4.808609671818312448e-01,-4.093710035211698406e-01,-5.773275487352071966e-01
-5.059536244372642155e-01,-5.034082509753764478e-01,-3.948855066283039617e-01,-5.240353394880719051e-01,-6.250521301539258001e-01,-3.628075287875531796e-01,-5.651944840541220927e-01,-4.731070559982303303e-01,-4.085979142395338437e-01,-4.001137465530373305e-01,-6.297776664238240452e-01,-3.669983626268978893e-01,-4.700933397209670628e-01,-3.348329599475279306e-01,-3.859547403979841085e-01,-4.612092303213101152e-01,-3.633613247656612422e-01,-4.023954501718124410e-01,-5.119458963483202174e-01,-3.284574724779722454e-01,-3.679624860751583570e-01,-2.601422911125342297e-01,-4.763579817891051560e-01,-3.097772703332030697e-01,-5.084294080686089234e-01,-4.190760201717719236e-01,-5.407148943430127863e-01,-3.518688892080490960e-01,-5.168003250852210018e-01,-4.549682583089243448e-01,-3.471007427520439448e-01,-5.612429578345280445e-01,-4.049446198357664062e-01,-5.189546399132224375e-01,-5.214277335216370712e-01,-3.960671286060445384e-01,-5.365807701906791793e-01,-4.650939585217830907e-01,-3.965183285396024493e-01,-3.436675341063284983e-01
-4.906381999140011496e-01,-5.136573441467444656e-01,-4.110424118719169795e-01,-4.446550712947304751e-01,-5.444815138956814460e-01,-5.173864793717537491e-01,-3.580072502061960038e-01,-3.248972551068911030e-01,-4.512618709448332766e-01,-4.664217595280408801e-01,-5.481316723571453275e-01,-5.633038069083584620e-01,-4.925973211340142766e-01,-6.164517729128891066e-01,-4.994858040947070532e-01,-5.187211342439967954e-01,-3.537414347529050374e-01,-4.604887629526210335e-01,-4.507421669591202829e-01,-3.293565068552528063e-01,-4.414393248249009472e-01,-3.931289111058114405e-01,-5.309403504912956206e-01,-5.884887817188038106e-01,-5.084697936978687105e-01,-2.944033210275686652e-01,-3.434229233138564874e-01,-4.757312425003165646e-01,-4.885418348856429560e-01,-5.840502933458687762e-01,-3.727919638271762759e-01,-3.199914128750147579e-01,-5.047806921136617220e-01,-5.383735782098401090e-01,-5.676042331080802805e-01,-5.527609870271640302e-01,-6.134607324058964917e-01,-4.179032302565253154e-01,-3.513945757055672581e-01,-3.948917566327121986e-01
