-1.739828232789974449e-01,-2.920958631298727348e-01,-4.428444556234651941e-01,-3.872105409856306801e-01,-3.138399972964424078e-01,-2.056152716588589557e-01,-2.858285920516802636e-01,-1.335727523493424884e-01,-2.635946648037634232e-01,-2.135166194373323556e-01,-1.713488888625517292e-01,-1.787956153611603982e-01,-2.909760826700498182e-01,2.929422734951241461e-02,-1.072796218697060489e-01,1.213738233521647778e-03,1.151405510749517469e-02,-2.306785153364123708e-01,-4.773786168657237483e-02,-4.819477333454320195e-02,-1.658627890853083264e-01,-1.210561794148344063e-02,2.633036180664875478e-02,-9.482760830670793062e-02,-6.428867886361699750e-03,-8.474778851415978864e-02,-2.077362796142864787e-01,-2.355300858416015455e-02,-4.711091936023585613e-02,-1.469311761916649618e-02,-1.988146608329460774e-01,8.965481699470701383e-04,-1.678937094088223114e-01,6.480669244940719109e-02,6.651806114114698631e-02,-9.008269744250238520e-02,-1.239797645095167128e-01,-1.663616437471465356e-02,1.236956739439321745e-01,7.239116473406641272e-02
-3.488972436196355886e-01,-3.992265158162083133e-02,-7.134575564739414899e-02,-3.552023293475206622e-01,-3.403976024793642918e-01,-3.541939238363809861e-01,-5.258189651664763042e-01,-4.198702240060710467e-01,-3.376184738890987691e-01,-3.013811847762335461e-01,-2.527465824148648621e-01,-4.154903508584615324e-01,-2.321888036165984381e-01,-1.696078633197320995e-01,-1.943637195777827564e-01,-3.390662558208833166e-02,-1.613932822349626039e-01,-1.931776965948756308e-01,-1.368814526751506964e-02,5.893969404406045748e-02,-5.595512621643600887e-02,-1.002934621072142651e-01,-1.095104325888601876e-01,-6.032946939279389825e-02,-1.445775111940540425e-01,1.254001638028542365e-01,-1.992247546285251247e-01,-1.223577995554962772e-01,-2.567747716332647867e-01,-1.539385091396899552e-01,-8.180243702462310085e-02,-1.571226017895194227e-01,5.168503893360010606e-03,3.210830548373978799e-02,-1.400520789112288667e-01,-1.713267074650605959e-01,-1.887187247068971285e-01,-6.737542667741563962e-02,-9.132888716318768307e-02,-3.946239921218276658e-02
-5.653459606102745338e-01,-2.546924284728264154e-01,-8.448546547351488967e-02,-1.290340887962643235e-01,-3.072496294904188477e-02,-3.386557873970700294e-01,-2.245192077676351761e-01,-4.607158831484796102e-01,-3.321261449384926290e-01,-4.368781997115620541e-01,-3.316130774767938050e-01,-3.232336620056488474e-01,-3.577872996195462507e-01,-3.978618991042622843e-01,-3.026609917284584506e-01,-1.671681104951013297e-01,-1.935933626771887961e-01,-3.355813026503359220e-01,-3.640885469462981083e-01,-2.093646273143235648e-01,1.290497487012626232e-02,-1.119598531584019979e-01,-3.139121456827705381e-01,-2.548836748518786277e-01,-1.804869818786040137e-01,-1.877539911565977715e-01,-1.806586640979736258e-01,-3.750378383743967481e-01,-1.328988783388782291e-01,-1.895005570121411909e-01,-1.800861561282293966e-01,-1.681324510810377204e-01,-1.910911626542546871e-01,3.973892889114029325e-02,-2.103090816255536455e-01,-2.374121163713995841e-01,-1.395329495623152949e-01,-8.432304175513297140e-02,-3.639755198513699441e-01,-7.707369274064759801e-02
-5.903941593866602888e-01,-5.313437903960106512e-01,-4.902878183709950544e-01,2.861535529288817409e-02,-6.393075940818467029e-02,-1.911182184034383169e-01,-1.256711619980191430e-01,-3.280296201890695595e-01,-2.376517580589902201e-01,-4.180726326856629149e-01,-3.801161558959205711e-01,-3.410572588721109688e-01,-3.289187809241067018e-01,-4.023761890713976053e-01,-3.018305446082852894e-01,-2.654887570989628576e-01,-2.405964247987711357e-01,-4.211949371822173438e-01,-2.624415889649121536e-01,-2.160994187036228698e-01,-4.352251937347089150e-01,-2.068781163250165145e-01,-2.124517632265097711e-01,-1.588869146849732628e-01,-2.485491100165391765e-01,-7.775565875803371052e-02,-1.884414406230117967e-01,-2.022867545970986336e-01,-1.099419512416592581e-01,-8.878031943289492467e-02,-7.189675116485330642e-02,-1.630191102568343819e-01,-2.741527605904460763e-01,-1.535562891218097414e-01,-2.047662985809939606e-01,-9.588837280092001036e-02,-4.979274963121158720e-02,-1.291301303121251409e-01,-1.177405071660292540e-01,-2.344999948756914809e-01
-5.187964138388012625e-01,-5.493060485403160609e-01,-3.582479230383206481e-01,-5.439637248229926003e-01,-2.209782872337636150e-01,-2.003019454749769505e-03,-1.272735885176463078e-01,-7.623807597127381375e-02,-2.117691202188281829e-01,-3.143615142658501838e-01,-2.786888840207081830e-01,-3.353308362487514294e-01,-1.598872790200440430e-01,-3.847082996054637660e-01,-4.932781739513292796e-01,-2.829784841737372769e-01,-3.661824635739787670e-01,-4.731541249206397959e-01,-3.851572671222233679e-01,-3.366223625472084535e-01,-3.185615522215897166e-01,-3.317775395076384415e-01,-2.898709250147485372e-01,-3.234793773258087812e-01,-1.679282638913333625e-01,-4.752112322457361371e-01,-1.773146440353323416e-01,-1.511819963268948019e-01,-3.497959524168636758e-01,-1.552090330426166009e-01,-2.579057818602003005e-01,-3.241055624278266767e-01,-1.095341387501691660e-01,-1.987516712498175186e-01,-1.234778516971044571e-01,-2.262786181780613304e-01,-2.617368018066548729e-01,-1.391612012657247321e-01,-1.791507760332066157e-01,-2.499106209684395230e-01
-5.420083406392746106e-01,-3.981947185683273882e-01,-3.791098603431322100e-01,-4.682531904978960990e-01,-1.131877325795244971e-01,-4.298643444843326666e-02,6.030715052704541980e-03,1.595216208400733818e-02,-5.289877830964415106e-02,-9.791957715203000734e-02,-4.011737869009023849e-01,-5.342813674560132897e-01,-3.760202843303377396e-01,-3.205892176367610147e-01,-2.115655972843435706e-01,-3.573494964211049729e-01,-1.855309201039737621e-01,-4.186007854079499824e-01,-3.779270553075295136e-01,-3.047451941254701313e-01,-1.812179745677898746e-01,-3.428447336979605908e-01,-3.809867136026529599e-01,-3.563954140833102691e-01,-2.980874678140525424e-01,-3.602865334239277462e-01,-4.078865985065460165e-01,-1.603306508804085984e-01,-3.553314033987804987e-01,-4.650053833419960370e-01,-1.401310196414416731e-01,-2.934855252678300053e-01,-2.125798746328689259e-01,-3.250970816832999266e-01,-2.860784860690774312e-01,-2.734099384711750624e-01,-9.750550394282463118e-02,-1.866332951500382642e-01,-3.283533235724631627e-01,-1.836511696401691984e-01
-5.942813121787284825e-01,-5.733005655751829410e-01,-4.261234564938768954e-01,-4.165596965073020130e-01,-4.490203604451380448e-01,-1.472056970326303393e-01,-1.336944357723222621e-01,-1.068721829022033047e-02,-4.623441622628766262e-02,4.158311179942015406e-02,-2.010282084619570420e-01,-2.393673573266865140e-01,-4.395232921626288092e-01,-3.681053743374969045e-01,-4.209241186667366241e-01,-4.787818964221979834e-01,-3.603805804197822704e-01,-3.738387580075187011e-01,-4.131390433043979349e-01,-2.346602497116774544e-01,-3.177003144938952972e-01,-3.642073496351952433e-01,-2.830234996788139057e-01,-2.588800305234202903e-01,-2.778857870831104582e-01,-3.828250599605574345e-01,-3.568853379870217113e-01,-3.680689997327749041e-01,-2.153895300786243250e-01,-2.837724055809340284e-01,-4.161397166795072766e-01,-3.155878700772949963e-01,-2.705650485494112134e-01,-3.041422863032840485e-01,-1.123919459309154906e-01,-3.200925893436006864e-01,-2.272642241505453131e-01,-1.160783132051159544e-01,-1.767210514295073920e-01,-1.957280367107253893e-01
-6.478553713456380869e-01,-5.880416282223581703e-01,-5.406455904310298877e-01,-2.455046815729280685e-01,-4.653019980147575230e-01,-3.166363184798145491e-01,-1.898961009122641097e-01,-1.548013953290043598e-01,-8.869832636258483116e-02,-4.054462186670327629e-03,-1.423026758690573712e-01,-4.022031538109029081e-02,-1.999174054845303805e-01,-3.268812415978761265e-01,-1.944530365386251125e-01,-1.905722697225061824e-01,-4.650137443675660953e-01,-4.033139907256265144e-01,-3.204174322663209673e-01,-3.314925776095326571e-01,-3.663022535290521020e-01,-4.314619778677918904e-01,-2.669135203300101455e-01,-3.578306580403635695e-01,-3.565331149903750441e-01,-1.175627122272085573e-01,-3.336786960384368061e-01,-4.106935736970974693e-01,-4.123659029386489983e-01,-3.183625955227327164e-01,-3.264203432770241275e-01,-4.147901622359990159e-01,-3.425056036888978195e-01,-3.914019936758974527e-01,-2.099614915468432375e-01,-4.097892746056180924e-01,-2.812337523819533058e-01,-2.080580047073245509e-01,-3.547946302656232453e-01,-3.348381983777137250e-01
-5.796751534124243710e-01,-5.771125262059885186e-01,-5.833850718740138941e-01,-5.868051400233477155e-01,-5.692843560878287912e-01,-3.522611685004048976e-01,-1.736990043087227875e-01,-1.093177843097004054e-01,-5.306617674917228633e-02,-1.322919886797286060e-01,-1.251956864517549811e-02,-6.781004512886952725e-03,-1.115431218592622398e-01,-2.231281197337162403e-01,-3.339046052049612912e-01,-2.811880892491600004e-01,-2.976146784179336535e-01,-3.492589507327498732e-01,-5.375018100135695587e-01,-4.540079877442727563e-01,-5.136276272194300052e-01,-4.596463541022582922e-01,-3.596784754041157939e-01,-3.912444487322425113e-01,-3.495027372829072054e-01,-3.278786179031747960e-01,-4.894095117693552099e-01,-3.883105241429314347e-01,-4.080747592658393041e-01,-3.095854070967539173e-01,-3.075669339735139229e-01,-2.737567898542243583e-01,-2.827905111368548829e-01,-2.221169609923974164e-01,-2.072115056439380043e-01,-2.283461658981509879e-01,-2.001580860245250892e-01,-2.201657721802784962e-01,-2.278200650023485818e-01,-3.655678446289107320e-01
-7.429768685022470898e-01,-5.715397921837497286e-01,-5.727733803766874576e-01,-5.215026545753096432e-01,-5.444966539263714767e-01,-4.001730756214217921e-01,-2.860451189663886229e-01,-2.262702497095111231e-01,-8.658804311445941759e-02,-2.785794698487887855e-01,-4.156577482185590255e-02,-5.822349093458330585e-03,-1.349853771667148261e-01,-2.610758605992093973e-01,-7.042605420359168700e-02,-3.175374257667732958e-01,-1.670713259780092774e-01,-2.405838111890184483e-01,-4.200424881029396484e-01,-3.199157739812844015e-01,-4.438697868896731014e-01,-4.218863331386497051e-01,-4.786961709920146135e-01,-4.988625273211483302e-01,-3.498602931687841977e-01,-5.083044300305330498e-01,-5.165337716381803723e-01,-4.769724542004408208e-01,-2.830776562551896580e-01,-2.811314262071882841e-01,-2.771968038032276982e-01,-2.791936469213332495e-01,-4.635114593442077879e-01,-3.903937845244704330e-01,-3.940359242247711835e-01,-2.622470076604295208e-01,-2.991956838803080387e-01,-3.651849577841707051e-01,-4.733436243578075797e-01,-2.724255204769158167e-01
-6.897371626444629422e-01,-4.915667440228010943e-01,-5.182461239828181077e-01,-6.081617293567649352e-01,-4.710672142423299458e-01,-4.238075376385532778e-01,-4.822861478062948626e-01,-2.790354475480232299e-01,-3.119504452426283825e-01,-1.145658046659681212e-01,-1.840731486248249338e-01,-4.435706736111681703e-02,-3.005197654446956079e-02,-3.790143264265018880e-02,1.845602773727529344e-01,-1.496357151445437128e-01,1.255297524383138241e-01,-4.198819546474575337e-01,-2.663940327392059215e-01,-3.534160355751500004e-01,-4.467097742218056888e-01,-3.168606866392276178e-01,-3.104756045726048685e-01,-3.450442591864166242e-01,-4.384501366536837086e-01,-2.962442444980449285e-01,-4.046700909756564268e-01,-4.625606285140997920e-01,-4.635058550047991832e-01,-3.527609185809805203e-01,-3.492167001725395292e-01,-4.698630612666509498e-01,-2.671093424313310538e-01,-4.108318425928161322e-01,-4.002189987828141393e-01,-4.030164468064070804e-01,-2.228589064039049050e-01,-3.105604818361532571e-01,-2.810548003416479257e-01,-2.917068094610720808e-01
-4.754247122286476834e-01,-6.408514124916254717e-01,-6.334645962884212222e-01,-4.165662712285904123e-01,-5.384707581499864615e-01,-4.316418614137705889e-01,-3.926278780742052388e-01,-3.054680077713246567e-01,-3.619454735531266176e-01,-3.594009561629863403e-01,-1.693318810157094789e-02,-2.134611608228484947e-01,1.169399708579840491e-01,-1.134671000179321432e-01,7.274690191694187236e-02,-9.367659267765497677e-02,-3.495598412858393345e-01,-1.855767041996654876e-01,-1.051475079738143775e-01,-3.148108382281243900e-01,-2.209982307880558883e-01,-3.964838143442527829e-01,-1.790523282720470066e-01,-2.875056592836688907e-01,-4.514318243165246769e-01,-3.735737726621783938e-01,-4.355845685630468367e-01,-2.512120861195505928e-01,-4.948715060615883621e-01,-4.641563481970303884e-01,-4.021639472006633409e-01,-4.071242053967871199e-01,-3.530519016515883401e-01,-4.456998963353409615e-01,-5.801640976488394719e-01,-3.657121347689784585e-01,-4.383061244009408552e-01,-2.617014484842258293e-01,-3.961000610203380679e-01,-3.655642403869768242e-01
-5.862085784432744529e-01,-5.900181567415925254e-01,-5.882281644787947794e-01,-6.742860497039127043e-01,-4.889237618132494245e-01,-5.208368474420289607e-01,-3.866298281041414819e-01,-2.251070901272974600e-01,-4.424176710769229803e-01,-2.213508456126319912e-01,-1.387193820153726775e-01,-8.141685394190013858e-02,-2.000700817985123225e-01,4.765516206451409637e-02,-1.212575169947658488e-01,-3.313295259718328223e-02,-1.267029848750631793e-01,-2.075192773449864858e-01,-1.490704395432236595e-01,-1.474499068287243864e-02,-2.620802986721341155e-01,-1.642654302125824417e-01,-3.342625691180891589e-01,-3.888461343584438956e-01,-4.037090890665855913e-01,-3.808386356205308299e-01,-3.385867793021573036e-01,-4.360212556597745093e-01,-3.542357466826364654e-01,-3.227209567745542573e-01,-4.475212547993941969e-01,-2.325335684355953891e-01,-2.379676797643849318e-01,-3.245787956416261166e-01,-2.944098295544562705e-01,-3.548168720548724453e-01,-5.395342404906452449e-01,-3.929008539072868511e-01,-3.289563886744701904e-01,-4.598885788178816436e-01
-5.910985706736294754e-01,-6.387152484389553297e-01,-6.818104699836632365e-01,-5.839255419790547741e-01,-6.254286008089929849e-01,-5.419961625004692252e-01,-4.728614672284662257e-01,-3.788274024349100322e-01,-4.322555250122080972e-01,-3.650305700999236791e-01,-4.335898042144256670e-01,-9.828373973588304391e-02,-1.254936229267853420e-01,-1.461218139754329459e-01,-3.167640216466365843e-01,-2.019172385660236435e-01,-2.113615641355616470e-01,-4.325752129049074274e-02,-1.024592267308432753e-01,-1.777940206902353937e-01,-1.831364415704648044e-02,-2.900155747056523126e-01,-1.934235574123991108e-01,-2.398287985721934690e-01,-3.189080942510251204e-01,-3.341431865667696122e-01,-2.532180140191052087e-01,-5.698355795869937124e-01,-4.307535552712446481e-01,-4.785506936514822840e-01,-3.849259429512075226e-01,-3.470414331728931545e-01,-5.737569528148122044e-01,-3.547832188693527677e-01,-4.728892377345860765e-01,-2.401551902848894360e-01,-4.401707754143288076e-01,-4.268293427447735211e-01,-3.023162863618247820e-01,-2.634444766414688610e-01
-5.869778985652476244e-01,-6.820119832504445423e-01,-5.407792261914858845e-01,-5.908004035098054496e-01,-6.998353684866067681e-01,-5.575788374446349893e-01,-5.356136633295389693e-01,-4.928205542066269040e-01,-3.476367864800071761e-01,-4.161575392263298645e-01,-2.631734238425649797e-01,-2.548248762948864266e-01,-3.865058297438393464e-01,-5.033436049839534743e-02,-1.767829205529993231e-01,1.367292742454221943e-01,-2.467865068760886210e-02,-9.296236446680176957e-02,-1.634938176104031582e-01,-8.691339369430331474e-02,9.101136524942217421e-02,-1.239573247195956962e-01,-3.326600737116840178e-02,-1.091687048154980494e-01,-2.333018196582723192e-01,-3.547883242768031242e-01,-3.196700056478468666e-01,-3.046395946676422328e-01,-3.056758357333498322e-01,-3.180437900898424042e-01,-3.546355448747076644e-01,-3.886196932631122425e-01,-3.148829728833640873e-01,-3.702997277930957787e-01,-4.050415670013897684e-01,-4.242698122443568365e-01,-4.160031091226106814e-01,-4.180528303669510115e-01,-4.812288677277340998e-01,-2.699002488996902205e-01
-7.110728574850945227e-01,-5.517307185736942676e-01,-6.311373395372222861e-01,-6.160440375885891662e-01,-6.144591073469114484e-01,-4.305181396646103331e-01,-4.216620229761598448e-01,-5.101182913657505980e-01,-5.077933555286929801e-01,-3.129726984056692696e-01,-1.771664950316272080e-01,-3.022519111012463844e-01,-3.530681771176774064e-01,-2.367125179166597038e-01,-1.551094778344221103e-01,-1.599631041991328717e-01,-3.549398331680261170e-02,-1.744846099658765581e-01,-1.460516367111879821e-01,-9.148065700793348021e-02,-1.911119600301769694e-01,-2.361209880247111190e-02,-2.722121404671067890e-01,-9.579145447460744867e-02,2.430535910247496028e-03,-1.814771778956171533e-01,-2.583098892676722880e-01,-4.406719834443270645e-01,-1.521913781759423323e-01,-3.410956543119825213e-01,-3.282081324627321717e-01,-1.854139880192639811e-01,-4.447576106987037314e-01,-2.613973764334215910e-01,-4.815475688286640077e-01,-2.379361934928638789e-01,-2.089857306454853403e-01,-3.355905211669752419e-01,-2.845890857182803990e-01,-4.419156020910906535e-01
-5.771764214353285460e-01,-5.500749867943955929e-01,-4.664361998639800500e-01,-5.099535457027497554e-01,-6.070374365142652273e-01,-5.515915965227606854e-01,-4.238429610022044214e-01,-4.850368770511651606e-01,-4.960301587665579270e-01,-3.874103149662520007e-01,-4.394643298090897821e-01,-3.584864717580948379e-01,-1.627389198964608041e-01,-1.817347881621748096e-01,-1.872215871159767786e-01,-2.637920522641053478e-01,-3.252902402652845248e-01,-1.660404082710044971e-01,-9.263206403711485293e-02,-1.902613838382541389e-01,-1.336902387640208356e-01,-1.060916596993760480e-01,-1.897588122664406185e-01,-1.191058652360322268e-01,-5.107946834551312792e-02,-4.479192041552560594e-02,-2.181416619398840462e-01,-1.972112369974955703e-01,-1.643877904055937866e-01,-2.310115670670125076e-01,-2.944094325714516902e-01,-3.547904211204194747e-01,-3.898275567283920884e-01,-3.560410132190585109e-01,-3.532153868720027678e-01,-4.827420101159637933e-01,-3.658934926586422942e-01,-3.630737336363801249e-01,-3.353880066264500193e-01,-3.635471182546702873e-01
-6.672025219668197282e-01,-5.384242487039706537e-01,-6.191245657454731433e-01,-5.027678356079638977e-01,-5.559489340286115633e-01,-6.145109224111158230e-01,-5.478539905604442595e-01,-4.539396404751417924e-01,-4.809310032001392066e-01,-4.767086386371131579e-01,-4.269368311239599145e-01,-4.222019923327692825e-01,-2.833616080932668257e-01,-3.055345315652608362e-01,-2.473976989652144909e-01,-2.097671562526871314e-01,-1.601626520723350156e-01,-2.342758026577274333e-01,-1.314833704607329956e-01,-2.266184761673174786e-01,-2.950112942557597817e-01,-1.911004931806259965e-01,-4.884636662109718280e-02,-1.421716595165292175e-02,-1.620491004019099790e-01,-1.143260507887711719e-01,-8.549300166928366917e-02,-2.761353494568737355e-01,-1.791101095502926344e-01,-2.048175594516525588e-01,-3.129198326121373497e-01,-3.387528353667528802e-01,-3.792458479661757753e-01,-4.779488407580726461e-01,-2.704907815826352313e-01,-4.113844224830264240e-01,-4.329640028092932025e-01,-4.467457198529843909e-01,-2.381525723042829668e-01,-4.339942449147927706e-01
-6.026380709942255054e-01,-5.114946015179347993e-01,-6.792055874545227523e-01,-4.719802008280044592e-01,-5.454115697564986265e-01,-4.328053293091710385e-01,-5.674201396988530766e-01,-3.902509416906770334e-01,-5.196707601604303450e-01,-5.019403771067008080e-01,-4.519709185254290329e-01,-4.071061601386679052e-01,-3.117917100683866849e-01,-4.391477528407025099e-01,-2.651127635544677785e-01,-4.059058762765434536e-01,-2.889488797853425606e-01,-1.209014393200038839e-01,-3.882267361248999959e-01,-5.232235993875673785e-02,-1.052558206190305629e-01,-7.274082662859296389e-02,7.698647438312958280e-02,-1.397817308298419658e-01,-8.918023094444479937e-02,-1.144281221746510369e-01,2.317516424680303097e-02,-1.043049735694613483e-01,-2.045778597034711987e-01,-2.308157234948519654e-01,-1.411250275109011687e-01,7.338301719846646032e-02,-2.267275411966893917e-01,-4.318704292432839487e-01,-3.708442900632645256e-01,-4.445625348926626197e-01,-3.325956966818325311e-01,-3.959054376599555614e-01,-4.251632386104445827e-01,-3.723524580529499195e-01
-6.416888014312570609e-01,-6.077714788959193148e-01,-6.625630771438618671e-01,-6.256893529863931658e-01,-5.363113426622050373e-01,-6.389964061483924818e-01,-5.463104139551483440e-01,-3.920104366127333262e-01,-4.753213046470259329e-01,-4.030848868095481263e-01,-3.627559368509338245e-01,-3.057411506052526429e-01,-5.287968852885130966e-01,-3.225591123190560405e-01,-4.290327703463076570e-01,-1.543428372063412879e-01,-1.861717178646689064e-01,-1.297606691598005291e-01,-1.436552153968863321e-01,-1.429791236585914449e-01,-2.689751730008099195e-01,-2.608420075483713352e-01,-2.414171963104462526e-02,-2.829716870791416650e-01,9.244749316586929611e-02,9.289703065880328126e-02,7.089604113676778452e-02,-3.651107962040112294e-03,-1.119401696282162038e-02,-2.371463502934668399e-01,-1.683020219596916001e-01,-2.648756792654440306e-01,-2.281910623798926452e-01,-2.266818801470011358e-01,-1.432448652610473772e-01,-4.153527579542962145e-01,-2.292828351657754393e-01,-3.590563838978085287e-01,-2.818002655610160057e-01,-1.748564759374029720e-01
-6.845358407381745280e-01,-5.836006632524119997e-01,-6.829968340851116926e-01,-6.107224861735410792e-01,-6.336833762828304462e-01,-5.534411039105017194e-01,-5.412709416885106428e-01,-6.194120955301374298e-01,-4.997786797966247696e-01,-3.840456602765146554e-01,-4.190528185260580241e-01,-4.640503736920845723e-01,-2.280013857167078328e-01,-4.163286183390582096e-01,-3.831029346109428024e-01,-2.625261849986299523e-01,-2.356706029110042233e-01,-2.848276749172001798e-01,-2.298715316883184756e-01,-3.408259293953501134e-01,-6.609279149066588088e-02,-2.342943832107779178e-01,-1.904095150674602333e-01,-2.648586330025281405e-02,-1.513056168928391277e-03,-3.019886430720602338e-02,1.137179207342557154e-02,-2.294767200626020645e-03,8.796748348010346996e-02,-2.731913716034199968e-01,-1.484590662830988506e-01,-1.098913118987907556e-01,-1.441416332587955595e-01,-8.385101133065812895e-02,-1.634972667470204755e-01,-3.712210369902917417e-01,-2.989468468412407320e-01,-3.067910083544221345e-01,-1.946056551672545598e-01,-4.483160028058964519e-01
-6.998134060493027553e-01,-5.219399739390416793e-01,-6.320283136637118160e-01,-6.788059406554575181e-01,-6.245700500010499256e-01,-5.398054572672686957e-01,-4.944695704699636485e-01,-5.269447260525585985e-01,-3.971640343724464062e-01,-4.738387314507625514e-01,-5.087474652130382635e-01,-5.447428998001753175e-01,-3.460419449429940619e-01,-4.520713473520632797e-01,-2.345003154843663118e-01,-3.022386822595127809e-01,-2.036296089263815168e-01,-1.260694278151703873e-01,-2.791341867386943898e-01,-7.132017971392688727e-02,-1.297955996467489992e-01,-4.959305770358077292e-02,-2.363010613642441693e-01,-3.099825461455680414e-02,-2.077958640989173433e-01,-1.099448078150297436e-01,-1.207961944023430850e-01,-7.557936476285727345e-02,2.251649944183260407e-02,-6.173580767254799317e-03,-5.547256496294325490e-02,9.129988158126305098e-02,-8.995864160816817445e-02,5.237950550177648129e-02,-2.463016652320663691e-01,-9.268056896402435130e-02,-1.826626422325478005e-01,-1.846368532713395794e-01,-2.323823229876807450e-01,-2.531856008556762072e-01
-5.881104700790823481e-01,-6.047148102581494378e-01,-5.908684490902470499e-01,-6.110907625423563916e-01,-5.401988990270898405e-01,-5.634100405175538340e-01,-4.574475257784058058e-01,-5.165345071174072267e-01,-4.646539591821692849e-01,-5.094096700960756285e-01,-4.996038049400924330e-01,-4.966697000780561089e-01,-3.979495005513350447e-01,-4.151956161645593002e-01,-5.842101327731087368e-01,-3.214841079763297582e-01,-4.408946670091094533e-01,-2.422353518769711500e-01,-3.143499504260623412e-01,-3.717472903335531376e-01,-6.473093874465279951e-02,-1.968831018649362385e-01,-7.371906761955296372e-02,-4.214112193090572417e-02,-1.972164182360148788e-01,-1.030664489667486861e-01,-3.478973490078901554e-01,-4.769770949627871737e-02,7.955171504849595232e-02,-5.328852481414186187e-02,-3.362752563499937786e-02,-1.861487644161264887e-01,-1.164705846096249775e-01,-3.038060323956089104e-02,-2.248084657017466736e-01,1.156177123482821645e-01,-1.777714691258048541e-01,-1.611932444830350974e-01,-3.290126525550778336e-01,-2.428145706127901038e-01
-6.483892334781705680e-01,-5.853517404592494255e-01,-5.367158344496661959e-01,-5.821561334020767253e-01,-5.656184834350502788e-01,-5.525816826345971711e-01,-5.636679653753459140e-01,-4.554980419334506148e-01,-6.300696976878749078e-01,-5.242363354364492078e-01,-5.648661543181846545e-01,-4.304636461158998229e-01,-4.282680310321308470e-01,-4.673740389423466923e-01,-3.893300940423017886e-01,-3.139298386106518790e-01,-4.434781101883170651e-01,-2.010257123475098495e-01,-3.892028584666971103e-01,-1.153740437092559828e-01,-2.695956256661243833e-01,-3.617602191931832412e-01,-2.165745425157772630e-01,-2.801105461748056857e-01,4.650475209033325119e-02,-6.306297640358685987e-03,-6.849845034575009761e-02,-3.836352376831529687e-02,1.477145340282058628e-01,-2.112653220388424902e-01,-8.931644332790648899e-02,-9.901895072101594975e-02,-9.829836998902384548e-02,1.611552766577927301e-02,-1.451301830921668534e-01,7.221751508404347653e-02,-2.200016389865307453e-01,3.164128662235631689e-02,-2.981605688133763810e-01,-2.400323842968015986e-01
-5.916788800914768442e-01,-6.089232592032562952e-01,-7.079305797008083045e-01,-6.537101245712378939e-01,-5.960512067187925256e-01,-6.067756164496184157e-01,-6.089374881758288227e-01,-4.144627168974884257e-01,-5.353170983837078900e-01,-6.447860599603058018e-01,-5.719450193105780622e-01,-4.169129515370365024e-01,-5.520507702751525914e-01,-3.191548047623421480e-01,-3.932427812477118367e-01,-2.692706849549552084e-01,-2.768174168167609750e-01,-2.926678169055717538e-01,-2.694050964830195238e-01,-1.632767753042688175e-01,-2.242620521534923472e-01,-4.332156642740980224e-01,-7.474288232441377022e-02,4.677507851888906137e-02,-1.596208352818487552e-01,-2.404184327263165014e-02,-3.222547989517922651e-01,9.700322210743191065e-03,-2.075254450626204221e-03,-1.578637523911622653e-01,-1.222196766291057252e-01,-8.710694285716505739e-03,6.167354390156964267e-02,-8.472826861501520090e-02,1.706680874579727739e-02,7.248295187240853810e-02,-2.339821293931448332e-01,-1.325910439205577052e-01,-5.507145867809114248e-02,-1.482794801678423702e-01
-6.228199183428588803e-01,-7.052290093379129932e-01,-6.125220213678089776e-01,-6.229112984693881971e-01,-5.360562720358660327e-01,-5.678780460581538403e-01,-7.291649229381463870e-01,-5.211543937854520303e-01,-6.045991931454633983e-01,-6.225527919413942346e-01,-4.481337579551285533e-01,-5.030491951207385348e-01,-3.890270326708634707e-01,-5.121367434080209557e-01,-3.475118565976112461e-01,-4.395599579337321483e-01,-4.213670196545172830e-01,-4.164276984733982778e-01,-1.521867572451640060e-01,-1.963749410525658379e-01,-2.251244465645882431e-01,-3.420178545092413258e-01,-2.456513760707434435e-01,-2.226324395169271553e-01,-1.284831458206760757e-01,-2.017802643992784584e-02,-1.019147804156855658e-01,8.501785013488025178e-02,-2.049243951383320494e-01,-2.761128608270069142e-03,-6.942617598146760827e-02,5.090699867017043842e-03,-8.572552346862533090e-02,-2.448357797307501305e-01,-7.758126611914591131e-02,-1.387780559018871041e-01,-9.057883121392686088e-02,-2.738601682779119861e-01,-1.409521830489901539e-01,-6.362175782254939072e-02
-6.330084379589392407e-01,-6.161910519397727493e-01,-5.915655797843655250e-01,-5.620670962179262764e-01,-6.373074449691994436e-01,-5.177774723654371414e-01,-5.188777311206427267e-01,-5.551431924614707025e-01,-4.317685681770582207e-01,-4.833114489180999063e-01,-6.210616925250868059e-01,-5.055413066898938323e-01,-5.379471705496832179e-01,-4.136055535744155298e-01,-4.982586004661503365e-01,-3.851361106112111687e-01,-4.591828159555734201e-01,-2.988006660499797906e-01,-2.611115960858070850e-01,-3.554990585607986642e-01,-1.934883292519780362e-01,-2.284324620024912045e-01,-3.076667704000518588e-01,-2.998798799209582144e-01,-9.603589977973280012e-02,-1.498797996104060393e-01,-1.507751453350319459e-01,-1.400048306553987876e-01,-4.897358125212915303e-02,-5.020411593173713244e-02,-2.562918435364643921e-01,-1.042921326893998663e-01,-5.631992616965812021e-02,-3.315058328038325564e-01,-3.991694515008224059e-02,-1.317463125357170028e-01,-2.198016849600482187e-02,-7.738802471580584486e-02,-5.330463758580499672e-02,-2.496955740491188236e-01
-5.972594793324137452e-01,-5.488272932871643972e-01,-5.636196744605642683e-01,-5.300706289820645845e-01,-6.168341266023763536e-01,-4.943882000468396432e-01,-5.084702613445137853e-01,-5.860241225621757311e-01,-5.836216384431524018e-01,-5.503848572349411272e-01,-5.041169801738720757e-01,-3.747347874659743283e-01,-5.259985776414920489e-01,-4.579200758634570656e-01,-3.610720888898306669e-01,-3.837424595007864481e-01,-2.486627679073984964e-01,-3.216928350076391774e-01,-2.565349923474615768e-01,-3.504729602069625027e-01,-3.322174333689428272e-01,-2.203548155178651213e-01,-1.922513614052475395e-01,-2.915373453173824569e-01,-1.232268381654936101e-01,-2.356969414312793387e-01,-3.763499934256351875e-01,-1.671088001127125355e-01,1.235919706497293907e-01,-8.159349453006896347e-02,3.782550969806763863e-02,-2.764447532078434522e-01,-1.359206712491500477e-02,-3.640367051367225399e-03,-1.010732785100261627e-01,-5.124230649631267634e-03,-1.440898798887024490e-01,-1.623514941843658688e-01,-1.688385353060429250e-01,-2.531970139719323387e-01
-6.274237996105754833e-01,-6.087250812033779823e-01,-5.874000296415167188e-01,-6.459895060281984902e-01,-6.685305036348229146e-01,-5.693861574521685842e-01,-5.617528164517522349e-01,-5.798877214909089473e-01,-5.151149596007023046e-01,-6.346157840719094390e-01,-5.401928873053055691e-01,-6.502017483684845445e-01,-6.162734324334075975e-01,-4.939742375251505169e-01,-4.701414054230074191e-01,-3.731852061049506508e-01,-4.063888579339505758e-01,-4.555267209985774945e-01,-4.402418764657626826e-01,-2.853557811229069929e-01,-2.625510264181383224e-01,-4.582221169125816340e-01,-4.365514457136928650e-01,-2.248113148994480281e-01,-1.977373579720812513e-01,-2.684628005939651563e-01,-8.021894832082995808e-02,-8.939788478769276903e-02,-1.407036935384394782e-01,-2.818887610599564719e-01,-3.323482099096217723e-01,-1.535935383957214850e-01,-1.601417621556225357e-01,-5.428664559728759581e-02,-1.010457574769230843e-02,-1.015174051103187314e-01,-1.936164992752565095e-01,-1.602326091728291657e-01,-3.029303325874242031e-02,-5.663091848442591836e-02
-6.254681939964221726e-01,-5.555466786962495185e-01,-5.559063568446050985e-01,-5.704335075612099182e-01,-5.708832221471719093e-01,-5.321792806662922759e-01,-5.470402089296542147e-01,-5.435383760036111012e-01,-5.904606988429963454e-01,-4.810880853284900671e-01,-5.490648731327277821e-01,-3.843568571954729118e-01,-5.350112641806965552e-01,-5.624785110317893633e-01,-3.727170703805466334e-01,-4.532183622435782544e-01,-4.429598230500985667e-01,-4.739526350402258337e-01,-4.690107889971916189e-01,-3.358285328915658341e-01,-3.375365243559682038e-01,-2.793672836772821966e-01,-2.980962157575400839e-01,-3.447175260858377777e-01,-2.828601205818762621e-01,-3.447295221436331714e-01,-2.185230240731048379e-01,-2.773376570168696875e-01,-9.770963314634549535e-02,-2.634401197167998143e-01,-2.116599177869120385e-01,-2.547931178129422825e-01,-1.507012101799173887e-01,-1.230659628727639315e-01,-1.686113235421305701e-01,1.190990594945972106e-02,-1.943582066757465476e-02,-1.757661796224549433e-01,-1.713735295517290411e-02,1.148498683128564846e-01
-5.458933000289335480e-01,-7.012721334090936676e-01,-6.602891622380197001e-01,-5.788989600446193817e-01,-6.059485387396849054e-01,-6.486050469441695387e-01,-5.638155045029591417e-01,-5.190971442414585857e-01,-6.982707486903397820e-01,-4.925214536156187761e-01,-5.613770080619115976e-01,-5.623912167377521643e-01,-4.633019656769332695e-01,-4.008753176640487137e-01,-5.187165097852891593e-01,-5.496667102136433281e-01,-4.504599351897789483e-01,-4.218405307577425822e-01,-3.599521119048258444e-01,-3.975695000938844759e-01,-2.408747248705935540e-01,-3.150869378282336597e-01,-3.556851583353238810e-01,-2.536774746180894824e-01,-4.178786950374142606e-01,-2.587705127483714285e-01,-1.157499565232775751e-01,-3.315713749183178960e-01,-3.014213186843062164e-01,3.756594875997332434e-04,-2.121732574899056478e-01,-3.539022879350360307e-01,-8.345163588604768978e-02,-1.275473803628117131e-01,-1.767428405552582682e-01,-6.380295762530248382e-02,1.169604358216272920e-02,-1.532214798395282740e-01,1.813368282076214533e-01,1.434183012076158392e-01
-6.165539658514879173e-01,-5.759759215991500092e-01,-5.635836722601070825e-01,-7.012616688215516092e-01,-6.825907467640518478e-01,-6.170754347091668146e-01,-5.302331753801881042e-01,-6.407919989994526055e-01,-6.403359776035651985e-01,-5.831638523830977583e-01,-3.924852530591060873e-01,-4.073485039819109699e-01,-5.631452100187245291e-01,-6.038842045031700412e-01,-5.768092381528997503e-01,-4.863032694040342330e-01,-4.125806496803984813e-01,-3.867576479714882609e-01,-5.007821718651972454e-01,-1.953473398593645605e-01,-3.691592354310442858e-01,-2.902026840967898424e-01,-3.161817284871196176e-01,-2.122261885327325903e-01,-3.161365294722399133e-01,-3.153132325277118730e-01,-1.595517708435698068e-01,-1.455728002400169252e-01,-3.361980234736848261e-01,-1.362918005290296997e-01,-5.230708996023480245e-02,-2.004522124001169303e-01,8.064627881182855063e-02,-1.943225738184527207e-01,-1.781564831848231056e-01,-2.196255432562825016e-01,-7.674420817299308639e-02,-1.471484931676599051e-01,1.308874872447661833e-02,-1.712270033925946677e-01
-6.396735168903247004e-01,-5.532804623177303149e-01,-6.316534528318944464e-01,-5.349622863532202954e-01,-6.427943011480521385e-01,-6.434471837603183975e-01,-6.363206932995343346e-01,-5.515092525835437742e-01,-6.334946468155625565e-01,-5.457046170789733308e-01,-4.932783211703254400e-01,-4.601162466778550009e-01,-5.633342362550218807e-01,-5.467860323328453953e-01,-5.485265541002016798e-01,-5.032676593406061327e-01,-4.296712718498592598e-01,-4.158251905160129658e-01,-4.820188899684521022e-01,-3.682060696133470090e-01,-2.432049966467005331e-01,-3.562524270979301466e-01,-3.866192893341750536e-01,-3.531596189479258574e-01,-2.864897844082804346e-01,-2.994084546718809858e-01,-2.844291138290376275e-01,-3.687933029696024989e-01,-3.638462051807145881e-01,-6.165064568083682139e-02,-2.924552420450686752e-01,-1.643714184175787130e-01,-1.661997229914266017e-01,-2.206879206835109519e-01,-3.322586510160138035e-02,-6.347449878247640731e-02,-2.910145583018667881e-01,-1.487927257454821073e-01,-1.344422884729961631e-01,-3.262943681488201381e-02
-5.385389002874571007e-01,-6.472963843726148303e-01,-5.940288026638735897e-01,-5.704813015338566773e-01,-6.672656576008425544e-01,-5.965608372642396962e-01,-6.270448091475404606e-01,-5.961511010965393487e-01,-5.579421847913850208e-01,-5.406254548216739009e-01,-4.715863943305153572e-01,-4.471798490811337290e-01,-5.349405592469451687e-01,-5.027233467715128690e-01,-4.299753362789134337e-01,-4.263402128745766295e-01,-5.088813966088153729e-01,-5.053347906417109403e-01,-4.599802716867146812e-01,-4.638773517459721663e-01,-4.497273476340014620e-01,-4.085339006942272921e-01,-3.817751882356980042e-01,-2.452283533104069602e-01,-4.049952188644063700e-01,-2.890124381175800949e-01,-3.764791651492606084e-01,-1.928512968781776749e-01,-4.093726624074400106e-02,-1.507199249751646764e-01,-1.823449927588142450e-01,-1.238342793490214561e-01,-1.251216483817810809e-01,-2.251003809556710589e-01,-1.063379639778147395e-01,6.218217195658182206e-04,-6.164968166913471770e-02,-2.121096811893950773e-01,-2.529463236963332418e-01,-1.165044707428537357e-01
-6.394340343860300813e-01,-6.542068614722789111e-01,-5.885245819240301213e-01,-5.998946789674046709e-01,-5.908343366398293162e-01,-5.608380298690337495e-01,-5.930359173310636445e-01,-5.894084899985532200e-01,-5.501109986823837783e-01,-5.503703208759243015e-01,-5.098753928994592677e-01,-5.495770336994479921e-01,-4.190076615427379969e-01,-4.967068536978423432e-01,-5.318562235436491425e-01,-4.669427300239002987e-01,-4.863423458329110272e-01,-4.151338466678859418e-01,-5.064797879205685804e-01,-4.957052244167682864e-01,-3.434566873348493532e-01,-3.531383811882417567e-01,-2.180228501122720708e-01,-4.098934451901612430e-01,-4.458423181927724244e-01,-1.314396479067259649e-01,-2.826562595518302690e-01,-2.738691196505398939e-01,-9.555704546301926894e-02,-2.828128811806897569e-01,-3.264318253555671956e-01,-2.755939663797994377e-01,-2.442795039995752926e-01,-3.736227203150476739e-01,-1.242150387472708978e-01,-3.126868156908488294e-01,-1.838782852072942120e-01,-8.507406952782819998e-02,-2.411644848497367932e-01,6.188018618856815090e-02
-6.244256544741639825e-01,-6.152664433407658562e-01,-5.780520346863641246e-01,-6.637587284271888599e-01,-6.276119342921896438e-01,-4.669757742342263152e-01,-6.146608169475180627e-01,-5.806085168395401785e-01,-5.751239553781235525e-01,-5.396446248679805935e-01,-5.622174338315566455e-01,-5.522236037611264470e-01,-5.562276155013289314e-01,-5.348881878312715665e-01,-5.370880975870231389e-01,-5.075723124308331169e-01,-4.297969080192847735e-01,-5.031594286429212914e-01,-4.572578089029414872e-01,-5.327255098338903316e-01,-3.928197443408668055e-01,-3.293059984153017816e-01,-3.797485784174667867e-01,-4.654808045868864541e-01,-3.026458385934616691e-01,-2.781650336873592866e-01,-3.421766626358025976e-01,-2.715273683883190348e-01,-2.829128542895595899e-01,-2.463742556382510218e-01,-3.608942246065180992e-01,-1.806870095105620189e-01,-7.465258085603075633e-02,-1.998079979237838422e-01,-2.074519406353920736e-01,3.309137988977528533e-02,-2.251854355738602265e-01,-1.816273326136986499e-01,-3.732420470718667560e-01,-2.246402590946333933e-01
-5.692602313482311160e-01,-6.063868556422067346e-01,-6.792995799125248757e-01,-6.246216131886599410e-01,-6.815675026298709804e-01,-5.878235904061959172e-01,-6.254779504271323898e-01,-3.847266998452246733e-01,-5.474105188970441738e-01,-5.788829986073725786e-01,-5.038727698681249034e-01,-5.680773646449183145e-01,-3.074788642518864745e-01,-5.824887171052353096e-01,-5.622543825746100232e-01,-5.045512234451349221e-01,-5.727054574327298253e-01,-4.324431484398069681e-01,-4.935061902542018930e-01,-4.973604692165387586e-01,-5.140240610597921478e-01,-4.496308282461041750e-01,-4.692012043516571307e-01,-5.313199053165672536e-01,-5.057825223362376610e-01,-5.255983505125365607e-01,-2.562436607851777959e-01,-2.473676613826602810e-01,-1.578786483789720307e-01,-2.116830481619373927e-01,-2.062969667323164280e-01,-1.658108498097027039e-01,6.810863153628970556e-04,-4.874987391416635979e-02,-2.506863710705246051e-01,-2.292195085274570943e-01,-1.237656517976098852e-01,-2.477090196073056944e-02,-1.988586097322312951e-01,-1.804025045861242793e-01
-6.385040363074084846e-01,-6.760874457796527404e-01,-7.168186100206239697e-01,-6.251292186652511740e-01,-6.301662025772796216e-01,-7.183124477054020351e-01,-5.921325539175545938e-01,-6.662382405186985102e-01,-5.163076966561509495e-01,-5.267809222535775326e-01,-5.471805187715688135e-01,-5.479011436533470780e-01,-5.243351803873836925e-01,-5.131951225696227414e-01,-5.300821466540196480e-01,-5.040850718981841894e-01,-6.009250476053099588e-01,-5.357540298339028562e-01,-4.373186884818045517e-01,-4.954811745204354967e-01,-4.137882442383291060e-01,-4.349334865253697280e-01,-3.182779691485751461e-01,-3.003172639872210836e-01,-2.979815256124401790e-01,-3.095237151599376513e-01,-2.846404757705831012e-01,-3.119090270157666156e-01,-4.228061572396423773e-01,-1.599739521847935719e-01,-2.208782717034760701e-01,-8.831776467945584141e-04,-2.763316774435534695e-01,-3.282558842071413574e-01,-1.712439272800993506e-01,-1.513754799506967508e-01,-2.524381750017986592e-01,-1.436177881080828445e-01,-5.875753374836301807e-02,-6.596513354059822809e-02
-6.323577373483542097e-01,-7.343877333958445108e-01,-5.576384915626433347e-01,-5.788978696272774060e-01,-6.422869147411714996e-01,-6.317431187019620920e-01,-5.545130288376104444e-01,-5.616710835782575684e-01,-6.243823924629486877e-01,-4.117228754346237141e-01,-5.864758615394198848e-01,-5.276539567039300049e-01,-4.868714384244030025e-01,-6.847681910670654348e-01,-4.896255320378048448e-01,-4.497039702239757353e-01,-6.046581351859425801e-01,-3.830029682273701774e-01,-3.657585394159310055e-01,-5.198107325618238628e-01,-3.227956892598025096e-01,-4.826028839298388551e-01,-3.916751603368507362e-01,-5.354050988492233820e-01,-4.403989293587269316e-01,-1.996860903519915853e-01,-3.278470163143978877e-01,-2.062124305079670872e-01,-2.670683430881450326e-01,-3.726420213176055984e-01,-3.089181330635338840e-01,-1.046835401272638161e-01,-1.085337768028910715e-01,-1.196265642954853908e-01,-2.514106824377446148e-01,-1.947600683355924234e-01,-2.043092853295803701e-01,-8.670205375632746014e-02,-1.194133730317843423e-01,-1.061693172830743409e-01
-5.710642269501092771e-01,-6.565843802379709437e-01,-6.956188590903314983e-01,-5.975260991953620371e-01,-6.823996675039787352e-01,-6.887911076076265182e-01,-5.416953059408071702e-01,-6.064178623847048533e-01,-6.155191420562086124e-01,-5.361509546761407119e-01,-6.151533437969305407e-01,-6.406812974598480315e-01,-5.519302424622705150e-01,-4.999000879666229968e-01,-4.218878212130215966e-01,-6.319662282377422891e-01,-4.802647893402368640e-01,-4.269158042078043391e-01,-5.751489018756136273e-01,-6.345079575227905444e-01,-4.761470491770881108e-01,-5.269266344332156349e-01,-3.365946619364207359e-01,-3.875023797871831599e-01,-3.963476678247758733e-01,-3.546109144312586392e-01,-3.088823980834261573e-01,-3.219081483197642202e-01,-2.383419579280364464e-01,-3.034179328218202243e-01,-3.708219072000984440e-01,-2.492995888293880191e-01,-2.401435333498947999e-01,-3.371006068039051340e-01,-3.430548264884574206e-01,-1.163489701833395895e-01,1.986945057324398731e-02,-3.647202271071819379e-01,-1.035024732360919769e-01,-2.034326086923965993e-01
