1.912313736276919085e-01,2.135974295655153621e-01,2.512375598768072926e-01,2.625319955165469343e-01,2.252515524345840292e-01,3.699722534910465099e-01,1.234404787284906629e-01,3.418918123660722452e-01,1.264711403298238168e-01,5.738423654267368335e-01,7.270389125583149870e-01,4.430279390091612646e-01,5.756550627702627931e-01,3.137314005422862651e-01,1.323639472905906722e-01,5.220926163865267089e-01,4.079716353654222472e-01,5.892119492141272286e-01,4.633787668552355465e-01,4.632968637527908884e-01,3.801230390162638750e-01,6.840542438949143156e-01,5.161551044392517218e-01,6.665420441240590410e-01,4.894623287750835550e-01,6.473445814022851241e-01,7.018077048781717897e-01,7.614479384239509763e-01,5.449688315998636456e-01,5.790405958013247201e-01,-6.083639327006717945e-01,-8.295525576034661341e-01,-6.781579348476102220e-01,-7.017014620581601969e-01,-4.560690636622456440e-01,-4.322518107557778433e-01,-6.799994070875391428e-01,-7.741363463891961505e-01,-6.813509080222340808e-02,-8.069722741670846133e-01,-4.996932469283498213e-01,-6.619941892842353681e-01,-6.118294570807585320e-01,-6.409635989820394730e-01,-5.078215287172648251e-01,-4.611006875914147041e-01,-6.011947613357234710e-01,-6.760153677881228784e-01,-4.862158678429556180e-01,-4.799587902891399582e-01,-4.760049180186907702e-01,-4.354084229543311868e-01,-4.364880335822027280e-01,-3.744450053509071341e-01,-5.601546757899975582e-01,-4.067320118038598720e-01,-1.966880414248718956e-01,-3.120063364242076087e-01,-3.194668800483519977e-01,7.041474155901222831e-02
2.108667994666300893e-01,4.848959024577150778e-01,4.700314170955367521e-01,2.627681468310333335e-01,3.983752028609092721e-01,6.874532771582453350e-02,3.673750045983890655e-01,1.827152453168549850e-01,7.889260685960971520e-01,1.954358614891700541e-01,6.343939276114448633e-01,4.738111314457528200e-01,5.339848878903468155e-01,3.394758312353664542e-01,7.200884110279035522e-01,5.449118907312481275e-01,8.095539491374445507e-02,5.879858090320182473e-01,6.420907171686031090e-01,4.655478696853013187e-01,3.631666961672040950e-01,5.985814465039115406e-01,5.014475720812993087e-01,6.296609535081969522e-01,7.888943179727485600e-01,4.900459192629842420e-01,5.588945836525446298e-01,4.765741002574584995e-01,4.434057868590102203e-01,2.234545966029522768e-01,-2.077591239253457345e-01,-3.658557266075096459e-01,-7.941286973066652433e-01,-5.316781235055229038e-01,-7.377696246709900540e-01,-6.621779043035168622e-01,-6.075633562349691541e-01,-8.306243613637358525e-01,-6.854351007455660172e-01,-5.298404322901594243e-01,-5.654907891133534870e-01,-6.100047880828374236e-01,-6.059305534169835417e-01,-4.552973821989648728e-01,-3.279174060098797860e-01,-5.748567415724381569e-01,-3.293984924039448647e-01,-1.145800142814611122e-01,-5.469487253935868543e-01,-4.325484648015701650e-01,-5.349283789275046663e-01,-6.162601217386080021e-01,-2.782573815388349470e-01,-4.405319308948752455e-01,-4.738673459865349602e-01,-4.566344211884489357e-01,-2.810594233527310970e-01,-5.162947728699190941e-01,-4.918641504738794912e-01,-3.078455148470922165e-01
2.979542788817117205e-01,2.253849595312682474e-01,4.925551517516809641e-01,3.958782388762287219e-02,3.966972979996346016e-01,5.391433535703684665e-01,2.345307122432029878e-01,2.300811773533796567e-01,5.286368713111232465e-01,3.052623754040273418e-01,5.145290893009194511e-01,5.544092126188158165e-01,3.995286667677069303e-01,3.728146246457481605e-01,5.241590709776332568e-01,3.380774314566029615e-01,5.319447815988855854e-01,5.499085712750575450e-01,5.018701091664827807e-01,4.150162447575631575e-01,6.715246323164658637e-01,6.453273784984366879e-01,4.908640575654398264e-01,5.166871421334845449e-01,6.288079161936602768e-01,7.569866714251515250e-01,6.361168274062682926e-01,5.415452050745505064e-01,4.655220214322707273e-01,3.379438001059597019e-01,-1.013179301328082371e-01,-3.895232719645679853e-01,-6.696394870677454536e-01,-6.997129260159533626e-01,-5.331521604391329383e-01,-6.908581660469055308e-01,-5.082664260242384380e-01,-7.260442280617794841e-01,-5.462958402715624162e-01,-4.614479485016829696e-01,-7.139470251878496931e-01,-3.564765812332476580e-01,-5.889660912924086222e-01,-7.462370211745746884e-01,-3.759465006246274221e-01,-7.060978999470088890e-01,-4.256732757619985930e-01,-2.280308876713875166e-01,-2.724184686780132258e-01,-4.837650356209115543e-01,-5.083591190882377209e-01,-4.862856825246583137e-01,-4.738181377339534817e-01,-5.885557120376577744e-01,-4.781704785163681803e-01,-4.730489608916552124e-01,-3.232363883289552930e-01,-5.699692450385726028e-01,-4.284827868550218355e-01,-4.426489810071647102e-01
3.214022449736594345e-01,4.034743610885248577e-01,3.160191301306070621e-01,6.352129301658997473e-01,4.315219450826019987e-01,6.698432550044424172e-01,4.813455772125766474e-01,4.191724951342818417e-01,6.644253705420958278e-01,3.731199530122617514e-01,3.445672279879693489e-01,4.168876449727809685e-01,5.532456424233811454e-01,4.853484931697604199e-01,5.210467993709926304e-01,5.383503551676557253e-01,4.796552669457283535e-01,3.037651189622463388e-01,5.736643455826476723e-01,5.753067987892016566e-01,8.259117675171445683e-01,6.536945154012154813e-01,6.663208960958357796e-01,7.587634026402516607e-01,5.326619684261862941e-01,5.629105724876404260e-01,5.432583298106662406e-01,6.389273678956005620e-01,4.299039502713199457e-01,3.598337809423867162e-01,-2.547377387244345037e-01,-2.688219664174377743e-01,-6.128539494308393731e-01,-2.696759255868154681e-01,-7.213576899752925931e-01,-7.232368543809026828e-01,-7.384974347869919242e-01,-6.411428689498979150e-01,-6.653931976739262399e-01,-7.129790546026527620e-01,-4.412051603528578947e-01,-6.703601643845832347e-01,-3.768006515546646895e-01,-6.530542765152134166e-01,-5.217092401133929247e-01,-4.124275039269285625e-01,-6.447621380132483315e-01,-3.151148512231918830e-01,-3.236785349733913852e-01,-4.098756921128995923e-01,-3.389388397968903233e-01,-4.673347408066458319e-01,-6.048851510550241617e-01,-6.255629083922898959e-01,-7.210536858665387294e-01,-5.020617100942398325e-01,-3.975255808708008654e-01,-6.049190383351279454e-01,-2.902199526476572644e-01,-5.443241252716687351e-01
5.699325951989920869e-01,2.383333252642349520e-01,2.614677518312459870e-01,3.947881663709754685e-01,5.184173972433476774e-01,3.759843422034100380e-01,3.691229567700640701e-01,1.837632468312159761e-01,5.164755467962781621e-01,5.795550924337220522e-01,4.018419663922433993e-01,5.567239206069160007e-01,4.026385761868159219e-01,5.579091768696582410e-01,1.974674369228711923e-01,3.804627792663956010e-01,5.969158388671541582e-01,5.782630603266396552e-01,6.129328784592439350e-01,7.853778754608893298e-01,6.334685264185091480e-01,6.428831940978021464e-01,4.567316103623916268e-01,5.083794697854618905e-01,4.337184589709024429e-01,5.579257916720449240e-01,4.066567699663341529e-01,6.904664609430808397e-01,2.380049466550424597e-01,3.616496696093964291e-01,-2.558523739408873898e-01,-4.814717099714454496e-01,-5.825121607359842191e-01,-3.644858808556841745e-01,-5.189697602977723090e-01,-6.116803110927354625e-01,-6.794477067545978688e-01,-7.669457031506021760e-01,-7.097560724777256524e-01,-6.306617218684664739e-01,-6.813918854861960028e-01,-6.697421388696698230e-01,-5.627506336386666197e-01,-4.000883891869407849e-01,-5.348671283516372998e-01,-5.419146451763592331e-01,-7.064934273381371366e-01,-5.347972628710051524e-01,-4.609075074347471768e-01,-3.710230306540978629e-01,-5.979967860185884110e-01,-4.929429657445667523e-01,-4.283380585018792819e-01,-5.578094089960966562e-01,-3.736722389678021616e-01,-4.431408060155613837e-01,-3.346879391664437375e-01,-3.144998159086915823e-01,-4.175442478283549752e-01,-3.001886388113441662e-01
1.629610226677482288e-01,1.964887077422964312e-01,2.767386218933259867e-01,3.790114918624230000e-01,1.611229413177464875e-01,4.360700107901167577e-01,5.098544081889839763e-01,3.424836429935358972e-01,2.113765070713845284e-01,4.051171149829077001e-01,5.149923812497630982e-01,5.681665032338147903e-01,4.850996646477344632e-01,5.253023954683492258e-01,6.133044712704538437e-01,6.679612684419692359e-01,4.672184313423047297e-01,5.008555863708663569e-01,5.258369867102561379e-01,5.179527902199577705e-01,5.846620296172829745e-01,7.082901104093123346e-01,8.007920838471725977e-01,5.486163561580958969e-01,6.586516365946529783e-01,5.786972961994245601e-01,4.182751614875664936e-01,3.254519448579214491e-01,3.054650647205258140e-01,3.015952043194868384e-02,-2.043411855748739347e-01,-8.578738796792698129e-02,-4.092898456082313396e-01,-6.361372349063196818e-01,-2.976963864967124840e-01,-6.211716101635501586e-01,-3.311937531040126670e-01,-6.661789745340978008e-01,-5.553727089587526811e-01,-6.568191353603010096e-01,-8.093133777344668767e-01,-4.896749631920068735e-01,-6.629427036801640583e-01,-5.302341590196347765e-01,-3.721087443690068719e-01,-5.799175946721136787e-01,-5.302295816350116597e-01,-6.005561615145701415e-01,-3.882730219688180773e-01,-4.011273968235934961e-01,-6.471519220215743440e-01,-2.813584550029758491e-01,-3.226086452884132649e-01,-5.626041080010379947e-01,-3.957743365182174733e-01,-4.548828527608806960e-01,-3.325381225414641984e-01,-7.029785359673969003e-01,-5.918298124227394652e-01,-5.543998174834438020e-01
4.752138913788989671e-01,3.903273888582022288e-01,3.669379167389663632e-01,-4.717292507164544402e-02,5.787507778275350484e-02,5.738572260281563642e-01,4.115270824893208501e-01,6.273989102618120484e-01,3.030589746578886690e-01,4.201207488610377294e-01,3.634890833273136113e-01,3.331556776477604398e-01,2.963348749274902771e-01,4.925710499719215818e-01,6.158045765948004791e-01,4.817248389183017565e-01,6.286675042018220472e-01,5.021491155987374277e-01,4.645871427147499899e-01,6.968436655589167472e-01,6.400483040365959608e-01,5.266788766940069255e-01,5.574421206476135593e-01,3.473895062477727058e-01,5.946353109015554139e-01,4.888783906815084568e-01,4.127101332960404489e-01,4.868490623512725657e-01,4.038989436435791447e-01,1.746276350144287948e-01,1.541575418853374443e-02,-3.207841758645044727e-01,-3.070284782478431840e-01,-5.146250734229944612e-01,-3.536667273597493555e-01,-5.836534273127262917e-01,-7.095078540831381009e-01,-5.803454127852152311e-01,-7.533889101568662650e-01,-6.560149289203963674e-01,-5.475697976377247311e-01,-6.092216002759534010e-01,-6.607466052902658538e-01,-4.884652039308893801e-01,-6.933878236615143020e-01,-5.777728507135087010e-01,-3.518548423475905684e-01,-4.705463759864086382e-01,-1.624509346319992775e-01,-3.797176907546432889e-01,-3.130986013363866727e-01,-5.403358566655329653e-01,-5.404742073461857865e-01,-4.561506098483965599e-01,-3.921752604647942841e-01,-6.496038667097916441e-01,-4.772453381348714663e-01,-3.826353448693761705e-01,-4.454157007071769536e-01,-4.953747239360254406e-01
4.282198612814163141e-01,3.857540394650474380e-01,1.906105118152121025e-01,1.112089749258239058e-01,2.911506792314831893e-01,4.727408428525571304e-01,4.834010114584462725e-01,5.923452633259765898e-01,5.326613132386752714e-01,3.823689392073251758e-01,7.897924399377378446e-01,4.764182541572765106e-01,5.414586354157282511e-01,6.185074530604754983e-01,5.962652218370957380e-01,4.339694939565316156e-01,6.462272854598245519e-01,7.368860050856296251e-01,5.996419414403180159e-01,7.387217207866081381e-01,1.849176334430911728e-01,7.387401783995783955e-01,3.975918676296988918e-01,8.248680771981616866e-01,6.039287525862753192e-01,4.201927037544230248e-01,4.317295333103537414e-01,3.433503955505495808e-01,2.437801941311693865e-01,-1.238506149612435790e-02,-6.415035162607372887e-02,-3.534198566318454970e-01,-3.028355154318281839e-01,-3.855441335565574223e-01,-4.745293724990687356e-01,-6.464685123105313735e-01,-6.399179927026086290e-01,-7.498733910823649484e-01,-6.329789613472212029e-01,-7.110656380840929547e-01,-5.808290608505898289e-01,-5.741812450571879278e-01,-5.172782332616303602e-01,-7.023696174210343202e-01,-6.574269286326751560e-01,-7.186117282811348428e-01,-6.702240834780791578e-01,-4.276306858986510528e-01,-6.324731046069310691e-01,-3.767098776282798434e-01,-2.839410574114986097e-01,-6.051295020232402289e-01,-6.031891161757678699e-01,-3.767848727399498165e-01,-6.106887109631442545e-01,-2.669686648631628412e-01,-6.721527872141047633e-02,-2.512628324868290131e-01,-4.024680136486897264e-01,-5.443432447156989484e-01
3.879808298212606976e-01,5.108488044836393405e-01,3.298912143078405190e-01,4.118520965339419471e-01,3.869391928719391194e-01,2.486320875307883038e-01,5.869293853827146634e-01,5.404099096724598317e-01,2.734386183139317916e-01,2.486848918942619058e-01,7.051123213088597019e-01,5.146510487138040713e-01,4.127451755737382433e-01,3.699526295330691772e-01,6.474856469392035185e-01,6.004851870760188337e-01,2.494723573645355186e-01,5.854252450938804975e-01,6.277020864240177023e-01,6.418386761519203620e-01,7.204695397384365263e-01,3.231614463941442916e-01,6.056412841116125545e-01,5.095272375645253371e-01,6.424777745220835445e-01,7.474638463644283082e-01,2.398937828785752957e-01,2.191730813305277081e-01,4.512258464709545391e-01,2.582044793291963236e-01,-1.817773782089102119e-01,-3.173742486484262271e-01,-6.546653460696043592e-01,-2.193927190968890939e-01,-4.936887263108084012e-01,-4.776494318178573506e-01,-4.149351432906147608e-01,-4.880577983225033445e-01,-6.654544669294806258e-01,-7.589645071360467954e-01,-5.529712400255462068e-01,-3.184570964318864106e-01,-5.193432258449818262e-01,-6.456970330488218668e-01,-3.849700282587603661e-01,-6.263075724592715998e-01,-5.013304942420380161e-01,-5.462575960325595226e-01,-3.300892091947735252e-01,-6.415450783469270890e-01,-4.645285637104974441e-01,-5.675010192001226361e-01,-4.830065260632873114e-01,-4.826254575674749359e-01,-1.625702973952092290e-01,-4.317642594290128644e-01,-4.462313690621456663e-01,-5.656101634131333045e-01,-3.920365257581258089e-01,-3.782870801894377966e-01
3.643561740750799194e-01,1.936933118829406164e-01,-1.161386158081195996e-01,6.403303928347978125e-02,4.869488426284814264e-01,6.063135334477065541e-01,4.513078016781025825e-01,4.416338585936552263e-01,2.781684682285944787e-01,1.056105534473719826e-01,6.119549229660377065e-01,4.508076876799642640e-01,3.952030542471077768e-01,3.652663581797240266e-01,5.467845821782832960e-01,4.083291263585485664e-01,6.319816506065333295e-01,7.201174005355607255e-01,3.264611220290876692e-01,1.914072734449472901e-01,5.849583874198140965e-01,6.198305835507129657e-01,5.597691981476067280e-01,4.312180231613291781e-01,5.009984654571979501e-01,3.848717399560672714e-01,4.017465722054086585e-01,3.300650399740224228e-01,5.235899721645206201e-02,6.175546130459638045e-02,-1.064531280459416196e-01,-7.802532650760000965e-02,-3.133120724700906301e-01,-5.227273968834861284e-01,-5.012730787980959057e-01,-5.963825881287700970e-01,-3.064044424144437562e-01,-5.375239352956971972e-01,-7.479631568184166301e-01,-4.531084205657329167e-01,-7.534321787330171549e-01,-4.869721956258665219e-01,-7.657630475704471085e-01,-5.454511747093647722e-01,-6.607859134481811614e-01,-4.403151839548408719e-01,-5.349549643954858436e-01,-4.215556405340998292e-01,-4.999846411982574179e-01,-6.474578453498001096e-01,-1.383411526276054071e-01,-5.688028995108427299e-01,-7.559404745434658013e-01,-3.921330911922367157e-01,-5.061369134634310374e-01,-3.619669286412356413e-01,-5.501091931237412913e-01,-2.728437453567222892e-01,-5.665695328190274438e-01,-2.304945007581199745e-01
6.274892080404432804e-01,5.110878683121276023e-01,4.533351062157333078e-01,5.097710117104667926e-01,2.174485413325449312e-01,5.118136909489532371e-01,5.312865161814497306e-01,4.334024415707010691e-01,5.599805137224949103e-01,3.625990026268801070e-01,3.377614487555121170e-01,4.042438983178792133e-01,2.822299341777708692e-01,6.059891448828589322e-01,7.073195666449976216e-01,6.252675531300925238e-01,5.650843599960925223e-01,5.838443572861586883e-01,6.744040929844554721e-01,4.828690543723288542e-01,6.058959976286353299e-01,4.176701399885248134e-01,3.225534677824544172e-01,5.198971931561456872e-01,4.642109291832722806e-01,6.240875607005008652e-01,5.305379851566507377e-01,1.847559709734652444e-01,4.521477609635257688e-01,1.855030462938079758e-02,2.142335253255049921e-01,-2.604322945408144574e-01,-4.177823061346763178e-01,-3.752602648718494915e-01,-5.472047035754518118e-01,-4.948454538341930942e-01,-5.295638712851300500e-01,-6.134427964581270487e-01,-6.318006579648431931e-01,-5.795504538146213358e-01,-3.792484068522092855e-01,-8.105061870437186844e-01,-5.891932683080258748e-01,-4.296111840532484405e-01,-2.223820436380118670e-01,-3.752469616638033356e-01,-7.120333557110678502e-01,-4.308548890632413197e-01,-4.268045197185582618e-01,-3.489241275539489151e-01,-3.904957883674819441e-01,-2.193394986017535575e-01,-1.902162411034567790e-01,-3.706606569661037298e-01,-4.330232863274384725e-01,-3.821221035423251200e-01,-5.788172576024760430e-01,-3.792070569408667602e-01,-3.980651080383909024e-01,-5.184206031093478995e-01
4.093661151029205914e-01,5.179489497462610448e-01,4.673748813582740413e-01,5.709129403413979592e-02,3.614423666156873494e-01,4.973815822859170011e-01,3.925197977517831394e-01,5.247627319429278847e-01,4.575920999290510882e-01,3.789630224831963545e-01,3.395411424634116604e-01,5.597497950930940824e-01,4.290332442461619600e-01,5.896747594597473441e-01,4.394150554490448002e-01,6.351220852036021380e-01,3.400565087375254647e-01,6.803829662512801413e-01,5.854121206209657036e-01,5.250684921494342960e-01,6.940945684931434378e-01,5.486759238003793282e-01,3.457784301682385042e-01,4.879229655464093485e-01,4.857001417493427842e-01,4.197509442233391397e-01,6.148877346442318537e-01,5.338708587910050429e-01,1.261111918045211833e-01,2.265476512403609699e-01,-4.789703925493319497e-02,-3.190861891826481389e-01,-4.157582646807158611e-01,-3.790360144578363011e-01,-4.392240838131870606e-01,-4.764926348026196079e-01,-5.738474675779183798e-01,-7.457188876623036533e-01,-4.501944203137003830e-01,-2.448556463783748138e-01,-5.334955344583985903e-01,-6.511262708298029001e-01,-5.285199009726699870e-01,-3.600574123619685873e-01,-6.448258319642297121e-01,-3.800067800022505216e-01,-5.452869317599021715e-01,-5.277007393127175483e-01,-4.824429585871418125e-01,-4.836071745545950096e-01,-3.281703406646697685e-01,-4.170111245003397249e-01,-5.634778208514605868e-01,-3.470980972265199083e-01,-4.014013577507816732e-01,-5.159532028126968539e-01,-2.493871346365429120e-01,-5.720907317157041261e-01,-4.027612877095568811e-01,-1.837749219230044861e-01
5.029338109802431456e-01,4.658169867890771809e-01,1.838119057423171498e-01,5.339306213786154665e-02,1.595265597268226143e-01,4.913816237625535654e-01,3.832211822025076708e-01,5.658007795719506294e-01,5.441038415150144525e-01,4.411630279616963191e-01,7.104687176343589261e-01,6.664266961756132313e-01,5.790115110780236218e-01,4.938285635559836462e-01,6.175915574414896358e-01,8.386397065958629549e-01,5.874357077328291599e-01,5.451676513963887860e-01,5.610627694130692067e-01,4.879551676224299084e-01,3.351758516758541750e-01,5.239307847454034439e-01,4.848247280722611796e-01,2.791627593913418304e-01,7.229062850539003104e-01,3.224971830473746803e-01,4.491865360221253267e-01,3.684963932205726489e-01,4.536873746906880389e-01,3.866141247763366096e-02,2.510384041107318470e-02,-3.749518611856320627e-01,-1.081571709430813044e-01,-3.811455361810356379e-01,-3.975779007107411167e-01,-2.669292399498194301e-01,-5.925005735524171424e-01,-4.439811774042153880e-01,-6.241354027175480823e-01,-6.212177107193890269e-01,-5.493441141743170553e-01,-4.047529437171343281e-01,-3.040175842281664376e-01,-6.202491727870602656e-01,-6.546831009213195385e-01,-6.280060872001781425e-01,-3.497391532177366313e-01,-4.449838002975930462e-01,-7.834260827793141369e-01,-4.391969139462407190e-01,-6.053775049305112343e-01,-3.405704031729654968e-01,-2.439183212077796481e-01,-3.754130480454539454e-01,-4.569828942511293124e-01,-6.240626405384013253e-01,-6.221058340149399069e-01,-6.338896006215454237e-01,-3.224609964698809117e-01,-4.081789887156843655e-01
9.633169544169170595e-02,2.815071188739141084e-01,4.829470871051650960e-01,2.326709827499770511e-01,3.180864123528448495e-01,4.789063882647527359e-01,1.731932861469892004e-01,5.366307655319129122e-01,6.086436443041330913e-01,3.727175694147245588e-01,4.333901015778304222e-01,4.421621281771933587e-01,7.108981510562935036e-01,5.519049345648494587e-01,7.139611492306979779e-01,6.794217545065203145e-01,4.778215071541190850e-01,4.935024732655192703e-01,4.737915592653076935e-01,5.352061200644110395e-01,5.902933634685298969e-01,6.313147586490641672e-01,5.370568225949223784e-01,3.711711310493457372e-01,6.064817849591304100e-01,5.771469193249936236e-01,2.876489354315021063e-01,1.285855253734759507e-01,1.725997859355213881e-01,7.828301641088078466e-02,5.870775980468163902e-02,-2.837307298534758049e-01,-5.080896421715757061e-01,-3.853680989800469248e-01,-5.474585645826237634e-01,-2.938550561922150806e-01,-5.713365107804480036e-01,-6.700041599489853228e-01,-4.902055177924832807e-01,-5.827539039191360626e-01,-6.025413437384077309e-01,-5.973370486973953453e-01,-5.906225088922733013e-01,-6.228850249849064991e-01,-6.171120895719155452e-01,-3.401893507963802410e-01,-4.584174988223314040e-01,-5.648249541108153471e-01,-5.032383753877708310e-01,-2.617252814015141871e-01,-4.517956222919567999e-01,-4.111519077153040769e-01,-6.887426373535652235e-01,-3.289766029174673867e-01,-2.472133276890588482e-01,-2.374030487031327241e-01,-4.082217761893922048e-01,-1.626644573941560257e-01,-6.681510871604907920e-02,-2.291586603583228021e-01
4.865297514863073935e-01,3.652164689691835830e-01,1.627325081834569698e-01,6.416240439733835732e-01,6.255933907831210394e-01,5.230864171983982125e-01,4.551075286052966296e-01,5.029294770835369688e-01,6.833600895182810886e-01,3.945703717453434289e-01,7.402327797355896521e-01,6.561465813266624814e-01,5.437805383544344062e-01,4.470268809668727639e-01,6.842800595626932214e-01,5.577910242223741433e-01,4.863399691128224012e-01,6.077945997537212985e-01,5.399804792611251347e-01,6.015163879128664348e-01,5.190824027500022808e-01,4.900658498489288140e-01,5.241889671845944010e-01,6.502049023611369272e-01,5.239987213853027903e-01,4.000634754143655991e-01,3.846928344174060932e-01,4.539033446837289487e-01,1.547289242369921103e-01,1.743703709559982218e-02,6.315250179469178438e-02,-1.984717517364305572e-01,-4.193407940780188303e-01,-6.006498313531728472e-01,-4.790407161310740181e-01,-3.452871016634970203e-01,-3.481841037458501265e-01,-1.567687023626914977e-01,-6.131499682640144666e-01,-6.410402368210037505e-01,-2.944493877738483811e-01,-6.362496312478598259e-01,-6.848402484507880583e-01,-7.318815836854577483e-01,-7.813723625420005980e-01,-5.060494687136011249e-01,-5.703468208503921222e-01,-4.249247897187677370e-01,-7.487648400339345089e-01,-5.901628379908674393e-01,-6.707522597491317740e-01,-3.671972866692018167e-01,-1.164196387639249569e-01,-5.763642350661205560e-01,-4.802292295808922584e-01,-6.166017185147683044e-01,-1.716839955576294763e-01,-3.197001952388583979e-01,-4.833037635387233411e-01,-6.101007453010813819e-01
4.544001303315141627e-01,5.399113914103920164e-01,1.601905922471256738e-01,5.111049212989859925e-01,4.306386419017173561e-01,7.560900346213619283e-01,2.393696717201174162e-01,1.799136459030610258e-01,5.066023227351872382e-01,4.752335693929263805e-01,2.719324456100062903e-01,4.818729000821142527e-01,6.686940537457151112e-01,5.651614415080906673e-01,7.041302899513541824e-01,8.328343122641660434e-01,3.988238025396378394e-01,6.216071330589267863e-01,4.493544512195792318e-01,3.012880908672942448e-01,4.128708018630457555e-01,5.018356198262841072e-01,3.157019096711310424e-01,3.482964483029369340e-01,3.298682960308300105e-01,3.694195747891820814e-01,3.801667094563651594e-01,2.341751263600377053e-01,-2.496448697563812338e-02,-2.121352494427397040e-01,-9.556005983819945704e-02,-2.415720364785437779e-01,-1.649813797260130666e-01,-4.691889582133662029e-01,-2.047780599233561816e-01,-4.224262987404519554e-01,-3.474258339539774143e-01,-4.157140842728983543e-01,-7.488769659535291501e-01,-2.871023864719904894e-01,-3.721934584862022777e-01,-4.778890308121951369e-01,-4.090321725696213773e-01,-4.002709620049875738e-01,-5.519840884927045277e-01,-3.976482374575177059e-01,-4.219613189279964871e-01,-4.552182819107887246e-01,-7.091142668852399300e-01,-4.509039878378643951e-01,-4.263077259775647221e-01,-3.881421257550787263e-01,-2.772421836962276620e-01,-1.382975074796426451e-01,-3.248795817580294454e-01,7.418263382921727600e-02,-4.179961175515992666e-01,-4.661229412001354211e-01,-1.879616359342844989e-01,-2.599895660845452094e-01
1.592503910877478557e-01,2.817570469364341079e-01,1.603450639831218230e-02,4.821193734965453781e-01,5.578907361446029389e-01,5.322157801676901112e-01,2.175501986218947859e-01,5.926184002935017681e-01,5.159306772799616692e-01,7.397766860406153056e-01,4.976099224425470924e-01,4.075973661761352895e-01,4.498342314626950222e-01,7.261893051662166032e-01,4.226440964086969343e-01,5.414307846422631298e-01,3.090054588950370551e-01,3.987407897942647494e-01,6.489878746502315554e-01,5.562797101986165504e-01,6.579156606099115789e-01,5.655088997625060676e-01,6.627021182610122185e-01,5.787880207858218107e-01,3.216307695001589528e-01,2.181526028956558283e-01,2.450154276671872577e-01,-1.154876539926482926e-01,7.528329292268631789e-02,-5.471670245403299493e-01,-2.533922939447654232e-01,-9.841172186463005567e-02,-3.485186937996783696e-01,-4.562571700283580833e-01,-4.098878603603234860e-01,-4.386464883484968991e-01,-5.332461313409242454e-01,-5.036010443225842348e-01,-5.028809574246000391e-01,-5.950185163711518843e-01,-5.612913277476299090e-01,-6.662403543697538177e-01,-5.873220360109308036e-01,-6.888824594545790436e-01,-6.257023374267450810e-01,-4.449705843438729325e-01,-7.053959686237173399e-01,-4.029545562029624439e-01,-3.840079603893870597e-01,-4.606601977280414539e-01,-4.854054911860399280e-01,-4.588075803872522229e-01,-3.609504699036683029e-01,-2.236294810685979240e-01,-4.189451960549962495e-01,-2.908753691828113719e-01,-2.913493368540568951e-01,-5.399355856510850149e-01,-3.747055180215111969e-01,-3.596416387222962641e-01
3.482758917386574171e-01,2.157639187254921098e-01,3.221203920529147058e-01,3.592107615422058808e-01,3.072087953660699866e-01,4.462041426639364872e-01,2.754849464902265899e-01,4.410644092725570786e-01,6.993897656747724012e-01,5.075277834307903024e-01,6.719967683668131020e-01,2.303428890487409786e-01,3.469035425553750329e-01,7.325253643677701598e-01,5.614970886250252313e-01,4.292515305633108902e-01,5.564589305895235594e-01,4.333795481666163907e-01,5.964449131286745365e-01,2.538711924304936085e-01,3.742109033488416614e-02,3.421694009730106290e-01,6.685804616858059823e-01,3.458927307168647158e-01,3.094779885933580665e-01,5.659266720765804282e-01,3.315425544670584923e-01,3.183136364344852920e-01,-2.835710087159362680e-01,-1.916473693576467574e-01,5.230848963547223007e-02,-1.105004362170506349e-01,-3.713451403294706910e-01,-3.299499821215312600e-01,-1.719759382031798289e-01,-2.491969402069277584e-01,-5.803286931697411166e-01,-4.769779749060638063e-01,-5.248699627035130488e-01,-4.345810918708478132e-01,-2.821975988191251505e-01,-5.452254093988427863e-01,-5.290326437927304060e-01,-5.720790558905568535e-01,-6.671311419178544977e-01,-3.474133658641335165e-01,-5.339462613870521457e-01,-5.931696063544856790e-01,-3.749525063656667934e-01,-5.421251040222774265e-01,-4.242182630288103273e-01,-3.355542860182897380e-01,-7.008907832440978147e-01,-1.073593763919983290e-01,-5.974857049307099599e-01,-2.495755834553833180e-02,-3.695669127433972023e-01,-4.503692783484041229e-01,-3.951961756324867681e-01,-3.972850027195051759e-01
4.875827317717848497e-01,4.934504191005780749e-01,3.413945281272228183e-01,3.700126226062144807e-01,4.191723458048771667e-01,7.094277462585477090e-02,3.085510885188222363e-01,2.762844681152968329e-01,6.061832554845040244e-01,7.193632555215284663e-01,3.471983718766150639e-01,7.369090794629468144e-01,4.548078509619226106e-01,5.796471205298474594e-01,5.207213560653256579e-01,5.866350377494893298e-01,5.237417621136726265e-01,4.751506828644400104e-01,5.722247882089858129e-01,3.642131883183377661e-01,7.494684069611241561e-01,5.845583761500913189e-01,4.944166744046444295e-01,1.323672557042827047e-01,3.379513858063307175e-01,5.083615956312915740e-01,2.472750126946083038e-01,3.532984619997582287e-01,-6.190197199377517334e-02,3.103283402444748790e-02,9.077037332880839859e-02,-2.912123657069654037e-02,-2.935601757523699784e-01,-1.686618771410737794e-01,-4.402109920449972513e-01,-5.247086757753302022e-01,-2.806045817356293548e-01,-4.920088936114690448e-01,-5.862983870930601471e-01,-3.838891250191189264e-01,-2.472930582641043595e-01,-5.817708929389135974e-01,-6.339503389277356682e-01,-5.918540179912190613e-01,-3.160312102766823505e-01,-5.211796001005157830e-01,-5.664551397648878162e-01,-5.029827137035719486e-01,-4.785322481484383661e-01,-5.614355561332822209e-01,-6.446733983005478175e-01,-4.225684908354537805e-01,-3.528896805122933578e-01,-3.293007383721029968e-01,-5.224420202385962053e-01,-4.612520298410204833e-01,-3.525036540322031842e-01,-6.906838790593904376e-01,-2.560642360496694914e-01,-3.170959485822122392e-01
6.338664630355264062e-01,4.955897272450301427e-01,3.734299568266745695e-01,3.789479754014886681e-01,1.472416037582183479e-01,2.730707594931610638e-01,3.912678721144584038e-01,5.067487113678644794e-01,4.682568594982847721e-01,4.652138778366455840e-01,5.087087770843012891e-01,4.707524686635750077e-01,7.055484287237956398e-01,3.954837350559350928e-01,5.866875729068308232e-01,6.181374221565684168e-01,5.619305774454614877e-01,6.024759209239112234e-01,4.933675614902932050e-01,4.980692425735145923e-01,3.736554080576909298e-01,4.908185560506749257e-01,5.134836051217985808e-01,3.838782872430505089e-01,3.670601540608255942e-01,4.592263862831401089e-01,3.138242080236307574e-01,4.014860459675523852e-01,4.126897578262570671e-02,-1.546079826722631390e-01,1.255735270615555843e-01,-2.199226119116028111e-01,-3.393233316672634170e-01,-3.658224631443923736e-01,-2.540425528863514693e-01,-6.296045709532741008e-02,-2.212010985613789005e-01,-2.695620596584210049e-01,-4.151659895009370826e-01,-5.381355773273079901e-01,-5.386114763157044960e-01,-4.754798162354593738e-01,-6.190901133813916379e-01,-6.609715849373369867e-01,-6.922900580091775335e-01,-5.675581062636591012e-01,-5.254029979996652777e-01,-4.800923202678116786e-01,-4.291274973215194466e-01,-5.928263599247278748e-01,-6.197742662513543443e-01,-5.376609446447219165e-01,-4.317942042725053109e-01,-3.012484794829317081e-01,-3.492765306895576627e-01,-4.801215553915778034e-01,-5.148003611739235819e-01,-5.646944382548477748e-01,-2.134587717567176524e-01,-3.855634247654703417e-01
5.234431675569460873e-01,3.211299473687656558e-01,3.659608262974744508e-01,1.948143547366499861e-01,3.019329419056563935e-01,6.077226160394086918e-01,2.975565492673002410e-01,2.947360364856621007e-01,6.489453861127231216e-01,2.295734700087297409e-01,5.587036279898296431e-01,3.083015297165756508e-01,6.105609191764947985e-01,3.178204211683161029e-01,3.814852934165313680e-01,4.676041199400319814e-01,4.296163716388538001e-01,4.742670836666505463e-01,5.112874749988283174e-01,4.845777026413469746e-01,6.568270433770635464e-01,4.179808183062886373e-01,4.660062233654572172e-01,3.609039065281837710e-01,3.234762108242798528e-01,3.704428443134649696e-01,2.193381369419616748e-03,-4.291312682911924310e-03,1.134780941000571031e-02,7.257806467511164483e-02,-1.211656932954272986e-01,8.141601830236484816e-02,-4.016196251811505746e-01,2.056725652554418707e-02,-2.780173315555373170e-01,-2.158709062150148961e-01,-3.049573778356724496e-01,-3.742480261159447097e-01,-4.949114548689156901e-01,-4.547396227553347492e-01,-5.481673211208397678e-01,-5.488971322089608584e-01,-4.168597482659947562e-01,-4.321003965932754265e-01,-6.228683112453284876e-01,-3.865034729595324681e-01,-4.683966498919834853e-01,-5.675050213832101287e-01,-6.122142726006958302e-01,-4.876912027972283292e-01,-5.102824765423072950e-01,-5.304862253322699672e-01,-3.834111202218128400e-01,-4.439212559079990794e-01,-2.358786936039884985e-01,-4.118411398719483141e-01,-5.092671138402116160e-01,4.499003789521047875e-02,-2.897597961420163015e-01,-7.559114673233707782e-01
5.816746484468867662e-01,6.254827174409354207e-01,4.026458867036909473e-01,4.075908213637758348e-01,2.471565552974900881e-01,4.566576471448712260e-01,3.119798310195802671e-01,5.937708547330711184e-01,5.338369177720961867e-01,4.324239977252760658e-01,6.075879276780680183e-01,7.659091845980019464e-01,5.788193368003972106e-01,4.963519704845922864e-01,4.694791908446715456e-01,4.611085068419310540e-01,4.911402389969311555e-01,1.359330515248129978e-01,5.048766897545149401e-01,3.971590329246060258e-01,3.991493480522800286e-01,5.523749497210419523e-01,2.765647770978425513e-01,4.347917170637994322e-01,1.588531912648097622e-01,4.894055564149219495e-01,3.962237982396055180e-01,4.216655998900815661e-01,-2.129999890798046080e-01,-3.899191411708746724e-01,-9.805757501760056782e-02,-1.405273289542898763e-01,1.560834944731187002e-01,-3.696524204340233544e-01,-4.066365327313764544e-01,-3.754145501571069521e-01,-2.916755585462136868e-01,-3.915495828385468502e-01,-3.117237663322149355e-01,-4.697908180328901895e-01,-5.110619392633430902e-01,-3.285915087336787610e-01,-5.292210953514658867e-01,-1.670833545521842878e-01,-3.386517979717168503e-01,-5.019268194832285923e-01,-3.619656112170036577e-01,-3.614855988936253595e-01,-6.298412488628899464e-01,-6.355727361920034957e-01,-5.143060995861563622e-01,-4.144552386577229908e-01,-2.956625162326051992e-01,-5.213631029054568433e-01,-3.553845794121051616e-01,-4.017349717112960183e-01,-2.587334529273686567e-01,-9.071738460911635271e-02,-2.083665279446524077e-01,-5.540752602262761783e-01
3.648736752231075964e-01,2.327981575766600864e-01,3.215935146821388146e-01,6.302054781265452599e-01,6.940688044951528468e-01,3.859592586367419087e-01,6.014436882500537873e-01,7.241873609731801498e-01,4.046755810774262940e-01,6.529475618942679471e-01,4.017355334911971165e-01,4.979547345661218261e-01,6.131106470226583838e-01,6.084686533141699938e-01,4.836656618231188753e-01,4.953606264645000756e-01,6.842906013614220573e-01,5.660226657880065293e-01,3.763140449587035752e-01,5.153781338973372206e-01,5.148139164625239461e-01,5.545024920460178697e-01,4.304245206057704110e-01,2.034022410983841733e-01,2.091131714038144962e-01,3.700980863753612349e-01,2.066220869644324054e-01,2.518108767746434218e-01,1.471502347018765477e-01,-1.652653160894696494e-01,2.154168530433630546e-01,5.094587570079141259e-02,-4.640379668410853364e-01,-8.670898921817420113e-02,-4.300028814498869645e-01,-4.085293457795354799e-01,-7.008687820424471804e-01,-5.084441456348806065e-01,-5.139746973472891778e-01,-3.505757717011749319e-01,-5.737668130676830680e-01,-2.239788580336091184e-01,-6.045642806463807917e-01,-4.855451815327865850e-01,-4.111118352908704199e-01,-4.665188914666862918e-01,-5.778266252960855276e-01,-1.443269392274886265e-01,-3.428633242331722841e-01,-3.332125557189312692e-01,-4.849097456344633739e-01,-2.712013358329271595e-01,-5.396695642960016581e-01,-4.557341539621037607e-01,-5.098817931232776379e-01,-5.705091174351293315e-01,-4.871515650023501287e-01,-4.661811776913395988e-01,-3.701465220336058737e-01,-1.097476142389919307e-02
7.329908588636664668e-02,3.778666563354379226e-01,3.854160774647356069e-01,5.406221333527887474e-01,3.594108463734546621e-01,5.532170971241571200e-01,5.374687996538325407e-01,2.809645576590448224e-01,5.200018779225896726e-01,3.486844651629946723e-01,3.681952021469964142e-01,5.510416166198468524e-01,3.768486928113036205e-01,5.736402654590186945e-01,4.878630180138388006e-01,3.280106732203511566e-01,5.682648309228122141e-01,7.405976114346504158e-01,4.607555370336527956e-01,3.282062797359842632e-01,3.557346730634522447e-01,4.316612722452047857e-01,2.578619145075108365e-01,1.797993843660862512e-01,4.045610094952400426e-01,3.545230400496224288e-01,3.944885634512876327e-01,2.722800246087865861e-01,1.494313388877744619e-01,2.722813750120976067e-02,-1.149351973583230963e-01,-3.934775299054495967e-01,2.156131815580300537e-01,-2.195689328496635007e-01,-4.224440947346203568e-01,-3.119548032935163251e-01,-4.508321269029976763e-01,-4.294389176921390994e-01,-2.277369862165378733e-01,-6.037820027598130856e-01,-6.220099895962265535e-01,-5.680082031310700330e-01,-5.813500920140859396e-01,-3.926200719471739653e-01,-3.082350123497420435e-01,-3.973661160696774219e-01,-4.299033243424187356e-01,-4.674912331412691135e-01,-4.269274040317316832e-01,-4.932141124094052698e-01,-5.620114123688498831e-01,-4.202520874567250431e-01,-4.548827830758662150e-01,-5.103613128405852795e-01,-5.585199940743840186e-01,-3.296759083641269683e-01,-5.454930065290370944e-01,-2.711783512920315498e-01,-2.723646288990576592e-01,-2.409693091748114357e-01
2.771810699863764826e-01,5.349627164940917723e-01,5.027011435541235418e-01,6.282903472360275021e-01,5.796293318909239156e-01,1.076848751990415326e-01,3.383333417382001218e-01,4.175373317859437106e-01,4.480017882656316397e-01,3.227012780301106720e-01,5.589083092496516247e-01,6.451941954058749706e-01,5.229932256737240825e-01,4.916607011511447967e-01,2.802737997443724982e-01,3.827376805132315374e-01,3.943552373129833866e-01,3.117822814950643173e-01,3.571899675304237576e-01,4.638172694320369938e-01,4.689189620144693649e-01,5.089417433259350032e-01,3.973254845457995788e-01,3.528673479192210305e-01,1.347725409794566231e-01,1.322818998589096462e-01,2.860151956497376524e-01,-1.291145374892017916e-01,-1.126970603248005076e-01,-9.887676625201310965e-02,-1.645289173442911479e-01,-3.375358568658403668e-01,-2.244091465285881770e-01,-1.140300781204568875e-01,-5.434222735073862554e-01,-3.665464674565820369e-01,-1.829527036436335019e-01,-2.818648848172842225e-01,-2.067420223550048841e-01,-4.217883602219661410e-01,-5.794628083991836265e-01,-4.792271715968719481e-01,-4.167731206242376030e-01,-5.270149599014473107e-01,-2.948727374497244758e-01,-4.927115727249975485e-01,-3.246798705015426778e-01,-3.116968256780804913e-01,-6.313333307806729966e-01,-3.602732962478115697e-01,-3.817766363886306302e-01,-5.770271952796993675e-01,-4.947737839374244939e-01,-7.328886675537666928e-01,-4.989158710874259661e-01,-2.946799475537120738e-01,-6.759990722230930782e-01,-6.800758268693705144e-01,-5.951089197146092191e-01,-3.889194845871353223e-01
8.775515985448106848e-02,3.175398721249400591e-01,3.160890462843776172e-01,5.350024428411004340e-01,3.147771942733350592e-01,3.120029643919471352e-01,6.570661423978352289e-01,2.911533790854179959e-01,6.221322628250967046e-01,5.426829707164034788e-01,6.362974035300885678e-01,5.838854297896547418e-01,5.624415980636441326e-01,6.595510843242561316e-01,4.949216237051816125e-01,5.580782951044842566e-01,5.134779776398470386e-01,4.789263594923450773e-01,1.878086239295162774e-01,5.425970053302050511e-01,2.216939588984164211e-01,5.996525980792302146e-01,-2.943035311762788250e-02,-2.145462676857131518e-02,1.236694504389612287e-01,2.167585140421588452e-01,8.084265855554147173e-02,1.904551475680877071e-01,3.727689552672739520e-02,7.273220131242065511e-02,2.334556832049178576e-01,-2.503768962536248033e-01,-1.930124033476200984e-01,1.585020485472234120e-01,-4.151837522961203675e-01,-3.826751064032327121e-01,-2.788589452895126053e-01,-3.318339255419672229e-01,-6.015910759200746583e-01,-3.006630437240362386e-01,-2.287290093799008717e-01,-4.838774260384883230e-01,-3.256965874891093460e-01,-5.613000437926101149e-01,-1.288477967612867425e-01,-5.370646089172835813e-01,-3.729746340913591696e-01,-4.747628627325982120e-01,-2.965851188653841897e-01,-5.314527306447195398e-01,-5.291081622214834912e-01,-3.021690056686107684e-01,-4.021922936511858060e-01,-3.294146486278702879e-01,-6.622823623025724249e-01,-4.975993262268783579e-01,-4.945449195760447947e-01,-2.958747187152028779e-01,-4.394679470173198377e-01,-2.990986882592892582e-01
5.833092378860236238e-01,6.135510443034032368e-01,2.556386930519521927e-01,6.201213502325295668e-01,3.810295164353310615e-01,3.834277587733429526e-01,6.191625412637767889e-01,7.314706112657954895e-01,4.982726030344476476e-01,4.186616287049594876e-01,6.065829567188635307e-01,1.842123358031830249e-01,4.809964702161760863e-01,5.928581976449399660e-01,6.333918210918169089e-01,2.299188537237648600e-01,4.605583695199107486e-01,3.508700602047786776e-01,4.635594183964147907e-01,4.148867466063835968e-02,2.831679258804130628e-01,2.413330510598042655e-01,5.298327374741245155e-01,4.573890835355475248e-01,3.026359106520586928e-01,2.363371502130123258e-01,2.732102562073352447e-01,2.875843698207987131e-01,1.217664449502282344e-02,1.941135733724738410e-01,-1.239702733285705516e-01,9.195282830789676398e-02,-8.251166562511703939e-02,-2.337873218777875017e-01,-6.484770298861289306e-02,-9.359934467432276528e-02,-3.984092534414903630e-01,-5.142391659542906446e-01,-4.017468666858932669e-01,-4.902974762472036008e-01,-3.113155546591006018e-01,-5.145225278677301173e-01,-4.015723171343482112e-01,-3.175695543171997426e-01,-3.258151473225184835e-01,-2.679918927594722722e-01,-2.686889293698538905e-01,-4.167323201920553055e-01,-2.329061737052103287e-01,-5.869912470388199965e-01,-5.448539872531694694e-01,-4.034825049790612406e-01,-4.442747050743604542e-01,-4.530210647733484142e-01,-3.379969785527772719e-01,-5.375557575446905378e-01,-3.153419790882779905e-01,-6.195902118129114067e-01,-4.476993073345972296e-02,-4.585816363677430729e-01
4.766183475994808516e-01,4.390303185425581955e-01,3.847441105461205657e-01,6.008109961584005010e-01,6.123728190366493074e-01,5.055760240111328851e-01,4.297565005071820043e-01,6.466686175781728441e-01,4.160988203111397610e-01,4.593029062635265447e-01,5.533410594227569090e-01,3.594975187984528753e-01,3.268213374309012487e-01,5.506436161774500709e-02,5.425875246284419529e-01,4.136150954725473783e-01,2.971801760554406147e-01,3.107483594768824520e-01,4.198828275213219996e-01,3.782208756392028137e-01,1.884231320044168212e-01,2.562727367091838238e-01,2.489340678099662973e-01,5.226822356531647396e-01,1.872287593861414190e-01,2.139715425034964258e-01,1.627445281438970326e-01,3.592247757880793202e-01,1.904590276483895950e-01,1.162559541743349023e-01,-1.899602949822932693e-02,-6.097110856949972124e-02,-1.002922894547072542e-02,-4.444611810752725489e-01,-3.226566203472805983e-01,-5.667684311978869044e-02,-4.369627684011680446e-01,-4.490621556245213419e-01,-3.158186225039590900e-01,-2.613409104115092529e-01,-3.420448192117337416e-01,-2.527898604507046107e-02,-5.210755715287924694e-01,-5.438058538621184379e-01,-4.809672873948727667e-01,-4.851447090300956555e-01,-4.198617168201396188e-01,-4.639051317435147759e-01,-5.048318782226370871e-01,-6.065745980686747529e-01,-4.396422267177189092e-01,-3.750538063208516126e-01,-5.289610430053269807e-01,-3.209936674603597884e-01,-3.698422058707959148e-01,-5.637233414594657877e-01,-4.309736015963004929e-01,-2.159130024758292854e-01,-5.657092472000673222e-01,-6.224426926228616985e-02
2.719944254804072536e-01,1.840481298580554925e-01,4.362737192472760372e-01,1.489335941100111971e-01,5.274186757973333695e-01,5.684127066828509323e-01,5.303451089583719469e-01,4.965263449755260572e-01,3.909998465223940567e-01,3.025947523536494654e-01,4.669031599186365677e-01,5.856455591195294241e-01,5.394612570083431313e-01,3.772048768363326920e-01,4.332178416459965820e-01,6.696091888517622381e-01,1.519388186950231812e-01,6.518492627786534044e-01,3.590612150177799333e-01,3.705847341806358108e-01,6.245127458692545375e-01,3.884350461940863641e-01,5.807560882784584821e-01,2.522447204097343909e-01,3.443212016509978879e-01,1.499787198830607703e-02,2.692625071788469771e-01,1.382616870561794165e-01,-1.692650547269683448e-01,8.450418138261148182e-02,-3.246668856493076932e-02,-7.670192479795040659e-03,-1.855114549960467651e-01,-1.481177572435144474e-01,-3.677514870952026116e-01,-2.965802676276708683e-01,-2.591607253110201903e-01,-3.043539874226215969e-01,-3.650801287734711797e-01,-4.756513646495688086e-01,-3.895735746342244288e-01,-4.381031785594381445e-01,-4.675597276975873018e-01,-4.445730380868156972e-01,-4.399695555248814283e-01,-1.759948128347514351e-01,-5.496273069683721424e-01,-2.472633488007198177e-01,-6.174202208787101798e-01,-4.807722113218630966e-01,-5.250966688143579031e-01,-5.956371653633509844e-01,-3.000396352781293796e-01,-3.654298499167816239e-01,-3.197710308994082817e-01,-5.053018955667917256e-01,2.858157291720919615e-03,3.104468101416291842e-02,-4.978774208175218985e-01,-4.700269361819235381e-01
2.015909386025260819e-01,5.403166867639678239e-01,5.175157256513998050e-01,6.380359022618187215e-01,4.290173540444026656e-01,1.837293393744371117e-01,2.460349793219615555e-01,4.252467017078041533e-01,-2.695797040127978408e-03,4.283055503795298868e-01,3.629627774702263165e-01,1.937358237689942031e-01,1.428577239498035611e-01,5.777875906870294509e-01,3.932456374859117920e-01,3.837541604761580682e-01,4.193585702015584782e-01,5.154576958916200491e-01,5.467495596032644345e-01,2.535303388004604974e-01,2.064037079878470737e-01,4.287553286154474064e-01,3.448325693088354349e-01,1.011723088850326330e-01,2.824366147154034890e-01,3.112031923112187903e-01,2.619263762015505148e-01,-6.783450666293493192e-02,-1.069651113407463772e-01,-2.342303119364080588e-01,-1.127584549616864329e-01,-1.035486963228002127e-01,-1.265803278983366753e-01,-2.426829316505184075e-01,-4.844098197403007289e-01,-3.266904947509557400e-01,-1.576304592527775772e-01,-4.113006999834867838e-01,-3.751583252308593464e-01,-5.189352971106302448e-01,-3.482201427890985745e-01,-4.223561999102326547e-01,-2.808712811912913443e-01,-4.991905327567892070e-01,-2.951650209577668660e-01,-5.164920393989946845e-01,-2.880420921626164477e-01,-3.815680901732186880e-01,-3.849430860968970913e-01,-5.323596760752249413e-01,-4.979087182857565574e-01,-4.582613877462209939e-01,-3.672133115499597866e-01,-3.631705625475533661e-01,-3.152116811627002635e-01,-5.612330695648127810e-01,-5.377340124900255036e-01,-3.762661270832323157e-01,-5.619360521366849603e-01,-3.291647747577911565e-01
5.331654506802264715e-01,3.600224352280944617e-01,3.980215287445235672e-01,3.488329811947855075e-01,3.334302412723382236e-01,6.951142529248365287e-01,2.555503277783129912e-01,3.225557926661193342e-01,4.400954111810454483e-01,4.749435170292172215e-01,3.073466226760283027e-01,3.542005560745520309e-01,3.839945618158006613e-01,3.980285743659469078e-01,5.340052679942197678e-01,6.400988731906347429e-01,3.878874890734022030e-01,4.623053164027280948e-01,2.347078381934266655e-01,3.640352254263082843e-01,3.847216902363886915e-01,2.342638512558075092e-01,2.345701568646486046e-01,2.804404426636192271e-01,4.466633675974520656e-01,2.641034830555296087e-01,3.052374415412902886e-01,-1.540217523800643529e-01,1.080264226010370088e-01,9.034667286468847647e-02,1.097929594508566808e-01,-9.335198274483844094e-02,3.318779852917430606e-02,1.451021688684922539e-01,1.371665006792221475e-01,-2.299524322728317346e-02,-4.269012633460550488e-01,-2.598932946642931729e-01,-2.947190091159260783e-01,-3.218831964142822577e-01,-9.009279067001313424e-02,-3.993233772130263537e-01,-5.716002853215034207e-01,-4.310652681773183836e-01,-3.303754453537554037e-01,-2.740919689321480446e-01,-3.045401452222575855e-01,-5.717282962346244002e-01,-1.360743504177694928e-02,-3.281957617663001647e-01,-3.781614262672720050e-01,-3.706706814575502218e-01,-4.283882769113899758e-01,-4.984135643547430439e-01,-5.899718242134146529e-01,-9.898082064715316153e-02,-3.417362137275649081e-01,-4.361512290371361011e-01,-3.159901463724084647e-01,-3.010354313953890748e-01
2.937362665726651612e-01,5.407363292278293265e-01,5.830594839847289546e-01,3.319527201533776228e-01,4.141706443426521611e-01,4.411240977269515473e-01,2.987314951161890164e-01,6.056616176538349716e-01,2.984807273369274316e-01,3.353358890481290544e-01,3.920015188105604453e-01,5.201397899041728667e-01,1.055429657994824133e-01,3.096843406046351221e-01,3.412199165021109759e-01,5.964963085046329772e-01,4.373865488504299348e-01,1.506745227223704464e-01,3.767050472693737606e-01,3.548995817392206487e-01,5.037120921073175994e-01,2.000035875519797224e-01,4.546947982767574059e-02,1.681388073504354597e-01,1.684461311106696946e-01,5.003934087320642543e-02,2.765064534186517653e-01,3.108338424628055430e-01,3.526932487356909673e-02,3.056498956349826268e-01,7.446070010543705611e-03,-8.998965051230512283e-03,2.939122624727409372e-01,-5.325604521913977069e-02,-2.389330267930186713e-01,3.891182489122609056e-02,-1.678951101089967979e-01,2.117195032854883932e-02,-4.362503638586625598e-01,-4.813336283482767541e-01,-5.545850597178905161e-01,-2.039921291831465755e-01,-4.474488778052611582e-01,-4.250804422918489922e-01,-3.742067140109052170e-01,-4.375143698501575140e-01,-5.310311887021375021e-01,-7.048183235373393085e-01,-3.535441277879320388e-01,-3.027218929431743089e-01,-4.349473234166003621e-01,-4.072281203343364742e-01,-5.314631196562931148e-01,-1.080450102562288961e-01,1.220319687588104947e-02,-4.530641703488454408e-01,-3.045839725858722202e-01,-6.252482218069618236e-01,-3.829394072694242701e-01,-2.164320570764753371e-01
4.506255148317724890e-01,4.764038279666099607e-02,5.322612154745888224e-01,7.422043228284006533e-01,5.721252103289566904e-01,3.075550659930247344e-01,3.605197651521946933e-01,2.196094901488053197e-01,4.206731156601816179e-01,2.323183512402927919e-01,4.462609129837854516e-01,2.834203479865534114e-01,4.407787483134869566e-01,5.049955805572176049e-01,4.819439104717296862e-01,6.479923919195751392e-02,5.104725258825404399e-01,4.100856607426203726e-01,3.518556539969794894e-01,9.521441384167854405e-02,4.593051624654673759e-01,3.436064929964051107e-01,3.228367442497513951e-01,2.915911519767953597e-01,5.086097487056415734e-01,3.274526932291245140e-01,3.881297636263090350e-02,-1.735798518687523689e-02,3.319805220304175020e-01,-9.408000836566589309e-02,-4.678216050445767327e-02,6.273288470703572428e-02,-2.955161585181674266e-01,-1.084367023615679659e-01,-5.390214323692305021e-01,-3.816298830617335658e-01,-1.648629662989314348e-01,-3.395790024796732642e-01,-1.267209293596761877e-01,-4.520830067619856507e-01,-3.381853993867377506e-01,-6.016751411084897416e-01,-4.827541100781513883e-01,-4.932613190710495310e-01,-6.757494258623709671e-01,-3.789427909075880341e-01,-5.925630840572110314e-01,-3.002253249789172962e-01,-3.239320310020218363e-01,-4.823179378310570309e-01,-2.715314693323773731e-01,-7.804817499328091657e-01,-2.292381974033140257e-01,-3.395894052266755225e-01,-3.197317250096335384e-01,-5.127728905155110040e-01,-2.748376495686898902e-01,-6.123319092136995101e-01,-5.982283409909463501e-01,-6.827059273975775167e-01
4.235375208162891481e-01,1.665502146518043902e-01,3.260844299663367973e-01,2.684062381466111313e-01,2.258050806494312501e-01,4.775790486804314949e-01,3.155459365141249917e-01,4.701791191935691394e-01,4.367582793808549302e-01,6.131146024035953879e-01,4.705348026139103412e-01,4.709521351986200588e-01,5.473735843074025720e-01,3.380040087982501551e-01,3.615544441815070620e-01,3.748587068631088481e-01,2.414238411558783104e-01,3.548320341945362388e-01,5.113439674957445114e-01,5.068938484990854754e-01,5.633034680654220860e-01,3.222928473057767862e-01,1.232491993961857268e-01,1.646730304452591331e-01,2.186728950389997816e-01,5.241378237467597331e-03,2.488459196405770901e-01,1.422282563513257436e-01,-1.178764087003361521e-01,9.298917626055580588e-02,-3.219058169664710811e-01,3.860115496856147965e-02,-1.913030254463137236e-01,-3.367659709487075270e-01,-5.856987141491135779e-02,-1.273254279066855510e-01,-3.617418236545456023e-01,-4.515342097913771502e-01,-3.308927112788565550e-01,-2.683011459640255447e-01,-3.288991642532285153e-01,-9.980865105019784411e-02,-3.590060460844304857e-01,-5.417515538575398137e-01,-2.283658105624712109e-01,-3.368468522596144710e-01,-2.698441316606873253e-01,-5.050974492558399920e-01,-3.526143049395537576e-01,-6.565335141590848966e-01,-3.036491585955428119e-01,-3.057564709751712795e-01,-5.218892010440135953e-01,-5.113271052944968753e-01,-3.555865347349647654e-01,-3.484616263404783365e-01,-4.307054171095116013e-01,-4.288133873227042980e-01,-3.863147603097872862e-01,-3.469815684954614121e-01
5.758382877673189348e-01,3.879296556909793692e-01,5.592296556708842292e-01,4.562739981746524731e-01,5.750447373257299155e-01,6.638259868447118905e-02,2.477152890704069910e-01,3.214319359073840587e-01,5.364995765870788080e-01,3.949381109921780153e-01,3.979430723508752266e-01,8.008526489570380602e-02,3.567913111891604094e-01,3.630679740816834533e-01,2.017896036916612401e-01,2.163527166622792319e-01,8.881570502393011657e-02,2.690917114029668378e-01,5.357630737009040356e-01,2.061403026508520087e-01,2.119855210712807414e-01,-3.503719252668861805e-02,-1.209725407810910945e-02,3.100718253242911171e-01,2.044462716724274876e-01,3.239378032852084921e-01,1.312371257545622283e-01,1.090823727483628963e-01,1.140017071363093465e-01,-7.059684469851397470e-02,-2.069365685611153013e-02,-6.863765793894176237e-02,-2.304046807856830609e-02,-5.793034584163025968e-01,-1.237775778287261152e-01,4.491931145049789242e-02,-3.195723519778789212e-01,7.270940530275959990e-02,-6.058887063270229634e-01,-2.029498107923460581e-01,-5.453913956545998198e-01,-5.983930379764755836e-01,-4.799215508923723728e-01,-3.078474999057241868e-01,-5.052034955386506265e-01,-4.018874485892342530e-01,-4.936799177057489274e-01,-3.365291047813749326e-01,-3.575271815105062756e-01,-4.049723067051590464e-01,-4.063849093371960097e-01,-5.698106119138388603e-01,-3.011054183080836277e-01,-5.084991402593593834e-01,-4.435015903210353660e-01,-6.172180669890847682e-01,-2.894169852284541600e-01,-4.939934654386904933e-01,-4.893950826221621364e-01,-5.598505445396104729e-01
2.599422345483414221e-01,3.385041239694248083e-01,4.822640063865806792e-01,6.462666085493654622e-01,6.337548476727467017e-01,4.535651664429201091e-01,5.437847192611295899e-01,3.894445763927988913e-01,2.730677485830445006e-01,4.680829609071704978e-01,3.221178711769753233e-01,1.516903469383882874e-01,2.718235449508504820e-01,5.282614799869064237e-01,2.748308132511387836e-01,2.160073029895945851e-01,2.543353081120472980e-01,4.647306762075348874e-01,1.927881144895017274e-01,5.657373007985613267e-01,1.983910972391209615e-01,3.176598053508227215e-01,2.844037319662999219e-01,5.094708229266984301e-01,3.455853284695440952e-01,1.856805807994160173e-01,3.997727027812604250e-01,1.915308658653660512e-01,-1.209193319192013172e-01,-1.568086836176853585e-02,-8.633363188887296924e-02,-1.703414540982267356e-01,-1.415892152194728193e-01,-4.934867447945743418e-02,-1.436307404610313587e-01,-6.595268068923496041e-02,-6.274719217281081729e-01,-2.229482448299680841e-01,-2.715834960498735851e-01,-3.440244618243563646e-01,-4.420397436909263011e-01,-4.428778543534345191e-01,-3.223882773110404720e-01,-3.839843259333883818e-01,-4.252954971491412772e-01,-5.154979917592183991e-01,-3.241909139583972754e-01,-4.580651310166404810e-01,-6.165391470815978492e-01,-2.523810164688568558e-01,-1.823735437769502532e-01,-1.928424664318497683e-01,-6.115418518098845180e-01,-5.018924270037599111e-01,-3.735994843309698998e-01,-5.686481489285502011e-01,-4.927053009818576079e-01,-4.685575766322064295e-01,-1.562186683495488393e-01,-4.735298891517282227e-01
3.347413065906123530e-01,4.602310897749055663e-01,5.839951913282284135e-01,5.374008422447070776e-01,3.501657708017357207e-01,4.930770120044462024e-01,7.556011219657775557e-01,5.225905193551081407e-01,3.827992631192008166e-01,2.834974769515389292e-01,6.464689709070038370e-01,3.063754605058089386e-01,4.374604061415029443e-01,3.233175406841886645e-01,2.451750844649188410e-01,3.691795937845293585e-01,2.466197749818536678e-01,3.357741982303744099e-01,3.474170204774882365e-01,2.341161839809614287e-01,4.495128686519856420e-01,2.644511848903373721e-02,3.964251217995058973e-01,1.298103311646454580e-02,1.241416405404392187e-01,2.001654509171367502e-01,1.053826327546101282e-01,1.777958470767180832e-01,2.949620076797281332e-01,1.900395438217531707e-01,-2.215900640184573778e-01,-3.131126531977774241e-01,-1.291687153650649192e-02,1.493908390261864394e-01,-2.197300037163159026e-01,-4.024324730137246453e-01,-4.340506544747334550e-01,-5.664779504874151161e-02,-5.431724937754799365e-01,-9.601230413603696612e-02,-4.382713182468557234e-01,-2.800245590887520120e-01,-4.939668618713057846e-01,-1.906357988927910030e-01,-4.152662546905970808e-01,-3.259462170915544688e-01,-4.954508705429397919e-01,-2.727054194285742361e-01,-5.098514010719660261e-01,-6.053948993442117565e-01,-1.051845014417069207e-01,-5.561111418799169481e-01,-2.341666093241961677e-01,-5.921911641498827095e-01,-6.035396058886022264e-01,-5.662101208169711963e-01,-3.302984840665322830e-01,-4.604824328925076204e-01,-4.774527422773896523e-01,-4.963509489022898125e-01
3.655841450546385984e-01,5.165358247890060595e-01,4.731178221939319473e-01,1.727575824960621842e-01,4.997109315269751550e-01,4.165771206122516612e-01,1.720320987030072579e-01,5.232118064622619524e-01,4.282773178169859696e-01,5.277208884470310224e-01,4.376909876412444222e-01,4.621221892591199643e-01,3.417601914467983670e-01,1.711777371311004881e-01,3.131696863230927219e-01,3.068430776222837997e-01,3.406712223867910394e-01,4.058001200379629525e-01,4.112052262201403852e-01,1.862131967023242241e-01,5.958551923706079112e-01,3.670322432683567615e-01,5.594766720264831017e-01,1.227352652011618056e-01,3.649998581555206623e-01,2.514695668973633835e-01,1.326357786649840498e-01,3.894802329187380119e-01,-3.766960801613796761e-01,-2.271399364727063330e-01,-7.654215168708888850e-02,9.956242997731720723e-02,-3.022741758321898509e-01,-3.568203791103072287e-01,-4.444178589184408779e-01,-1.577143364062879582e-01,-1.845436468738873570e-01,-4.048760338522530700e-01,-2.939486895842080560e-01,-3.251104598526431411e-01,-4.231455193609247045e-01,-1.946676205402664284e-01,-2.332696419282266898e-01,-4.144242795504191612e-01,-5.191836707144880103e-01,-1.618038239160659586e-01,-5.625378225492186912e-01,-5.237226265665452241e-01,-3.850536852603479443e-01,-2.252643954468202536e-01,-3.551791263079555061e-01,-1.321856288928059397e-01,-1.163981353721375289e-01,-3.281561521348357324e-01,-5.658999211284641007e-01,-4.001179297776949473e-01,-2.079974816302048723e-01,-2.865046588013638318e-01,-3.433291300099520216e-01,-3.678338574499245839e-01
3.814527603803594680e-01,6.234299764064924476e-01,5.895903576214488462e-01,7.564069649272370244e-01,1.848694918734781756e-01,3.696123421450939750e-01,3.873198668663329625e-01,3.133964475371129876e-01,5.195758190005876909e-01,1.969724154430597396e-01,6.538362465144315072e-01,2.628930569614502111e-01,6.426610624395461269e-01,5.222923858014875131e-01,4.504180952881736699e-01,1.353573567937896849e-01,5.807929386892267676e-01,1.785976647564533337e-01,4.711947863802309899e-01,-3.968382170963379203e-03,1.679662987935592877e-01,3.137380016123073601e-01,2.453428783094713239e-01,1.339315982390848203e-01,-9.731414870485805696e-03,5.143402507946147340e-02,2.955134481593318374e-01,-1.747105042187239998e-01,1.416855844982184698e-01,2.688420286448868143e-02,4.094905069283155674e-02,-2.185363342298855260e-01,-1.390734501744219920e-01,-3.150609394938383989e-01,-9.268892870848115251e-02,-1.076102933377043047e-01,-3.173023089752995129e-02,-7.744452638617606299e-02,-4.345434593567579773e-01,-3.192823183285681821e-01,-3.365884524615803675e-01,-2.956750845270360029e-01,-2.206947927037526680e-02,-2.507859435887170863e-01,-5.200882680211573739e-01,-6.800493978115051963e-01,-4.043402565822919459e-01,-4.123475688366133873e-01,-4.403407841434822667e-01,-4.457174537860950636e-01,-1.763714855846628682e-01,-4.723187977291975481e-01,-6.933596330367484961e-02,-4.234449887203651786e-01,-2.945542608683436869e-01,-3.597274027937018559e-01,-4.150898607296119591e-01,-3.280386357649923146e-01,-2.238301648493087048e-01,-5.250165308238874395e-01
4.174075207933475307e-01,4.212083971033244723e-01,6.264903233238861002e-01,1.632648611052656684e-01,4.817340316461581895e-01,3.618032894932479704e-01,5.804324167373101639e-01,2.512785229307518686e-01,5.582122334678464304e-01,2.207147170032126571e-01,5.232542390855142722e-01,5.143177640497762493e-01,6.010433445938517805e-01,7.007655711804889886e-01,3.257695612833977350e-01,4.559939971963801741e-01,3.665241255001364662e-01,6.946531197544017489e-02,4.118178110546934501e-01,2.559836071793968881e-01,6.426558577958669805e-01,2.041618075752636430e-01,6.601304488489064815e-01,1.866345367914073461e-01,3.734414394623183919e-01,3.660061460148617551e-01,2.360544831909953678e-01,2.182291069787337945e-01,-1.469442569324661829e-01,-1.203191609935307521e-01,-1.693689995207310617e-01,-2.298493188323488812e-01,-2.835863590014464641e-02,-4.338469407660890814e-02,-1.593350868296544431e-01,-1.859016280563001167e-01,-1.335201392635072537e-01,-1.647514714217795939e-01,-1.430970969639065726e-01,-2.314395925306319268e-01,-3.511751779312929367e-01,-4.117633522015579639e-01,-3.497290488495255478e-01,-6.340846299684967935e-01,-1.560575751416181656e-01,-1.796343440676919090e-01,-3.961894176285903901e-01,-1.368512785274063615e-01,-3.668982415556153454e-01,-2.071457083827477064e-01,-2.117489606049102469e-01,-5.113753779993682747e-01,-5.260235948380335147e-01,-3.835363522643275291e-01,-3.285854273640574363e-01,-2.493491280722861525e-01,-3.755824265687604524e-01,-6.486327919891479166e-01,-3.602771465748658142e-01,-3.095319599931866117e-01
1.526273611678702069e-01,3.231993487019305111e-01,1.939556844083099585e-01,3.591167875131967557e-01,4.235364122564289069e-01,4.004907566825409160e-01,2.726589337396777557e-01,4.649992779325317072e-01,5.397622294257591324e-01,4.903066378015005222e-01,2.589530381566400585e-01,5.510822898507747869e-01,2.520216697644883097e-01,3.403695050109697418e-01,1.340111528866624602e-01,2.883387926218692887e-01,5.136122170342851678e-01,2.561035871181740475e-01,5.128835840456409390e-01,1.767358369046003463e-01,6.783887224706883212e-02,1.091666193388584338e-01,2.106868730018604530e-01,3.580069886764764009e-01,2.813110903795746909e-01,3.940789341969691550e-01,5.362545979120347805e-01,-4.756885942745391754e-02,-2.099563741771954817e-01,1.720670702968659094e-01,1.837172366978216675e-01,3.904038235449344696e-01,-2.792005752769203264e-01,-3.533312709598693813e-01,-1.958685065180021390e-01,-3.872560671062923454e-01,-3.429475548880395186e-01,-2.933064542165459976e-01,-4.361520012435807780e-01,-3.064307095123083302e-01,-1.855373834386061516e-01,-6.124383140547442483e-01,-4.492706428142009822e-01,-1.373362290699967903e-01,-3.077080070113454857e-01,-2.405790266600740246e-01,-3.877509662478154095e-01,-5.125992583969479766e-01,-4.702551475434837980e-01,-4.416670466530309147e-01,-3.693404266580144202e-01,-2.291709225584786513e-01,-1.904984621698481984e-01,-3.838184044237670511e-02,-5.494062343575234486e-01,-4.894727401801927114e-01,-4.196595504258990306e-01,-1.972033063589752055e-01,-1.448231416274013972e-01,-3.514841292256236094e-01
6.026472651928725943e-01,3.641624398580719513e-01,7.077133949110456790e-01,2.636899283710703729e-02,3.567463864525397543e-01,3.094966375084983179e-01,4.727084277739570517e-01,6.049401352653717145e-01,2.137107660055049541e-01,4.951812184325667943e-01,4.763402478050534627e-01,1.916877411885226645e-01,2.646074890591200712e-01,5.538957150443664101e-01,3.834267608837310659e-01,-7.560521710948193974e-02,4.970195053879275515e-01,4.232152669612649909e-01,2.167709449269543676e-01,2.588039106229295672e-01,3.181897720253913653e-02,2.393523284379105165e-01,3.316985321853793134e-01,1.619561701178041102e-01,3.158795762757734549e-01,3.566714366687154247e-01,-9.340572747225944772e-02,-3.595973700310810262e-02,-2.172502851556160353e-01,2.031095594079971867e-01,-6.613453780086225864e-02,1.239192982085249028e-01,-2.733360566750978604e-01,-9.212402598649263585e-02,-1.247123838499288595e-01,8.116047683992808071e-03,-2.085943074762166005e-01,-4.655236886356720061e-01,-2.454830611357440018e-01,-2.192903365866371579e-01,-4.569259290231947324e-01,-2.353593002736539819e-01,-6.167167094818316597e-01,-3.816361152224535536e-01,-3.894217211056234529e-01,-4.080405390552616085e-01,-2.611065504016286121e-01,-5.108472784049051807e-01,-1.051007934766429452e-01,-1.796289606042144604e-01,-3.061109553576301101e-01,-3.595063778399191778e-01,-3.531491474198644731e-01,-7.461365335032577040e-01,-2.298125620979133144e-01,-2.574792689950630153e-01,-4.405030250615239451e-01,-2.841348127184494810e-01,-5.205847754874914912e-01,-4.486324749136406664e-01
5.385359262929705348e-01,3.421181133069583491e-01,3.600613634121869744e-01,6.552776122011777504e-01,2.562816730096447171e-01,5.356378999700085464e-01,6.258423124537537685e-01,2.125872257235799645e-01,1.160016530421885683e-01,1.566450693076736067e-01,3.406683997848000134e-01,4.282786455708714746e-01,6.186348613285574949e-01,2.292331845508167321e-01,3.631345663326954187e-01,3.024012480309920536e-01,5.136453909206328827e-02,1.026402837228684445e-01,4.223822574048451406e-01,3.072451842163354541e-01,1.015324957719594343e-02,-1.290566512710943081e-01,3.176241421729674719e-01,2.834466990028700062e-01,3.202761403199199663e-01,-2.708060844722157828e-02,1.988494192592430154e-01,6.298417987716742328e-03,-2.287006534792292850e-02,7.260370126295841164e-02,-1.231475549833182664e-01,-1.272068032017731852e-02,-2.195232985375211165e-01,-3.430340704102743388e-01,-1.410865499386716460e-01,-5.186405034945279491e-02,-3.519272386493080829e-01,-9.670268661876109395e-02,1.399204748343889082e-01,-3.334034381159994287e-01,-3.459420799093334553e-01,-4.667272100488497055e-01,-4.694210146056805866e-01,-2.501560691930097002e-01,-1.137619413513315525e-01,-2.725757613403084756e-01,-5.784644645704852817e-01,-4.037020892603681577e-01,-2.570920607363590960e-01,-2.471606106358714694e-01,-4.682185164749711470e-01,-6.401169744495648350e-01,-5.306464388099738638e-01,-4.681458946630521756e-01,-5.122400312509509668e-01,-3.947207637633262101e-01,-4.319618894284308341e-01,-2.206682021134755423e-01,-1.997242311518507285e-01,-4.537958705467540210e-01
1.069952868612706054e-01,2.739430735851012821e-01,4.938555858215482597e-01,5.070438303702579086e-01,2.403397240775071997e-01,4.388955312797149233e-01,3.317869081581072133e-02,1.971171235619262885e-01,4.060262103105225506e-01,4.023429658491295413e-01,2.448231294461525598e-01,5.570844934614075372e-01,3.539719104156087148e-01,2.845769798227603120e-01,5.238487933660544993e-01,4.650891694152536893e-01,1.374592701454865618e-01,4.934680030092619130e-01,4.451612614014856528e-01,2.609255611022892607e-01,1.969988151919795927e-01,4.439472837398918403e-01,1.833788593430403790e-01,-1.160307823251653311e-02,2.993445530935525539e-02,-1.328250194679235496e-02,4.130248339143873654e-02,1.744343976457699841e-01,4.817718623684433960e-02,1.537279817691870609e-01,1.159934204682258330e-01,-1.488095473101690991e-01,-8.740590155674161921e-02,-7.921583069432251711e-02,-2.791756309867376440e-01,6.742668346804048252e-02,-9.127119302486311203e-02,-3.897218962363914740e-01,-1.718938295778859315e-01,-3.676201942440613935e-01,-4.459786206008021781e-01,-1.448533809772621639e-01,-4.116470665564883058e-01,-4.495113111472207601e-01,-1.278523399510603231e-02,-1.776144964196991194e-01,-3.512086438995354887e-01,-4.278291265936265408e-01,-3.307409430584099530e-01,-4.508169771040059226e-01,-4.829988741986427359e-01,-4.152989490015022156e-01,-6.471358170597520942e-01,-3.538148189774762420e-01,-2.518822808501405275e-01,-2.431527262481944229e-01,-5.106896826117848232e-01,-1.985936238335437309e-01,-2.041535523646079986e-01,-3.089545255493468257e-01
5.604463931213881089e-01,3.319274967159163703e-01,2.779340540376735724e-01,5.164463723791659078e-01,5.776551509107323845e-01,6.950885272317408603e-01,-1.300126021497105544e-01,1.725862548664761353e-01,3.636266673627445156e-01,8.185543483191756731e-02,4.745342750306550950e-01,4.027244135088192678e-01,1.036294148689542727e-01,4.355477547360466772e-01,-1.233108042805247939e-01,5.795632391576918119e-01,4.823424073089401243e-01,4.661361920116907642e-01,1.929134757490079122e-01,3.101427473314513628e-01,2.011759081316494557e-01,3.827678227920405241e-01,-2.984306318610646658e-01,1.439942813643980135e-01,1.845038086442901681e-02,2.593410437756699660e-01,2.430399925622903634e-01,7.360466280807671791e-02,4.571500626636448503e-03,-1.365905157293106353e-01,1.614550497717289201e-01,-1.685235979898637992e-01,-1.244651013303393200e-01,2.436836877134257451e-02,-2.616162497100457673e-01,-2.811222279903464738e-01,-4.364683615491058433e-01,-5.241153551705267644e-01,-1.489338609301732730e-01,-1.592089997908655852e-01,-1.692293547478235516e-01,-6.010211167585568504e-01,-2.437472137269979799e-01,-1.943608873899846379e-01,-4.017719827002910193e-01,-3.953772135373735397e-01,-5.463836608309249332e-01,-3.026188780063411299e-01,-4.084719706713203502e-01,-6.438308975507615051e-01,-2.747486578656271883e-01,-3.408499723124226444e-01,-1.720374343740655454e-01,-5.049685042282455738e-01,-3.546822635380069144e-01,-9.269844870341294174e-02,-4.338403078103413857e-01,-3.416490973759202521e-01,-2.833818892385527310e-01,-1.177713809370305523e-02
4.957617230021059695e-01,9.793575484391112140e-02,4.087998827623587905e-01,2.544973494856694329e-01,5.834710347131342179e-01,5.504124100375229478e-01,3.702761084556266402e-01,1.188743547725770178e-01,4.094299572512609120e-01,1.719363945242489145e-01,3.794727349444305675e-01,5.127152293400485394e-01,5.106393431012820061e-01,1.654202056714948466e-01,3.813242630902776709e-01,2.544533832869177448e-01,5.142328900787600521e-01,3.613549089119368340e-01,3.318963383227994113e-01,-5.617186257921918772e-03,-2.144700792290277040e-03,3.934488309131723982e-01,4.037266472819134866e-01,1.528713918812577288e-01,1.463733817025133777e-01,1.738550245468671318e-01,9.222041673385744653e-02,-3.002699843101531152e-01,2.452077911930581888e-01,-2.805307029164941790e-01,-2.897397139422083212e-01,1.425187091975803622e-01,3.095594125401173180e-01,-8.212776483202589850e-02,-2.232777620465742179e-03,1.815874047410631631e-02,-2.150497236313276550e-01,1.113948840383282707e-01,-3.088803621151375856e-01,-6.149379309092806167e-01,9.711853481447139946e-02,-3.484273896529136438e-01,-2.684288371182117494e-01,-3.311492084985203088e-01,-4.209213619045245602e-01,-1.749310295162913031e-01,-5.327656710918022842e-01,-1.243279499366980873e-01,-2.059931344787097329e-01,-1.649626923609042728e-01,-1.948996472753117826e-01,-1.218427566606860718e-01,-3.918573379914834232e-01,-3.366391791417248092e-01,-5.565742421107193749e-01,-5.768085394803483812e-01,-2.921303631304942861e-01,-6.310455373163204040e-01,-3.857687371367904405e-01,-3.560439740296336142e-01
4.231060032764545897e-01,6.281617563553726358e-01,2.328968463015443080e-01,3.327624853180527476e-01,2.677347566430918202e-01,3.297037544096153017e-01,3.477746840815925111e-01,5.072311551856973910e-01,2.797091912685690795e-01,4.847726805304261588e-02,3.715748642948291103e-01,2.051460491592805579e-01,2.517398196676837174e-01,3.875644572287265666e-01,3.314182225276957605e-01,8.977998105365828097e-02,2.982004386515153538e-01,2.647435093163373887e-01,3.419668649097847846e-01,2.071139281400896370e-01,3.490691879387660679e-01,4.027261831564016847e-01,1.473232118465148122e-01,2.150809584391502050e-01,-5.576661085843111904e-02,1.779147399679967267e-01,-1.865862760780211821e-02,1.806741228147328016e-01,-1.410609075641667542e-01,2.458519648300194760e-02,8.084309778296739149e-03,-9.676921816890994565e-02,-1.282264033382375656e-01,1.359745693262001676e-01,1.655998928793072644e-01,4.745332274998724509e-02,1.173773112250158929e-01,-2.819762380779034516e-01,-3.232568076104485044e-01,-5.242501564344309584e-01,-4.519845313891944771e-01,-1.950998588987140347e-01,-2.625023549480394180e-01,-2.534159778866408308e-01,-6.856492764314128241e-01,-2.314559674300383230e-01,8.984975297135137928e-02,-3.249388620369073610e-01,-3.379687714746331673e-01,-2.442514776981038194e-01,-3.523666555505960973e-01,-6.822391603736004395e-01,-5.481861544931652119e-01,-5.310086042081063606e-01,-2.618266528905504598e-01,-4.272214012833025487e-01,-2.003330168061519811e-01,-5.138605171604472277e-01,-3.185162896844955238e-01,-2.741848340548526108e-01
5.387922378843033044e-01,1.072091710270494797e-01,2.900347830244086045e-01,1.438460028040100813e-01,4.385945662936495681e-01,5.054030925119911144e-01,7.034542252819010466e-01,1.086998568321858108e-02,6.815719469853365187e-01,3.117335217519151547e-01,-6.555033552040187561e-02,3.100394736813449903e-01,3.153266888799998169e-01,4.389640359181617990e-01,3.114618365028120617e-01,1.915985384959151550e-01,3.314458269099812004e-01,3.069430953615515101e-01,-8.934892306052763522e-02,-1.041760785174816323e-01,2.466791839229244554e-01,3.971557890250311251e-01,2.435841397865267377e-01,8.089309482062857770e-02,7.661117694621913388e-02,-2.063928563617760739e-02,2.907973912686829809e-01,-3.379318261596113149e-01,2.301018189075159648e-01,1.567220852683710586e-01,-1.266584816923614354e-01,-2.539618853050534253e-01,-1.124480306539250990e-01,-5.216310730659890274e-03,-4.045010143253014445e-01,-2.131657303005039528e-01,-1.867530991154340014e-01,-2.117849810679152678e-01,-3.742145911523099278e-01,-2.145672485730070189e-01,-4.496558720818137900e-01,-4.478412587198489225e-01,-7.348577238121294097e-02,-4.272233211294088617e-01,-3.411609984410683971e-01,-4.271409438267198544e-01,-3.193969494066181136e-01,-3.852036983077525845e-01,-3.313258552397556622e-01,-2.372565907838800059e-01,-3.435716371110600353e-01,-3.177790864049292452e-01,-3.239147238560736719e-01,-4.459241741799245817e-01,-1.717564325748142107e-01,-5.753435035551510701e-01,-1.459608410942294099e-01,-5.067438067390224177e-01,-4.048269151129137988e-01,-3.753007381212515314e-01
3.607051097760293201e-01,2.792742363654144300e-01,1.518630295791378038e-01,2.516328258832417064e-01,4.766055850882245370e-01,3.370572702316002034e-01,4.416027822338420283e-01,5.077242253106720726e-01,2.081624719408043112e-01,3.829150877906595946e-02,5.058281904301039633e-01,4.461928047117776908e-01,5.022418001458778258e-01,4.922598986089194995e-01,8.217981534631324959e-04,4.244563975520542209e-01,2.473782185540403800e-01,4.288246360170318572e-01,1.331299484691643442e-01,-9.315501993464517586e-03,1.614274809794920551e-01,-1.933235636178260441e-01,1.173680954559374878e-01,2.685443487511959271e-01,2.134789893105143721e-01,-1.870982879637264618e-01,4.035218752012035281e-01,3.886398279384377374e-02,-2.220745343415695405e-01,-1.759050836155531122e-02,-1.945416203825636736e-01,-1.083051032003855829e-01,1.018490184104173767e-02,-1.939549384238307694e-01,-2.864429557164880902e-01,-2.282102417856102239e-01,-1.411504922176030075e-01,-2.296444688014308844e-01,-2.368248481588407783e-01,-2.180808639466424448e-01,-2.520017673508292977e-01,-2.161876786732540856e-01,-1.556412502094961237e-01,-3.998082290258577198e-01,-4.654044506996470321e-01,-4.817626234372943128e-01,-2.549140470043548268e-01,-4.498029143264133944e-01,-3.571189947147315191e-01,-2.089350921537651007e-01,-3.097757792099686824e-01,-2.234003863016505442e-01,-2.984478672682356892e-01,-8.356808413869573626e-02,-3.708471573203407923e-01,-6.679226453525798357e-01,-2.920950118734548240e-01,-3.923308476284133595e-01,-1.496675262395773254e-01,-4.648669113922220819e-01
8.095640853268361303e-02,2.079612714105377458e-01,6.130366174934407386e-01,4.460151560851182140e-01,3.485727357881294175e-01,2.075039105283720819e-01,6.311544043818229088e-01,8.155553399706130802e-02,4.427958607201423757e-01,1.888494842611750449e-02,-7.132436301780893662e-02,2.763059143813643148e-01,2.950245890658013126e-01,4.479056971963981115e-01,5.725135812783235245e-01,2.990358524978425914e-02,3.214620458213918175e-01,1.120321063143473739e-01,1.910459254703510690e-01,4.043796970498207410e-01,1.303878550713213902e-01,1.028477072248690921e-01,2.569427238004545755e-01,-4.716820282919453877e-02,-8.151632767788655198e-02,4.996387982011466639e-02,8.442841578516982470e-02,-1.639888668298076779e-01,-9.889156331259726929e-02,-1.310310210173298573e-01,-2.017891504395989410e-01,2.126723238697102170e-01,7.687325430683993044e-02,-1.787535072681070425e-01,5.334197022584561548e-02,-3.676796444704223399e-01,-2.969684724155497446e-01,-2.193409246881015129e-01,-2.385693443656252410e-01,-2.995333715182620926e-01,-2.139008188757680617e-01,1.647550668278311703e-01,-1.062305850890497838e-01,-5.169202932927369210e-01,-4.456428044435893909e-01,-4.257950034476436219e-02,-3.667292330046879600e-01,-4.873696145687408388e-01,-2.764521201802047079e-01,-5.021697775025550925e-01,-5.536229769982532467e-01,-3.531519185724534826e-01,-4.252712512446342186e-01,-5.195901654009859039e-01,-5.254781355468616244e-01,6.944207243359562954e-04,-4.043767864741346640e-01,-5.564117231280576448e-01,-5.319823036837832975e-01,-3.596717485799418301e-01
3.818632885900427598e-01,3.226586367261802257e-01,3.273788603619198767e-01,3.343874776774926616e-01,4.517214689584317933e-01,3.743023519612436734e-01,2.893698575200673861e-01,2.264676457775093021e-01,3.860664274193121304e-01,3.508320939872303645e-01,2.087860043197461712e-01,1.692176174852780546e-01,5.036852954543282745e-01,1.687144019091607050e-01,1.936893969716981245e-01,4.530390969546210234e-01,3.625349835095112994e-01,6.220778226799887900e-01,1.552004318785481785e-01,1.160732755390376791e-01,3.886442427090515683e-01,8.915343448559001627e-02,4.141121728546562908e-01,-2.694156150094276919e-02,3.516628585130573970e-01,1.137196884819807741e-01,3.981207992930612671e-01,1.323922570966752921e-01,1.322784003785053009e-01,2.821446595396727708e-01,-3.845012085587591610e-02,-2.192282426559639119e-01,-2.026131323708878773e-01,1.122897026255841035e-01,5.551826899861408288e-02,-2.843712864462369927e-01,-3.201857001659518809e-01,-8.940493564262910753e-02,-6.074079963901511670e-02,-1.104501074268278149e-01,-3.325163857492284825e-01,-2.640069674106867437e-01,-1.624769254665491269e-01,-1.722585869205149611e-01,-4.702040524307324887e-01,-2.896978226362239561e-01,-7.390552906201165728e-02,-3.375317821399269613e-01,-2.330197948178066303e-01,-5.695086932739515939e-01,-5.494997057597162948e-01,-3.164516303448944301e-01,-2.736392119923153343e-01,-3.309699930135656110e-01,-1.489981568161269920e-01,-1.767198593478016555e-01,-1.076098855224395107e-01,-2.029980513114008345e-01,-2.740378188759727274e-01,-2.386987362778805744e-01
2.998663640947299425e-01,4.151902957467221711e-01,4.762955640160123627e-01,4.501021195343216097e-01,3.455142265240108701e-01,4.692088107567024546e-01,2.278146906838007246e-01,3.696380325883120710e-01,3.695177406093540506e-01,5.817994436999944785e-01,5.271236803126180259e-01,3.492016846396180929e-01,2.527947905452594957e-01,2.676286564925672851e-01,4.423984430334365614e-01,2.094163310183848048e-01,2.753569432220367985e-01,-1.931887509200213571e-01,4.038214786080109309e-01,3.808941339336027188e-01,2.765091901347365710e-01,3.874928742910004331e-01,2.283774790053394108e-02,1.469793991010301393e-01,2.374757330930089005e-01,3.871875768506652937e-01,-1.132786991660668791e-01,9.251864442973257996e-02,-1.049031906593631824e-01,-2.184411583724156503e-01,7.658875127790671158e-03,-6.292580334760410066e-02,8.413969133359086583e-02,-2.415919251180342897e-02,-6.052156851768293599e-02,-4.179026556382147706e-01,-5.508626366329438806e-02,-2.519364222713026402e-01,-1.615855276716354205e-01,-1.765999670003549349e-01,-2.889159121464844882e-01,1.803486516703691755e-01,-1.235759085700786492e-01,-3.021187276311453340e-01,-1.978829441790343480e-01,-3.735996985542445747e-01,-1.136382626660621814e-01,-4.498790334441302718e-01,-4.546770897663761635e-01,-4.248855983592753072e-01,-2.589291864901006601e-01,-3.253257474263183679e-01,1.022468763392588575e-01,-9.082202109197827500e-02,-2.171888557592622782e-01,-4.509622661245938913e-01,-2.876734458400765915e-01,-3.204606784454204771e-01,-3.699333288556464483e-01,-1.330965527728780740e-01
4.068324613809173873e-01,3.995811082340850473e-01,3.864093422124598720e-01,1.213328516402583518e-01,3.272404099372210884e-01,3.841877106958818677e-01,2.659019343256324719e-01,2.862193012220073385e-01,5.170322447077079220e-01,2.035105525393778036e-01,1.725235203842610809e-01,2.626317802214180874e-01,-5.418916000830172053e-02,2.153947653005945928e-01,4.670622228253556996e-01,3.926332013463145199e-01,-2.195223125613481874e-01,2.167986181785498123e-01,3.758518399819721911e-01,4.427817280505624287e-01,1.975175990685333616e-01,3.996605156416001975e-02,3.192074372099741320e-01,5.838195310537920568e-02,-6.113627092889604292e-02,-7.688287567728099847e-02,2.677460940748444540e-01,3.020087944611281050e-01,4.778208241085726837e-01,-1.109328011392713698e-01,-1.438259886877057969e-01,3.128820125685655151e-02,1.604358692677072262e-01,-2.317278038744001734e-01,8.743036052711417733e-03,-4.829598116940612695e-01,-6.849224937734529894e-02,-3.009073373818497710e-01,-7.175596110609197553e-02,-3.056038076255648273e-01,-2.568594718609182315e-01,-3.812783459068061487e-01,-4.195074532434455716e-01,-2.616683102925205784e-01,-4.016852329111367803e-01,-5.588707319133685569e-01,-3.442744107623184058e-01,-3.075371243467934779e-01,-3.083737128430218410e-01,-4.032493467168986045e-01,-3.609592346736905100e-01,-3.704812983951174532e-01,-3.077251909256680240e-01,-4.764794185792674552e-01,-1.982437720902056333e-01,-1.338238137798081206e-01,-3.240961194379541888e-01,-1.584468007201912942e-01,1.389515435633597862e-01,-4.970101779192629965e-01
3.955377259588779837e-01,4.436190295281595697e-01,1.579098122529631054e-01,2.228908609459009926e-01,2.758238741876395395e-01,1.820286719753276827e-01,4.277452319031059824e-01,2.783649225182021070e-01,3.345351691364782942e-01,4.314674205535887763e-01,8.271752195143547426e-02,3.714409910903868073e-02,4.143056983144094430e-01,3.008166585906424384e-01,9.835267019307147862e-02,2.930519649055507991e-01,4.919216518988887010e-01,3.590390925660826293e-01,1.217550042472010929e-01,1.847712622183121656e-01,9.023054183001612272e-02,3.374933629628250609e-01,-3.685612989072199752e-02,3.417802258652432590e-01,6.238831237980073385e-02,1.175536431950365140e-01,2.562238913039764990e-02,1.733732226895606798e-01,-1.185551197563639719e-01,-3.748578000964694068e-01,-2.505244906388500725e-01,1.413062559274354535e-01,-3.494118995824220444e-03,8.815220733152137611e-02,-3.792369194807664323e-01,-1.344628933850456343e-01,-3.796054568586300082e-01,-2.589864771553415101e-01,-2.930201350629354495e-01,5.136818758100253346e-02,-7.211035559583700572e-02,-9.810920616774151948e-02,-3.892830052801009577e-01,-1.174921941134546843e-01,-2.971489716488596167e-01,-2.900723306964961834e-01,-2.091381820867036778e-01,-3.000127087655415359e-01,-5.859818298356235244e-01,-2.367769181841083981e-01,-3.827567550607782199e-01,-4.738291857951650310e-01,-4.602121625768072488e-01,-4.898929688323122589e-01,-4.405505221299718110e-01,-5.096633226416671381e-01,-1.789985711841020621e-01,-2.711342638927527471e-01,-2.048150935449950527e-01,-1.598248473568148476e-01
2.063324794815155627e-01,1.007563811216263538e-01,3.693109272673108512e-01,5.254805363092523995e-01,5.099650308054395342e-01,3.101840833448679668e-01,3.343541155934746656e-01,2.987586228940127819e-01,4.063651403399385909e-01,1.650592260086246044e-01,1.321366151208550888e-01,3.312230939279205977e-01,2.194779617091285329e-01,2.204284640960327835e-01,2.242751901560498529e-01,4.953350080632817898e-02,8.546578956088772550e-02,-5.225963261872851318e-02,6.915120502633567701e-02,1.129177798308047126e-01,4.029416384666516526e-01,2.130685413034564407e-02,-9.799634931431103202e-02,4.108615063667336864e-01,4.628843773396699168e-01,6.303244633683932618e-02,-3.485770917199796370e-01,-7.993230261864850417e-02,-6.849457043360523967e-02,3.108002040186604378e-02,5.820257093704443024e-02,-4.378430573920053664e-02,-1.874359478469397183e-02,7.695725842806623584e-02,-2.745462805747808099e-01,-1.701864805809959469e-01,-3.637853899120549461e-01,1.595248851907834498e-01,-1.560707086859704495e-01,1.146778205722456256e-01,-8.879717533823491826e-02,-1.776775924883026714e-01,-7.439139306004446950e-02,-3.020153327780537578e-01,-3.288572702773059353e-01,-2.127458722892041632e-01,-3.582312732320148685e-01,-2.151876476767987934e-01,-1.187208906410821968e-01,-1.484483977451198644e-01,-4.828708332482086751e-01,-9.050896661668791920e-02,-7.122754127394559376e-02,-3.704819271364051536e-01,-1.800049549551697992e-01,-2.884642314844257371e-02,-3.538384015669935323e-01,-2.691177930338019553e-01,-2.371988877030820064e-01,-2.275621478241834639e-01
4.917311308082285004e-01,4.566814057479359756e-01,4.523200235473401887e-01,4.859535092042172044e-01,2.736718584965250334e-01,2.855632201962556849e-01,2.554584052853555165e-01,2.807436166887832818e-01,3.634989499403488145e-01,5.188776711247928830e-01,3.044450867535656857e-01,3.111330896845665439e-01,2.515936337881131690e-01,5.457254966649392053e-02,4.215587962984773673e-01,1.887883728482540602e-01,3.766064153203614318e-01,2.106110820136156414e-01,7.894046332197182658e-02,4.382883875838437110e-02,1.101564823849650460e-01,-1.484980972870467986e-01,-1.065289898122904512e-02,2.428204219390634466e-01,1.171610853114507800e-01,6.940284490770216863e-02,-4.365575051633383691e-02,9.971007269450188337e-02,-2.024219015843100461e-02,1.055023859069276898e-01,2.064111309836135777e-01,-2.424243072993035458e-02,-3.406434124717611089e-02,-8.372825495798606743e-02,-3.213308159359798966e-01,-2.477105892437851120e-01,-5.635746026143798604e-01,-4.873541560344319956e-01,-4.866163053105884151e-01,-2.822527378689325683e-01,-2.644208172433936133e-01,-5.777075380030546534e-03,-3.506591249958058709e-01,-2.994819476382086232e-01,7.464107509591275114e-02,-2.421938859087182649e-01,-3.509356067933497303e-01,-6.160336608771502936e-02,-2.901534371795972400e-01,-2.811717599950602775e-01,-2.366673093093652758e-01,-2.024098108449891575e-01,-4.255836454003934510e-01,-3.042466884228427482e-01,1.805839252644013751e-02,-5.622310861774563184e-01,-3.613692094936494792e-01,-1.396049908697583053e-01,-3.488753260319402694e-01,-1.738985802152378801e-01
2.044382720024776889e-01,3.809035590552174999e-01,3.945614425779254697e-01,4.242302362959085582e-01,4.034317806341508605e-01,2.917072246910857314e-01,2.260267065282706156e-01,5.092200491432820053e-01,2.057033269607388137e-01,4.200622001984949949e-01,2.966110822513208234e-01,6.626235624533299839e-01,4.167344506084612599e-01,7.831882112752826253e-02,4.737798782315892909e-01,4.257344364699598427e-01,-3.533878024471021062e-02,3.324560076492233951e-01,3.034956209288878770e-01,4.137268269955610700e-01,2.923804135949400473e-01,2.831249869975714928e-01,2.100326522255266948e-01,3.659107141746446024e-01,7.495962656716373407e-02,2.949526978063964355e-01,1.017119474437018917e-01,2.132460272113438984e-02,9.325353480529541272e-02,-1.772555791225764454e-01,-2.508714019544932561e-01,-8.322583786926852911e-02,3.764631289771033090e-02,-9.887693160658494670e-03,-4.219308508527973983e-02,6.357560747352308805e-02,-1.780967033380334852e-01,-2.323449524662292431e-01,-3.047109332995108222e-01,5.537823127301590848e-02,-4.116476536177842149e-01,-2.161301774623708150e-01,5.206672414345492675e-03,-2.394639045683083778e-01,-1.330817653204823814e-01,-4.217414647518619164e-01,8.298907140326119980e-02,-3.813228199439624433e-01,-5.031100856739657567e-01,-4.501795387590959985e-01,-5.118453097337294366e-01,-2.408355793453108851e-01,-4.383023906107026413e-01,-1.580900014428143485e-01,-4.020197005788676559e-01,-5.313244431638944887e-01,-1.702134317508964823e-01,-3.099063261568871797e-01,-3.899106415494775213e-01,-6.996927580608935937e-01
5.408277567263743979e-01,2.180291634936308842e-01,2.740658200604485506e-01,2.340764499791675168e-01,-3.986091472821519377e-02,4.410192640644372553e-01,3.919547836174377409e-01,2.535790395397157296e-02,-1.684558270782246514e-01,1.594015097565908701e-01,3.765364422748458950e-01,3.649617929086438894e-01,2.216100495293754080e-01,7.633353169018933237e-02,2.816452716425804081e-01,2.741269533853346596e-02,2.067874196662093933e-01,-6.058116879772253160e-02,3.289685044128806135e-01,1.865707602788581609e-01,-6.512849764909839356e-02,-1.328332459594225301e-01,8.850205421753004620e-02,-2.345097972739339925e-02,3.490639401395942421e-01,3.567550929221149913e-01,-1.492940602667862729e-02,1.161479069988352320e-01,-1.155929452817056058e-02,2.486559639857668924e-01,-5.835150776497700920e-02,-4.618752750150327269e-01,-3.837834399719493583e-01,5.499209416326335254e-02,-1.906254868875020547e-01,5.696489580636699204e-03,-1.657335321090736002e-01,-2.902318899667573615e-01,-2.480954567239016251e-01,-2.223793821323788167e-01,-1.932382535464588769e-01,-1.721231238395228014e-01,-2.860011377504992902e-01,-2.218595411938140971e-01,-4.091018687268842546e-01,-5.525858711065435858e-02,-3.528623373567266880e-02,-4.013609298972611872e-01,-4.632841552909466865e-01,-2.571982609407765658e-02,1.262158792289485090e-02,-2.221196780680371463e-01,-3.892076725637840240e-01,-4.652744233903484128e-01,-3.362162223348932888e-01,-7.972749104134649323e-02,-3.386106164147547615e-01,-2.096347782860977504e-01,-4.300713214778904003e-01,-2.355276139185679407e-01
3.852978724009324951e-01,1.820677914324912161e-01,-6.307853620928180471e-02,2.869829999075760862e-01,3.823046208116361311e-01,2.510055282029123314e-01,9.964050993630105268e-02,2.982197569473915011e-01,2.158002024022251109e-01,3.526742289314364620e-01,3.630434612221071222e-01,2.415927299367231496e-01,3.726007201266811064e-01,4.307054744883125896e-01,1.657078714650940185e-02,1.603381709284452672e-01,3.055977574063433733e-01,3.138514585331796392e-01,5.861793601955396227e-01,2.764480617390634443e-01,3.088332244535206272e-01,-1.046225128678998084e-01,2.437822177357747422e-01,-1.024665658615567243e-02,2.735606999165110520e-01,-9.563002948924652358e-02,3.866430142837852801e-01,-8.897903066134801864e-02,-1.199260682739893280e-01,2.503907262578575297e-03,-1.834594576865489768e-01,2.462677048206151353e-01,3.272855419008168787e-01,-4.294358205118387062e-02,1.783109691570599620e-01,-2.019875247235753402e-01,-2.591809264523175973e-03,-3.266256692353632363e-01,-1.568606946495205157e-01,-6.559698433709038046e-02,-3.257702714408239886e-01,2.142367323796834921e-01,-1.264482644469921702e-01,-1.507677382279658529e-01,-4.361898850927746207e-01,-1.806901660962723088e-01,-3.128353577657913553e-01,-3.339533928937792884e-01,-4.387059503406505745e-01,-1.941917255676134380e-02,-1.516292038886400961e-01,-4.751552399419063377e-01,-2.707230415800444545e-01,-2.849568230611382869e-01,-3.095186877630744515e-01,-6.358098319484125627e-01,-2.392924001904406933e-02,-5.312016545361786246e-01,-3.995684407611082012e-01,-4.233452088536849844e-01
2.858233699115350079e-01,5.808165525754242775e-02,6.012928684492865328e-01,3.205598770477595116e-01,3.015231960926910704e-01,6.333707618535802664e-02,1.895510849351520477e-01,1.934813855025561136e-01,5.006949284819839363e-01,2.838342365943092305e-01,1.742745057157355504e-01,5.407875326907699183e-03,1.001772799956258952e-01,2.754269609285718290e-01,-1.961447820930398850e-02,1.134500354449195364e-01,1.974985375071064975e-01,3.616709462694293609e-01,4.779032637116392701e-01,3.286230171728360405e-01,3.395720672393230388e-01,2.155603627575560233e-01,-4.940469916867414740e-02,-6.514119304606391658e-02,9.280678408551930325e-02,-2.035053125876689628e-01,-2.005967683473743046e-01,2.628765868838556785e-01,-4.042788753545282776e-01,-6.633402253178793950e-02,-3.661322803945642468e-01,1.842362372435861206e-01,-1.351630117608212389e-01,-9.002156195403222816e-02,-7.080126740607574354e-02,-1.051115401067989480e-01,-1.085049967088312084e-01,7.577180176601116743e-03,4.202217779852716883e-02,-2.365359359296130837e-01,-3.420088625337668331e-01,-4.027364920604972198e-01,-5.344964743772917526e-01,-1.713450933641528506e-01,-4.717017344895698128e-01,-2.945292968213571450e-01,-2.452859794455127529e-01,-2.524004010386562413e-01,-4.052201347704755818e-01,-2.371059332851630508e-01,8.685187939318855799e-03,-2.624002904760125432e-01,-3.954177490961072183e-01,-8.203152471166386128e-02,-4.113887562900201411e-01,-4.080352929655237659e-01,-3.556936768865368720e-02,-4.486675262985292956e-01,-3.734399366370991236e-01,-5.239570455972170082e-01
