6.186192748398355867e-01,7.457059721189940316e-01,7.076733600228262144e-01,7.379709905613847098e-01,6.512008162628777352e-01,7.265814778482525549e-01,7.599476705153479505e-01,7.929864603306957527e-01,7.572123805678891983e-01,6.899888265514604324e-01,6.146638791278903335e-01,6.806351872518214829e-01,7.664997750338573557e-01,7.342095846615240839e-01,6.589032663122192934e-01,6.528723807411872526e-01,6.224283294349819418e-01,7.746268642758241674e-01,7.622923863409305500e-01,6.676975774718452161e-01,7.643038426553044884e-01,7.742478214718970797e-01,6.678688357466370240e-01,6.640540190109647245e-01,6.660282185682040446e-01,6.278491346929879757e-01,7.734209146066246543e-01,7.160557609680683333e-01,5.514288054585350096e-01,6.209027535352167337e-01,-3.593490226487833783e-01,-6.057526746589918520e-01,-5.416179706633258428e-01,-5.695315058004878361e-01,-5.509676127146779789e-01,-6.731657533843135033e-01,-7.580193227858993410e-01,-6.503805048478673578e-01,-7.102227372449437803e-01,-7.002676794108597669e-01,-6.305025590002453217e-01,-7.509239039656903092e-01,-5.893348627261566497e-01,-7.387550542720278113e-01,-7.032815338361325663e-01,-7.061523043628400442e-01,-4.995615473312563504e-01,-6.846713949468508087e-01,-6.482476151455839330e-01,-7.206173904945607500e-01,-8.007383628435882361e-01,-5.333127109865420934e-01,-6.671442338253739113e-01,-6.275049653102681146e-01,-7.127491331556475851e-01,-7.421497968567226655e-01,-7.646088660920326019e-01,-6.835423468703905048e-01,-7.275138393406953563e-01,-7.532393785106912265e-01
6.179000381673587228e-01,7.437477413609953070e-01,6.935301583149425797e-01,6.328897401576119019e-01,7.087863788869113169e-01,6.118092479496072267e-01,6.470156208042560086e-01,6.217056813650723157e-01,8.057890920156081105e-01,7.900864733071049084e-01,7.339859878729346754e-01,6.739441963440815364e-01,6.882050760932436617e-01,7.992102151084806705e-01,6.777807993466647973e-01,6.699403287808852747e-01,6.957882147712081133e-01,7.264991466176472512e-01,6.463516397733649610e-01,7.319497157207459637e-01,6.633615995890187467e-01,6.668866342116699375e-01,4.989995694525758974e-01,5.245357010659649211e-01,5.721465729899531949e-01,4.658867863765078776e-01,7.237947792505956546e-01,5.750192976903429898e-01,6.095100264523525269e-01,5.706043053745983862e-01,-2.108525685834476138e-01,-6.267669685929082579e-01,-5.840768948716514863e-01,-6.114709649039902217e-01,-4.936980190577728855e-01,-7.797061112341598932e-01,-5.072792927538056773e-01,-6.157130892589106619e-01,-7.130851451839215205e-01,-6.348218975631552130e-01,-7.521893582652872112e-01,-7.127562236056361744e-01,-7.107095795843831887e-01,-6.581219490463372512e-01,-6.982924371228097504e-01,-7.255815543110046839e-01,-7.669865857299743572e-01,-7.550554002242806373e-01,-6.373384769664375282e-01,-7.465407554638795462e-01,-5.234789880174527399e-01,-6.496925046209967025e-01,-5.959511038861036170e-01,-7.925647799495635359e-01,-6.649956136251485850e-01,-7.123289661653652294e-01,-6.576730546438388503e-01,-6.478236787929375629e-01,-6.726987106590163190e-01,-5.813377033864564059e-01
7.489665243695861063e-01,6.122550768149148670e-01,7.238916429285696674e-01,6.947970969054642065e-01,7.043776063708713231e-01,7.686802855644613297e-01,6.439450988695690770e-01,7.315875025132909659e-01,6.629024467378792362e-01,6.628895976222309860e-01,8.008101430357905670e-01,6.944597858000171042e-01,7.531529654262698603e-01,8.248952487163048186e-01,7.036820966932247901e-01,6.604239689462932938e-01,6.034584072655432285e-01,6.421321614062576177e-01,7.184612914959183083e-01,6.555144110905118948e-01,6.534338016207020816e-01,7.338050044144949213e-01,5.982774219691477935e-01,6.660583233411204729e-01,6.884960908287671710e-01,3.971639277172000493e-01,7.740998655166628772e-01,2.918814961000913977e-01,5.683667137467832697e-01,2.918786853422781769e-01,-3.199907186146159210e-01,-5.816374815243584573e-01,-4.214130412076195209e-01,-4.289840322352483741e-03,-5.424868741942505679e-01,-6.534031372496087453e-01,-5.366650658991900524e-01,-7.270619814253198587e-01,-6.812440559973393928e-01,-8.589664161082624094e-01,-6.561593808272222494e-01,-4.918878999759540571e-01,-7.334253891670010628e-01,-7.636959421358247013e-01,-6.610341269828843291e-01,-6.414930800268106026e-01,-6.153870891429054080e-01,-5.471874828267676572e-01,-7.076772665563091369e-01,-7.162890382607933759e-01,-7.038339734473124665e-01,-5.640093644342315526e-01,-8.042460477847290790e-01,-5.771031079009868447e-01,-6.466950767901926689e-01,-6.762183335994699229e-01,-5.872344730078958852e-01,-6.549335097227446667e-01,-7.555756993429606494e-01,-8.143410973778942852e-01
7.389597206231897086e-01,6.784891780247603865e-01,5.330667379492315394e-01,7.553798719933764172e-01,7.975830526454151803e-01,6.714927061314941437e-01,6.690764688979781161e-01,6.355893973943192998e-01,7.478730748471829060e-01,6.736459138927328727e-01,6.802607525890488338e-01,6.709100827114428123e-01,5.806387018862437799e-01,6.068850338333755534e-01,5.761861493846475168e-01,5.336504253593090663e-01,6.671831606644691437e-01,6.351636213873933512e-01,6.132343522309156025e-01,6.937044378022175772e-01,5.008936172431769362e-01,6.642707143617456733e-01,5.700547136964101425e-01,4.800017294171376459e-01,5.298482860390847371e-01,4.796855609084257344e-01,3.189200415290150969e-01,5.857608797382813925e-01,6.913366095080043516e-01,4.080224731885836453e-01,-2.917239840608584767e-01,-6.797736618437928424e-01,-7.067941621328364121e-01,-4.758559297405799693e-02,-2.308888664533589596e-01,-5.277556216732097738e-01,-6.156915615649365403e-01,-6.299674152356977697e-01,-7.184180302029783416e-01,-5.801677039046657658e-01,-6.214831831698173215e-01,-6.144445649647513052e-01,-6.268694339665320525e-01,-7.729946404789963532e-01,-6.505984290269426484e-01,-6.423686621939479480e-01,-6.341417878599795444e-01,-6.166357950621682571e-01,-7.410888635611334596e-01,-7.817108754991088926e-01,-7.300028153267040798e-01,-4.828296402407003529e-01,-6.957292441806576244e-01,-7.230089354017741332e-01,-6.851144283604858609e-01,-6.788149207864020429e-01,-6.607676342479595899e-01,-6.584047419809732071e-01,-7.436141972458087945e-01,-7.169306955023376782e-01
7.954398474490883553e-01,6.266946636699251005e-01,6.872095507700957118e-01,6.920532499688597516e-01,7.446452544477245583e-01,6.814012710149575103e-01,6.016315561157714598e-01,8.066074350174445851e-01,7.211458944247520764e-01,6.014628698607389357e-01,5.464170049583738642e-01,7.830227586200786405e-01,6.834455354576256525e-01,5.484197673675932361e-01,6.816855245821471510e-01,5.592035709373542884e-01,6.816298788545778198e-01,6.431330878035648180e-01,5.381552811711618478e-01,6.895801442986735363e-01,4.950410258016746390e-01,6.864934206957193918e-01,6.106869736129514337e-01,5.062868210891422471e-01,3.279539295033054858e-01,4.670078893425558819e-01,5.558434165526177084e-01,5.972055288477333690e-01,5.509297540163723417e-01,2.884014022865092897e-01,-2.388065200752577666e-01,-6.590744952675048340e-01,-6.242528526579252945e-01,-6.342573331952199300e-01,-3.446199741485956314e-01,-4.973205472191152277e-01,-4.814763632273798555e-01,-4.523085966616128273e-01,-4.669690850900048984e-01,-5.554180231835337267e-01,-7.142178995992530810e-01,-5.132578971345499452e-01,-5.250830682537539484e-01,-6.316750287588137613e-01,-7.186300006317387634e-01,-5.995454566160891563e-01,-6.608916159125228784e-01,-6.564951926858042519e-01,-5.988906354276145594e-01,-7.703123677702510275e-01,-6.329917791081596246e-01,-5.315777452924417279e-01,-7.778038931769760689e-01,-6.065291264060840293e-01,-4.559801196953737756e-01,-7.312221694193372645e-01,-6.362490494754469150e-01,-6.792542612837981775e-01,-6.318211175052156348e-01,-7.104092622513260569e-01
4.954150748109662494e-01,6.203219752013980903e-01,7.571486782571108520e-01,5.687169003888088437e-01,5.711150958869743999e-01,6.357857718025831106e-01,6.091724618796027224e-01,6.549164759400852853e-01,8.272963810507067972e-01,5.524016281610444334e-01,5.549922858994921215e-01,5.688592900973297173e-01,6.856282442351161466e-01,6.485651742567091205e-01,7.240663138326345338e-01,6.670811309227038244e-01,5.695996241638485724e-01,4.837959360638194317e-01,6.464131549543078448e-01,7.424287560280993237e-01,5.815258383904813311e-01,4.825896062038007583e-01,5.828552094824432928e-01,4.586272242913316255e-01,4.029588820159581419e-01,7.077566687997641770e-01,6.923971826716692757e-01,5.977020169007365435e-01,4.052132310594817599e-01,-2.110888981190256197e-01,-1.725771330621906838e-02,-3.666386008024943299e-01,-5.290951559463856757e-01,-5.299287332027946551e-01,-3.928544518304338817e-01,-3.012713511618427265e-01,-5.012577469974205391e-01,-4.672791360648444470e-01,-3.757281848733172724e-01,-6.246008925864297012e-01,-5.213213941313541433e-01,-6.572032326570450556e-01,-6.009700162698974335e-01,-6.637914274302293416e-01,-6.823032678971728826e-01,-6.917555184731304374e-01,-5.307227206859741475e-01,-7.814287575115608231e-01,-5.265289569011590842e-01,-5.643921250734503792e-01,-6.372558336495536269e-01,-6.198471979346696914e-01,-7.207258786314625354e-01,-7.470255687368502207e-01,-6.878809868721426080e-01,-6.952325814140798421e-01,-6.767621614388227291e-01,-6.001166365669206026e-01,-7.147771411697971811e-01,-6.332929157214860494e-01
6.715127345177277496e-01,6.063365966382187056e-01,6.655022813245747848e-01,8.039293717783859705e-01,7.532689799304799205e-01,6.865958407371316463e-01,8.362705204325470154e-01,6.862974118911260302e-01,7.432799308466258026e-01,7.877854615515555992e-01,5.526851100550431717e-01,5.392598141569425740e-01,6.072011644146436682e-01,6.581242529216397852e-01,6.552914908139847450e-01,6.819236708190088425e-01,3.991886586368828538e-01,4.591848360973345144e-01,2.993343816195444540e-01,4.669659719581560897e-01,5.210778309742920555e-01,5.526642112256447970e-01,2.402160114761870968e-01,5.423451864973255704e-04,2.735344528509758844e-01,4.784358503320492728e-01,5.628367711844981525e-01,3.976712476175046085e-01,3.406867654845191495e-01,1.285319323789876067e-01,-1.896302098326915764e-01,-2.374052183299764640e-01,-5.611265868025216985e-01,-6.806745304522090478e-01,-5.505027598085793228e-01,-2.405438613356110922e-01,-3.769545887355504332e-01,-6.044974960007112319e-01,-3.702576403097442292e-01,-4.613108381506022537e-01,-4.575437661869127259e-01,-4.527766330284313523e-01,-6.916737675258708418e-01,-5.755827717377186570e-01,-7.355818043978092913e-01,-5.173975148215796960e-01,-5.857164574901708720e-01,-6.932402556920775893e-01,-7.675235533977279312e-01,-6.391842616140763766e-01,-5.421921549531447670e-01,-6.279883109485244752e-01,-7.698931025500095338e-01,-7.068359154616608020e-01,-6.727629538396914244e-01,-6.486956251275411978e-01,-7.757070159790139252e-01,-6.539989529909362442e-01,-6.480426170286192056e-01,-6.326150975121387354e-01
6.649389801627497709e-01,8.235610467909884047e-01,6.455040183678503185e-01,7.566246808863874573e-01,6.686351249038484656e-01,6.696336470652256567e-01,6.866813796888281418e-01,7.227090800445439278e-01,6.410346241744410145e-01,5.926788405359616485e-01,5.172553257724898934e-01,7.311018031388987204e-01,7.928618199898762597e-01,5.060050157840337848e-01,7.085749107275171044e-01,5.182543836259870806e-01,3.367494093709959002e-01,5.423289795127560486e-01,1.740496271986078924e-01,6.283364850166466287e-01,5.885709683206207243e-01,2.475721814363602280e-01,1.698686096461363149e-01,3.085449900885229857e-01,5.853451360976361650e-01,4.843009849701823133e-01,6.464411401763215936e-01,4.583607602460695318e-01,4.054056881329867190e-01,1.487163046560457391e-01,-1.988199514846184512e-01,-3.721974085797363219e-01,-5.486380840942683967e-01,-5.598732305954140509e-01,-7.003494593951755665e-01,-5.714989103835854678e-01,-2.484738960169118605e-01,-3.628173364959187408e-01,-3.582852867977564526e-01,-2.991961366282634427e-01,-2.724856162167673679e-01,-5.257165103677183815e-01,-5.575807499019765912e-01,-6.639379622316557983e-01,-6.151744993502165082e-01,-4.502340713941440642e-01,-7.445407794787566313e-01,-5.612901992193920497e-01,-5.915999627098492697e-01,-5.687718311278232575e-01,-7.449429267377336572e-01,-5.993055845609099874e-01,-7.229868015079464749e-01,-7.109465496127647111e-01,-6.484502159115691500e-01,-6.621291493336342038e-01,-6.452004955445109768e-01,-5.529099868373416049e-01,-6.710098368122273671e-01,-7.188213312957694168e-01
6.491922033546912996e-01,7.235110439880110267e-01,7.463847723111587396e-01,6.545615153236739037e-01,5.777176968604649243e-01,8.058857223271056469e-01,6.456534251882963815e-01,6.252747319512983459e-01,5.136037446859198496e-01,4.732264883624102692e-01,6.764848742154379035e-01,5.840614531633692152e-01,5.219498698262912129e-01,6.581983534969266803e-01,5.253229197115818483e-01,5.656831355155533814e-01,5.661884790870892470e-01,2.280838016713566119e-01,6.101415631112442339e-01,5.662856197982442108e-01,6.112696240315798057e-01,3.394071998750505248e-01,3.295411320594944238e-01,6.346250273418888588e-01,5.325638059943818003e-01,5.617262606743025355e-01,5.886007829866624075e-01,2.491938225412408947e-01,3.676320911157660576e-01,3.670991386420575653e-01,-1.415081084413201684e-01,9.545366731267455884e-02,-2.220099003216777223e-01,-6.074668177470103902e-01,-7.815159975923616775e-01,-6.806450457316518543e-01,-6.600696067233002839e-01,-3.158195468560938690e-01,-4.617351784550657312e-01,-1.848073124638258957e-01,-5.785886205256334236e-01,-5.050114098468531099e-01,-5.335785682121858553e-01,-4.246075552516463958e-01,-5.382756063516975775e-01,-6.171616129991326360e-01,-6.359762154176495930e-01,-5.634428829704322128e-01,-6.562143167807314992e-01,-5.857370708388421887e-01,-6.514900057979274850e-01,-6.492760498571565897e-01,-6.458867025075311075e-01,-7.876476375572589728e-01,-7.899790768098493565e-01,-6.733394102351928368e-01,-6.853818508215742122e-01,-6.986169564805913001e-01,-5.704815245575194371e-01,-6.688120100128641665e-01
7.141310590529384994e-01,6.485976054651472200e-01,6.996925251925196765e-01,7.773276688918558941e-01,8.147595572214010318e-01,6.778390640389787558e-01,7.013567537260084750e-01,5.038839515389824664e-01,5.764888916254744533e-01,5.487757013140658335e-01,6.171742326122522382e-01,4.038087921522114376e-01,4.323644041721131370e-01,6.747547044581023723e-01,3.921669791090243717e-01,5.865256785487531488e-01,6.220050377640955475e-01,2.840772028628023582e-01,4.178923039386154281e-01,4.528353659133347309e-01,3.963232548468457184e-01,2.168948494648533232e-01,6.286324357767486548e-01,2.826173375522850195e-01,6.832653362749275816e-01,5.904084564128825319e-01,5.818832442362789070e-01,5.283305410472570740e-01,5.399243800393973558e-01,1.927479695330648890e-01,-3.766831845494172937e-03,-2.035422412413640247e-01,-4.353909858957368817e-01,-5.900151451118219592e-01,-6.965942464317578242e-01,-5.191486406520990915e-01,-2.176169724642119940e-01,-5.302529135070718214e-01,-2.685752601292765163e-01,-3.480565778690828393e-01,-4.860096028260418310e-01,-3.368441263736575708e-01,-5.998152656243901371e-01,-5.314446355899342667e-01,-4.186393538057265884e-01,-6.338654774293391858e-01,-7.667931669597012334e-01,-5.182404865217600243e-01,-6.551542081241957804e-01,-6.857089328564696107e-01,-6.366421077421363650e-01,-6.648071937361781369e-01,-7.512923437525992343e-01,-4.866628855848240676e-01,-5.990033003581580751e-01,-6.107015978548689938e-01,-5.349078892167090649e-01,-5.569365989384719162e-01,-5.678540559230360607e-01,-4.884356784008194730e-01
6.419475846734465918e-01,6.353975276995105226e-01,5.933004386043171374e-01,5.932634709399848827e-01,5.865057357687819550e-01,6.069749707299526564e-01,5.637871882227809550e-01,4.414060070661839363e-01,5.411198519455509004e-01,4.420222988478110793e-01,5.344781553520048245e-01,8.084658124535140100e-01,5.575283808593137769e-01,5.524247018226230432e-01,4.851577048012022386e-01,4.604448876852538786e-01,5.977848621070948054e-01,7.345122796432291823e-01,-5.484880652145894542e-02,6.216860738124181385e-01,4.193637175542381246e-01,5.433599549971483977e-01,5.448600114697056407e-01,5.620782128242776121e-01,6.424212296501283781e-01,5.472007083503352964e-01,3.588320597072556795e-01,3.279666211728217706e-01,1.476777180744342777e-01,8.563293983515445074e-02,4.251017561223433688e-02,-2.219538615070799081e-01,-4.647190721161127414e-01,-6.635268560507141533e-01,-7.178074510984457923e-01,-6.211483308446805740e-01,-5.519764480221286407e-01,-6.934113630500846615e-01,-3.953163381912795371e-01,-3.021171117418843810e-01,-3.315891900222232569e-01,7.045474408257204613e-02,-5.975773909388447658e-01,-3.336945392544336531e-01,-2.888499386603033403e-01,-5.245952364182049354e-01,-5.635227810488547817e-01,-4.151111483303338012e-01,-4.620260564277262061e-01,-6.607876545237211241e-01,-6.073563572081994710e-01,-6.663667718467033430e-01,-5.512511970686551077e-01,-5.865896542867951036e-01,-7.128605301927477544e-01,-6.417601384057369795e-01,-5.206262521724450698e-01,-5.335889694679384343e-01,-5.938179474218610032e-01,-5.539618946618128925e-01
6.229548912995861443e-01,7.444223969188012990e-01,6.700601474977150307e-01,4.918241550424531927e-01,5.608409153260262014e-01,4.816260769106427975e-01,5.393919894596448383e-01,6.588662188233873618e-01,3.553889804102314254e-01,4.560002147227313896e-01,4.979910189525154074e-01,5.558129788011131334e-01,5.822379278739566733e-01,4.789663457521483036e-01,4.596170417167668165e-01,3.366660578828659656e-01,1.501598220638580838e-01,3.458675010710209330e-01,1.494757901767496122e-01,2.047036316049163918e-01,3.588912426329179395e-01,6.691576378221872901e-01,5.231754008279394519e-01,5.746573783097375099e-01,7.168057545942466691e-01,6.919418602336796509e-01,5.655822705550799245e-01,3.764387891312585555e-01,2.342109967480406618e-01,1.505603581502141242e-01,-1.061384795549694116e-02,-1.963232916142154325e-02,-2.142315454945250830e-01,-3.641058494098458054e-01,-6.621960933446630060e-01,-4.901602865038759971e-01,-4.102654921458182002e-01,-4.418767539649482434e-01,-4.497583265351370874e-01,-5.057733988995298802e-01,4.946622098697366077e-02,-3.434067367957896466e-01,-3.013828214007031603e-01,-5.812935217489781925e-01,-5.744975542861279205e-01,-5.496238455371627030e-01,-6.041932255130035845e-01,-4.018968798484279792e-01,-6.161477642302133351e-01,-6.328471498307350895e-01,-6.606374519624879094e-01,-6.256978186951952514e-01,-4.502127300616612371e-01,-7.481368389336630065e-01,-5.751360666782669995e-01,-5.780658792693642578e-01,-5.598127954118390370e-01,-6.496917696314220558e-01,-7.072615477345453039e-01,-7.063661942334419352e-01
6.845773776546916212e-01,6.032175096738610076e-01,5.453020800200439888e-01,5.204000468497724796e-01,6.031352686522213347e-01,6.829679756861490869e-01,4.875442660656854055e-01,6.274378728432360441e-01,5.829900517325777853e-01,5.376635208457412052e-01,7.210440241879423340e-01,6.195308336320699549e-01,4.289972042651786777e-01,5.216827960365528760e-01,3.003402997779306416e-01,1.371080699309336626e-01,4.410484799198656214e-01,2.173556758795117949e-01,3.752474014345489328e-01,7.102925129874579913e-01,5.181979563728111859e-01,5.835013630854519739e-01,3.226946970099159318e-01,5.542923746372725446e-01,5.985559459189527809e-01,6.076570052764157515e-01,2.093611028441078881e-01,6.683996388366135744e-01,1.399617937696850112e-01,1.075302534925403064e-01,2.849242162743420570e-02,-3.215489307395414942e-01,-5.646401415455704065e-01,-3.830082193882596853e-01,-6.438813664081993737e-01,-6.463071258319330603e-01,-7.311545118768042473e-01,-2.663847745032873471e-01,-5.167087421377413170e-01,-2.755646164279970112e-01,-4.733886725576422205e-01,-6.025696495660599616e-01,3.586648990754539440e-02,-3.340948688181973880e-01,-4.469687007207627794e-01,-4.060908736097382787e-01,-4.526851505779697638e-01,-6.411015812508117362e-01,-3.385640678259383973e-01,-4.027513631071782396e-01,-5.957154633759136342e-01,-5.707569048192880912e-01,-6.339311423228759512e-01,-6.376279343437505354e-01,-6.679587437910666781e-01,-5.127110151484692846e-01,-5.137511147694953095e-01,-5.641903042399640800e-01,-7.003760579773601336e-01,-7.040759074106107684e-01
6.379461729266352465e-01,6.448045890063553998e-01,6.391937497575308491e-01,5.888555128780941228e-01,6.598432961448491563e-01,5.555583527879361938e-01,5.276933484121870688e-01,4.822729439885959368e-01,4.752912803475366488e-01,5.581717382963258256e-01,5.114504760386854310e-01,1.412448230255751447e-01,5.217993522169590559e-01,3.859080171514137070e-01,4.606366438151076048e-01,1.917691617483155420e-01,1.726553669200788510e-01,2.186022400180834546e-01,3.975707246887456026e-01,3.835032328730675344e-01,6.936566102979576653e-01,5.832704614974153490e-01,6.186570749159552296e-01,6.522651132618612069e-01,6.328274578627114400e-01,5.670853763337390108e-01,3.582012569796917956e-01,1.548470454392817941e-01,4.507811199149679426e-01,1.258270517623372720e-01,-2.183221139815235204e-02,-3.774931305097249945e-01,-1.724600714077527130e-01,-4.498134361367794876e-01,-6.567256755530176404e-01,-6.495309706629213142e-01,-6.966864324266048847e-01,-5.766203912789850117e-01,-7.582677401911230852e-01,-1.353117651963890999e-01,-4.435769989398448132e-01,1.893024809602011829e-03,-6.406931094988911335e-01,-2.782633051313975203e-01,-1.974941440252712677e-01,-3.440537446275390154e-01,-6.031015998480329099e-01,-5.837086189813111003e-01,-5.019792439815727869e-01,-3.461662583056289710e-01,-5.934603474856627869e-01,-6.441714079375908675e-01,-4.597288754971821101e-01,-4.760577850868833449e-01,-5.365812310548667696e-01,-5.538778422591477124e-01,-5.559972332976570453e-01,-5.769525090387952471e-01,-5.132219519180980516e-01,-4.485565852706127066e-01
7.284516581544274727e-01,6.855959104049393904e-01,6.959194155362964374e-01,4.197168590036023939e-01,7.167619283157036225e-01,5.901109612336811194e-01,3.892469873074203002e-01,5.593436748497974120e-01,3.657037401531856302e-01,6.472445859463984430e-01,5.309830578614890273e-01,5.329209411673064833e-01,4.036849036755597586e-01,5.698991497129478612e-01,2.803292473737682977e-01,5.940506965334675371e-01,4.689278323899040979e-01,1.745880383165446248e-01,4.542255433672456322e-01,3.565609344472611131e-01,5.802676560742580092e-01,6.708634415060152900e-01,6.039828164353531204e-01,4.354979166991338468e-01,6.342083913241086668e-01,6.119442575563441844e-01,4.445310443677030210e-01,4.220159689659250257e-01,1.078144872526237696e-01,-1.526472607804253145e-01,-8.590641152099109945e-02,-2.988124523224620632e-01,-4.414780802385512848e-01,-4.332379178726016855e-01,-5.106747227888825957e-01,-5.005644147741198369e-01,-7.652523492408598305e-01,-6.867866110955572756e-01,-4.386319481771456807e-01,-6.798764062013141762e-01,-3.877336670989206535e-01,-3.175741985167804260e-01,-4.021851492439488251e-01,3.150715416297877880e-02,-5.059463353733945068e-01,-1.775092130394839598e-04,-4.351117923019727773e-01,-4.941760139972616317e-01,-5.315374120055829099e-01,-3.215024120117830897e-01,-5.043371969361107876e-01,-7.187357364463192733e-01,-6.078089570413263143e-01,-5.959025957661774342e-01,-6.012683388850609267e-01,-3.976289594164528207e-01,-5.517466462321911624e-01,-5.567498526264260672e-01,-6.771366350899425957e-01,-4.985865188187411090e-01
5.789475286867988846e-01,5.175374369481740011e-01,6.677989770967502903e-01,5.161908370586307804e-01,3.876506754614816863e-01,6.698394905717692804e-01,6.386128117863136833e-01,5.484009258951172416e-01,2.118798273830506673e-01,3.934178881902385405e-01,6.783929123264276217e-01,4.574808804553785468e-01,4.890953187971661675e-01,2.185264858148689981e-01,2.589851358655652080e-01,2.988877494815490587e-01,3.566623082148876467e-01,1.786877612513534386e-01,6.114504559614690749e-01,1.631591773301249715e-01,4.902731718350480383e-01,4.667460052934914172e-01,7.494766513426329713e-01,7.365105336016927184e-01,6.133864574893539423e-01,5.296588164093860573e-01,2.247369427430045419e-01,1.998130861169133965e-01,2.412790148749867636e-01,4.728141601163263763e-01,-2.931997343809546464e-01,3.234633430195375803e-02,-3.587127139427729872e-01,-1.700145177473843527e-01,-3.850795108312012327e-01,-4.455396602375783499e-01,-5.566707101130201618e-01,-7.061995107874065036e-01,-6.857819549954061733e-01,-5.917882890529603257e-01,-4.903191083430972208e-01,-6.059373680092910996e-01,-7.013602540171015587e-01,-3.930503057361008357e-01,-1.772683005692315683e-01,-1.741991226632709222e-01,-3.633073846410283525e-01,-7.382356836024938085e-01,-2.466406301271001911e-01,-2.264704210554447372e-01,-5.275788779008585561e-01,-6.196905414172216853e-01,-4.767597049421474220e-01,-6.121195784779168703e-01,-6.373053479631026752e-01,-4.618811427633884859e-01,-5.092518629701177080e-01,-3.629753430331374986e-01,-7.439080434150716625e-01,-6.736375657372968284e-01
5.298274773184038500e-01,5.080334881936511282e-01,4.459525646463055049e-01,4.198271579057566427e-01,4.172318025105924422e-01,6.382803247789278211e-01,6.823127405021691683e-01,5.827984502420796575e-01,5.059104002254263266e-01,3.307066009820987251e-02,2.585364032608154505e-01,3.217845126948494228e-01,3.446656696096723760e-01,4.412931965144964996e-01,3.226702860662759020e-01,2.168933283154003688e-01,2.873473934765989890e-01,1.098213468621861422e-02,5.040311677833229087e-01,5.964701326927660530e-01,6.632003231413173827e-01,6.487476240057528099e-01,7.165198071374614397e-01,6.468062962591668574e-01,5.578683910907080712e-01,4.197862914293253311e-01,4.553981470951020682e-01,2.952831049854493517e-01,1.492260136952387184e-01,-6.313425504134441424e-02,-2.025793594902651207e-01,4.481396316258692142e-02,-2.572472076474793257e-01,-4.292937609168775426e-01,-5.578372784744656254e-01,-6.232937603751605993e-01,-4.412588741483196020e-01,-6.561628648838421229e-01,-6.724611887085727435e-01,-5.925029956125849040e-01,-7.649887103645495179e-01,-3.845076345156894781e-01,-4.135089788628915075e-01,-4.754096354882674236e-01,-2.995093948843671749e-01,-5.649349438489533748e-01,-4.440751506725096887e-01,-3.738902506880035226e-01,-3.149707433919428645e-01,-6.739718893282127254e-01,-4.079907495291520969e-01,-4.047541842106429089e-01,-5.706025930503284549e-01,-6.249665825940007302e-01,-6.997458122196533736e-01,-5.890874078307904993e-01,-7.393387405682025904e-01,-6.027733001994384221e-01,-6.536016482977449193e-01,-4.680508391833061443e-01
5.827123121739365974e-01,6.215533703438234081e-01,5.329564063045263422e-01,4.674291998305541429e-01,5.584685019364238334e-01,5.454828153946831293e-01,4.588928672039112588e-01,7.374186155939017606e-01,5.303141102554336239e-01,4.753751605102191635e-01,8.436657952852981424e-02,1.804605306838953649e-01,3.766771477730653794e-01,1.539906942017671421e-01,4.763728138909115728e-01,6.562510172632147754e-01,6.104818483659688599e-01,5.810882797953105250e-01,4.121697405384368018e-01,6.733122195063845350e-01,6.481173854391187872e-01,6.173306978222230512e-01,5.870434435673780316e-01,7.224972177641406645e-01,5.422145774031132959e-01,6.282306117895427588e-01,6.672758861964630528e-01,1.959774613082488348e-01,2.507809857816866161e-01,2.085151117676357635e-01,-1.378315663120073808e-01,-1.364681525627231551e-01,-4.622909123060813807e-01,-3.868924518659018208e-01,-3.820102013384015782e-01,-7.388212585001177057e-01,-7.708071927753982200e-01,-5.806961670442414292e-01,-5.914221085637263453e-01,-6.053879530160303224e-01,-5.527255403461736050e-01,-7.575002995141180140e-01,-3.913004384927833423e-01,-6.156029580006613378e-01,-4.034335650524619732e-01,-3.585662806883836984e-01,-2.742409780567596767e-01,-3.679069625727341419e-01,-1.535172163447566518e-01,-4.172040318164846329e-01,-4.657178526879447444e-01,-4.510189683017234996e-01,-6.220909140725530140e-01,-6.515743710885477658e-01,-3.258718624501932837e-01,-5.899836665379062373e-01,-7.163217371070788042e-01,-5.506596463547143161e-01,-5.852386801432303276e-01,-6.477242885888433443e-01
4.555699740201341608e-01,5.037021352695795207e-01,5.045207823749993103e-01,5.967948413239934080e-01,5.469550932382921671e-01,4.565338107417081792e-01,5.767341153491879480e-01,3.357810057909002555e-01,6.321202624054812480e-01,2.763664958113449810e-01,2.586458647731745275e-01,1.285522798494831975e-01,2.056623268074036504e-01,4.972859888978050646e-01,3.872034689908646632e-01,4.327610870973528923e-01,7.340879287962008837e-01,5.359240946371925940e-01,4.804686545910581974e-01,7.802285734619969215e-01,5.961420250554255729e-01,5.472499211986182610e-01,6.646917199152595490e-01,3.028597425714972813e-01,4.748736179917129041e-01,3.191033333901491797e-01,6.099460526659181703e-01,2.461723112649115142e-01,9.683389957545997240e-02,8.774787223300717365e-02,3.134681106241782138e-03,3.099684707658462157e-01,-3.044155316759061813e-01,-3.497179346213242779e-01,-5.269461802463371036e-01,-2.037775648803486772e-01,-6.719345833421050962e-01,-7.175682630817976637e-01,-6.357090964457012827e-01,-4.625098309502996830e-01,-6.422701595074082892e-01,-6.115313319882936804e-01,-3.561148714480230071e-01,-4.709447725120270434e-01,-4.654530409918006262e-01,-3.214946735895164442e-01,-5.261395823865866461e-01,-1.773793141884464908e-01,-4.397210470165592300e-01,-2.137042830018310580e-01,-1.883034493746188753e-01,-3.427266531093271507e-01,-5.193388797884733732e-01,-2.970488482291436250e-01,-6.156687663775087804e-01,-4.708325352436947275e-01,-5.305843891954473701e-01,-6.572171296354332171e-01,-5.065819939316968945e-01,-5.959666998768160528e-01
3.854139518030882394e-01,2.961170980650683071e-01,9.347341531685100791e-02,6.308552100179707356e-01,5.385705867324455109e-01,4.394056604277872813e-01,5.145356249552915928e-01,4.873607476051093346e-01,5.162685139955598412e-01,1.666380304039050964e-01,-1.408149315913912458e-01,4.911513100231732487e-01,1.495504877894670293e-01,3.182926104413058011e-01,3.852596502749368601e-01,7.128134476619008009e-01,4.153463661683220454e-01,4.026306732835570057e-01,6.130976592548106341e-01,5.662229577358814936e-01,8.093215435708829286e-01,5.702366625039105852e-01,6.442661018599429301e-01,6.507368132552792117e-01,4.706424196826995976e-01,3.614054538770452019e-01,5.448700403908692813e-01,1.453627654341117237e-01,2.740681066267918742e-01,-1.648459251044310236e-01,-3.424738729009733917e-02,-1.186626524918918540e-01,-1.783111385466845389e-01,-6.839233993341398143e-02,-5.193516586690597459e-01,-4.991844696697799177e-01,-5.318885362090141067e-01,-5.539548716033821929e-01,-6.538564595641839228e-01,-6.665146503628378571e-01,-8.398676827561513125e-01,-6.043680931583281790e-01,-3.124394757267820455e-01,-2.827471087742686739e-01,-4.312035056316322890e-01,-6.495557583875715135e-01,-4.041514129335901373e-01,-3.131555880420139881e-01,-3.957496972018756942e-01,-3.046652551629288608e-01,-4.388177982314351300e-01,-1.682048237426810311e-01,-5.652173407433999097e-01,-3.140400854171727096e-01,-3.951767327079925285e-01,-4.527943248730880166e-01,-5.662702152395879818e-01,-5.578139114704632195e-01,-6.747332395122244142e-01,-6.452869229029700726e-01
6.173279147114401066e-01,5.564793619388803680e-01,5.391650495335575943e-01,3.834508688599662096e-01,3.791129101156175962e-01,5.769563929490120202e-01,5.803857385533626179e-01,3.913203448883403324e-01,5.295646755587182231e-01,1.931378710491911399e-01,2.777915389214291042e-01,1.940089259833620294e-01,2.376663265900816613e-01,3.401625406335072599e-01,3.351528830595170150e-01,5.356810178758376617e-01,3.997243738164527604e-01,5.443329326970122173e-01,6.703321510276497586e-01,5.129645016574717609e-01,5.335133387212824818e-01,5.306540842201208363e-01,5.422931064948056656e-01,3.311905593618525434e-01,6.494487433749945859e-01,2.508698667197807319e-01,9.832711094336571422e-02,4.705204119657924733e-01,2.864569635361097766e-01,5.213606768521301948e-02,-2.438307366194153725e-01,-4.776706166039611234e-02,-1.334124580287077144e-01,-2.953320062624126274e-01,-4.426532094959728658e-01,-5.754255668292580506e-01,-5.369828297105909698e-01,-5.784226168346882080e-01,-8.044028185829000810e-01,-5.042762291019714516e-01,-5.526018928331091207e-01,-5.123053401205540647e-01,-5.335427195136488443e-01,-6.343219863985201101e-01,-6.329128051113690479e-01,-2.498525388997469565e-01,-2.848561914339496903e-01,-6.954837380081924092e-01,-3.723412159211963446e-01,-4.357456041275927783e-01,-5.893893535702791064e-01,-3.047572429418549111e-01,-4.069726587206414226e-01,-5.048161084073257143e-01,-2.765796929051868025e-01,-3.607229397077932331e-01,-5.064972537181057222e-01,-6.014783748225879245e-01,-4.196341630451747018e-01,-5.775730708049633400e-01
3.886084241615944124e-01,5.625578861588811375e-01,5.395732175752699922e-01,2.778078202471082059e-01,3.526691386965341568e-01,7.017197959748168179e-01,4.458426577050150219e-01,5.489060370784211162e-01,4.972219696465823846e-01,4.311612615692442252e-01,3.410613496157468005e-01,5.767416652783426967e-01,4.390637419910512484e-01,1.188233991287665214e-01,6.142717268651948226e-01,6.169801119169094905e-01,6.848468491708981087e-01,6.990570952561049323e-01,7.639634817798743871e-01,7.466657344082394676e-01,5.203220027078115928e-01,6.261464037103939839e-01,6.399999075555633521e-01,5.262003267599870693e-01,5.985404724946882249e-01,3.579241114674693303e-01,1.952369369921061470e-01,3.426180530242012301e-01,4.210098990337986929e-02,1.460850020696537466e-01,1.228177800756874959e-02,-1.266225908505224373e-01,-1.029157134188490585e-01,-3.321979767448942633e-01,-3.063773047338941291e-01,-4.954838616516468730e-01,-5.207463250301944679e-01,-7.776379444337091495e-01,-5.059805584687551150e-01,-6.890051876150503629e-01,-4.989824372374710992e-01,-6.420376526639491876e-01,-5.022258468637345041e-01,-3.751907045648388839e-01,-3.496941492543489405e-01,-1.310464492262989888e-01,-4.140959031225827647e-01,-3.879317436473100345e-01,-7.178887826250648363e-01,-2.735681321382396058e-01,-2.778759083440683342e-01,-4.298876891392039434e-01,-6.618960620072845691e-01,-1.618886183680675328e-01,-3.667216491914103149e-01,-4.161722204433663252e-01,-4.905163394493107232e-01,-5.710048204859755616e-01,-5.657120197108284065e-01,-5.781046429019969235e-01
4.901153404906722355e-01,3.618420409539201410e-01,2.733096989437990287e-01,3.282290866690906195e-01,4.152990929592053071e-01,3.841176556162340106e-01,6.066242916149666708e-01,5.632907173634003062e-01,3.581915048210941588e-02,3.493245519356256157e-01,3.105139527815611866e-01,5.152335118692226157e-01,3.140746525830817037e-01,6.125682036401857156e-01,7.617851874478034357e-01,7.036458472202804515e-01,7.912297924295692564e-01,6.704342093417393622e-01,6.211453042443147998e-01,5.840529413136185122e-01,8.154668673732039519e-01,5.216331024512930181e-01,5.429119319583395331e-01,7.332057711837032254e-01,6.576523718126709994e-01,4.035202021936612482e-01,4.109744073724860836e-01,2.662670820301204500e-01,-1.335528682008627344e-01,-1.854624638371799861e-01,-1.267964549445620148e-01,-2.140434159914638423e-01,-2.145965912705166123e-01,-2.962250789293096043e-01,-4.820566077701317620e-01,-5.685516734216242707e-01,-5.260296663113507298e-01,-5.445675445071832543e-01,-5.948647914027749284e-01,-4.288478834638181358e-01,-6.224697784178335747e-01,-6.906991061119556186e-01,-6.655379661264658742e-01,-6.533901822125260939e-01,-4.257461904778761519e-01,-5.781159321233184656e-01,-8.034718019099684749e-01,-2.516083708101780614e-01,-2.929421661166384250e-01,-2.136959613500373778e-01,-3.849422889050336805e-01,-7.816819495595472844e-01,-4.443244537125714544e-01,-3.338763559416662030e-01,9.833299367494507254e-03,-3.572659445026314384e-01,-2.544466570597567201e-01,-6.863065351003247994e-01,-1.207630157114030212e-01,-5.076262981413738329e-01
8.133527860621672101e-01,2.574013399541567049e-01,5.016913292277900283e-01,2.258015123425011761e-01,3.788976421625679381e-01,2.442771289839892890e-01,2.606275722924250582e-01,3.773741676036969084e-01,3.881482564205459562e-01,5.598426225998303085e-01,7.615105464527184287e-01,7.083325253205274841e-01,3.569721514659608408e-01,5.292796024811577960e-01,2.622534303924066168e-01,4.859579093814004880e-01,6.698507178962296305e-01,4.363563861531428723e-01,6.607411264435325560e-01,6.843530229144106913e-01,6.086390899113940378e-01,5.892732600655581354e-01,5.551321722901472189e-01,5.430181280435288915e-01,4.775312644076750712e-01,5.032126862948365087e-01,3.388461123088550297e-01,3.295452429803295558e-01,1.883207296053840130e-01,4.317447879535165484e-02,1.257519424415016740e-01,-7.551163293357930628e-02,-1.860834701391435309e-01,-1.746581413280144379e-01,-2.913586448916797300e-01,-1.032219252692067046e-01,-4.772021795565775659e-01,-3.678923115300327118e-01,-5.868354898672399900e-01,-5.836418445771112129e-01,-7.310557465950322520e-01,-7.952262011657278418e-01,-3.708619579618657736e-01,-5.964762110365052772e-01,-6.803951985988592188e-01,-2.994194943546432675e-01,-3.064006189201085584e-01,-8.112824384383312548e-01,-1.504389929181644825e-01,-2.322496440928849548e-01,-2.660436170979208481e-01,-3.147762010587575321e-01,-4.058312970806287612e-01,-1.994696316424893756e-01,-4.685194074596738534e-01,-6.594276760312032248e-01,-3.951970587072189400e-01,-4.974453578778559870e-01,-2.627196077733796598e-01,-3.944961417838183104e-01
5.949519051136406000e-01,5.352097704073758289e-01,6.239579524784029108e-01,2.186797438800261451e-01,3.648968851923700685e-01,3.572645747310770337e-01,5.148594799018811896e-01,1.558427594814745278e-02,2.391831458578061453e-01,4.450945654033223176e-01,2.675608804855116318e-01,2.991811308351334242e-01,7.465873599812472561e-01,4.274042795241939641e-01,3.816636756084273996e-01,5.059254611509863553e-01,5.509731185325148495e-01,6.790614893462866286e-01,5.347668934238719585e-01,6.140428663632875317e-01,5.742349754592934730e-01,6.269802995134554635e-01,3.789078201979000915e-01,3.779703316084964126e-01,4.229699673644155555e-01,4.604001560223440204e-01,1.252179212525676988e-01,-1.245277001968101392e-02,6.866986205247258002e-02,1.689464818252199296e-01,-3.994561171876101491e-01,-2.712636436272385376e-01,-2.921761713886815715e-01,-3.014066195766641476e-01,-4.470247580231946349e-01,-6.113839444226978337e-01,-3.515458695828835856e-01,-5.726217768169685751e-01,-5.624799961791894232e-01,-4.789552587597230016e-01,-6.174459620507649626e-01,-4.642280717865880924e-01,-6.653380232737604594e-01,-5.943849504827174446e-01,-5.394010209574060521e-01,-4.305676545699370084e-01,-4.112080045706482667e-01,-6.786463028542055742e-01,-6.045378052109118272e-01,-4.569410569112498099e-01,-6.061129072290601938e-01,-4.953716647983319454e-01,-3.242781890106242182e-01,-3.262696766807555160e-01,-6.162239130858720992e-01,-1.216207513668600415e-01,-3.060294963796075796e-01,-4.567605485805132370e-01,-3.693919116154865678e-01,-5.359954450195092424e-01
3.988953399420908652e-01,2.894750426882213290e-01,3.795601804680245328e-01,2.256151295905376997e-01,2.060258791852081495e-01,1.957188960387099552e-01,4.249791796314928982e-01,2.977780053766708734e-01,1.388587239304335530e-01,4.731623425455378507e-01,4.274309921148710112e-01,6.236526315544962396e-01,5.259948061496284577e-01,6.142254379096533379e-01,4.696429970257136044e-01,4.975752773616596292e-01,6.635178307705175138e-01,5.798049670496456809e-01,4.890989719842234740e-01,6.468907529292945435e-01,5.248275670899055223e-01,4.851903411530815724e-01,5.026373864931363844e-01,2.063756599020408478e-01,4.890212231122758046e-01,4.805726426895603476e-01,5.339172582132512002e-01,1.450055375719045969e-01,1.704914779820385085e-01,-2.645650993512897384e-02,1.828581352002519450e-02,-3.254940218550662900e-02,-2.564996437311702765e-02,-1.209804738302185968e-02,-5.900491965651093462e-01,-5.990940952976175904e-01,-5.057645470704326129e-01,-7.309817072558716378e-01,-5.290175638777905309e-01,-4.667441730263551247e-01,-7.992224151489252248e-01,-5.977559061893819026e-01,-6.176893584382396885e-01,-6.654567842797124433e-01,-4.820764530170098539e-01,-2.556743129220194199e-01,-6.529146378935744011e-01,-5.469805747518570183e-01,-3.771554434389823851e-01,-4.759155643191247398e-01,-2.392987476885972131e-01,-6.965696423618374933e-01,-2.876548993715085656e-01,-4.295813783531096663e-01,2.821498163283613428e-02,-3.678881115188457618e-01,-4.155528821620644853e-01,-4.998322296220694128e-01,-4.893123525740928348e-01,-3.092785716729642281e-02
3.608319708183113095e-01,3.976885563123710998e-01,3.508795499710405386e-01,1.478982013107870419e-01,2.195382961074256178e-01,4.210963090853530599e-01,3.871060733905963280e-01,2.832128583268742061e-01,6.019825395194661199e-01,3.223224806031519951e-01,5.881413463285307675e-01,5.875619599479623423e-01,2.830518132942403953e-01,5.695533279102928947e-01,5.599994644959933598e-01,5.636879451102342342e-01,5.648873576054562751e-01,5.499104393549021363e-01,7.091639144456558519e-01,7.034226161304831804e-01,3.640665418971173461e-01,5.958436038139842683e-01,4.106268601191468970e-01,5.551758042137668880e-01,2.744269452413047317e-01,3.309208521544848014e-01,2.780054261164719986e-01,2.928225153972972561e-01,1.556436130746240432e-01,-6.674184967709559380e-02,-1.000330712608420158e-01,-1.705563913384963715e-01,-5.452987169479084351e-01,-4.330752677057406186e-01,-2.708088182267561761e-01,-5.338277365067174429e-01,-3.174250956182766426e-01,-5.482000749182025512e-01,-5.778657277947202298e-01,-7.218805728319134252e-01,-6.755922950935189242e-01,-6.146800659542772660e-01,-5.284697624471117461e-01,-5.550989820825942278e-01,-4.935421931476123847e-01,-5.483550590891522747e-01,-6.557003246297835597e-01,-4.519121951422443995e-01,-5.541161288927181072e-01,-5.687852642592872154e-01,-4.988336624539240205e-01,-1.586516243758107902e-01,-4.129783927436795343e-01,-3.922676140051834515e-01,-4.727374729234250228e-02,-2.680741997359591400e-01,-2.333418945559609659e-01,-3.977670937355263225e-01,1.366752947017822739e-02,-3.657120780613735134e-01
6.779553571866565598e-01,5.595285339007535219e-01,3.559963961969114798e-01,3.408374303069210964e-01,5.921046261519027215e-02,5.554152281304861605e-01,4.313187309411382064e-01,4.219425102350918277e-01,2.485791391232166636e-01,3.852815697900930370e-01,6.338345758733388013e-01,6.706232164937521167e-01,4.956903721173661626e-01,5.325414034692987908e-01,7.858962060502115987e-01,4.953123410695559059e-01,6.675593774048074192e-01,6.790830230458091421e-01,5.524679221414184882e-01,5.792976336941668691e-01,7.570423910351548047e-01,7.535012659426292281e-01,4.838230232591952951e-01,4.258212676298540056e-01,1.217814513859525327e-01,2.530054997336996236e-01,5.439162019127773418e-01,7.845640063360964644e-02,2.381217950103614589e-02,-2.486325462900302805e-02,-1.253678477093220743e-02,-4.692426483058650954e-01,-1.080630008683024224e-01,-2.744404298273547121e-02,-2.635786634289171149e-01,-2.278508768523695438e-01,-2.786110300771657000e-01,-4.670603472629792918e-01,-8.242248768209382570e-01,-3.711116721500705706e-01,-5.368704532488657311e-01,-5.253550371433076682e-01,-5.805034551952860111e-01,-4.987011332928376062e-01,-6.506496154814171984e-01,-5.510131298128133626e-01,-7.705706568831496295e-01,-4.154564534187826785e-01,-4.293378291134403169e-01,-5.192445615268395098e-01,-3.646896566733651701e-01,-4.092007110857025509e-01,-4.961292815776657261e-01,-3.666956163237062860e-01,-5.269990292687547484e-01,-3.772329769234182839e-01,-3.447855810532731713e-01,-4.332099485309502951e-01,-1.535655161328736695e-01,-3.278785151725169267e-01
4.256322717209629625e-01,1.791731759845052452e-01,3.459290971669496395e-01,1.852031959323376803e-02,4.284151735516964488e-01,1.866423604924104807e-01,2.669535870510525433e-01,6.377810991282071296e-01,4.022413002310847863e-01,5.792255433701505307e-01,4.026662466782868210e-01,5.282449531134594256e-01,3.473899016697602482e-01,5.873396608306269417e-01,6.958603310385580443e-01,6.164135319356850440e-01,7.085307032771077651e-01,7.166765196377749003e-01,7.612837565029582088e-01,4.925755822652203020e-01,7.307211063657438332e-01,5.178149342491719098e-01,3.626000164502204415e-01,5.531419476377282818e-01,5.167226910501753201e-01,2.994262338711286553e-01,1.951765202999669602e-01,1.796480128969827894e-01,2.030556096397596044e-01,1.953962041393237647e-01,2.345615967763078069e-01,1.475555141496251721e-01,-5.271902456048875585e-02,-2.966965965479301248e-01,-5.396081152084765131e-01,-3.783343400490947195e-01,-3.489046826480935448e-01,-5.547805030733613529e-01,-1.209312544700958114e-01,-6.459369067843242496e-01,-7.493529449876742410e-01,-7.413604370083852757e-01,-8.233602972606473003e-01,-6.772772300052604111e-01,-6.059223013363108645e-01,-6.549581199821290500e-01,-6.091961264579032198e-01,-7.571747768760596076e-01,-5.354174391229981067e-01,-7.006804123966615672e-01,-5.669669950351722276e-01,-5.924126580628673588e-01,-5.216152758077255980e-01,-4.687792532038784765e-01,1.186287029302429269e-01,-4.280232597979532483e-01,-8.741845682129012474e-02,-9.620752159039432094e-02,-3.949615994341818537e-01,-4.605201086862938942e-01
2.457333385474119170e-01,5.081088775587216944e-01,2.334892702519772156e-01,-9.934629637806220714e-02,1.155946600757910281e-01,5.365616358384145412e-01,6.582772074993534783e-01,3.563402677794519913e-01,4.797219886941342937e-01,6.382821155330832275e-01,4.294539495727970335e-01,8.009030289652635526e-01,5.952403773164622880e-01,5.341186294787703126e-01,4.948004380500134469e-01,5.778491725156195136e-01,8.388310381746164612e-01,4.968710632133276905e-01,6.552224279842296939e-01,6.102048967817116365e-01,4.985437603332094625e-01,4.601426190836304109e-01,7.969216338287330448e-01,4.362512782658581334e-01,6.763436487957855681e-01,4.130005171971530831e-01,1.797020139471627864e-01,2.711286920495486474e-01,-7.621056218671015681e-02,1.659142973645751085e-01,-2.516330025628991662e-01,1.306610383852668767e-03,-3.398567107513305041e-01,-1.561362313072360841e-01,-2.095790575955421564e-01,-3.348878619819659064e-01,-4.108593179962786723e-01,-3.795953451024983716e-01,-3.191780908391740335e-01,-6.097387975446244557e-01,-4.688474892869970434e-01,-7.080908849922988857e-01,-6.583749765979773905e-01,-3.824169110741580946e-01,-4.653861209959894163e-01,-5.770892897680830469e-01,-5.727305014240113845e-01,-6.724574277636415909e-01,-6.045274778966487350e-01,-3.999502326783751505e-01,-5.533231489518772861e-01,-3.921449588059652269e-01,-3.891888468695930414e-01,-5.212687574768395393e-01,-5.794067440796683011e-01,-1.534929393122138885e-01,-3.660015066550825757e-01,-3.351748189190405514e-01,-2.720585491541807066e-01,-1.906126299502011179e-01
1.979203534320099767e-01,3.841514412394392841e-01,2.382191265635048849e-01,4.680830703722012598e-01,7.086790975083225863e-01,2.504557999091784337e-01,3.272102196599204205e-01,4.898740727611708978e-01,5.697574063846230219e-01,5.826808283537737720e-01,6.480386017279412547e-01,4.271608488546737581e-01,6.588466154249508211e-01,5.344176155174904519e-01,6.295986009724162669e-01,4.661468598781463024e-01,6.405238175004297485e-01,7.290381988909127031e-01,4.919162710238018654e-01,4.305514405754742313e-01,5.170389940327313472e-01,6.183362106215928300e-01,3.963844651143739739e-01,4.336658530179933746e-01,4.413085596241650421e-01,3.276653422761576784e-01,1.278265059176255658e-01,1.377704877428129193e-01,3.305956180967245528e-01,2.602592215087954908e-01,-7.849627001734794940e-02,2.968005792287041755e-01,-1.298601819124594048e-01,-5.575034445112862086e-02,-3.514224267702245053e-01,-5.289772999837779599e-01,-5.249120566043723457e-01,-4.268199969974480479e-01,-6.486049264556279503e-01,-5.480081736903622547e-01,-4.012182394433798649e-01,-6.423571121631563852e-01,-6.049429004397964826e-01,-5.946270748953729202e-01,-6.212203717352892118e-01,-6.816840496386455950e-01,-5.295498098782657204e-01,-5.201593387567139404e-01,-5.984766437418186369e-01,-6.205750908060035931e-01,-6.281011550853154990e-01,-6.283344319697492519e-01,-2.239760373451054054e-01,-3.820299211935961892e-01,-5.330234116100244224e-01,-9.104230458155369854e-02,-3.531337113067401501e-01,-4.564646651790070786e-01,-4.085973490942794162e-01,-5.585201625173249473e-01
4.711132369842344625e-01,7.297415074302529003e-01,4.727084843701316319e-01,3.940115311103761786e-01,6.362833870285100613e-01,5.098465719091648252e-01,4.383667414859201417e-01,6.852142898693909245e-01,6.150133404480235821e-01,2.044052245384548050e-01,3.170174215175541321e-01,4.471007836151561499e-01,6.868849490527313417e-01,6.382209530823995669e-01,5.645551341190505612e-01,6.480467955409786596e-01,4.115592668041793689e-01,6.731497266366749388e-01,7.402438787602675374e-01,6.844958379824405137e-01,5.513474929677347758e-01,4.455098828651360421e-01,4.118995663191018508e-01,4.088826623309526620e-01,2.736006220374214704e-01,3.878095742462374096e-01,1.063410500956597227e-01,3.290885337180315950e-01,1.158415151778754704e-01,2.122488473246778307e-01,1.342004815303968479e-01,-5.530032101380255583e-02,-4.747249506724245116e-02,-3.209869939206465572e-01,-1.814471825932388871e-01,-2.709503937550603037e-01,-4.007406022276436275e-01,-3.543226853396169718e-01,-4.385525505363985777e-01,-5.040634076568146771e-01,-5.861669993314053695e-01,-4.547961690809139701e-01,-7.268736399540245419e-01,-4.290076874708529386e-01,-5.665954232289761583e-01,-5.323311218209327844e-01,-4.553410532583931358e-01,-4.892304856422788895e-01,-4.949950849649189522e-01,-6.489584116454796270e-01,-4.359284259831325281e-01,-3.258672083946922426e-01,-4.528506228497323205e-01,-3.869562713748174732e-01,-2.633241468129412510e-01,-3.113704812399721300e-01,-4.265715617753120803e-01,-8.322248130483864137e-02,-2.087105402745648153e-01,-5.793110949287261224e-01
4.317487296227910387e-01,1.592262565017689702e-01,3.026530513936467881e-01,3.124126989977652480e-01,4.482804216435433142e-01,4.089217453781748834e-01,5.092928569551780082e-01,6.707736452939441207e-01,4.563192269594995021e-01,5.606011431783610721e-01,6.170324763845009830e-01,6.198902418155306515e-01,6.024284152331798037e-01,5.033626088292399992e-01,5.905519852738623232e-01,5.701200805608527267e-01,5.409441526841621828e-01,7.709288160074840857e-01,5.849245790027797209e-01,4.757466804717226383e-01,5.709666435461577816e-01,4.921446692229031750e-01,4.862920206518887012e-01,3.941354326785841966e-01,4.274152778835042521e-01,3.143249791532461979e-01,3.856086086117803680e-01,4.481331500711512872e-01,2.492939145956662439e-01,-2.232425690952425101e-01,2.148613991195042969e-02,-2.027547155477250895e-01,-2.486707760515546040e-01,-1.449271394761544873e-01,-5.278339836294468901e-01,-5.613838664499553044e-01,-2.751801281602917482e-01,-2.625753817028101400e-01,-3.220048284798713856e-01,-6.477792647269930981e-01,-5.685756184446628669e-01,-5.161919972642144971e-01,-7.429520955483079891e-01,-6.431017233397853250e-01,-5.798413616428869100e-01,-5.106858375890415136e-01,-5.007794130199760829e-01,-6.004478635090249039e-01,-4.040783016390449012e-01,-5.392223305501703257e-01,-5.552950482148893974e-01,-4.351622138687317731e-01,-4.098437781401925162e-01,-5.417223636067893811e-01,-6.005422279809801145e-01,-2.016539588701453112e-01,-1.774844528833352530e-01,-4.508981845734435501e-01,-4.364805367165177086e-01,-1.102046152438480586e-01
5.250087355279213774e-01,4.261293335494344137e-02,5.506649338356029988e-01,6.979961483559818936e-01,7.920865130474851190e-01,7.347739061200170285e-01,5.399637231413368932e-01,4.936303001009239577e-01,6.057682701241124956e-01,6.647504323580655239e-01,4.393081224549117425e-01,6.358365938249843641e-01,5.613276193171742312e-01,5.981688456883653693e-01,5.583148511364217637e-01,6.925865554727818063e-01,5.921896866639507762e-01,8.501974121994273492e-01,6.609447284477875106e-01,6.020063478100183829e-01,5.205845477789137199e-01,2.871644192880893898e-01,4.747143178100829419e-01,2.125253488490947418e-01,3.151067082135637354e-01,3.399654473935761478e-01,3.913552697675577452e-01,2.804080104913466709e-01,-6.396865322998339376e-02,3.093113777623175409e-01,1.912782286010936486e-02,-7.613979374080680207e-02,-3.580429107965518165e-01,-2.618922257104921991e-01,-1.892884548365351693e-01,-2.733669501470745722e-01,-4.234084686247416296e-01,-5.415358553507410022e-01,-5.279696340442262548e-01,-4.207049785899517613e-01,-6.564150492401895631e-01,-5.599670619625349843e-01,-3.534517666664047097e-01,-7.317125410617816295e-01,-6.979955995279057968e-01,-6.317843073020275035e-01,-6.680753563831476338e-01,-3.967204195546988332e-01,-4.820098606325302626e-01,-5.986474358037235932e-01,-6.157889540412190277e-01,-5.520796528922418123e-01,-5.186670443005667597e-01,-6.447303915831439358e-01,-4.344039987996361485e-01,-1.760029904706273685e-01,-5.808464155539210250e-01,-4.509461660991959109e-01,-5.921065761708342867e-01,-2.009819169399982286e-01
5.255898479190281858e-01,3.724057606449676650e-01,4.106091851063764508e-01,2.645978188547061238e-01,3.030173014651291186e-01,3.523715737360023081e-01,5.881664292596930910e-01,3.573395267447331269e-01,1.907618914378623465e-01,4.922304803240056259e-01,5.690171852991570134e-01,5.761353655626275660e-01,6.082356846424075147e-01,7.230224462623275894e-01,6.288460210931664518e-01,5.560267498079545234e-01,5.560057944420214726e-01,5.669917086849867172e-01,7.096357670611930235e-01,4.446067788995693992e-01,5.648051231269870520e-01,5.606357190520069311e-01,4.965057375436849330e-01,3.317058241974435440e-01,1.805554991001431797e-01,6.774921434518434149e-02,5.379259685383284140e-01,1.996344875888957007e-03,-1.930761202675777138e-02,1.920357922997936728e-01,-1.881819044780390360e-01,-4.124419425307437187e-02,-1.174613822075698255e-01,-8.357544947849220029e-02,-1.237795913760987021e-01,-4.321718733665640966e-01,-4.483734167119511338e-01,-5.075834394609151090e-01,-5.782495651259036418e-01,-4.541640800649342502e-01,-4.350439311604781811e-01,-6.438821652981107091e-01,-6.640621412660727696e-01,-6.654324788033506577e-01,-6.527450774723846383e-01,-7.457243902736621077e-01,-5.794749976935673619e-01,-5.611701501010121218e-01,-3.930727863621780171e-01,-6.213211669393847725e-01,-6.820436278385335616e-01,-5.450622460925432788e-01,-5.949150619943023299e-01,-3.161458425024849528e-01,-6.671969403494163453e-01,-2.539361404240569331e-01,-6.380911214424673794e-01,-1.616576695701582023e-01,-6.728452622325230559e-01,-1.749234604170180618e-01
4.437216501240837663e-01,5.201177465102628794e-01,4.955297949639533850e-01,3.720000419715933093e-01,6.238863326863629544e-01,3.546451404905774374e-01,5.663790751744840479e-01,5.094570338166779511e-01,3.107854301727753787e-01,6.336883489762046295e-01,6.386025785270573740e-01,6.423712132529521002e-01,7.723446880972708595e-01,4.005704699766242105e-01,4.977432160243394077e-01,2.968192141553406271e-01,5.991970626635219066e-01,5.549042676780301386e-01,4.907982092066590640e-01,3.955242113212099619e-01,3.412306135359434722e-01,6.131618523833057832e-01,3.638676478094798328e-01,3.334501678984888029e-01,1.101099127033906139e-01,2.801177665217121637e-01,3.425029194855143122e-01,1.402903905688004105e-01,1.668507968336674918e-01,5.527935523560305320e-02,-1.190201157874200000e-01,-2.236667603550290262e-01,-2.003234198890441742e-01,-4.115420558798627004e-03,-3.924388861355847524e-01,-3.305243788714390396e-01,-1.190035910536445113e-01,-2.272600054358632493e-01,-5.366779092362351511e-01,-2.494431521966187226e-01,-2.416678735032021241e-01,-7.157428498785872728e-01,-6.246300819855268305e-01,-6.057660493572595284e-01,-6.082969961323340113e-01,-4.830276813436905070e-01,-6.731982267331134695e-01,-6.695277251504176963e-01,-5.658473973256943346e-01,-6.657938985003168941e-01,-4.865085211577116486e-01,-5.474194903137299395e-01,-5.001009511443591515e-01,-3.462194503440158555e-01,-7.486934009621799557e-01,-5.128755598641649982e-01,-4.756815716071206568e-01,-2.740258851789080796e-01,-2.887040031710948473e-01,-3.905943025374333799e-01
3.948689514275883772e-01,3.799228339484766459e-01,4.459243044365927000e-01,5.928148197630226379e-01,3.417026519724136180e-01,6.726294731611363042e-01,4.521626420322099049e-01,6.685453845838290610e-01,6.887184598204065811e-01,7.004309993301206516e-01,5.100959633737118804e-01,4.744298209345012007e-01,5.880963275699763182e-01,6.553763730921554620e-01,7.027261620249350971e-01,6.399865866733823738e-01,5.256164202442703548e-01,5.329274044960379264e-01,2.815624909500576978e-01,5.046586167176509985e-01,6.028383970041226725e-01,2.100505886430671931e-01,2.230967064467346272e-01,3.229831472577388007e-01,5.226142312320410932e-01,4.620461397719899388e-01,-1.935414252762490727e-03,9.961124737051366140e-02,7.626412359670597940e-02,2.799454143496681729e-02,6.033835790658505227e-02,1.252826668810322341e-01,-3.269317199412096198e-01,-1.532427378949973440e-01,-6.004169017798287600e-01,-2.730262851438736149e-01,-5.012095957000599622e-01,-3.098352978224666598e-01,-2.669598169887444361e-01,-3.945018247365523201e-01,-5.514883283707814332e-01,-6.046927882541701660e-01,-5.202714869474743820e-01,-5.998749704669692484e-01,-5.297387349190902928e-01,-7.023856571859612430e-01,-6.879821626379001298e-01,-6.011757349949723439e-01,-5.134828977733790767e-01,-5.989422720891492968e-01,-7.951470831366893588e-01,-6.559015426284220407e-01,-4.832475670510006371e-01,-6.235875143942390952e-01,-5.933728612060173990e-01,-7.182080006056359434e-01,-5.908478769318494805e-01,-2.159895897664538267e-01,-2.605682745381285303e-01,-6.255872087719016594e-01
1.783883248767341168e-01,6.191743499800331785e-01,6.515005178544605036e-01,2.397358462632991627e-01,8.027891825756480193e-01,5.757470273725960874e-01,6.907985030385408454e-01,3.876300136035543131e-01,3.072344439623581058e-01,6.317017126617660017e-01,6.495149787704899147e-01,6.119380903055946508e-01,4.897616962424178877e-01,4.311319906967321924e-01,5.906613353954026646e-01,5.374286434354165198e-01,4.579543333567990260e-01,6.594028630657751133e-01,4.417074220906976878e-01,3.959979776856629163e-01,3.015358597764123960e-01,4.112199110382757650e-01,3.244998520854082136e-01,5.491371336471465581e-01,-3.063209042752692429e-02,1.967137102724231951e-02,1.098846602848133625e-01,1.377220892649076434e-01,1.904182245274489704e-01,2.912197599502960171e-02,-5.663399619995956868e-02,-1.048063406083567586e-02,-2.466692993850809756e-01,-5.071795297238921307e-01,-2.886740506328850375e-01,-2.591626869717640336e-01,-6.021050598233135265e-01,-6.214535194366057613e-01,-4.287128194643079482e-01,-3.597136968002309088e-01,-5.246365859159611844e-01,-6.072749342150245422e-01,-4.951419445919761908e-01,-5.568728037925235741e-01,-6.889273518707172972e-01,-8.020663968759652596e-01,-4.981859095359100209e-01,-5.795394493860780427e-01,-7.707983831634555028e-01,-6.315415388932736906e-01,-6.381717567930611512e-01,-7.306417514517852263e-01,-5.934120123191453100e-01,-5.422605239852142933e-01,-3.983173866549548636e-01,-2.412651715365286553e-01,-7.719227379747743978e-01,-3.300973480287926476e-01,-6.290231286328457072e-01,-5.830593013466136565e-01
6.799277728750489080e-01,5.236040126151308982e-01,3.333784310754314140e-01,5.255226085909634470e-01,4.197127960699080229e-01,6.848383543795916184e-01,7.267330873241346634e-01,6.212611053734090616e-01,6.044188839977880923e-01,7.026278716484383180e-01,4.775835366796153392e-01,6.667801581277095213e-01,7.361164522456492554e-01,7.538636114573171731e-01,6.263081345758327867e-01,6.265893790600426394e-01,5.105744631946347312e-01,3.712614551331331336e-01,5.575613477252047145e-01,5.813800084714464411e-01,5.713072897677389239e-01,3.597974776089415960e-01,5.262591271989347508e-01,4.762313983851551025e-01,2.972235702172267846e-01,3.237769003684398683e-01,3.571960936732211378e-01,-1.484935579642162329e-01,1.757691470891765140e-01,-1.473853817060028805e-02,1.688958475203549692e-01,1.949947795457860622e-01,-1.489321044557342655e-01,-4.337471000046725506e-02,-2.219063525783808166e-01,-5.633650778559176064e-01,-1.785440218282927649e-01,-4.578660509438343129e-01,-5.994065931936293223e-01,-4.788401060318999147e-01,-3.532864428023836378e-01,-3.918349289424225557e-01,-5.807418199950474813e-01,-7.032925815513032530e-01,-7.323497481388637764e-01,-5.580380236498244662e-01,-7.078836939629351566e-01,-7.061523257195441161e-01,-8.111775324124017583e-01,-7.556134310563540346e-01,-6.646624050263775230e-01,-5.461596085140971724e-01,-7.699898210829458911e-01,-3.663079753302672659e-01,-6.658419276065279391e-01,-6.438006326567193849e-01,-6.242363016368013273e-01,-3.508338172161078461e-01,-4.920635307503157807e-01,-6.529794608158570046e-01
5.607452810688602352e-01,5.099133796079019509e-01,5.387816229150043101e-01,5.956120237603581558e-01,6.129424415942523741e-01,6.208051049335170379e-01,7.488270294658085913e-01,7.208197670061762263e-01,4.735289262988960912e-01,6.314774552975127575e-01,6.137640360505045578e-01,6.344201261031410244e-01,6.869753671698316522e-01,6.344676656665495518e-01,6.589816346623487142e-01,5.738726395208962883e-01,3.774412977000359826e-01,3.417340357862750921e-01,4.117276827666231931e-01,3.180766562081486226e-01,2.896104681089116117e-01,4.514696999632031305e-01,5.208474753282190672e-01,1.514069432427546380e-01,3.714716143426087247e-01,3.545831444513238284e-01,1.137054181965966998e-01,4.603756571597957675e-02,2.547711943352933342e-02,2.274466236207808856e-02,1.878999155367110790e-02,-3.261413266085504137e-02,-2.845361730729738525e-01,-5.786739342468912722e-02,-1.892586551678825946e-01,-2.155299057397094542e-01,-5.331944413546138017e-01,-2.699453364759735186e-01,-3.721844003162452230e-01,-5.256192980845935114e-01,-5.610145987187225014e-01,-6.464751279114653304e-01,-5.787566555418079961e-01,-4.603674239233210841e-01,-5.816679299714668794e-01,-5.534110189353477205e-01,-7.876924620927860943e-01,-4.548502648284614702e-01,-6.001296813641030514e-01,-4.238018114492984045e-01,-5.030898629949021039e-01,-5.748621044990873674e-01,-5.705327364478220975e-01,-7.211051963391289510e-01,-6.302688648502472457e-01,-6.569032457385997059e-01,-5.412730792482336462e-01,-6.719526220443838849e-01,-6.744698610349659784e-01,-3.455120777326948778e-01
2.736792674710771256e-01,4.269918147093680894e-01,3.313576757206083689e-01,5.290523488929734786e-01,6.461973721947599225e-01,6.014921370150985158e-01,5.860801066005755233e-01,6.199659692389063448e-01,7.847049672077617277e-01,6.357310886410816320e-01,4.126984247940274630e-01,4.576015834419440154e-01,5.445667331201704542e-01,5.530193577135046334e-01,4.820621840039672756e-01,4.750793778491095298e-01,6.714490099971263115e-01,5.827161133008742500e-01,5.416353336070123259e-01,3.427108142099513088e-01,5.160845459253964318e-01,4.028533419663756776e-01,4.098551160738627130e-01,4.098169444317437682e-01,5.299420276945677744e-01,2.385332516946592762e-01,4.473274804639618685e-01,-1.079185158191310265e-02,1.299617213237906355e-01,-2.060449582461121310e-01,-3.018133814973313761e-02,5.346034286164467325e-02,1.138975636680717406e-02,-7.261114169129449791e-02,-2.950110838704690375e-01,-2.342727308158580046e-01,-2.567799648670687773e-01,-4.065739333586076976e-01,-6.003070456936188126e-01,-2.828094040906548035e-01,-3.837749790259027405e-01,-4.572107769516661757e-01,-5.788412073164331817e-01,-5.224773939263938072e-01,-6.829454032708562883e-01,-5.005112731526593084e-01,-7.391318258177799194e-01,-6.923311692636097137e-01,-5.684402239725270256e-01,-5.610366784274061214e-01,-7.152851504448319853e-01,-6.362334740605202210e-01,-5.880924546344367121e-01,-5.303342333948499743e-01,-6.826859476780355873e-01,-4.671967951299685895e-01,-6.158249827639409313e-01,-7.025248028579238468e-01,-4.910377093192855869e-01,-2.129591924663944980e-01
4.602000694729715957e-01,5.903668837363560407e-01,4.679202982817805001e-01,4.444672684266100515e-01,6.257431781298594675e-01,5.176251187593491343e-01,5.957980430976493880e-01,5.766252481881692926e-01,7.740343025882973071e-01,6.674846920984609522e-01,6.693180839317303121e-01,5.425819815274521840e-01,5.962070975842964637e-01,7.169668151740830053e-01,5.335315163629721358e-01,5.699354351750882675e-01,6.446384262303981316e-01,6.034031215784010360e-01,3.637647149492880816e-01,4.262246069674645033e-01,4.860421603247837008e-01,4.793229486756421243e-01,1.137137592356761984e-01,2.416334206799843898e-01,1.630287517671499820e-01,2.373811897543060268e-01,4.612395860802985526e-02,1.438291853224580863e-01,1.944141358604625780e-02,-2.229835610334693907e-01,2.349036333559554046e-01,-1.003183791366247524e-01,1.016361075227098371e-01,-2.717175641526262120e-01,-4.646076191553645818e-01,-1.583666167798808075e-02,-4.716824244623826212e-01,-3.208846243213788751e-01,-5.302226047125558894e-01,-4.460654458576233106e-01,-4.767652259102980739e-01,-4.554155499493137138e-01,-7.087730631654091118e-01,-3.733841740191690128e-01,-4.115463227904925247e-01,-6.499763665821961522e-01,-6.756074794273800865e-01,-7.363253766447852566e-01,-6.220808729376825497e-01,-5.444510894831268155e-01,-5.944987651483898405e-01,-5.101809980182718807e-01,-8.143182176436848385e-01,-6.279547055827527924e-01,-5.371493323428527811e-01,-7.495994743250797843e-01,-6.137050710874815129e-01,-5.204858025204595062e-01,-6.358960284515150496e-01,-5.692608561203984507e-01
4.770637037454495410e-01,4.579305392742137326e-01,7.145590734624649443e-01,7.471268084092780315e-01,6.186840233051930094e-01,4.425532876301224161e-01,5.679981858118677840e-01,6.398876277507518084e-01,7.423768619219577314e-01,7.051002354043272025e-01,6.208467150304286530e-01,7.525504887725342762e-01,6.214652345065826422e-01,5.418250259835485361e-01,5.706368785237259100e-01,6.772509754971787199e-01,4.589966668159529695e-01,6.583717070409703664e-01,5.744505314832243359e-01,6.205702045308070236e-01,2.604839006399052859e-01,4.227499629458311148e-01,3.145708021531268272e-01,3.150727655730632404e-01,1.441549197050462916e-01,3.045342318843134444e-01,1.940977145111087709e-01,-4.476372936464793201e-02,-1.206226854105657553e-01,-1.320592656476771709e-01,-1.562954694885280715e-01,-1.434376848041185037e-01,-1.249765698328836744e-01,-1.987661668457393893e-01,-1.020935163325277228e-01,-4.657134896445278005e-01,-2.691373010319665915e-01,-3.189486995210690234e-01,-3.769142919059059738e-01,-3.261693801405692317e-01,-6.374769253857999196e-01,-2.743552301896786672e-01,-5.877433241015471710e-01,-4.276148758692107643e-01,-5.390439290391471072e-01,-6.216235707845024772e-01,-6.429158716422971320e-01,-6.371028414334810597e-01,-5.923160578999727699e-01,-5.488857464441838641e-01,-6.267342985889567952e-01,-5.336185447196093445e-01,-5.285364465781390297e-01,-4.477842080087033882e-01,-4.751024958478732296e-01,-4.792390264831620783e-01,-3.930072463774418878e-01,-5.192266897777340073e-01,-1.378919035691132389e-01,-5.535313215675765619e-01
4.220027552386779734e-01,4.195379664474236381e-01,6.124451853969133941e-01,5.160103815954173445e-01,6.298963782859664517e-01,5.701966600978689570e-01,6.033357580276725862e-01,6.192520005453420184e-01,5.635541484582856642e-01,6.432995880948795264e-01,7.445584346161434608e-01,7.134273421448696917e-01,6.422448882516095248e-01,6.423143032605413971e-01,4.478735786664992946e-01,4.536365176172795222e-01,4.714693700361352602e-01,5.095806607344003369e-01,6.081007136288146819e-01,5.443912405300782575e-01,2.566055686916955958e-01,2.255420736105630541e-01,4.158149359717432381e-01,2.522633147321393654e-01,-7.666628413933454511e-02,3.993815892795969380e-01,1.598397486146855284e-01,8.488682403938685450e-03,-1.616176335642889247e-02,-1.282029944428117185e-01,-1.264176082381350541e-01,-1.125432482201754458e-01,-1.812935405726674026e-02,-2.347514412331933031e-01,-4.193845134459631696e-01,-2.157634003846213289e-01,-3.221337358007565488e-01,-2.752198542425349781e-01,-4.675244890387979524e-01,-3.979744271851276549e-01,-6.163954660437583888e-01,-5.898447815653458104e-01,-6.655625998778950114e-01,-3.389110735938530850e-01,-7.074491063492810428e-01,-6.910157050229719378e-01,-6.300398121556105568e-01,-5.016292485082443076e-01,-6.050963317143522868e-01,-5.279857955366459299e-01,-6.497838475877939501e-01,-7.849136401010980979e-01,-6.021564612103040837e-01,-6.345096158542519182e-01,-7.039299142370745166e-01,-5.781132477327604047e-01,-6.445403136097356267e-01,-4.249666049266945800e-01,-5.841137649701350076e-01,-5.902249894728457402e-01
6.779414354172059731e-01,4.285728217005818630e-01,6.981090067993553916e-01,5.980253098703276482e-01,5.580453852681588334e-01,5.175873600140178388e-01,5.657487892437209620e-01,5.479305674675910565e-01,7.326749455324270688e-01,5.733064304344949180e-01,6.848292394609970524e-01,5.608827731438127406e-01,5.094101676668947309e-01,5.041110071377984392e-01,3.418657527369572957e-01,6.040538598469302745e-01,3.772103171050050774e-01,6.511907432230132908e-01,5.152842348362093317e-01,3.037679035906812874e-01,4.467779508598116456e-01,3.169567394526767168e-01,2.248442771463912693e-01,4.435880701365693679e-01,1.677646890896133391e-01,4.232444885714088667e-02,-2.472425377195189462e-03,4.638081800429524199e-02,6.859191048172787533e-03,-1.760155611873248649e-01,7.163321245875538257e-02,-1.096915190565511261e-01,-3.021704540112476328e-02,-6.624257923680322568e-02,-2.179363569068477613e-01,-2.176157386199983335e-01,-4.311628504742338608e-01,-4.124584002511710312e-01,-3.474662688741486649e-01,-4.162601365697254363e-01,-3.742935311277559851e-01,-5.312326759756498262e-01,-5.448953990462945818e-01,-5.750639053303846504e-01,-7.028443336263453523e-01,-6.276412581049066741e-01,-4.371061902312237679e-01,-6.029609118098384624e-01,-5.471774481799459577e-01,-5.873873639923773426e-01,-4.881847807984548426e-01,-5.147710612822483656e-01,-7.445174215227945425e-01,-4.088367224141177259e-01,-6.222731091499796863e-01,-6.188491833909264273e-01,-6.228981749082074248e-01,-3.876178997838472529e-01,-6.442329417495159527e-01,-6.147982097832291881e-01
3.409654048983067343e-01,4.201955471262236452e-01,4.522830647741855614e-01,5.841306604077832754e-01,5.105400739095836693e-01,4.144202343324145943e-01,5.572090546046346571e-01,6.531142400356444444e-01,7.892563343427529965e-01,6.065665867794989285e-01,5.932366344168669148e-01,6.261585621429546222e-01,6.671982582278043195e-01,5.778872081880953582e-01,5.768448197113325016e-01,5.048647787356769223e-01,5.180391130130777011e-01,4.714443086040761566e-01,2.867698934771822916e-01,2.191552482646741962e-01,3.842199500433761683e-01,5.081382535767636766e-01,4.026867148070852886e-01,1.684166509943788859e-01,4.050734924644076862e-02,2.970752076638992767e-01,-7.429398490624863904e-02,5.062056470975982020e-02,3.721196409147343731e-01,-1.191131345841711237e-01,-1.425781784699941823e-01,-1.194414574523828126e-01,-1.014747536261428051e-01,-1.950085589927323115e-01,-1.299430496733997575e-01,-2.567758030916107437e-01,-4.051962664806120218e-01,-2.154129708817680844e-01,-1.713817887228276104e-01,-2.092599347772749196e-01,-6.900485602912300731e-01,-4.732725403233797867e-01,-4.224204974340999286e-01,-6.496084242843674916e-01,-5.988694803823657598e-01,-5.122957999837504106e-01,-5.688763546699304730e-01,-5.812205242607630939e-01,-4.845079666610514479e-01,-6.541974219686715886e-01,-7.510656045222133814e-01,-5.803392544837153721e-01,-8.113768247519663745e-01,-5.625136189409180032e-01,-5.848799766079094686e-01,-5.839196526410279642e-01,-6.884122805482550955e-01,-5.583765107936778938e-01,-2.893450384508736706e-01,-4.405130297439817655e-01
6.828676643798843315e-01,3.971722312849391701e-01,5.931390526668087748e-01,5.923777977475335188e-01,7.492173625522136060e-01,6.949325801610837239e-01,4.886950625910005397e-01,7.806041932052018018e-01,7.440417164635010350e-01,4.914702344117106714e-01,6.530623996781649288e-01,4.960940100091736360e-01,6.631803280356103336e-01,5.958205238031140105e-01,2.323027747253523234e-01,4.423920795781047799e-01,4.900282164627675630e-01,7.581995648695599721e-01,4.993258932460610811e-01,3.641591139613728489e-01,2.642932615322902135e-01,5.331136640906397606e-01,3.628733210692941524e-01,1.186238825123585860e-01,2.126075893220193969e-01,1.687663898244177729e-01,-5.372897298400523824e-02,2.495496539012730663e-01,1.390836947203334673e-01,2.110387395384632769e-01,-3.420165535492225017e-01,4.389532988317697282e-02,-1.771436766534644769e-01,-1.080593739192009795e-01,-3.891799347417186916e-01,-2.363823241246299500e-01,-3.750921510830590999e-01,-2.054234361804315179e-01,-3.753769868027708179e-01,-4.265293798210592624e-01,-5.074801277406074673e-01,-4.221687937626872333e-01,-2.936571990450883574e-01,-4.784798384868450549e-01,-5.038312283551260595e-01,-6.182421865660281401e-01,-3.709863838678073011e-01,-4.936729493667102453e-01,-5.029811598451813248e-01,-6.302402156808284417e-01,-6.646060833508907750e-01,-6.598566754502559473e-01,-6.188407425071170698e-01,-4.811618313210431763e-01,-5.394859025491257620e-01,-4.947445298370304334e-01,-5.874303570307748412e-01,-4.353637349809535984e-01,-6.268909149592976071e-01,-3.498473649355037240e-01
5.713825796004082802e-01,5.939498222589054688e-01,4.417838518138122450e-01,4.877251900970477894e-01,5.449452663850946621e-01,8.482464588985534348e-01,6.425383721493493905e-01,4.672634717018075423e-01,5.643178108675052096e-01,5.386348938014940968e-01,6.515284658883165880e-01,4.689648195473222758e-01,6.183520333278026415e-01,3.212783843331273315e-01,5.645990777133254035e-01,4.219604709298250822e-01,2.999172501728137874e-01,3.884893712381313757e-01,1.298094103758361817e-01,2.686354528117343987e-01,3.771572827008260465e-01,4.095897913333569340e-01,3.622097456353617351e-01,5.439040527157259497e-01,3.799671948429323431e-01,2.362444780618532802e-01,2.063924742081506003e-01,9.438888339554997453e-02,-9.714065639910922367e-02,5.194913771907665179e-02,-7.924059032081977316e-02,-2.103508398059624473e-01,-8.261970453771068368e-02,-3.389936810135249501e-01,-2.531704595758406673e-01,-5.300017365046910678e-01,-1.738840146838872003e-01,-2.996614421259133909e-01,-4.748438966559770935e-01,-1.415568031529970683e-01,-3.490034824588074125e-01,-4.161442713734918586e-01,-4.835829859422932087e-01,-4.133902684047138232e-01,-6.434016152731638627e-01,-3.370518358898916267e-01,-6.029882629730961563e-01,-7.212423739670882350e-01,-5.585595647171366362e-01,-6.922362491646383287e-01,-5.950223367464954061e-01,-7.181590408262813474e-01,-6.428379709970727385e-01,-7.358817015431973196e-01,-6.830791522169625818e-01,-5.703767198700866459e-01,-6.020963033802557707e-01,-6.820688847772979901e-01,-5.224560488058596075e-01,-2.601974726803151783e-01
2.509370939572047599e-01,7.744834179513980787e-01,5.739549524143781056e-01,4.795174218916519737e-01,5.164593303765656618e-01,7.132288685052901034e-01,5.393250510532856534e-01,6.936467494869361650e-01,5.182304386465909074e-01,4.461815683708907909e-01,6.986054648916787402e-01,7.360390102499065890e-01,6.696040754108983917e-01,5.536484166152477737e-01,7.043256694656493400e-01,5.523612934949289066e-01,4.772556184557831815e-01,3.289750027210781580e-01,3.610275189408389540e-01,4.463888985947269683e-01,5.726318568894507299e-01,3.546104072796436024e-01,3.296145303749952737e-01,6.350291805376565013e-02,1.166267069898269393e-01,2.736424519489285001e-01,3.099166762111386086e-01,5.991823608664179762e-02,-2.956341454243376424e-02,8.111469108754711110e-02,-8.481004387687146595e-02,-1.944981254812282734e-01,-5.881674245062207262e-02,-1.865084259287448365e-01,-1.060097050650697648e-01,1.660573878785265300e-03,-2.900092592357200738e-01,-3.638741267028673676e-02,-3.667164213071240075e-01,-3.065309038864399982e-01,-4.543181907586145707e-01,-3.127282009020739828e-01,-3.659263988637943554e-01,-2.198788296317810143e-01,-5.217604642469302334e-01,-3.632665335710408283e-01,-4.547711173647811522e-01,-5.496274124675620820e-01,-6.611184672665724182e-01,-4.612704328030091117e-01,-7.138504038868643820e-01,-4.652867020132888110e-01,-4.094129569331281249e-01,-4.729059657978966769e-01,-5.750815485519619186e-01,-6.443770643342976445e-01,-4.870583947944296943e-01,-5.705393753953643676e-01,-4.680979167585855860e-01,-3.675179414212280671e-01
5.416452462630981790e-01,5.336976394768366827e-01,4.471124950266487375e-01,5.489323414400155698e-01,6.329759361963458453e-01,5.788278567553711840e-01,4.530889648742584264e-01,4.827760459140347793e-01,7.456385148409635510e-01,5.721061369819653297e-01,6.676893061604578516e-01,5.379953904948401311e-01,5.835387699685420371e-01,6.427507983298546002e-01,6.361827156084931545e-01,6.809232342031901197e-01,7.022636553141701210e-01,5.434876705532181163e-01,3.982956748919969092e-01,3.638742986222609499e-01,1.479203686453900990e-01,2.662332418452269533e-01,5.837605575394341217e-01,3.522412999197852557e-01,4.028226806227782480e-02,8.537918814950121171e-02,-1.829670647605984302e-01,2.630936665158266075e-01,3.122489034314059886e-01,-4.259252178291710045e-02,-1.019622573075529975e-01,2.796059944379294948e-02,-4.755886461376658547e-02,-5.968892411058592667e-02,-1.585899695044556135e-01,-3.004897917486374359e-01,-1.294906307386349265e-01,-2.912519948862354324e-01,-7.875475687483565745e-02,-2.314779417042218124e-01,-5.426019605239598143e-01,-4.797110285377559902e-01,-5.515274854896035084e-01,-6.204133033025600596e-01,-5.453834972544159276e-01,-5.351139081640240436e-01,-5.634959023012091617e-01,-4.767182668362108799e-01,-5.756709657439916805e-01,-7.139961777044527835e-01,-4.914133442079388070e-01,-6.636912605809526244e-01,-5.415827035438850467e-01,-6.959213857077957144e-01,-6.140465235913395992e-01,-5.801671136443208310e-01,-6.721892934988357160e-01,-7.803252077276608967e-01,-7.165272698015539010e-01,-4.000390666070552936e-01
4.972656510405353281e-01,6.520897675420650463e-01,3.153493755892815553e-01,6.169703070286564062e-01,7.219281570730079478e-01,6.417949820548055628e-01,4.975968220654219953e-01,5.987000297343867405e-01,7.125360763844393874e-01,5.571185709552680665e-01,6.742447088087407669e-01,6.134600405071204410e-01,6.495441053162853695e-01,4.448928912373720235e-01,4.906524753081017987e-01,3.523469569588072448e-01,4.886107015411328414e-01,4.001190779415056409e-01,3.957746706573280204e-01,4.225560477423545014e-01,3.160159286166673853e-01,3.405035205691037681e-01,4.442419421631410015e-01,1.369250394947927052e-01,2.922067396611696122e-01,3.937746007819641902e-01,-3.597982757474131599e-02,-1.042941828924642822e-03,6.534023413525759383e-02,4.499936684887721750e-02,-1.660930995328273041e-01,3.808466889720058535e-01,-3.502415725750300246e-01,-2.948597240588146096e-01,-4.046671481616080368e-01,-3.548225844763901460e-01,-1.742936284858886409e-01,-1.304178916371064312e-01,-4.369215429011001350e-01,-2.690712331667947099e-01,-4.492399570146008436e-01,-3.686661853706472147e-01,-4.720719018338926931e-01,-5.638298141128370577e-01,-4.813102924635023205e-01,-7.626557897135215480e-01,-6.816605972507461253e-01,-4.829481681608920884e-01,-6.773284728492282580e-01,-6.653427305429256977e-01,-7.678450378259057407e-01,-6.343881691297006409e-01,-6.845163646871066376e-01,-5.463571704619731850e-01,-6.056747389786221181e-01,-4.386370292294101136e-01,-6.689522223523762801e-01,-6.107415639865130252e-01,-5.999724584582681874e-01,-5.697109546653762457e-01
4.343964653007983401e-01,7.631612207676325976e-01,6.544042284693184497e-01,7.198048902006559668e-01,5.533570815897027595e-01,6.151292623363130430e-01,3.556932876371341479e-01,5.431401695054014489e-01,5.274713893207554349e-01,5.987169382981885057e-01,6.002466877936930567e-01,6.917603724412022537e-01,6.427839292364857515e-01,2.908906058388718852e-01,3.829773541467159093e-01,3.584273184290868719e-01,3.911926449272932205e-01,5.363579772905622267e-01,3.290986577016976611e-01,5.938839600499395965e-01,4.890915737094043148e-01,4.227260038702369549e-01,2.808930854345058625e-01,3.330544414780131079e-01,6.066943458311763182e-02,1.014122790758934939e-01,1.236115318165287719e-01,1.948067038070029344e-01,-2.756093012030094713e-02,1.714920573306647211e-01,-1.395549616248576152e-01,-1.596823376272073908e-02,-4.365516826031024533e-01,-2.403763056443168344e-01,-1.781745007725392127e-01,-2.657059836929065999e-01,-9.074951410219764258e-02,-2.404110626052199662e-01,-1.453745137299353452e-01,-4.073064665228064984e-01,-5.346281398004302243e-01,-5.126665698883170474e-01,-4.234374614278014204e-01,-4.203788597667835747e-01,-5.661203962567540326e-01,-3.627159942229909451e-01,-4.825037745301073988e-01,-4.340189059324403575e-01,-5.903548394748859840e-01,-4.328514289905512902e-01,-7.050022295720947962e-01,-6.337215029401165323e-01,-6.745961074510637978e-01,-5.861378052060470800e-01,-6.922755525609460836e-01,-7.515794739722305717e-01,-5.718962541379002396e-01,-6.628323717187022401e-01,-5.272427270949313627e-01,-4.251773486682060010e-01
6.563972670967309631e-01,5.319156263285294006e-01,7.966122385651918103e-01,5.746502596538389795e-01,6.846051302950622031e-01,6.718077524680626800e-01,8.195043742745259374e-01,2.810236950082913299e-01,4.502316230710730061e-01,6.454292478732865934e-01,4.528055223074844982e-01,6.485913745681595177e-01,5.291659421712071598e-01,4.042757485137250528e-01,3.120456368155682947e-01,5.580594356508312703e-01,5.733607910507043659e-01,4.641859909471037215e-01,5.768376729986954832e-01,3.637453988143809491e-01,2.522187614468964223e-01,2.922603403536633837e-01,3.684718105279605194e-02,-6.215962401134170374e-03,3.021517684113146918e-01,3.863763442958444427e-01,8.803923378275152478e-02,6.563104351342601006e-02,2.985326751218392999e-02,-2.523289625585043439e-01,-2.000775292020719465e-01,-1.917792486910174232e-01,6.283717988998790971e-02,-4.859949470683533335e-01,-1.098463078174387320e-01,-2.652638604762906915e-01,-3.896147312800696261e-01,-2.333353532426706844e-01,-4.268873828011005567e-01,-2.746872488840785831e-01,-4.356651486339990775e-01,-5.203772578419986194e-01,-4.206440013951051604e-01,-4.839926668794114484e-01,-4.172440081688728597e-01,-7.069361880016502564e-01,-4.031133018795700629e-01,-5.139543376397194274e-01,-6.286152756382410445e-01,-6.577159849460192387e-01,-6.145755923718940750e-01,-7.149553540897474191e-01,-5.691041686909203978e-01,-7.236207655953268425e-01,-4.746300160425492853e-01,-5.990248203281570705e-01,-6.649283695269153638e-01,-6.198424570185795401e-01,-5.595987499396246623e-01,-6.681291813857057615e-01
7.288209132688502345e-01,6.848569369232853088e-01,6.191209611134115276e-01,6.099387419062273219e-01,5.346093806081075872e-01,5.626150936334946007e-01,5.279717307199924825e-01,6.506123241172221405e-01,5.781879849198282573e-01,6.144022573731080517e-01,7.580881296395524105e-01,6.242533335605492395e-01,4.637236266675183183e-01,6.198561302940219786e-01,5.335397388858151846e-01,3.078737967815511345e-01,3.476568528300021943e-01,5.296120289387741265e-01,5.514223137023587240e-01,5.089815191087849744e-01,3.378871405396098315e-01,5.997581285015587405e-01,2.083546997964726144e-01,1.330054825082446490e-01,5.798171035175865573e-02,-3.054424267866261491e-02,1.365745331371348570e-02,1.776625690397843349e-01,1.338912504854093133e-01,8.381028217396443991e-02,1.776133094147771818e-01,-4.278609114060120677e-01,-3.204472753281262243e-01,2.049715977275409495e-01,2.822430854180252302e-01,-4.551795928201931574e-01,-7.852750395699681363e-02,-2.150245890999150089e-01,-2.112084791860679989e-01,-4.643669644735871072e-01,-3.943697570667194507e-01,-4.569320339784533891e-01,-4.740183963157643676e-01,-5.776242860876010798e-01,-5.184226322208842497e-01,-4.224254192074311520e-01,-5.588152675819630932e-01,-4.358336543185356016e-01,-5.586573793328539761e-01,-4.537556733065342129e-01,-6.823841918669975026e-01,-5.337299058249749262e-01,-6.853934719569403367e-01,-5.209170870637228612e-01,-6.996748027209808152e-01,-6.113080840650078063e-01,-7.091645275203545262e-01,-6.564309280175851802e-01,-6.212616350780055807e-01,-6.380626901342199009e-01
5.718176582275005249e-01,5.788325070211353118e-01,6.359564458916795449e-01,7.071979999406108330e-01,6.445334965762625767e-01,7.068512120590939585e-01,6.102721093868026525e-01,6.081524771594547518e-01,4.920033034248580961e-01,7.035267512241191179e-01,4.668556674458617661e-01,3.780248438381381693e-01,6.133174691771514642e-01,4.678328849777911858e-01,6.287043146349146072e-01,2.687411119549070193e-01,6.604955534170878773e-01,4.956680955976362490e-01,4.352940319324544727e-01,5.422516770436122124e-01,4.096007811305981683e-01,2.988796795891525693e-01,5.638424418816316841e-01,1.235943061338558718e-01,-6.032276486257335396e-02,2.645961381025295836e-02,1.470129821906747958e-01,1.350102217220164602e-01,8.454524390566289793e-02,-3.432757498428561094e-02,-3.459477686541174990e-02,-1.912618201052534300e-02,-2.299083168490336782e-01,-1.597427864105907258e-01,-3.629272640741668665e-01,-2.524712328209657852e-01,-1.183600459467919891e-01,-1.879424125107805876e-01,-4.231143374643243638e-01,-1.387715583027822885e-01,-4.041643030987517315e-01,-3.633823173627476755e-01,-4.398936622495487336e-01,-5.729291115294605774e-01,-3.646984790791846232e-01,-2.693222348387837028e-01,-3.505996230800397795e-01,-5.768123642635550885e-01,-5.917241719108955467e-01,-5.710030772466792026e-01,-6.526548107204723781e-01,-5.433768103192123666e-01,-6.293531410552259953e-01,-5.604271515156081795e-01,-5.941224403481479843e-01,-5.576016547921411881e-01,-3.243841818663095178e-01,-6.254001838745584241e-01,-5.788274138414439829e-01,-4.175435861627926348e-01
6.260115491011108979e-01,6.585353588210238751e-01,5.608490269566555053e-01,5.780975091319815462e-01,7.671860086289755687e-01,5.057510045105877428e-01,7.270853934475048908e-01,4.663773356345407572e-01,6.963456154330198711e-01,7.887192345810160043e-01,6.446765000371237342e-01,4.902747007906782528e-01,5.338185202712346644e-01,4.511719637146939799e-01,6.501912359049392132e-01,4.871225797708634841e-01,3.883536484606896488e-01,4.234239019492075373e-01,6.605159748610391901e-01,4.716107088571500627e-01,1.036335216884180233e-01,5.455349760904411038e-01,-2.330281413793047207e-01,4.979875067975118030e-01,1.987491653116428003e-01,2.435413789959071096e-01,1.756744505431520331e-01,-3.090681252834328041e-01,2.456266994987027583e-03,9.436973632985071192e-02,2.087566701373859690e-01,6.245181009780204073e-02,-4.111549364395943873e-01,-6.735073189818430173e-02,-4.166267764109394811e-01,-7.238426634019992645e-02,-1.292111213176289630e-01,-1.728457119367563799e-01,-3.340751771215528798e-01,-5.330117032122652088e-01,-2.972877337347691329e-01,-1.940519189572717518e-01,-4.785555265769499966e-01,-5.295714587014923591e-01,-4.528067325915451358e-01,-4.821785052516726067e-01,-3.575894509779454777e-01,-3.851853488134964199e-01,-6.989755499607941402e-01,-4.556128868190557624e-01,-5.753268441567787050e-01,-6.085995603326315173e-01,-4.821190170317850021e-01,-5.732623735837739654e-01,-7.190281045991109288e-01,-6.555494408588776745e-01,-5.477465605946627569e-01,-6.976577339445941828e-01,-7.154102252582623667e-01,-4.823567673649623577e-01
6.331412882602164283e-01,7.409482667329141403e-01,6.574953829920471282e-01,4.319789416821174788e-01,7.318010379304678015e-01,7.492948234729002177e-01,5.865747985989304691e-01,5.422770681675830318e-01,6.122856190232124352e-01,6.831852023554666475e-01,6.535538951657626772e-01,6.283820495045115972e-01,4.788912646701810050e-01,7.075689202844968051e-01,5.110646901296300726e-01,5.284192879629014961e-01,4.580741201037277222e-01,3.765061405193120270e-01,6.232553749868033899e-01,5.372435361401979304e-01,2.622101122864616274e-01,2.366509221073081759e-01,6.517008210590391482e-02,3.788518544757020490e-02,2.431132377660694122e-01,1.999484819437264138e-01,-1.521565867867454291e-01,-2.428012440030134084e-02,2.092804506334560721e-01,-8.175760132735176988e-02,2.165646699956787907e-02,-1.183045304031749012e-02,-7.164883036456372312e-02,3.874050922750017084e-02,-1.589901433801010899e-01,-2.724632485580211205e-01,-3.446381224172349600e-01,-1.932383619415203313e-01,-4.907183957092067783e-01,-4.473642289070384193e-01,-3.994995055389470862e-01,-4.269842566878755963e-01,-5.954725636219435625e-01,-6.528174764617877823e-01,-4.767291316873450424e-01,-4.793537909682819564e-01,-6.763771912109597384e-01,-5.544358563819247188e-01,-4.520498639516870587e-01,-4.884242052125064015e-01,-6.313945230475628279e-01,-7.106776247949582181e-01,-7.794496336378964330e-01,-6.613827921550224920e-01,-7.698485271294187582e-01,-6.450548732846400624e-01,-5.952506701550223100e-01,-6.551086769045367797e-01,-6.948735260338408937e-01,-6.027646280896846731e-01
6.573584286751408268e-01,6.304833939578363688e-01,6.802060941513479175e-01,5.801480918565982137e-01,7.805158388492851040e-01,7.174099366318438253e-01,5.180725153740295408e-01,6.378863488807360316e-01,6.671782682041967893e-01,4.938338776662051788e-01,3.780351269099964107e-01,5.284666731318476973e-01,5.755931586153527624e-01,3.730059974358162500e-01,6.483897927086029744e-01,4.194516827144780247e-01,3.165346271689860602e-01,4.385473349703759571e-01,2.446772936077037941e-01,1.324774730583792859e-01,3.523374069354996974e-01,1.494219431278089039e-01,3.378781240847049672e-01,2.648510453108750551e-01,2.953823755009682417e-01,1.752138293481478037e-01,4.162324069623073441e-01,-4.832360999655464784e-02,-5.454542483532069663e-02,-4.914378747469932973e-02,1.621152334602636857e-01,-2.817599425118134659e-01,-2.968538737827892682e-01,-3.014693760048675619e-01,-1.081680490123608507e-01,-1.368466884058444355e-01,-2.006177694140365841e-01,-2.539686659030394589e-01,-3.952267473688393928e-01,-4.643142213093983672e-01,-3.277040874142420068e-01,-4.080073101804040370e-01,-5.632712818184482106e-01,-4.307367648538374949e-01,-5.070003753846678007e-01,-3.104467021937894478e-01,-2.582039137233170800e-01,-3.663006277257605525e-01,-6.401823593472735219e-01,-7.754637936504946705e-01,-4.744725276432418815e-01,-5.914791385040655269e-01,-7.923074980913622500e-01,-5.446887274704413917e-01,-6.780773534354530563e-01,-5.969127581398412374e-01,-6.532561035224071500e-01,-7.925319685803040581e-01,-6.329244382721844753e-01,-4.320018325188312858e-01
6.395741552892763027e-01,7.005825263545008008e-01,7.028761113912478375e-01,6.487594617483393167e-01,8.176074465506056876e-01,5.951867537072615955e-01,6.126208948072795479e-01,4.454605529258562902e-01,8.780625346132211462e-01,6.634377859725857363e-01,5.029663056071151939e-01,6.325129507602523793e-01,5.720611747324090279e-01,6.828128860082967044e-01,3.142558949119425016e-01,3.102231790978975945e-01,3.671665393007398359e-01,4.047467356820014794e-01,3.703005401304634292e-01,2.554070797345421306e-01,3.068289217983933281e-01,2.380586092249434016e-01,2.005933216889899673e-01,1.752397965603440244e-01,2.834090592374275408e-01,1.353345838884497943e-01,3.104869047727555897e-01,3.455520099311824855e-02,3.185095785442115246e-01,2.046295485124345892e-01,-1.109162083579618742e-02,-1.139604326301971032e-01,-3.432987033625640727e-01,-7.823505500397695545e-02,-5.705544505332840050e-02,-1.372547846410320516e-01,-4.429218630035937632e-01,-2.056479374177574149e-01,-4.245604939761011276e-01,-2.208960935068672027e-01,-3.646906817584616434e-01,-1.121264586345796233e-01,-2.989670958799701683e-01,-4.865118116535463999e-01,-6.353706473667352084e-01,-4.466132772356362080e-01,-5.051159246436347505e-01,-4.566359655781738747e-01,-4.720474926276434502e-01,-6.134583894816437732e-01,-5.992685151905620122e-01,-6.674648471203419309e-01,-5.751975552630940181e-01,-6.063467328863159089e-01,-5.331404576223335301e-01,-6.842720667089313702e-01,-5.552458525333400230e-01,-7.198662336981482834e-01,-6.842261073294120255e-01,-6.028077389393950991e-01
4.242317789800413297e-01,6.169343661856385719e-01,6.114889910456661193e-01,5.657422001248469945e-01,5.246763401810581318e-01,5.676138068789140512e-01,6.941127249364080765e-01,3.974774715426746541e-01,5.935667488614034815e-01,5.126521744688773419e-01,5.158206105417220133e-01,5.200359829971324954e-01,4.063926551114753205e-01,3.609945979821420625e-01,5.099187219511078784e-01,4.648913763503362828e-01,4.483313588172718189e-01,3.586833115417903395e-01,4.755923681823556737e-01,4.591603283561275228e-01,1.571150566310228203e-01,-1.748504797835664093e-01,4.248750173911795547e-01,1.812383906175778492e-01,-1.631872304050181466e-01,-6.328386674586686245e-02,4.366427268088505370e-02,1.632729844658498408e-01,2.757560705606921791e-01,3.134457706021095968e-01,1.874832173571672114e-03,3.307400548345748592e-02,-2.095564105431617086e-01,-5.545249769941201778e-01,-1.843715388374772557e-01,-1.850835211759694343e-01,-2.296337855288258234e-01,-2.088648281779505178e-01,-2.198237482641200446e-01,-3.199272756903818182e-01,-1.734721208440837548e-01,-2.856830585885828389e-01,-2.292967663946379187e-01,-6.063722975253641456e-01,-3.023262701088122451e-01,-3.679654087171020382e-01,-5.537625767292441159e-01,-6.420389168446442030e-01,-4.111557171917378239e-01,-7.554393606746672152e-01,-3.236618978015272652e-01,-4.282905080076443438e-01,-5.356205046524555868e-01,-5.975473742020424028e-01,-3.846592001882047640e-01,-6.322052431917178916e-01,-6.061378846277939436e-01,-5.806077757752953206e-01,-6.465461546758910494e-01,-5.992287671740952337e-01
