-1.441462876737166221e-01,-1.118195639918708774e-02,1.595853413842649449e-01,1.604309782851080085e-02,2.187596521428219754e-01,-1.593695911509362129e-01,-8.309760420128282921e-02,-2.486655882123759986e-01,7.075539547314091231e-03,-2.285431090266895338e-01,-1.953991946327110762e-01,2.066386835605993691e-02,-2.862072078651910489e-01,1.283221147363272641e-01,1.087060855383454594e-01,-1.223568556907155547e-01,-2.120668848800577599e-01,5.710876629253761744e-02,-1.873289884535125210e-02,-1.140756360923227825e-01,-1.158982953642155034e-01,1.215744553438872708e-02,-7.817967953836117700e-02,-2.416243488193519640e-01,7.317305489587952461e-02,-3.541377826719694921e-01,-9.376064198956150786e-02,-1.945359652385092175e-01,-4.185494533691726526e-01,-2.769887917375493669e-01,-3.644940909260431239e-01,-4.569843112602450796e-01,-2.045145232168824045e-01,-2.178007372546447995e-01,-3.143371640725480254e-01,-1.368309385184822979e-01,-9.319246517397002105e-02,-2.416758306338496476e-01,-1.929912839570480654e-01,1.676865276937332394e-02,-5.743838433508452468e-02,1.370912832237725920e-01,-2.212879165405101101e-01,-2.309510811803770769e-03,-1.996654523557794270e-01,-2.744736599578393443e-01,1.360225645012014262e-01,1.033285339160392169e-01,-3.058180145228620028e-01,-2.992879583771545504e-01,1.079060765334314068e-02,-3.780876041423552048e-01,-3.660050772317917367e-02,-1.133055144686448273e-01,7.299976050790867033e-02,-1.771415456338796823e-01,-1.357783307720530352e-01,9.052647483807976792e-02,-2.882054249488573694e-01,-7.831291702332920934e-02
-1.243544996066681535e-01,9.522788689557451502e-02,1.867068885193168826e-01,6.387747704828820872e-02,8.296741151915087552e-04,-2.365176425848204700e-01,-1.862254516295012707e-01,-3.804376461063435633e-01,-1.447729806621792237e-01,7.270993392451366444e-02,-4.168633792993071963e-02,-2.058576079393464320e-01,-4.956368832450596534e-02,-4.479403747432474103e-02,-1.157774746046967423e-01,6.307115017069620314e-03,-1.815750601653744190e-01,-1.202639442397836211e-01,-3.157098029718286014e-01,-2.629533039625207569e-01,-1.517052116937504247e-01,-2.455663902639459995e-01,-1.090376622716145577e-01,-3.229200598101976682e-01,-3.839410210666348577e-01,-5.008067075790904044e-01,-3.182270323641432919e-01,-4.234059612545673090e-01,-1.358987557532359280e-01,-4.522280721132060366e-01,-6.947371211791464329e-01,-3.149337849060279138e-01,-3.884311815129316559e-01,-3.795039349632839398e-01,-5.006805555309304934e-01,-2.412745675090010589e-01,-1.859115682751330267e-01,-1.341438708369146471e-01,-8.928199793645438809e-02,4.160562503356961955e-02,-1.890123549203134579e-01,-9.610922221674504662e-02,-1.770046004899165915e-01,-1.583976373841330665e-01,-2.219004124779637710e-01,-1.929052168626538000e-01,-2.070058418533868017e-01,-2.980542856253277570e-02,4.070061151892453988e-02,6.201825047912070538e-02,-2.194065136427142126e-01,-7.052109819648316735e-02,9.163644724298161681e-02,-1.144067157608236879e-01,-4.550326591909096274e-01,-3.503048954023754019e-02,-3.759689891728122402e-01,-1.747925202349035756e-01,-2.164421531455573700e-01,-4.547464794650808995e-01
-2.184420592183027865e-01,-2.279551418962191267e-01,-2.208279678448436534e-01,2.169171456495751771e-01,-1.507028361748892764e-01,-3.468570090954108120e-02,3.097722128269876293e-02,2.358766327687119302e-01,-3.005429977736758795e-01,-2.326402971841834422e-01,1.875479309002906630e-02,-7.055516940782305402e-02,1.954840444909326236e-01,-8.282828215984293363e-02,-3.094011013149352562e-01,-2.226960202291690671e-01,-7.369296740442451976e-02,-1.296099790651309980e-01,-2.576282130736514131e-01,-2.444428632859398098e-01,-3.005640691443326462e-01,-6.234731825165908126e-02,-1.217962448226470318e-01,-4.210319460695252092e-01,-3.427141589292546087e-01,-6.178414974019184047e-01,-1.977435122294991243e-01,-2.877575060693536857e-01,-2.227396307993372709e-02,-7.394417063312548333e-01,-5.521383431572209899e-01,7.810058594812682720e-02,1.028035444621428207e-01,-6.929662440997822470e-01,-2.329395453394144389e-01,-3.137790829921770497e-01,-4.447592701697945516e-01,-6.115735963596263813e-02,8.711625759354224563e-02,-3.129302012682839973e-02,9.729709207195486043e-03,-5.863676591869408927e-01,-3.274390791786898486e-02,4.823631986102772801e-02,-2.386940260307195416e-01,-3.480667928021259905e-01,8.407756281890033101e-02,-4.133046906375124618e-01,1.042138066035507883e-02,-1.256151441163308458e-01,-1.785358014671935278e-01,1.255791969703346500e-01,-1.278799174177887299e-02,-4.430481049362871571e-01,8.414937010515788351e-02,2.349827973899903666e-01,-5.445716195382001301e-02,-3.003596338098597079e-02,-8.559048020507735444e-02,-8.945140101294177248e-02
-7.093613018071386056e-02,-2.077902567770507913e-01,-3.177809975765790718e-01,-4.604627374728255396e-02,-2.937834426218089989e-01,-1.851942723229875465e-01,-2.202657931591584239e-01,-8.845684592499819532e-02,-3.880884727818868785e-02,-3.090636121242479328e-02,-1.680654799491374529e-01,-6.137084941369463920e-02,-6.536353477667529444e-02,-4.004851179442692199e-01,-3.372809592842737625e-01,-3.395843278941078069e-01,-3.757497942840001270e-01,-3.375173836769153057e-01,-2.763842874766797575e-01,-3.222132793515243288e-01,-4.321688828788891046e-01,-3.879035004047537427e-01,-2.658217257814253776e-01,-4.839223986976406988e-01,-5.431688028108739852e-01,-5.136297605247659437e-01,-2.784507560772813556e-02,9.008268125513441138e-02,-3.360252441135893053e-01,-6.377201050168425089e-01,-6.273702550855022597e-01,-3.232763819387083903e-01,-6.355524401093093183e-03,-3.562671104512921127e-01,-6.325181127720588270e-01,-2.568842794521969952e-01,-3.278048762375374570e-01,-3.428437105700014031e-01,-2.621344308516082022e-01,-5.244169954819755120e-01,-4.368083029802276585e-01,-4.438001930525660721e-01,-1.161181851048108393e-01,2.839044821529799340e-02,-9.028438263022654786e-02,-4.037208124480992089e-01,-9.840334021757618510e-02,-3.163805917945295421e-01,-3.746043045403520816e-02,-2.304435944936479019e-01,-1.192565570446816742e-01,-2.652041525530537958e-01,1.871314563919467336e-02,-2.334911673777240182e-01,-1.828360907252529477e-01,-3.116708446196624349e-01,-2.862847668547086610e-01,-3.215732478857270538e-01,-2.775823424058260214e-01,2.735049987529511450e-01
-1.784283168231379502e-01,6.292826297923578664e-03,-4.097188892511253316e-02,-3.034564595472243331e-01,-1.193036247990152121e-01,-2.350502385262391858e-01,-2.434344189699126915e-01,1.447632720064599698e-02,-5.471894982240321781e-02,-1.716012436024498267e-01,-3.604851100040293993e-02,-9.451737264971163399e-02,-2.147216912561814295e-01,-3.242786461049554925e-01,-4.873052614456873100e-01,-1.874769602160195059e-01,-3.269667857922169962e-01,-3.086454347887498395e-01,-2.959261948111880924e-01,-2.946308018761909508e-01,-3.947395560451402718e-01,-4.557386063101988016e-01,-3.665514039364991539e-01,-3.347679260119882372e-01,-3.820786700986418816e-01,-3.706988221049233867e-01,1.467832027583538534e-01,-2.487263980508030436e-01,-6.044406283283476622e-01,-6.920884202381378802e-01,-7.045070426343520431e-01,-4.439641154847888127e-01,-2.792650073384335685e-01,-5.114662717836766515e-01,-4.791527597570223174e-01,-3.738667270328147052e-01,-3.459497163627574534e-01,-5.094560470468276758e-01,-5.340013814304780393e-01,-4.284516106086810328e-01,-2.666687618443162600e-01,-2.565132206135750659e-01,-4.867804256697517706e-01,-1.792768310530669928e-01,-4.142165691920002280e-01,8.914823607692889951e-02,-3.144813794559186415e-01,3.409510508977479926e-02,-3.300673838212412337e-01,-1.433573405403035794e-01,-1.953889764464299406e-01,-3.706717020406645746e-01,-2.322625181609512882e-02,-1.617905029081863066e-01,-1.356403962494233117e-01,-1.962042975157721469e-01,-3.509095378597353876e-01,-2.160451394321578067e-01,-9.574811592026206963e-02,-2.574210022117094376e-01
-4.098131162865210619e-01,-2.246699050454967206e-01,-1.363259305052112180e-01,-7.147001131934928309e-02,-5.003425857595523718e-01,-4.478650978517085268e-01,-5.538461453594693829e-02,-4.325126879236853017e-01,-1.242503623701829707e-01,-3.423511153424729780e-02,-1.960638818378296622e-01,-2.984607160051274688e-01,-3.311807110798839493e-01,-2.364034903696113632e-01,-1.559582908552016034e-01,-1.266934157915979575e-01,-2.266519302150583060e-01,-4.225774374409521639e-01,-2.332242886106686286e-01,-2.313565382970360351e-01,-4.177190113732034971e-01,-4.487542640888097512e-01,-3.805185218906964595e-01,-3.334244679164669600e-01,-3.275119450704654933e-01,-3.364538652837626986e-01,-4.208429242106047075e-01,-3.781542546176438480e-01,-5.322153820016137793e-01,-7.064225612048059544e-01,-6.283404206954509297e-01,-6.236307186903573552e-01,-2.407149999122898953e-01,-8.209022053254917684e-02,-1.350999876678268263e-01,-3.164880334422828789e-01,-4.820335995487060043e-01,-4.764536858612898884e-01,-4.676819409203966105e-01,-3.891128690429767056e-01,-5.891949099269754297e-01,-1.286607036143523897e-01,-4.165085721104221927e-01,-2.400999668452608871e-01,-3.894057510077675310e-01,-4.042205028616557838e-02,-1.878763140394396902e-01,-4.172592292047182239e-02,-5.227775018712680355e-01,-3.942435004826224665e-01,-3.645875200788944448e-01,-5.041635790880436563e-01,1.206475436128807630e-02,-2.182546356120261266e-01,-1.163211164660798574e-01,-1.812856554652890195e-01,-3.495743536475878210e-01,-1.955923489854818897e-01,-1.456789133111706380e-01,-1.147195611669866444e-01
-3.335070413787469268e-01,-3.419040886276928926e-01,1.722305078692764890e-01,2.155888051107568600e-03,-1.528995406773548948e-01,-4.491914692159432870e-02,7.663229863452110380e-02,-2.464042312022650949e-01,-3.772504996760448620e-02,-7.370539499340392556e-03,-1.520915693448654515e-01,-3.271533472330517833e-01,-4.575155957976199117e-01,-2.372797095882182572e-01,-3.018878811182361122e-01,-2.481059793345155584e-01,-5.238990235805029982e-01,-4.182423917726471041e-01,-4.813970815964644379e-01,-6.376133308005169642e-01,-4.780861748260413213e-01,-3.346950220452543090e-01,-6.713081953855337680e-01,-2.635539154048944233e-01,-2.459928691626105460e-02,1.362298379968219508e-01,-4.461230965716587171e-01,-4.083155515318043771e-01,-7.685988589679371152e-01,-7.068325307022165216e-01,-5.912244394831094318e-01,-5.969543576152154252e-01,-3.656040544741754883e-01,-2.165256235509858129e-01,-2.236244443161854514e-02,-1.496809546378563560e-02,-4.833508824267746529e-01,-4.891906607692025899e-01,-3.703487456364476516e-01,-4.553673754179102251e-01,-3.748073653626446400e-01,-4.327573813252135193e-01,-2.674021987376105636e-01,-4.703423448601316004e-01,-1.895309459708058308e-01,-5.252750194797931593e-01,-2.723340127063273441e-01,-2.200627428650076267e-01,-1.349699466513663015e-01,-1.758618513571157116e-01,-1.087620317674504455e-01,-1.660981564819047074e-01,7.433242144300875043e-02,-2.501541425964269871e-01,-8.900913729693955834e-02,-4.295702333409699980e-01,-6.183161429660956332e-02,-2.093741180202121355e-01,-3.066895660168547089e-01,1.041213666184687830e-01
-2.714012577636755741e-01,1.613021664771735475e-01,-3.055261862594602640e-01,-2.630511854087039941e-02,-1.393665827801274792e-01,-9.097503432125117473e-02,-2.724345514216010011e-01,-2.390180166248377369e-01,-2.639898820468549734e-01,-2.635956824921981689e-01,-5.037581259994349248e-01,-2.208194221801801638e-01,-8.047908893814088860e-02,-4.725821265848281216e-01,-3.761725240778348578e-01,-4.914987984738282134e-01,-4.224981236341626145e-01,-5.117425915659306046e-01,-6.874795532289772471e-01,-1.435906002231914225e-01,-2.530402247589905174e-01,-5.286653484096628386e-01,-5.665756314385193004e-01,-1.529609634641955485e-01,-2.822410217233785046e-01,-4.811577466628343819e-02,-1.725987250425883024e-01,-5.200231790787956943e-01,-5.156877196248464967e-01,-7.224836458048521370e-01,-8.232033825386707582e-01,-6.318525456538444107e-01,-5.361977540177547130e-01,-2.168041193781554965e-01,-2.482570595710834327e-01,1.187233706847900042e-02,-3.583086009935961824e-01,-4.495421958263818851e-01,-5.756603197049821041e-01,-5.665870676693128827e-01,-5.277321905363736576e-01,-5.752693191331734734e-01,-5.121450244929249829e-01,-3.574908426676476902e-01,-3.717488382547141645e-01,-7.036232541684090958e-01,-2.389286897495402351e-01,-2.821441645426548961e-01,-1.332783397776910461e-01,-4.006336288896910069e-01,-8.106994704745039415e-02,-2.913760764680876081e-01,-1.414752400548161260e-01,-2.895837323905871008e-01,-2.716388698193278328e-01,-1.916669793756745899e-01,-3.770309172096508177e-01,-3.263315140647568002e-01,5.735012270082871094e-02,-2.100941655789925668e-03
5.447357049812782265e-02,-1.042408074508427429e-01,-2.451982255925448106e-01,-1.818506598047417988e-01,-2.338968478228385661e-01,-7.264078168920429235e-02,-4.778453253867202544e-01,-2.642272475234239693e-01,-2.572377702006488631e-01,-6.820298017276252844e-01,-2.690874550935163922e-01,-3.195782284764184800e-01,-3.358881058866333147e-01,-4.972238475250759793e-01,-3.261056345615954699e-01,-3.628988658152463298e-01,-4.970401913926090209e-01,-6.122055954575914560e-01,-3.363033682325484719e-01,-3.680633208471747464e-01,-3.034935029503408321e-01,-6.214483934199981352e-01,-2.534562374266120521e-01,-1.023093652681157650e-01,-1.192973838239090034e-01,-1.588327764960744681e-01,-3.066103083595803080e-01,-6.822903537531285201e-01,-6.380096186205811426e-01,-6.465652202775611368e-01,-6.115765627105663738e-01,-8.154121790736145181e-01,-5.444906269037697033e-01,-3.829341146323307354e-01,-2.513495845057667211e-01,-5.530654271518913034e-02,3.192833193991716223e-02,-4.701612105635929462e-01,-4.990294095960094434e-01,-1.485649930816654307e-01,-2.762883725052068806e-01,-5.496572325966216921e-01,-3.849945801727043815e-01,-5.814566901494326867e-01,-4.695146095019357979e-01,-3.927159915282646407e-01,-2.573082663250517710e-01,-2.429142113070531239e-01,-9.126625557203786598e-02,-4.887029619762079946e-01,-2.572606641078604151e-01,-2.306042925855332493e-01,-3.678729794691766863e-01,-1.859336588359944697e-01,-5.935777390941965326e-02,-2.868646342092106005e-01,-3.280211477565582179e-01,-3.776624740222832566e-01,-2.562005727762767804e-01,-2.066347132738457493e-01
-1.536008112130464176e-01,-2.824243845085879778e-01,-1.622512789146152989e-01,-3.234042317840041258e-01,-4.957833485719230493e-02,-2.135299975059897493e-01,-1.664808251011404283e-01,-6.319877396943764936e-01,-3.476471622337130585e-01,-3.026037870076416780e-01,-3.284021076779429227e-01,-4.325010089514015332e-01,-4.473075271450303037e-01,-3.468815500637681959e-01,-7.496505975249690978e-01,-5.548753501262696508e-01,-4.769597407955010193e-01,-6.623268234336662230e-01,-6.465300797711998060e-01,-5.790901678906025252e-01,-4.456721889072087217e-01,-3.497023031619749256e-01,-4.474741925118552177e-01,-1.830820198690415873e-02,-2.254729623617699463e-01,1.494306959549586977e-01,-3.368581055573694472e-01,-4.384532430825056615e-01,-4.559448762278408007e-01,-6.752016442118138340e-01,-6.264813076341513298e-01,-7.999967749980178011e-01,-4.017195023139571441e-01,-3.963289360541621953e-01,-2.757280688856677542e-01,8.126664939995684178e-02,-3.455698656368818428e-02,-1.522412864139672251e-01,-2.998530162213718375e-01,-4.175519208908237689e-01,-4.153086338020843260e-01,-4.220756237092865293e-01,-5.444647817428898140e-01,-3.973923164882772197e-01,-5.466166159157996862e-01,-4.640422661885601485e-01,-3.227554327814853297e-01,-3.108146933927186106e-01,-3.083839699543001744e-01,-9.824879382173397346e-02,-2.178825232000942691e-01,-3.177330843273672434e-01,-2.605461317545111899e-01,-2.478539815784367994e-01,-4.716702032306078207e-01,-3.207730032700001344e-01,-4.217281368045632250e-01,-4.589986316518057663e-01,-5.278762251730352295e-01,-5.285418515001004680e-01
-1.921012918366349076e-01,-2.857218881332584393e-01,-1.927251607484695151e-01,-3.078202848478263087e-01,-3.354449669880237295e-01,-1.778326735833461181e-01,-2.759318803307854728e-01,-2.068374201992458361e-01,-2.424443308039632150e-01,-4.340267506347559312e-01,-4.865428531203829787e-01,-1.962981576890653890e-01,-5.234975376516748380e-01,-3.793222425882835092e-01,-4.509509163633912410e-01,-4.417194618437842446e-01,-4.784700492148971085e-01,-3.627176433195833383e-01,-6.325060551380100593e-01,-3.199707210852322792e-01,-4.175552491717625658e-01,-4.310930899795068494e-01,1.490471550578071902e-01,3.831314126194555747e-02,-4.680238813895069017e-01,-5.354017854579480318e-01,-7.110515578714114993e-01,-7.012682319777412410e-01,-5.976050023849623916e-01,-6.637263049482523547e-01,-7.280718775136904020e-01,-7.126355654416556273e-01,-5.282939459729178999e-01,-1.379960305439612012e-01,-3.379861071197062805e-01,-1.437913584135252221e-01,-1.457672849154293404e-01,1.261357644799124267e-02,-1.863401567531031977e-01,-3.184476754231908568e-01,-3.899593965124570905e-01,-3.397155031242068413e-01,-3.328295517110358981e-01,-6.974285609575041622e-01,-6.821009529101957902e-01,-4.427701320352284142e-01,-5.609019159443003888e-01,-5.046161786038678709e-01,-4.873346822594114558e-01,-2.760930522794141639e-01,-4.391448589996775342e-01,-1.597506911727206713e-01,-2.704900089998102386e-01,-2.136495496220680579e-01,-2.067084515809502199e-01,-2.542427706131411003e-01,-4.590122704237836193e-01,-1.860333095797252478e-01,-3.808443729509054521e-01,-3.040037110805772214e-01
-3.756218240550387444e-01,-2.260458462859446516e-01,-3.955474259176868235e-01,-5.917112097131069781e-01,-3.463108043479089515e-01,-3.083229523522982851e-01,-5.079104602058441831e-01,-3.960904026791111088e-01,-5.082356903829923223e-01,-4.363625652392609799e-01,-6.282332544499188431e-01,-4.103733259774130504e-01,-4.738974477809055341e-01,-5.054062436165509542e-01,-4.507398376844225507e-01,-4.309003789739881962e-01,-5.596938549127120632e-01,-6.106990312633986395e-01,-3.928464907776155757e-01,-6.617174182532324922e-01,-3.676352628815483109e-02,-2.412540922934426624e-01,3.208706616794501643e-01,-2.208949891343937877e-01,-2.849534735373535632e-01,-3.179310640556335388e-01,-3.682625681020559871e-01,-5.978111140780378863e-01,-6.567266149829642519e-01,-6.799428113565321175e-01,-6.788830609555221995e-01,-7.268567065371684954e-01,-5.658997746230181036e-01,-5.914928056359252118e-01,-3.762533169485197115e-01,-2.684680377417772434e-01,-5.314769190982405744e-01,8.934400911333235940e-02,2.298033561591698304e-01,-5.087105084010730138e-01,-4.253558913563508237e-01,-5.864808704758633917e-01,-6.325384757053104101e-01,-2.868437002674927849e-01,-5.087622748702494979e-01,-4.440243372703454594e-01,-3.232937226092448268e-01,-5.079417802255796754e-01,-3.565762367945478073e-01,-1.270964402645347602e-01,-2.294440235005463236e-01,-2.781760429967066739e-01,-5.077936096484437778e-01,-1.852377142019454026e-02,-5.222486097926533066e-01,-3.991868293984591753e-01,-4.753551556974329739e-01,-2.232582257472588982e-01,-3.048928120242217488e-01,-2.449373790423628461e-01
-3.757118977645833580e-01,-3.187272442333134448e-01,-6.180938567780929205e-01,-4.821428707839752192e-01,-4.018587222035728823e-01,-3.982636584598792107e-01,-2.232262094939166663e-01,-4.219966485592346883e-01,-2.143176162471339408e-01,-5.618039494483137997e-01,-4.079454162047101984e-01,-4.614553039534369239e-01,-5.843385486164310860e-01,-4.710752401964917735e-01,-5.493883368651284460e-01,-4.831294359845240693e-01,-4.414788391863985195e-01,-5.530565333571164643e-01,-3.922193019183590756e-01,-2.872634504051251869e-01,9.490087968218263725e-02,-9.069133579984903215e-02,-1.878219463621434715e-01,-2.049863543818133960e-01,-2.072882235351200531e-01,-4.269236289819696717e-01,-6.689249436964488371e-01,-3.181525934335386885e-01,-7.635095330292973603e-01,-6.904886296385475131e-01,-6.139193327547640688e-01,-7.318622288036941148e-01,-5.608311632134387326e-01,-6.118486689587384619e-01,-2.487774167541953463e-01,-3.583431380186598014e-01,-9.034416757677125875e-02,-1.819762003729830657e-01,-1.851131198820773760e-01,-1.396584618778339837e-01,-2.245577733534790121e-01,-4.829086838291328232e-01,-3.897897598808381936e-01,-5.067958132071734845e-01,-3.924528519212923672e-01,-5.838261687388108800e-01,-4.084268651236751535e-01,-3.479625368088664628e-01,-5.198676193513580568e-01,-3.582279809436029749e-01,-5.113707022491845722e-01,-1.138908940399444986e-01,-3.991200598262255039e-01,-4.852365229193559282e-01,-3.806574263429122196e-01,-3.278813534830263832e-01,-5.368425606122931848e-01,-3.328923667471360703e-01,-2.028709859179876340e-01,-1.715033217374852259e-01
-3.366668031986549403e-01,-3.570460121220854210e-01,-3.457863511622111807e-01,-1.896420996828963867e-01,-2.806641880599351491e-01,-4.019609663317522674e-01,-4.720311200755558656e-01,-6.363808069093285225e-01,-6.602452866088950323e-01,-5.383000982929736500e-01,-6.619017293174968009e-01,-6.014300230392640723e-01,-4.659634596236670312e-01,-3.460455434278923437e-01,-5.849631625729250217e-01,-3.729958930057172273e-01,-5.078557956632028247e-01,-4.317745485182801213e-01,-4.255817978373205301e-01,-3.792114530959788676e-01,-1.244821028958237319e-01,-1.944163917417729426e-01,-9.680077146539475819e-02,-1.165350691915692655e-01,-1.112363921461592131e-01,-3.322986289318581310e-01,-5.266049422992822304e-01,-7.175654136251540249e-01,-5.247601489479547521e-01,-6.325860061296093573e-01,-7.022137332955267208e-01,-6.033988890935080285e-01,-6.819383995241145024e-01,-4.819189645094926755e-01,-2.130618326374605631e-01,-2.770314013502670480e-01,-3.284041618037384369e-01,-2.534933173378276505e-01,-2.297354641480666149e-01,3.507211007577655526e-02,-3.930803249153959067e-01,-4.183332412170255310e-01,-3.786202057397930476e-01,-4.771537882870300895e-01,-6.294489414149876394e-01,-5.084269647957972982e-01,-5.454671315203408755e-01,-1.960234792876020538e-01,-3.432678516874376196e-01,-5.808143691093523575e-01,-3.825871193614574506e-01,-3.199062102238944272e-01,-5.815417046539865797e-01,-5.125811616486484201e-01,-4.000594947155348136e-01,-3.425770734443901455e-01,-2.179443162073998741e-01,-3.970128150573138948e-01,-3.810446392678364380e-01,-6.468203614695464676e-01
-1.147064532823442173e-01,-2.383996364674880741e-01,-3.372539575070745421e-01,-5.093416572032648526e-01,-2.594329352838385949e-01,-3.334155038727141251e-01,-4.486396123025161442e-01,-4.178377955273666622e-01,-3.215662295646765090e-01,-4.518059440129658100e-01,-3.448884282961699466e-01,-3.411848743630957470e-01,-5.710449653612995613e-01,-3.671767978589376424e-01,-6.551588319493646395e-01,-3.385507956069232494e-01,-4.591085097610435040e-01,-1.146623385878084295e-01,-2.978499739378680580e-02,6.985077415960508351e-02,-3.147738351550467550e-01,4.309719419350352410e-02,1.334778320896269077e-01,-7.079846958021671632e-01,-2.406008737148037646e-01,-3.723306804895404332e-01,-5.111520546969916534e-01,-5.266881677828301189e-01,-6.462877795599175634e-01,-6.365809526454115908e-01,-6.159220438065129422e-01,-5.273535981856166677e-01,-6.102804546499938088e-01,-5.292519059858794561e-01,-5.461562232612472423e-01,-4.194638192997409698e-01,-1.703379240027277086e-01,-2.950285576954248534e-01,-2.320230034977636691e-01,-6.963394943539638615e-02,-3.371073846597611445e-01,-2.517189482287213731e-01,-2.601464224338454478e-01,-5.125495126354467912e-01,-4.328427465713301503e-01,-6.832604439293485932e-01,-3.792800670133057439e-01,-3.411752672819094445e-01,-5.597737149723950312e-01,-2.997336136466967060e-01,-4.898232049685879441e-01,-2.513101126327287882e-01,-2.256240092103466155e-01,-3.752158338364063317e-01,-4.187468375660575726e-01,-6.691268083210968332e-01,-5.390315302560990673e-01,-5.603264810689665421e-01,-2.034120888291201246e-01,-4.567590575710142042e-01
-3.845794531338191380e-01,-5.251064860788499100e-01,-3.511553082871592402e-01,-4.835607460147741676e-01,-6.077459558259470374e-01,-2.035087164712811314e-01,-1.623509913837211938e-01,-3.657623957569010043e-01,-4.130007952324188381e-01,-4.725897713094983077e-01,-3.123245828152220183e-01,-3.750509940872311931e-01,-5.464986267567452094e-01,-6.070271938580535931e-01,-3.831284599494196308e-01,-3.561590887834577002e-01,-3.494194091931058233e-01,1.421992264456563015e-01,-3.670371593942187705e-01,1.822831943009859956e-01,-1.074129528601684980e-01,-2.731196611154097509e-01,-3.072280500553697391e-01,-3.241034687715121931e-01,-4.891411942652858502e-01,-5.631987330771994760e-01,-7.518910666027386336e-01,-6.627775618604936358e-01,-6.683505558876368102e-01,-6.405067377808364437e-01,-7.004154981108317024e-01,-7.417157685676720735e-01,-7.214494959461664747e-01,-7.702772782622515635e-01,-5.393061423476167571e-01,-4.244202233820280057e-01,-4.886032692552355061e-01,-9.977907733109986355e-02,-2.015647341416086924e-01,-4.128396270488469133e-01,-6.567248282042284502e-02,-3.202335725020274415e-01,-1.217434112480042796e-01,-3.127258971441123636e-01,-3.284719671318597767e-01,-1.967301834613801315e-01,-3.986259968235733031e-01,-2.910730774092554207e-01,-5.600902519445504213e-01,-4.489996513028750025e-01,-5.460668496950231710e-01,-5.621141651080843182e-01,-5.565504617922382158e-01,-3.756554304012013068e-01,-4.227761901566532421e-01,-5.404415692182438224e-01,-5.267126619325834813e-01,-5.429086512182483837e-01,-2.427629097676718417e-01,-3.405034625333956955e-01
-4.951492343743182367e-01,-3.835168813909167751e-01,-6.415597118877502947e-01,-5.121931490100578577e-01,-5.147579584371483330e-01,-3.221839412152859294e-01,-1.713328630567731437e-01,-4.308025172607332642e-01,-3.449362351068458454e-01,-7.883103082752976887e-01,-5.598058101595078107e-01,-5.442042257717381037e-01,-6.053962038752280783e-01,-4.259079501180728644e-01,-4.891397999334093916e-01,-2.063121871151395170e-01,-4.189281037674912334e-01,-3.855243609727822540e-01,8.163941828704574660e-03,-3.346114115090271790e-01,-1.300353617427039421e-01,1.598479560542080957e-01,-7.335250373912003330e-04,-4.223809798546630523e-01,-3.972776768980316175e-01,-5.739528390333604735e-01,-4.987185339693224750e-01,-6.280512574275450843e-01,-6.140656734174487763e-01,-6.676300445168139586e-01,-7.970509586622528397e-01,-6.880918244061209332e-01,-7.374571551923725377e-01,-5.770156495100373650e-01,-5.283055785306569607e-01,-3.657594078270322013e-01,-5.777005175860238095e-01,-1.217604784619775726e-01,-1.397544502810758038e-01,-4.891604673351417076e-02,4.463204065444296292e-02,1.341635944446961382e-01,-1.954806078331531860e-01,-2.318708567040297375e-01,-2.915277300704356422e-01,-3.488268881112125963e-01,-3.919620754762364045e-01,-2.815730514301900134e-01,-3.215521151575418957e-01,-4.599908450757321243e-01,-6.152036444659274572e-01,-5.192160577785800424e-01,-3.740449763602003985e-01,-4.212652552342987522e-01,-1.199371463110146391e-01,-5.078789623721997604e-01,-8.106590058847312763e-02,-5.052856512161285618e-01,-2.489538584493635187e-01,-5.863048130403039071e-01
-4.755162222446739362e-01,-1.994180889946060575e-01,-4.600331413906351696e-01,-4.006885491713420566e-01,-5.494878373661720161e-01,-4.448095265931284459e-01,-5.422918577884444646e-01,-3.413701922556480195e-01,-4.772001889488980408e-01,-3.918810685772496361e-01,-4.537927096627601964e-01,-4.365337924665004254e-01,-2.527673070344397810e-01,-3.033450883441435320e-01,-2.289071906706640624e-01,-2.728440078424565485e-01,-3.439060254294981078e-01,-2.094597027943058409e-01,4.392384372612261750e-02,-3.054639362212613340e-01,7.865268140735195979e-02,-3.542264824792117350e-01,-3.827704867933200417e-01,-4.067898232268437053e-01,-4.694757098351367008e-01,-4.021803699101754725e-01,-4.069557968105143031e-01,-7.458245033230984644e-01,-6.939892185749816367e-01,-5.829054528450620110e-01,-6.372363577956198233e-01,-8.021453384200982750e-01,-6.341914575492636486e-01,-5.737411164722706625e-01,-6.021414526752710827e-01,-1.289322642070433178e-01,-1.189589823211056052e-01,-1.364731266160541523e-01,-2.140826390835885440e-01,-1.400253129095634375e-01,1.070321437906790740e-01,-3.040598098719036191e-01,-1.881361562880436988e-01,-1.871719514395512873e-01,-3.800313656490801884e-01,-6.469537400199677490e-01,-4.254199076920175959e-01,-4.699687907391559838e-01,-7.088136785545310348e-01,-5.272878652643856467e-01,-4.144492542384607958e-01,-4.915358228105553562e-01,-4.955175384315396725e-01,-4.522561871715168880e-01,-4.979082663148156063e-01,-3.326432610687304892e-01,-4.088552161192248180e-01,-3.571463361981953577e-01,-3.313324038048723330e-01,-2.430588420081204182e-01
-4.491122855625172550e-01,-3.748829079378287465e-01,-4.211223350062277548e-01,-5.535561121307464028e-01,-4.184241173879982290e-01,-2.787285595677641004e-01,-3.192235105360996528e-01,-6.651999393978961228e-01,-4.200658159714184547e-01,-4.690692680504017775e-01,-5.789273307893472165e-01,-4.597804765496828483e-01,-5.121698239977414691e-01,-5.825294367044306920e-01,-2.272483616488277236e-01,-2.194613418891180889e-01,-3.334225197389892315e-01,-1.224210498615027343e-01,-4.088473773035852799e-01,-1.337439455103641150e-01,-1.676858591284073607e-01,-1.768152699730964061e-01,-2.594883239790937712e-01,-6.049857812560055503e-01,-4.229009101460509124e-01,-5.877993490344444183e-01,-4.803716834569823346e-01,-6.563371829778745781e-01,-7.867436849148055078e-01,-5.966826054541091162e-01,-7.325773882719095464e-01,-7.275334573818005302e-01,-6.924952887036447402e-01,-6.499668991021509967e-01,-6.134592474665827577e-01,-7.096247110920910206e-01,-1.135477720392087109e-01,-9.025549382907428753e-02,1.094948426310761447e-01,1.773011113241620279e-02,-2.804756370333122417e-01,-3.462109420276733851e-01,-9.908829065059507335e-02,-9.185966790537772320e-02,-2.648654368580047325e-01,-4.584800461654933157e-01,-1.885994146262222892e-01,-5.806794653693710950e-01,-4.886394643868472443e-01,-6.946714166818451774e-01,-5.936798066667905438e-01,-4.598471791818450893e-01,-3.280819300018995577e-01,-5.224758005556540130e-01,-3.483382864065270867e-01,-5.028762637284313053e-01,-5.067779152753623118e-01,-3.874806980046014426e-01,-4.275738643981933929e-01,-3.699888194651906881e-01
-4.511776470146861007e-01,-4.968436091063380688e-01,-5.429326789196073921e-01,-3.376328348130564483e-01,-5.270631534031761101e-01,-4.890549609208779680e-01,-5.194929168531093877e-01,-4.223779929342287298e-01,-5.896793357636926913e-01,-4.428194787642115715e-01,-5.306071357407091682e-01,-1.820227217588151758e-01,-2.221174003430126387e-01,-1.873533020513688807e-01,-1.748932323941097822e-01,-1.880456760919485592e-03,-4.893988539737888499e-01,1.849113173679764743e-01,-7.400856577958930815e-02,1.694274069397761484e-01,-1.816324032968107127e-01,8.197255190676266522e-04,-3.880399100903795806e-01,-3.640466216270962230e-01,-4.285616112316180670e-01,-5.122997461590725887e-01,-3.998995151146250704e-01,-6.235151810871741862e-01,-5.625859138142765836e-01,-5.271187899379270458e-01,-6.248470484569137451e-01,-5.475082584389120433e-01,-7.546559178107765664e-01,-5.682501810622953009e-01,-5.013826078854414225e-01,-5.556811443054671118e-01,-4.948389637611489422e-01,-4.892348942025241954e-01,-8.723564285614723857e-02,-3.677153863849311755e-01,-1.247361651180815267e-01,1.969605407746980730e-01,-3.775315150236611961e-02,-1.323536017523638808e-01,-1.745978183816979112e-01,-2.211950357520669763e-01,-3.789839054888503034e-01,-4.441282473587873092e-01,-2.826122588463234608e-01,-6.529806693474818902e-01,-4.320137965987670969e-01,-4.588568360389647660e-01,-5.212489878142312349e-01,-4.956989486848607518e-01,-4.999312386396249641e-01,-4.161332123519073667e-01,-4.960498949196655571e-01,-4.303312753180712491e-01,-2.120287836140444804e-01,-5.136647863392382884e-01
-3.415337046891796513e-01,-4.654692731553383700e-01,-5.222170115744024788e-01,-4.856266468816243242e-01,-5.888168667691131564e-01,-3.258505497738332091e-01,-5.785830807857265112e-01,-5.747939622350073385e-01,-4.342844003745280901e-01,-7.205890223606989942e-01,-4.677253085236229846e-01,-4.160467839569478299e-01,-4.670791863068998184e-01,-3.191439620491024615e-02,-3.056902646262019685e-01,-3.659796244238925356e-01,-1.441649061890775130e-01,1.819198920249837648e-01,-2.209353693285867615e-01,-5.128491792946063832e-01,-3.220137544800802942e-01,-4.149416736627663527e-01,-4.994966194559377071e-01,-6.391017142206585344e-01,-3.908860111358317679e-01,-7.336826942714838040e-01,-7.327495025241711479e-01,-6.148883530136662889e-01,-6.344824545652800740e-01,-7.033081807547700848e-01,-6.814378910613236862e-01,-6.705377280677662366e-01,-6.082655336733163720e-01,-6.048972365816858154e-01,-5.127648808965855620e-01,-3.593748575655180688e-01,-3.285882374456140509e-01,-2.656608067831865982e-01,-5.773045488446264251e-02,-3.336651382716732117e-01,-1.190100100253774357e-01,-1.417752704070294745e-01,-2.109509818910058551e-02,-5.934757489565171962e-02,-1.217069981377173898e-01,-2.715377890647077130e-01,-2.288562022683750252e-01,-2.215581035150163136e-01,-3.302273491024077523e-01,-5.612026215396774820e-01,-3.662406160952548229e-01,-5.151861037165053059e-01,-6.414454624894264656e-01,-4.195052128615899822e-01,-6.725380831699767636e-01,-2.730331236326663524e-01,-4.701153061488820839e-01,-4.666849193773032201e-01,-3.760466628677163192e-01,-5.221800987042819475e-01
-6.092436314396509900e-01,-5.052705159990544814e-01,-2.877096046380829275e-01,-5.335978901070268510e-01,-6.108118696505909773e-01,-3.650548859311039118e-01,-6.399479856243803777e-01,-2.367894321654824275e-01,-4.045519505470182575e-01,-4.611194196568731418e-01,-1.364981964789206137e-01,-4.786228160019317945e-01,-1.593864496724070323e-01,6.372830693186345985e-02,-2.578823267380150330e-01,-1.320214170735868331e-01,-1.596762174063842132e-01,-7.453321715423853744e-02,-1.832727104886622826e-01,-2.686668896706665421e-01,-2.789367911240552278e-01,-4.179339309902468935e-01,-2.161377831028027663e-01,-5.197281749198241485e-01,-4.735054347086495308e-01,-5.342504932183304023e-01,-7.397966115529459596e-01,-7.324367785853490576e-01,-7.537427505436398167e-01,-6.227846184933734097e-01,-6.384613232011547845e-01,-6.925494317025940871e-01,-6.947491954227464905e-01,-6.201742448319732537e-01,-5.474223248672246411e-01,-4.669406229180343426e-01,-2.440767724518858317e-01,-1.026356979002546604e-01,-8.741046974523054847e-02,-1.060998059117892744e-01,-3.470901048547393453e-01,-1.383978453760643101e-01,-1.201454642249202703e-01,-1.571051349540924028e-02,1.924951631821483766e-01,-5.584461377274219443e-03,-8.459713260343261487e-02,-3.213294963193554232e-01,-2.324948165680421341e-01,-4.718897974167213794e-01,-4.675986728629983880e-01,-5.647179777869808515e-01,-3.678522599695148165e-01,-6.846467410361488648e-01,-4.529967531996489383e-01,-6.500799357289505087e-01,-4.349293483165307395e-01,-3.414185185396729216e-01,-4.065309244320727267e-01,-2.950096439303645512e-01
-1.308604690450076158e-01,-6.260967445343975646e-01,-5.024348351713802119e-01,-6.989971597687185678e-01,-3.481066591530982413e-01,-5.386414637922165571e-01,-3.702416940377667998e-01,-3.633643149729902655e-01,-4.592307612167288999e-01,-4.576265383948531218e-01,-1.919875887348156396e-01,-1.912992625625577758e-01,-8.945165143799740926e-02,-1.359760636312913606e-01,-9.648556015756357129e-02,2.310132621066606634e-02,-2.815015476718671916e-01,-8.099536202019509690e-02,-4.792707147202299178e-02,-3.115868556486416918e-01,-1.061513669553469999e-02,-9.420209525052805621e-02,-4.729618514691137920e-01,-4.169624932941390361e-01,-4.223446975928185632e-01,-6.693954791396231618e-01,-5.051307241129954217e-01,-6.583918428496384756e-01,-7.234339473900230910e-01,-6.175709398582340803e-01,-6.529722106512511060e-01,-6.035099364240021913e-01,-6.560433177059257215e-01,-4.683274111277159202e-01,-4.073533961932563896e-01,-5.228861765259636973e-01,-4.007039136627025266e-01,-3.330426599561934209e-01,-1.291231170874148071e-01,-2.528435067863396002e-01,-3.802691008055389399e-01,-1.564212481885388084e-02,-2.319368060443245949e-01,-2.366148958453757056e-01,-1.391628609705905517e-01,-6.450779154784808123e-02,-3.762053357913120455e-01,3.342944896216797079e-02,-2.007277031270721657e-01,-4.094089709021521695e-01,-2.420608480287536057e-01,-3.720702058305987436e-01,-3.022381534328511532e-01,-4.284518219927171967e-01,-5.607116453958125302e-01,-3.972482302846271351e-01,-6.649858017042276082e-01,-4.441625167525411477e-01,-6.953911014836618998e-01,-5.670895729590831325e-01
-1.220452345814774936e-01,-7.903089235963148829e-01,-4.982652896550915367e-01,-4.288164021236244849e-01,-2.813599813829313345e-01,-6.106963312329767302e-01,-7.506106968317555195e-01,-4.048429586551047232e-01,-2.005609077643545068e-01,-5.580287929409361025e-01,-2.750028310885460625e-01,-2.236705901431830235e-01,-3.322242787257349561e-01,-4.197930830785367995e-01,1.167782007354321444e-01,-9.816570619814093956e-02,1.382403069187305156e-01,-2.641287569623908954e-02,1.640666153941706951e-01,-2.199503205060958921e-01,-3.980355142396511670e-01,-4.705546115225358039e-01,-3.796820031279223295e-01,-4.143574091182767316e-01,-5.787337261442654368e-01,-5.857778920184866234e-01,-6.293950598600018820e-01,-5.251127298515970709e-01,-7.539816900060828386e-01,-6.619754244743056848e-01,-7.892688962269440722e-01,-7.574878858458305997e-01,-7.588600049056452024e-01,-7.769303258964075365e-01,-7.395008796723496758e-01,-7.149696631346228459e-01,-5.346163563293255816e-01,-4.602697198296577530e-01,-1.703327318308180682e-01,-4.260574498089201856e-01,-2.303642875370594950e-02,-2.022626351379105958e-01,7.878159512949298171e-02,-2.697129272444824255e-01,-2.915973945118880417e-01,-6.617477662259838023e-02,-1.425809973663262897e-01,-3.951320055835419454e-01,3.578362514817624851e-02,-1.752170372413301702e-01,-1.767741920596077043e-01,-2.659545193912765670e-01,-5.094187736156409185e-01,-2.446049189010788272e-01,-3.955633482935767553e-01,-5.006634233346810570e-01,-6.019406700330038884e-01,-3.531717661192126934e-01,-6.270628770092508963e-01,-5.613463342783036047e-01
-3.484069213075227656e-01,-5.743318585942166488e-01,-2.897875279125947667e-01,-4.155315994065608143e-01,-5.005643913520231303e-01,-3.157175488444189937e-01,-4.478370714925364315e-01,-4.435741799791576012e-01,-2.035232601730226354e-01,2.886130769409864932e-02,-2.747530396474927583e-01,-1.315564623900156715e-01,-4.434422678680585150e-01,-1.608858827869525943e-01,-3.110771775136800810e-01,-2.852747609526044004e-01,-1.652091524998185457e-01,-1.888901396245225295e-01,-1.139330253624843275e-01,-3.921802196477994773e-01,-4.973451079704216404e-01,-5.236301364482052190e-01,-6.769166521949996351e-01,-3.968616226304385597e-01,-5.961097828628239004e-01,-5.470781793987454789e-01,-6.290048610864201750e-01,-7.530432172951421199e-01,-7.356915830513033328e-01,-7.698549582369531574e-01,-6.223275958691502074e-01,-6.692900874496825470e-01,-6.469351475964781883e-01,-6.464525631829868280e-01,-6.258025194511637190e-01,-4.656737423386281272e-01,-3.720555857338222472e-01,-3.951411902857273617e-01,-3.602246319263958108e-01,-1.965279695809618032e-01,-1.056451357881162123e-01,-6.464861927431985178e-01,1.358525530785161806e-01,9.364342212270231058e-02,-3.045483086125356717e-02,-4.778080845138899524e-01,-3.961507169401524142e-01,-1.102213610766601126e-01,-2.961959926949870314e-01,-2.906216658154473498e-01,-4.166525963713653691e-01,-2.852039920474722656e-01,-3.148804529746571101e-01,-4.331444494161755254e-01,-3.322432768172284279e-01,-5.437374747006484821e-01,-5.525118941540662076e-01,-4.592109762444988030e-01,-7.450611951919660081e-01,-1.976991527467523713e-01
-4.504906309119289243e-01,-4.675877462002401286e-01,-3.614319650402933459e-01,-5.137378638951922705e-01,-4.790413594357603166e-01,-3.406224376945412025e-01,-3.882710650949546261e-01,-2.170677777963541666e-01,-3.174194388666388145e-01,-3.014484399906324219e-01,-2.429518515158301528e-01,-1.343430861042433366e-01,-1.715755705067348591e-01,-1.777463405831420096e-01,-1.428827704741533200e-01,-6.833157295233746598e-02,-6.881791201101518374e-02,-3.625752139631301801e-02,-3.117323055340514015e-01,-3.046309739828869656e-01,-4.748519010181703193e-01,-5.317397193196486960e-01,-3.215927506317578510e-01,-7.795177830880783976e-01,-3.581471209825134450e-01,-5.630967079754783944e-01,-5.272375551522008319e-01,-6.896317110996413868e-01,-6.810847053715337607e-01,-7.146134254179672407e-01,-7.197775796757868161e-01,-7.813046512118488884e-01,-5.925482283746894563e-01,-7.530511302759461678e-01,-4.388602532518705024e-01,-4.618800209072510543e-01,-3.406129111633495743e-01,-1.040946890179873796e-01,-5.432706476139894658e-01,-6.060091874543401813e-01,-2.123897467666049227e-02,-3.538206953163567925e-01,-5.466369566099982258e-01,-5.757982412218546342e-01,1.902731984219278860e-01,6.900685940010327368e-02,4.614130492328478994e-02,1.800860551661129239e-01,-3.429702245387770687e-01,8.215471132956607414e-02,-2.630159529540055385e-01,-5.113292845519559204e-01,-2.883165295788674976e-01,-2.813221028868428952e-01,-5.574911467208826243e-01,-6.360815760350843062e-01,-3.895913830534465383e-01,-5.750282177497212377e-01,-3.016444592499309962e-01,-5.397288278659798655e-01
-6.438629721280537677e-01,-4.891379009591748650e-01,-5.191763646915650288e-01,-5.858868342555563213e-01,-4.703324914926653166e-01,-5.041409703685670873e-01,-1.833473116791571877e-01,-4.728488554988767301e-01,6.404089626480136133e-02,-1.385238743928407512e-01,-2.030234005440245681e-01,-1.668980022360375959e-01,-2.147370170790243588e-02,-1.806027562727652580e-01,1.309637138250908592e-02,-5.463584567906297484e-02,-3.297980270567125727e-01,-4.016977076602565866e-01,-2.659944932518055749e-01,-2.732157280833026336e-01,-7.603499182170498916e-01,-4.179637254158333204e-01,-4.465253203390729952e-01,-3.210045515068787880e-01,-5.647147451104178595e-01,-6.261025101297903461e-01,-6.516621927147411286e-01,-6.351428651810711035e-01,-5.850636549514012241e-01,-7.416404242743072084e-01,-6.989170864207395750e-01,-7.090318100718253636e-01,-4.676165599895559244e-01,-5.053053307281694106e-01,-7.430874655598290746e-01,-5.710576035274758100e-01,-6.614731762624030953e-01,-3.894276065728043967e-01,-1.820526049820172243e-01,-3.929129040249346727e-01,-4.361483461665536798e-01,-3.505421337399092785e-01,-2.941975875947130947e-01,-1.494654350365263451e-01,-3.514923585176809029e-01,1.549544541162016509e-01,1.524161908466092064e-01,-1.801386710603306712e-02,-8.551289672713900669e-02,-1.612225826405970508e-01,-4.778221542781639353e-01,-3.100793969903756220e-01,-3.202847787563755655e-01,-3.928645239506940445e-01,-5.889198157660773258e-01,-4.663929210101359635e-01,-7.201444761379925952e-01,-4.159234586702657555e-01,-6.463866659681265503e-01,-5.335623789354692059e-01
-4.005492739799068613e-01,-4.278889594666203111e-01,-5.919531685459066273e-01,-5.259660292127720238e-01,-4.118775023883317621e-01,-4.182801138594361423e-01,-3.758518918316263724e-01,-3.534699150961621017e-01,-1.632553086733225522e-01,-2.423958370795902817e-01,-3.073120809840071965e-01,-6.886550840491387215e-02,4.485238001051908840e-01,-3.423462835485084343e-01,5.789920626935325665e-02,-3.603421614318125937e-02,3.449176128618151871e-02,-3.349574566812152931e-01,-1.657287141467075897e-01,-4.678425532523197150e-01,-3.567836418554417438e-02,-3.198033443935511255e-01,-5.010021742952538437e-01,-5.502189274830497911e-01,-6.954641808685583237e-01,-5.804887652077251881e-01,-4.488423534841646800e-01,-6.914097932142397873e-01,-7.481214558793686242e-01,-7.492998656405222002e-01,-6.910125446337844757e-01,-6.759580590920444276e-01,-6.088326115371148761e-01,-5.567857152008245381e-01,-6.654613951646656256e-01,-7.791140823170674690e-01,-6.840875345552496212e-01,-5.154463690005913756e-01,1.944556344575323198e-02,-6.473045148978180396e-01,-4.126461649665622566e-01,-2.090062045130618995e-01,-3.927328199512571394e-01,-2.671923732711634636e-01,1.251902090925503808e-01,-1.549812752924371595e-01,-3.314697429506409665e-01,-3.784384166886493595e-01,-1.118915857048057572e-01,3.929512941075119330e-03,-3.270632838485627858e-02,-1.698358939310968749e-02,-3.516931789392715446e-01,-2.758128065635233606e-01,-2.714167243283658326e-01,-3.190319754092291737e-01,-5.337614952624295528e-01,-3.914934265349335196e-01,-6.803056341776017035e-01,-5.210282314685835692e-01
-3.491640433598819371e-01,-4.398938719471225944e-01,-4.845158533465080408e-01,-4.569162887781137994e-01,-2.594601691691945100e-01,-1.719745608691275740e-01,-1.796399842610001130e-01,-3.186192112524198761e-01,-3.735570735697887890e-01,-2.442399132010410479e-01,-9.696029549933921077e-02,1.955202248906794463e-02,1.201509139253503777e-02,1.135379476291084738e-01,-4.978473220630461743e-02,-1.505298018411473371e-01,-2.043897402204662705e-01,-9.301950915772727591e-02,-2.629394839131475869e-01,-5.295425509054951796e-01,-2.477733788342317278e-01,-4.194780515305698287e-01,-6.535180544579277662e-01,-4.951934406808830014e-01,-3.763306295103724386e-01,-7.242092271250484270e-01,-4.000371698560323819e-01,-7.238237424197171421e-01,-6.132257974131311018e-01,-6.309199374141855055e-01,-6.787274324617825760e-01,-7.025099418324322054e-01,-7.860189845561268429e-01,-5.774439711818103449e-01,-5.483739834043832584e-01,-4.950824983203681029e-01,-5.334125468099041312e-01,-3.985786249791571367e-01,-7.042925243623265885e-01,-4.014542968967844128e-01,-2.342094985487988557e-01,-1.147975314402383262e-01,-9.073885235282498629e-02,-3.345392053924487602e-02,1.469123348730466128e-01,-3.639367517886097358e-01,-1.099315488106125116e-01,-3.411434854073479572e-01,-1.439164532213547398e-01,1.532610628691522502e-02,-1.171111777090035194e-01,-3.044118386693385192e-01,-2.312660381780299867e-01,-4.259166810897861422e-01,-2.191289369296941791e-01,-2.926764926723485205e-01,-3.305243627154312858e-01,-4.843317409664614215e-01,-4.893953056644249067e-01,-6.283756070529840088e-01
-4.822760884517136581e-01,-2.576887417193177154e-01,-5.759338784889187490e-01,-3.438715663150066493e-01,-1.575108755346022460e-01,-5.806562051316924850e-02,-3.723317551474992770e-01,-1.837345890725580466e-01,-2.687199010884896433e-01,-1.246853035881998056e-01,9.254427637407951213e-02,-8.497971373975299336e-02,3.673950827700395161e-02,-3.177905937449756468e-01,-3.251107377409685473e-01,-4.783477115290491466e-01,-7.487042907112170798e-02,-3.250564552542618002e-01,-4.503354505053719370e-01,-4.111692334071676003e-01,-4.908886213735478843e-01,-4.525450331141682159e-01,-1.586070964073968415e-01,-6.191949465929643681e-01,-4.369591772528084173e-01,-6.258945108889042430e-01,-5.894022235453262315e-01,-4.500872745645654871e-01,-6.908959318723881804e-01,-6.790197800024828645e-01,-7.156668907919685463e-01,-6.360903048060168041e-01,-6.078537473308138761e-01,-6.538627261810566749e-01,-7.563326007394832740e-01,-6.637429142420891992e-01,-4.702979892199582457e-01,-6.708609791353291607e-01,-6.815119604632061678e-01,-4.363165285905762358e-01,-3.471815582176627224e-01,-1.089135006069649608e-01,-3.011461021022748819e-01,-1.493514848070291445e-01,-3.866812797797533063e-01,-6.821310296167508447e-02,6.701742395419374443e-04,8.867053873872342284e-02,-1.396518892140469481e-01,-2.057726933990583207e-01,7.944658317636593692e-02,-5.339203006432270693e-02,-2.263568969734713610e-01,-1.902476569455560373e-01,-1.564894935661673703e-01,-3.438086138488022359e-01,-2.970183919204958944e-01,-2.443130886611915020e-01,-4.763587849000135988e-01,-6.276412790058627511e-01
-3.005355963424051757e-01,-4.262758436552218089e-01,-5.346554255008815204e-01,-2.316167929819889226e-01,-3.381737250543198070e-01,-2.065806916438156227e-01,-3.175745677237830633e-01,-3.398400388175588094e-01,-2.928091847406485426e-01,-6.705210106374888401e-02,9.020370059669853557e-02,-2.302607515571318889e-02,-3.211251318433038238e-01,-2.234097193542349535e-01,1.652274078792274614e-01,-3.633742122850727174e-01,-9.906773565362313183e-02,-2.148382650589097942e-01,-4.607640806192015437e-01,-4.569447707691563498e-01,-3.044235556186636327e-01,-2.901729531399353523e-01,-5.307571583850674291e-01,-5.859542575097882455e-01,-7.244689150739124228e-01,-5.861021826553920455e-01,-6.457444482520474649e-01,-6.168567630794676848e-01,-7.074458254405279201e-01,-5.593751791866189427e-01,-7.899130464383855577e-01,-6.724205867738065612e-01,-5.753875252060771661e-01,-7.218656824227072111e-01,-6.660904733020143187e-01,-4.847811647619512110e-01,-4.700784554184469499e-01,-4.991070305114322925e-01,-4.658650166437668938e-01,-3.452187727904306724e-01,-5.517054813622858100e-01,-2.496366604216478657e-01,-3.073886018278187970e-01,7.491820903706505885e-02,-1.207879777091883378e-01,7.760327493339482137e-03,5.744212200434245519e-02,-3.234930932707873463e-01,8.555905617993017631e-02,-3.011573163181515689e-01,-7.613777639686172827e-02,-4.376129252479862841e-02,-1.606670411873146742e-01,-2.594505055894714696e-01,-2.915636195620008309e-01,-4.070566552678228645e-01,-3.038148272343121348e-01,-4.248498004965971520e-01,-3.670603684750443074e-01,-3.732460641699455461e-01
-3.587320464427555811e-01,-3.893036149356458031e-01,-4.312240458045327185e-01,-5.583090898054851037e-01,-2.904239760740401910e-01,-1.383227825159351332e-01,-1.023043931357938731e-02,-1.500347306324007479e-01,-3.501856860550094375e-01,-1.152862558866379061e-01,4.328089228690005369e-02,-9.245206449808403282e-02,-9.351927022830652803e-02,-3.761828251370376575e-01,-4.046887131908116220e-01,-2.609522291841635533e-01,-5.169653389449979652e-01,-3.318608682731071235e-01,-1.691081321019219375e-01,-3.004511083380267400e-01,-4.747008409750185787e-01,-5.054642759799439222e-01,-6.488050504944344876e-01,-5.784782350841050080e-01,-7.145195501981280728e-01,-4.280383612462535514e-01,-6.739648151410640997e-01,-6.087158937053249730e-01,-6.434498862841067091e-01,-6.684368221320792225e-01,-7.917233526969458257e-01,-6.143297731011972962e-01,-7.199696051060656687e-01,-6.504679372887076649e-01,-6.402974877140491516e-01,-5.709157198945233880e-01,-6.912940553210110695e-01,-7.026170628231543924e-01,-5.941111876653151214e-01,-3.965140211142713644e-01,-5.928086342575447087e-01,-4.789773265611473319e-01,-1.928155602961443005e-01,-3.652435640120423321e-01,-3.820005954903273326e-01,-4.825103572838445598e-01,-1.534344081944210569e-01,3.546245361652829997e-01,-1.180882637403586344e-01,-1.382360911898924405e-01,-1.309753673167321220e-01,2.612603917291872468e-01,7.220772958465901392e-02,-1.465305301241299762e-01,-1.304945933600343833e-01,-3.434003332436564859e-01,-2.816483553261494022e-01,-5.030140702258478758e-01,-6.032015688096198369e-01,-3.476931054495399631e-01
-5.769488913906444250e-01,-3.173876991943547776e-01,-3.545244349441333820e-01,-2.574617258853481028e-01,-1.741018896095745949e-01,-1.081655877856904369e-01,-5.389931785596850933e-01,-1.676258707699850026e-01,-1.495681141626955812e-01,-1.466845455115336483e-01,-2.284232255487613494e-01,-3.415124935268603057e-01,-6.135013251812181101e-02,-1.954043374297988189e-01,-3.248392649311272473e-01,-3.701957578144919880e-01,-6.292881877539310276e-01,-1.672395926872314031e-01,-4.228334942932864271e-01,-5.845474147397113907e-01,-2.038247739665464131e-01,-5.662406585365024059e-01,-5.892880746651419921e-01,-5.832736286762765232e-01,-6.520361160568753922e-01,-6.226199419340525676e-01,-5.727771419812546227e-01,-5.909203782034027075e-01,-7.109995627062802859e-01,-6.685819053539289181e-01,-6.566273675835025969e-01,-6.444208416102861214e-01,-6.960281291476686505e-01,-7.769044090528964830e-01,-4.241513610606658657e-01,-4.434633636711279858e-01,-4.371870894737291957e-01,-6.903157297477939824e-01,-7.655245801421030061e-01,-1.899810048714497823e-01,-4.208406323503782742e-01,-1.879958584313572434e-01,-1.314340546206053395e-01,-2.578028883376179969e-01,-4.138042409653273634e-01,-8.264878376821274686e-02,7.814996807757010333e-02,7.304963263557022468e-02,-3.267457935533222835e-01,1.742723169464608923e-01,-2.841965202627109721e-01,-4.608023000765616994e-01,-2.713025783861157114e-01,-1.668993387879292301e-01,-6.665533013598937129e-02,-3.641683095316353147e-01,-3.429057100224485177e-01,-3.491186835287861390e-02,-4.260091014601536941e-01,-3.081691439790691933e-01
-4.507888488577795338e-01,-6.845782465747860535e-01,-3.111100227139114716e-01,-2.958832552624889312e-01,-2.342781510185546756e-01,-3.808465009711056171e-01,-2.184762432191632853e-01,-2.276436122101506976e-01,1.776411919955582785e-01,-1.336982063940325982e-01,3.729708348799291862e-02,-2.630177436336737506e-01,-2.833744351092215563e-01,-3.965572443733350050e-01,-1.260718929204792393e-01,-1.074308829265084031e-01,-3.674874869768678387e-01,-3.323206303498142666e-02,-4.004394912482258095e-01,-3.833237832822510294e-01,-4.035736538087046910e-01,-6.687738208485962677e-01,-6.104596288896717571e-01,-5.849228769062508881e-01,-6.618549681683295605e-01,-6.720608583916343193e-01,-5.699082101470237527e-01,-7.219255629412708597e-01,-7.306654999499970771e-01,-6.348230579747777824e-01,-5.390184491985177129e-01,-6.137460568599797384e-01,-5.225465623167838691e-01,-6.926940318169290123e-01,-6.650919643958564942e-01,-6.889234516882560833e-01,-6.111314738014376191e-01,-4.925747447077132302e-01,-4.275256531110940839e-01,-4.286198461963200979e-01,-3.630915549309552404e-01,-3.967235483660634943e-01,-6.767408803619809898e-01,-1.544920069119995465e-01,-3.407901364044871317e-01,-3.493262553294919082e-01,-4.733433736750017329e-01,-2.067698691921639534e-02,9.019824285417780974e-02,3.910682683934120496e-02,-3.905717471199371404e-01,-1.922404433397694457e-01,-2.772644778675451005e-01,-3.122750315626822704e-01,-2.896236202818446293e-01,-3.553557572738429982e-01,-3.102094399849632533e-01,-4.951851007184243647e-01,-3.066728809975735603e-01,-5.015447379954334206e-01
-5.050121358599166665e-01,-3.615290309361591237e-01,-1.571940982303288714e-01,-1.348807320875884952e-01,-7.716631347452904133e-02,-1.453314834109200315e-01,-2.879003248964738804e-01,1.243511488717717606e-01,-2.061598475526174035e-01,-2.021877937410209713e-01,-3.806039128267392491e-02,-3.345549633512032162e-01,-1.687374555991865699e-01,-1.788530407602987038e-01,-4.871265705960008824e-02,-2.916204863804127689e-01,-1.668941495747920667e-01,-2.677110236425563339e-01,-1.800883288557655892e-01,-3.649604763907018379e-01,-4.792499520456893203e-01,-3.176445120536851019e-01,-5.471574754737731361e-01,-5.728186249172636524e-01,-6.536798305967035372e-01,-7.455889988697764759e-01,-5.457108776786954163e-01,-6.688307716407698722e-01,-7.051981358277130685e-01,-7.736861411507611752e-01,-6.869242884213435651e-01,-7.096290166179974879e-01,-6.411405859011264363e-01,-7.246677040188789221e-01,-5.783769050468035022e-01,-5.787798643344490568e-01,-5.830330311246789687e-01,-6.012237266960710480e-01,-3.776218649491651091e-01,-6.718754260326221805e-01,-4.681708778859313691e-01,-2.286700022426292056e-01,-4.107590553112820397e-01,-2.662448408758663065e-01,-5.232911679266402105e-01,-7.548021212973152205e-02,-1.264960149999358506e-03,4.595513528757501354e-02,-1.703159902924763214e-01,-1.142327144731352384e-01,1.130592676285922665e-01,2.842539308781543220e-02,1.305742565095933082e-02,1.309187242798572348e-01,-4.085276811341959774e-02,-1.495701740517640377e-01,-2.086276176790215209e-01,-3.969756358799758078e-01,-4.085079512853480033e-01,-3.353186810156422726e-01
-3.491388226485720447e-01,1.664889199720799226e-02,1.745150184952908717e-02,-2.200386523648532600e-01,-2.530102772152970636e-01,-2.148735958697308157e-01,-3.743100200354380069e-01,-1.420736847712217588e-01,-1.677530969865998201e-01,-4.950877336418859076e-01,2.329887233627129378e-02,-3.974660898277090348e-01,-9.261207107405235173e-02,-5.806199081623559799e-01,1.811328192985904237e-02,-4.672283706271558867e-01,-2.695151723169920688e-01,-4.578603036041816177e-01,-4.886901169793685940e-01,-5.768360753475825220e-01,-4.989145535193294512e-01,-4.366505552538026969e-01,-6.178063965554596582e-01,-4.902522084861811180e-01,-6.366685578501862786e-01,-6.316343437697948815e-01,-4.385607096596329524e-01,-6.971420787932538499e-01,-6.100479295864794649e-01,-7.016696254917660358e-01,-6.796761990437969470e-01,-6.662183828652613604e-01,-5.739258032345300187e-01,-7.408391032447900759e-01,-5.677886772585173381e-01,-6.753338410614441178e-01,-7.652790120575291288e-01,-7.550749643821250690e-01,-3.346040350592757728e-01,-6.168058854277800318e-01,-7.664958918770702345e-01,-2.645828493888810473e-01,-2.665740038677019141e-01,5.533042586869418855e-02,-3.071483811555085763e-01,-4.416693042206557562e-01,-1.750292281609526213e-01,4.590739958950510943e-03,-5.213582160307851376e-01,1.822161061613631478e-02,1.523878965651294382e-01,-4.736124394422634443e-01,1.407879412199438129e-01,-1.032388250375877031e-01,-6.349177098223798832e-02,-1.512521724329369266e-01,-4.621900337243918244e-01,-2.460014330548057626e-01,-7.735886190389461292e-02,-2.607031870115591454e-01
-4.076798103760449488e-01,-9.662613429619074101e-02,-2.156477582438549034e-01,-2.021827146708715106e-01,-6.048126102365676549e-02,-8.007445334413072768e-02,-2.116531286649994681e-01,1.798868093857538264e-01,-1.972381936778462852e-01,-1.174127328097049200e-01,-1.796343812460839406e-01,-1.494420593030949818e-01,4.012090030014357767e-02,-1.276644758056360573e-01,-2.494004628605106522e-01,-1.953244252085222510e-01,-3.143005708434292167e-01,-4.637635748618096909e-01,-5.970192096804874948e-01,-5.751197514407084821e-01,-4.381731337248252478e-01,-5.562597216558786695e-01,-6.176426150394720427e-01,-6.599965754648577931e-01,-5.238022713230190419e-01,-5.313556073940659541e-01,-7.491436221759975034e-01,-6.420096897453487772e-01,-7.263649058827665872e-01,-6.345304842819874391e-01,-7.433981704152775594e-01,-7.837594108301604301e-01,-7.302864744688560839e-01,-7.207661676089279768e-01,-5.658913323836836096e-01,-5.208556868025420172e-01,-5.189189495057636714e-01,-5.885578120619442410e-01,-7.107186927098263496e-01,-6.004680188650057815e-01,-4.696741964325011898e-01,-3.720502100484869290e-01,-4.797856350845509654e-01,-3.481307894311572726e-01,-4.632959005615425729e-01,-1.133083283706441957e-01,-3.670295538274839231e-01,-1.372001909043658596e-01,-2.519958220318939124e-01,-4.928562476910817725e-01,-1.427102041417681044e-01,-2.275136886538658282e-02,-2.703652372687780359e-01,-2.327329171558423782e-01,-1.473440533600255675e-01,-3.106762216038216340e-01,-1.932341358734359360e-01,-2.473535115047743871e-01,-8.269398414078880932e-02,-4.158573934570279351e-01
-3.914935313929088223e-01,-1.010108157893830488e-01,-1.509103495136367989e-01,-2.910149222500406085e-01,-3.949656185631972294e-01,-4.400460953325294189e-02,4.919425176189517676e-03,-3.460001058659049056e-01,-4.226339410782339323e-01,-1.536700151612990783e-01,-3.239389570304972987e-01,-2.252729113521362569e-01,-5.263893897442837311e-01,-4.769770614278074916e-01,-1.291532486479933794e-01,-3.776169446002062280e-01,-4.318336455194037304e-01,-2.691892153174713087e-01,-5.682177698170032265e-01,-5.398697715470603953e-01,-6.836753150128351830e-01,-4.599743091216999535e-01,-5.385287404694851787e-01,-4.089724406853856853e-01,-7.312504924846690013e-01,-7.859764312961680099e-01,-7.402496120628638820e-01,-6.917201524849190264e-01,-6.504897411161971732e-01,-6.257238315581359345e-01,-7.066766172554668213e-01,-7.027991679688806448e-01,-7.374205182200548325e-01,-5.379605464465975206e-01,-5.687495833748640317e-01,-7.070982427357532796e-01,-5.314212472831330025e-01,-3.886917649511550388e-01,-4.906024182781997811e-01,-5.680396275397803230e-01,-4.506334178617189545e-01,-3.525572696227096126e-01,-6.409993829101516827e-01,-4.146057384338786567e-01,-2.211356062327306249e-01,-1.914131865257380216e-01,-5.930203562046691967e-01,-4.190345995410981184e-01,-1.802185235169489474e-01,1.194535975629162639e-01,1.842705076444783319e-01,-1.423681711162994024e-01,-2.059229146834675173e-01,1.888766087715825284e-02,-1.680055599735358063e-01,-7.418972022429669300e-02,-1.943330146009825676e-01,2.598715677293578219e-02,-3.038886151954988679e-01,-4.461303342792449778e-01
-3.850433687320801712e-01,-5.349524664666127291e-03,-1.196673426103409266e-01,6.245880633416324434e-02,8.270833852667805464e-02,-9.862179666250817101e-02,-3.255400204084655802e-01,2.725061128391633586e-02,4.078411325224784445e-02,2.849474278811721037e-02,-3.183897397885616654e-01,-7.042252317107447479e-02,-2.534167079622388075e-01,-1.423546997690643690e-01,-3.297011551960736808e-01,-4.351505572795131838e-01,-5.230536204454062643e-01,-4.781983822226637537e-01,-3.377192860121989715e-01,-4.742758660205572130e-01,-4.451086230142157207e-01,-4.519827266686721190e-01,-4.224713913253693720e-01,-4.947739164326800387e-01,-5.637481117922524820e-01,-5.927501186411653356e-01,-6.383953667667042753e-01,-6.611423170720843734e-01,-6.836557928986561894e-01,-6.806004245193372215e-01,-5.581294987400740037e-01,-7.133995743750737306e-01,-6.466936324820597992e-01,-6.323082984558174857e-01,-5.070328110343085282e-01,-4.859512117912557772e-01,-5.694617601124476458e-01,-5.249668179384009425e-01,-4.820143780208162587e-01,-5.219837385156883558e-01,-5.484379387223017321e-01,-5.316328035122073192e-01,-4.055649929881766091e-01,-2.201334518086527914e-01,-1.583404514023586257e-02,-3.965347485058124954e-01,-3.112744476645844527e-01,-1.709322539777018424e-01,-6.630221229185560838e-02,-1.453383673473887527e-01,-3.805316008196406030e-01,-1.423192733519628717e-01,-1.153345365368690506e-01,-3.373711736141983275e-01,-9.507568328005866487e-02,-3.323027582642578137e-01,-7.393171310562160481e-02,-3.649817658106518925e-01,7.455574470224812789e-02,-2.458738226493420720e-01
2.061999341838895855e-02,-9.726458889252757867e-02,-1.584597106265416555e-01,1.305735720018040905e-02,-2.788079037178264885e-02,3.833419878227321831e-02,-1.983662674659657787e-01,-3.350571483973999731e-01,6.464538861634190614e-02,-2.788190736148686844e-01,-3.267441002173873676e-01,-5.980877385896565812e-02,-4.745956250752299960e-02,-3.537326670068185464e-01,-2.548131363182685183e-01,-4.021023529280123299e-01,-5.760551404151137422e-01,-6.307148274515046449e-01,-4.935041645525228837e-01,-5.006096007665522540e-01,-6.148356242319258369e-01,-5.901152041089219313e-01,-2.216642384142022415e-01,-7.273158506119232758e-01,-6.198803242807250369e-01,-5.704443461672350502e-01,-6.823193734925319109e-01,-6.790944654054108520e-01,-7.364506016724605697e-01,-6.903326122170858614e-01,-6.637237021544029059e-01,-6.783991493985678245e-01,-6.461566536854780329e-01,-7.106372178957218733e-01,-6.943003189201899517e-01,-6.223393745380758624e-01,-4.968141484286728859e-01,-6.850556065273962769e-01,-4.877969803480644018e-01,-3.917684702256986062e-01,-5.249823344357080757e-01,-3.751456770306648703e-01,-4.771811458599939937e-01,-5.020398702892794329e-01,-3.799743658148824754e-01,-1.258194461708985468e-01,2.407916949901538900e-02,-3.149896776024251333e-01,-2.413357638973868124e-01,-3.220436135563138347e-01,-2.176147531944384317e-01,7.370752294888745226e-02,-2.520704325926222955e-01,5.203500336278416016e-02,-1.531100578401773382e-01,-1.971425910586687424e-01,-1.320163891440475079e-01,-3.223968630921526801e-02,-1.226477892692826865e-01,-3.324385748183975586e-01
1.443438312489684350e-01,-2.776325864388386466e-01,-1.711515292604615449e-02,1.502332745929595703e-01,-6.307761377822078408e-02,-2.429377184339158724e-01,-2.364154579084687957e-01,-2.948783330682412385e-01,-2.318972120143055204e-01,-1.781468071694314315e-01,-3.624118772616945483e-01,-2.237712441897926063e-01,-3.822756510935082508e-01,4.398149253785926804e-03,-4.761605514442431852e-01,-4.127110180818578944e-01,-1.084247416199004832e-01,-3.288588250512495814e-01,-4.847347208455487499e-01,-5.835840536156677860e-01,-4.524488197870392692e-01,-6.004342701653752057e-01,-5.489941646722621416e-01,-5.815879202644493873e-01,-5.466381112793659014e-01,-5.756674270043384833e-01,-5.927830450592075362e-01,-7.759661493042591118e-01,-8.033469847221740290e-01,-6.245260115725509431e-01,-8.195083330489906226e-01,-8.063147733170090703e-01,-7.028871602211139713e-01,-7.752316683022711929e-01,-6.091069946588533179e-01,-6.895620070639447707e-01,-5.947414786842600831e-01,-5.138012534604629034e-01,-5.362145165539768943e-01,-5.382713834697459010e-01,-5.891711607568720366e-01,-5.251072074998035522e-01,-2.582997209801691230e-01,-3.786792321455018095e-01,-7.900986167703821783e-02,-4.692484230877765894e-01,-1.851356876429574028e-01,-1.848509767302797258e-01,-4.158432230087153458e-01,-1.735114439091915428e-01,-1.230535033183542265e-01,-1.829976350338734792e-01,4.523571895582079519e-03,-2.554941936798597601e-01,2.399898856886882245e-02,2.542368250859681350e-02,1.403233854829579776e-02,-3.033961749365884919e-01,-2.783342162499064520e-01,-5.547312652721338860e-02
-3.196002437210455627e-01,-1.105709271226185397e-01,-6.766458915799697382e-02,-5.246238512132950053e-03,-3.350748748655701936e-01,-1.933519004668830255e-01,-1.490632091119422666e-02,-1.352968369301611393e-02,-3.349184616574575613e-02,-3.165104408149247567e-02,-2.066176256114125864e-01,-4.965689179315946333e-01,-4.039030704911292236e-01,-2.365520073958950198e-01,-1.767752201328666450e-01,-3.486032743625360752e-01,-2.900698857354279125e-01,-2.975716407867220470e-01,-4.956803576037020487e-01,-6.082956504121459496e-01,-5.326508562805292168e-01,-5.853638942784840093e-01,-6.733915106702172970e-01,-6.688755860653949892e-01,-6.700287574919745470e-01,-6.005936787347418981e-01,-7.399546430568573196e-01,-6.678130898939206306e-01,-7.216022264838990452e-01,-7.083979099590098638e-01,-6.303217059132121269e-01,-6.201467369349720204e-01,-6.013511149539745304e-01,-5.843947436270615636e-01,-5.055285278873331567e-01,-7.373018334577838839e-01,-4.875836487445726064e-01,-5.875160157638429359e-01,-5.293964621911525503e-01,-5.941525688906739155e-01,-4.455658481846239694e-01,-4.992445170322009629e-01,-2.427079794936878032e-01,-3.554186476537369299e-01,-3.141075499056292797e-01,-2.820696781751488857e-01,-2.277653021224357310e-01,-2.479234363222546089e-02,-2.717433304210951639e-01,-5.027019209016434509e-01,2.120997307864341264e-01,-2.408932315565281423e-01,-7.132643510197182735e-02,-8.571340480734723072e-03,4.339636755713276173e-02,-2.436216262911864716e-01,-5.995476044661922355e-02,8.145593994431625517e-02,-1.851975456340932136e-01,-1.542088903307962944e-01
-2.330913329056802930e-01,9.261645942339949422e-02,1.713789817655965095e-02,-2.050869257377088695e-01,-1.468692425621148379e-01,2.517412255255899872e-02,2.633295813167175203e-01,-1.971720788716208594e-01,-6.872907250836400583e-02,-1.307910367160765863e-01,-2.338188861168263855e-01,-2.672892875909697596e-01,-1.421070271620987480e-01,-4.397009310274078153e-01,-3.013700528106800780e-01,-4.092862362714131952e-01,-4.728747328379111492e-01,-3.595617534682302718e-01,-5.755051960583992265e-01,-2.831188751770114531e-01,-7.455464730301929466e-01,-5.105212002540777672e-01,-6.353070323640044315e-01,-6.118385619464803415e-01,-7.145887728940201189e-01,-6.086702589775206951e-01,-7.027702308357366423e-01,-6.230389982850914610e-01,-6.766873572671230352e-01,-7.211260567255712850e-01,-6.004390490308502137e-01,-8.033773061104050317e-01,-7.011235478114345998e-01,-7.215749745599563392e-01,-7.278319477789139125e-01,-5.894357555572989904e-01,-7.602839985756310037e-01,-5.740150083174715423e-01,-6.098374993060666771e-01,-6.839140929702974825e-01,-3.440722414433900478e-01,-5.787311367595364686e-01,-2.095616643522282829e-01,-4.845874320778700839e-01,-5.236315788612879718e-01,-3.198210814689009807e-01,-3.533542002772623314e-01,-5.268584003803566604e-03,-1.983045970239360745e-01,-1.342869056833114749e-01,-2.086433828601787499e-01,-3.301874096349113885e-01,-3.715397870245061296e-01,-9.639536921298344496e-02,2.231972011343502094e-01,-5.969696029808986559e-02,2.893187838750119756e-01,-1.796154392411741796e-01,2.764662249038261632e-01,-2.853970039137694870e-01
-2.463297390993059166e-01,-2.725889644571489745e-01,-1.767715755204687655e-01,2.605363082442332945e-01,1.757961212063393064e-01,-1.970552326189301540e-01,-2.451479235385387589e-01,-2.963005487333789656e-01,2.551345073829710541e-01,-4.220200896662381629e-01,-3.249791119006164020e-01,-1.608747205413234571e-01,-3.151810404326131909e-01,-3.451874286567578887e-01,-5.562176890582246624e-01,-3.104830138652462934e-01,-4.266625421933259443e-01,-5.300754987536725471e-01,-4.661598565794201621e-01,-5.662096251595158947e-01,-5.477673430670528809e-01,-6.641572717666922587e-01,-4.770861636127688987e-01,-5.221450014763079350e-01,-5.909611957378884117e-01,-5.344307109015661306e-01,-6.592937084797086955e-01,-6.427308606224173548e-01,-7.304736571786355492e-01,-6.615771590584840212e-01,-5.665532955661555237e-01,-4.938008494628439715e-01,-7.415661236918331678e-01,-6.913309370687608091e-01,-5.422545735767922981e-01,-7.511382004403129864e-01,-6.484007038482076934e-01,-5.114459628251152301e-01,-4.606755131811773873e-01,-5.532942603348489641e-01,-3.287145937081516478e-01,-3.491425000652805255e-01,-3.316131015296650553e-01,-4.149106244737704730e-01,-2.087033402678135086e-01,-4.850508735141907946e-01,-1.774210038410520274e-01,-4.602871481360578665e-01,-4.159333268224939539e-01,-5.739916774226994090e-01,-9.132753289334753777e-02,1.287757545124602540e-02,-3.260407121786446649e-01,2.204617424662155128e-02,-3.716542818709943630e-01,1.208589367344773402e-01,-2.414703938511951198e-01,1.524773243529991829e-01,1.637079240310660710e-01,-4.528030634563615098e-01
-1.330115213466072088e-01,-4.405001645295023721e-02,-1.131043123588066218e-01,-4.715077785317566272e-01,-4.167781415374087473e-02,3.658794130972028436e-01,-1.796294838133696559e-01,-3.191433458731710027e-01,-9.274464832549536575e-02,-4.393108488225096198e-02,-4.115812585896423681e-02,-3.691293025860587496e-01,-1.000913456477870410e-02,-4.151561892820668231e-01,-6.447789278811787428e-01,-4.637197937796740388e-01,-6.714875374441912070e-01,-4.933626334669522495e-01,-5.423129521814301635e-01,-4.033684297369585225e-01,-6.829175728168934700e-01,-5.232359980495167040e-01,-7.303023201691802857e-01,-5.453883290821904817e-01,-7.000319165960690038e-01,-8.101006071086773730e-01,-7.850817262685326758e-01,-7.838374576875548616e-01,-8.027256267021767311e-01,-7.650831454362039263e-01,-7.871851590577235713e-01,-7.989658052143867595e-01,-7.054833715493005197e-01,-7.073106538966372758e-01,-7.354132914456876779e-01,-7.232237207397638201e-01,-5.996466917636533722e-01,-4.179173647483904186e-01,-5.863354720957130173e-01,-6.060207650517054345e-01,-5.387703548856728197e-01,-5.638704540535526277e-01,-5.073559946274313059e-01,-5.261904844776550405e-01,-2.996993840568838441e-01,-2.468796328835417830e-01,-3.720724789879712446e-01,-4.191315161747296569e-01,-4.463808321685096558e-01,-2.852895511987899591e-01,-3.972598317545037450e-01,-2.176940085862368313e-01,4.520514186230954745e-02,-2.396795108904221649e-01,-1.899869526867995206e-01,-2.960736121402277737e-02,1.989499614475458422e-01,-2.797559171098569220e-01,-1.638952644183250262e-02,1.561525182757882158e-01
-1.754342278866020954e-01,-6.108299899512222714e-02,-2.657953268024418891e-01,-3.987579843188437390e-01,-1.982010994386616543e-01,-4.764491449239736942e-02,-1.610563008628843329e-01,-5.433549596622452155e-02,-5.607387889062163955e-02,-1.142427573977940342e-01,-2.906836617447964288e-01,-5.525116703182888500e-01,-2.374074779563248028e-01,-3.330450632559959212e-01,-3.212653910146309744e-01,-2.208621775147351640e-01,-5.613531464635297397e-01,-4.559410195188395853e-01,-6.661543003189744905e-01,-6.315843015086067824e-01,-6.532096746067368453e-01,-4.510057703501946236e-01,-5.623334517883940009e-01,-6.939538153772724094e-01,-7.660826612806809210e-01,-7.371986151266907150e-01,-6.941878800915617376e-01,-6.149025325582224699e-01,-6.939246884547476402e-01,-6.878250277842111737e-01,-6.922607253927888227e-01,-6.606182681351254748e-01,-6.522384297296024425e-01,-6.832906206477946665e-01,-5.675824372403034390e-01,-6.135003407652691587e-01,-6.984187470367507755e-01,-7.183774266035843903e-01,-7.117294353892746894e-01,-6.617840886073315110e-01,-3.317844300762802234e-01,-6.119480380955348853e-01,-5.735804197163761886e-01,-3.788032011275763167e-01,-2.521505802072758207e-01,-5.358347368115240483e-01,-2.770971059548693605e-01,-3.232149866934868609e-01,-4.408958937636501818e-01,-4.055797952746079682e-01,-1.901478925088779248e-01,-5.297512789332335659e-02,-1.438277804317583120e-01,-2.783524176538343942e-01,-4.263438446955234440e-01,-1.534485714486303297e-02,2.259127982909682752e-01,2.972204279650045994e-02,-1.519633195597692166e-01,-1.712039995585761254e-01
-2.056936310957740710e-01,1.406515896007124733e-01,-1.837201753962078576e-01,1.233684238879803087e-02,-5.663286017351696483e-02,9.630102396690652655e-02,3.213394312094886018e-01,2.105094660344308116e-02,7.534401241470549404e-02,-1.824867288999957871e-01,-4.155962896948564023e-01,-1.554882967792800275e-01,-2.088076339400517512e-01,-2.211777965784819666e-01,-6.321016090960801526e-01,-5.548101429357961134e-01,-5.047078352145162317e-01,-2.521931388358731874e-01,-5.946527509228430874e-01,-7.184932662769514256e-01,-6.686550880686995546e-01,-4.570172139160451619e-01,-5.557188206121286278e-01,-7.045639291993254227e-01,-7.608963331262205143e-01,-6.381349347168554509e-01,-8.075410286041538876e-01,-6.206544999234988591e-01,-4.690863894622692709e-01,-6.336143522496231473e-01,-6.246007786576834864e-01,-6.863829306236501893e-01,-6.045775093057210725e-01,-6.281636532329341049e-01,-3.503825486344750995e-01,-6.107198021258288811e-01,-6.806647128243500378e-01,-7.340374973020299398e-01,-5.392199819473613154e-01,-5.910012731946567843e-01,-5.735316777100322172e-01,-5.366903932996199833e-01,-7.425081769913383090e-01,-6.201342217440841686e-01,-4.098632252316199986e-01,-2.871994409507496737e-01,-5.025100279878292886e-01,-3.456653105581917740e-01,-2.999860707908109658e-01,-8.746937253326858563e-02,-2.180793061857840276e-01,-2.751076606204432839e-01,5.727191141197239543e-02,-4.094672978910972039e-01,-1.534488637270855493e-01,1.709595488776596839e-01,-1.903081134048295042e-01,1.778491592942281485e-01,-3.375923771401629914e-01,-1.224737706482576793e-01
2.392045119916687973e-02,-4.113235369924043150e-01,-1.201260060592071743e-01,-2.101047588092359031e-01,-1.206932204351212901e-01,4.176194064976512799e-02,-1.138154228235548765e-01,-2.543077126786192910e-01,-3.756083384627429966e-01,-2.563608234398731534e-02,-2.915379454027602346e-01,-3.777466516672932095e-01,-4.426052765689901802e-01,-6.057002543889188351e-01,-3.562271457940824892e-01,-4.050913622870125907e-01,-4.641204864823713083e-01,-5.166196436373241552e-01,-7.439827015676220290e-01,-6.733940933110651450e-01,-6.832259522400775387e-01,-5.606027932711354911e-01,-6.384364683782408623e-01,-5.193708407280881456e-01,-6.409717549651778867e-01,-6.891816318935874985e-01,-6.526384679553790535e-01,-7.197836797671606224e-01,-6.615889749915817575e-01,-6.945041387339467853e-01,-6.447017126140123233e-01,-6.683951096024771665e-01,-6.549867660328281271e-01,-6.533996646454072188e-01,-6.139364417288224463e-01,-4.986479385297991618e-01,-7.441759999985746443e-01,-5.929855139419568655e-01,-5.175963994395562651e-01,-7.058759808725024731e-01,-6.765052000275989519e-01,-6.823844423551153060e-01,-5.504391302050192225e-01,-4.778597057056933051e-01,-3.328752308525504411e-01,-4.863391518508570210e-01,-4.396737560936366807e-01,-3.972773966474812402e-01,-1.488137514697481512e-01,-3.121873759227130618e-01,-4.090034670363274505e-01,1.647833117792802393e-01,-1.597677582945191965e-01,-1.912191368513690148e-01,-3.934440089006825958e-01,1.071126322072659710e-02,4.419969363752797309e-02,5.224447829508729185e-02,1.322544120261829048e-01,1.814357590259370878e-01
-1.130959177728310949e-01,-1.413313877472155422e-01,9.761179586489310278e-02,-1.945404440026246573e-01,-3.911968675769858517e-01,-4.565402272930143002e-01,-3.628251460593021616e-01,6.013087363798523544e-02,-1.402260065140552014e-01,-2.659209361696976970e-01,-1.216883239670265293e-01,-3.515243838204255011e-01,-3.279348766590610698e-01,-4.850193266602668696e-01,-3.578221800180817480e-01,-3.565928429080010287e-01,-4.828147980821538843e-01,-7.546111390341989633e-01,-5.849043609570205859e-01,-5.318996374267770388e-01,-4.323292623346604024e-01,-6.269485833096324345e-01,-5.808014168314896697e-01,-6.592766243574620377e-01,-7.071754601010014074e-01,-7.340584560514357149e-01,-6.311951045190855591e-01,-6.311130897299672693e-01,-6.762815015584915379e-01,-6.587799538356607920e-01,-6.303222870111784282e-01,-6.374395296540652511e-01,-7.261950318883896305e-01,-7.150863661535901139e-01,-7.270827466757062707e-01,-7.972152551390017106e-01,-6.294348337715709452e-01,-7.497718881129999957e-01,-5.919786144119634219e-01,-6.544800735538567338e-01,-5.200390262754505111e-01,-5.855617834790882714e-01,-6.772898550362133063e-01,-5.792588173602206680e-01,-5.393724693011943128e-01,-7.120606822570885175e-01,-4.013002340372832100e-01,-4.111481904356620309e-01,-2.385643130032370496e-01,-2.456257733174494751e-01,-2.070296999082706646e-01,-3.021371224313326165e-01,-4.630854545164354574e-01,-3.318965258230693882e-01,-2.827197487813157273e-01,-3.125513071858965208e-01,-2.469953757843264819e-01,-5.027378450487216544e-01,-4.941815200335754332e-02,-3.691183936093315188e-01
-2.224899678572422879e-01,-1.901570846104445045e-01,-1.255570463598090214e-01,-3.244947161701309257e-01,-7.341680042283163510e-02,-5.002371620754442194e-01,-2.278125072328708034e-01,-3.127388558880209724e-01,-2.702892125090392006e-01,-1.711613489929468268e-01,-2.586771106615400884e-01,-2.132069287973728522e-01,-4.710489888451049323e-01,-3.003455230171762635e-01,-4.221755761763146819e-01,-2.951231048881264862e-01,-3.817810284362253004e-01,-3.792136646089794838e-01,-5.064727506978539129e-01,-6.763408517623095140e-01,-7.833119291147159213e-01,-5.812222756569918047e-01,-4.651172662266874758e-01,-6.257120614421427529e-01,-6.955916243055175752e-01,-6.362580798629524637e-01,-7.655079506600392936e-01,-6.501734851606114640e-01,-5.242787357416088811e-01,-7.661114641334738629e-01,-6.565988278643063447e-01,-6.758766497561939923e-01,-7.816682744205385447e-01,-6.771557819495873654e-01,-7.073835461786505130e-01,-6.289708064284120770e-01,-6.997781392663249278e-01,-6.445605826496890733e-01,-5.830124374916577645e-01,-6.788901852194304531e-01,-5.013370972279536097e-01,-5.687677153116698081e-01,-4.879251934667468982e-01,-2.991166696603951292e-01,-3.575924040040587282e-01,-4.743818312256959935e-01,-4.562787258650105038e-01,-3.837152549898738552e-01,-4.294428873083312448e-01,-5.414130255321025764e-02,-8.478208225655707586e-02,-2.784817361451202844e-01,-2.940312485154651378e-01,-2.253396316544333255e-01,1.553062800204001448e-01,-3.968895443507801657e-01,2.399546780625065254e-02,-9.333043974233640183e-02,-3.180278358935191285e-01,9.073835831384248485e-02
-3.776126670520040807e-01,-1.565300337150680732e-01,3.570016309540013921e-02,-1.342713074651510630e-01,5.113841110273566193e-02,-3.983659208073246361e-01,-2.489037018547413938e-01,-3.251858464514371105e-01,1.989380866661526540e-02,-2.637385671719395530e-01,-3.356962202608388401e-01,-2.640215989211642800e-01,-1.376414104912751235e-01,-5.002648075754974055e-01,-3.809603378280979058e-01,-4.420846972860298374e-01,-3.765546967309986170e-01,-6.828933440644259223e-01,-5.966056020060982457e-01,-4.375131507401026631e-01,-5.866947837105540575e-01,-5.440168513246959048e-01,-6.530465921744010860e-01,-6.876795670925008874e-01,-6.426579006560266816e-01,-6.582074985014974011e-01,-7.269199106874218996e-01,-6.685106183555107329e-01,-5.754101209445626752e-01,-7.894163877389300810e-01,-7.268465543913168458e-01,-5.697169756245613614e-01,-6.328490934184809458e-01,-6.568392344948124073e-01,-6.070808730490334648e-01,-6.829747876643164073e-01,-6.602730064883720607e-01,-7.843267999894700804e-01,-5.120068771185886103e-01,-7.667900082109213589e-01,-5.837021053679822824e-01,-5.644487993703789508e-01,-4.690676697832046882e-01,-3.269358248897669128e-01,-4.522161331965420805e-01,-3.268931117629494953e-01,-2.529317773506142841e-01,-5.905471185942887669e-01,-1.222103936414264541e-01,-1.191295051473484634e-01,-1.749087647616444086e-01,-2.829728567668861605e-01,-1.267197263021096476e-01,-3.564659834846299891e-01,1.092092508977619281e-01,-2.942397724455061980e-01,-2.506054743223933359e-02,1.744599609084189137e-02,-7.119177953936792203e-02,2.203373546506278424e-01
-1.555465484079257554e-01,3.750982292108249183e-01,-1.049119440993705743e-01,-1.569508178551350663e-01,-2.600782245190408348e-01,-2.249318204699645718e-01,-2.957174713482679240e-01,-3.845851277581333605e-01,-4.065669434262381143e-01,-2.191221078124817312e-01,-5.267121133972099134e-01,-2.820543863917103211e-01,-1.916647453899519571e-01,-7.703924625506785029e-01,-5.971050958453987256e-01,-5.371764051549983154e-01,-7.196620249378837819e-01,-3.881683248303837153e-01,-6.372499669126850952e-01,-5.397528261553415918e-01,-6.562276447694316284e-01,-5.944638355047896505e-01,-6.145005367312743605e-01,-6.527013935732759453e-01,-6.105797706514481948e-01,-7.541087927594585238e-01,-6.431026403168920158e-01,-6.281040248116009916e-01,-6.762424082126786695e-01,-5.907255755445700585e-01,-7.941538223824695653e-01,-8.096214813871330795e-01,-6.466874377375825267e-01,-6.811010233423130389e-01,-4.412984909092463326e-01,-6.525009684049065672e-01,-6.805745211931988337e-01,-5.917036705906116856e-01,-6.395009807342582064e-01,-4.565485715819283530e-01,-4.805833252184295579e-01,-6.236588101810118800e-01,-5.095827642187177320e-01,-4.709359706007366642e-01,-3.695116855956627755e-01,-5.572706502024746822e-01,-3.564199989392398127e-01,-2.856233788143652808e-01,-4.857949204989052694e-01,-2.759774517767891178e-01,-2.699074106447313381e-01,-3.330215849224245073e-01,-1.473812421247648052e-01,-1.397164703322074097e-01,-1.673836006953628996e-01,-3.004040206118699374e-01,-6.691494014768747944e-02,1.780949197765337721e-01,-1.497349802033443034e-02,2.884259323155280441e-03
-3.328538981716794853e-01,-1.123242743132179672e-01,-2.958542709953152494e-01,-2.827169648997488460e-01,3.242627988459234698e-03,-2.077096427936882539e-01,-2.240190194571785032e-01,-5.868232758674134519e-01,-3.247724771191431437e-01,-5.122466928600030167e-01,-4.739519223833376094e-01,-3.977062659807251710e-01,-4.189127259107913170e-01,-5.732037790371111718e-01,-4.948023422955042383e-01,-4.707688928403700457e-01,-4.425152018575954083e-01,-6.382175958033072805e-01,-5.213051218065432035e-01,-4.061835656601229805e-01,-6.551507814826211806e-01,-5.395964814619707006e-01,-7.732916111302164941e-01,-6.566363785382846041e-01,-7.326713932592605616e-01,-6.108330498346502546e-01,-6.415843475933871165e-01,-6.314333522283168687e-01,-6.065792857613054867e-01,-5.079699499280418973e-01,-6.521394008867595904e-01,-7.486133860073782564e-01,-7.258435564745336910e-01,-6.087472362590878872e-01,-6.719463914447265651e-01,-6.249379344214240906e-01,-6.508147465129741072e-01,-7.477224226697154474e-01,-4.928740685392011822e-01,-5.800707051584801377e-01,-4.316465501550739714e-01,-5.230268709452029485e-01,-5.341573050844783399e-01,-5.973259182211825280e-01,-5.095767933874714162e-01,-2.672347768313294014e-01,-4.761813643702272891e-01,-5.069491318550053416e-01,-1.940345448436724130e-01,-3.610172204642097538e-01,-4.097254731393843441e-01,-2.115024175440123888e-01,-4.146393616889034739e-01,5.462252422532042073e-02,-3.442986987192723225e-01,-2.986547492740270204e-01,-2.547362704714752901e-01,-1.979099152518881133e-01,-3.489990303982669073e-01,-4.221760867843230569e-01
-7.404062253306253893e-02,-3.877216831069630887e-01,-2.186462425027739243e-01,-2.903153753750747357e-01,-1.019165411140436905e-01,-2.860302494119094652e-01,-3.194628843818948516e-01,-2.646928664370085116e-01,-1.565679914046645971e-01,-3.380656257649101160e-01,-1.400556780600849538e-01,-4.075141144347833588e-01,-5.567861230372195269e-01,-4.398800461146303853e-01,-6.274169639676945298e-01,-7.033007515000466725e-01,-5.286824171848920617e-01,-5.874200455788793906e-01,-5.036424888520180110e-01,-4.662112012552832030e-01,-7.100084103315020823e-01,-4.869148898052205743e-01,-4.493983323062066271e-01,-6.849018773911569324e-01,-7.184995729870540249e-01,-7.784357181054627484e-01,-7.617238883222792190e-01,-6.687299353812903302e-01,-7.038443404971700401e-01,-7.865248038808824171e-01,-6.806157493888870258e-01,-6.808194845039010623e-01,-5.784942583579155695e-01,-8.117178544865579770e-01,-7.217436577290909927e-01,-6.350208899791536243e-01,-7.022046173948550685e-01,-6.359463262562559116e-01,-5.504348363536351041e-01,-5.859188529947292334e-01,-5.998362172438750362e-01,-4.529453032699206072e-01,-5.491718736517218202e-01,-5.237722862034912552e-01,-3.210483193351311160e-01,-4.238372827945218191e-01,-5.410903999662801667e-01,-5.026825113781087095e-01,-4.226893468949694532e-01,-5.358629914026032948e-01,-2.537676500506923505e-01,-2.897110739797940093e-01,6.261359975924167542e-02,-5.245028702532397169e-01,-8.970797118956189142e-02,-4.630690220771462862e-01,-3.158652923821583802e-01,-2.057619828094884862e-01,-2.033721255655261406e-01,1.384278563049071500e-02
-2.191223791371959828e-01,-9.460691567721808692e-02,-3.750137757319398357e-01,-2.771328568098690437e-01,-2.080201437623597216e-01,-2.364421749119691163e-02,-2.650319438633660374e-01,-3.638148445751778759e-01,-4.953174605268769182e-01,-1.215100437867353556e-01,-3.074305242132814864e-01,-4.301267919465930900e-01,-2.733657425255236473e-01,-3.119112056704470559e-01,-3.851536174817185576e-01,-5.958089427361925594e-01,-4.541330965450288693e-01,-4.984036170131043164e-01,-5.395570098467985520e-01,-4.351285863245142882e-01,-6.142342671458739245e-01,-6.702019740560223315e-01,-6.180250566048001160e-01,-8.050612479289622758e-01,-7.852526785036922918e-01,-7.237003814159812531e-01,-7.235883628786013988e-01,-6.418995423378779375e-01,-6.452972592896549786e-01,-5.672032265560756903e-01,-7.172480547445546639e-01,-7.240930252426366343e-01,-7.198472713046467630e-01,-7.176211986829781342e-01,-5.946787834901250402e-01,-5.859726255117339022e-01,-5.311356181689906863e-01,-5.871619006793318274e-01,-5.907995947993488484e-01,-6.654496134467131618e-01,-5.415539703592915366e-01,-6.346208276887300714e-01,-5.900373665700788806e-01,-4.182902064461777591e-01,-6.129636767196993130e-01,-6.787645076605999250e-01,-5.763434602066129786e-01,-3.412000133824730774e-01,-3.471711214379392674e-01,-3.073882430290825751e-01,-7.887421114279663525e-02,-5.479942871623471046e-01,-7.731671107650045505e-02,-3.172669194044862029e-01,-6.712943650339490975e-02,-3.364320146445832216e-01,1.752431332082322532e-02,-6.707092719014121074e-02,-1.154108493828019527e-01,-3.088227712306839678e-01
-6.385442334291157977e-03,-1.608555620261919172e-01,-1.477060058065255421e-01,-4.535012704328546529e-01,-4.899652542001885908e-02,-3.375528044493634749e-01,3.796246312769169240e-02,-5.382704961697633017e-01,-1.525922605733721349e-01,-2.178874862514100230e-01,-3.413838220191455219e-01,-5.476233125284145631e-01,-2.671886135663298356e-01,-4.487491947863583297e-01,-1.908218964080485303e-01,-5.894301534483122884e-01,-3.422588535219386330e-01,-6.275590257776082481e-01,-4.523279161656493796e-01,-5.016878087443542578e-01,-7.707637377039892046e-01,-4.810061940718900475e-01,-7.467814880126455446e-01,-6.087673690756106870e-01,-5.831897186680109479e-01,-6.647269562312796420e-01,-7.117875389895145233e-01,-7.334596650681686203e-01,-7.086448602357657833e-01,-6.991829818740564750e-01,-6.363481982649119573e-01,-5.869098966725427857e-01,-6.732584010802115104e-01,-7.185672409838359531e-01,-6.184091971716575431e-01,-7.320864772121666864e-01,-6.765047754790997070e-01,-6.619915086441713337e-01,-6.685321044999870121e-01,-5.165660985665175842e-01,-4.945692740258064157e-01,-6.930556593628386386e-01,-5.060673889403356496e-01,-5.435457387017763597e-01,-5.307841043274221793e-01,-4.707033292408632219e-01,-5.486338917467554754e-01,-5.994548769463479143e-01,-1.369605612652735616e-01,-4.911508414609097040e-01,-1.668912783947253953e-01,-3.224590587955232790e-01,-4.453733077981746891e-01,-1.646715046763482793e-01,-4.239302037684913316e-01,-3.727310377916929207e-01,-2.876325691310591126e-01,-1.884386357948403812e-01,-1.923792224520733951e-01,6.824004344486647722e-02
-1.827029220911233209e-01,-2.032954032790182386e-01,-9.161098869708989012e-02,-3.537305676651280040e-01,-1.564362829011206324e-01,-1.027191011840584978e-01,-2.205795004044995289e-01,-2.880704840355757246e-01,-1.837009207114262688e-01,-1.336373073796902067e-01,-3.756293114828020974e-01,-4.094279128734513162e-01,-3.448367360598834641e-01,-2.615112546114032877e-01,-3.552869757269897510e-01,-6.739171772962729845e-01,-4.226912424091667231e-01,-5.494324457591731603e-01,-4.982422664402896828e-01,-4.694079477230476138e-01,-5.945385278997921130e-01,-6.390964871112849721e-01,-6.066058094337768436e-01,-7.734499096928720840e-01,-5.820733843975517408e-01,-6.182699701326186403e-01,-7.440760243903342674e-01,-7.868182301881918583e-01,-6.996400270540987787e-01,-7.634293649560447426e-01,-6.464166742453512082e-01,-7.694806261467659336e-01,-7.293327961055190434e-01,-6.707021925773772875e-01,-6.715480755574368965e-01,-5.778960674295066102e-01,-5.840441975282260056e-01,-5.828578319761902327e-01,-4.194607153455550130e-01,-6.008100814024475156e-01,-6.197589533980949472e-01,-5.326695545955991706e-01,-5.865232018077807252e-01,-3.591653461599803032e-01,-4.381607991195881624e-01,-5.189922837640932318e-01,-3.184536148570163983e-01,-4.889890825824688148e-01,-6.304510401510330375e-01,-5.034760916995477675e-01,-1.787949936973878828e-01,-2.397180313214257730e-01,-1.303946720706333218e-01,-8.640787401277938429e-03,-2.188477059229547717e-01,-1.565297995843791257e-01,-8.470279548940251590e-03,-3.591531396680581745e-01,-3.694700718188458771e-02,1.965733965584649801e-01
4.970931022028941826e-02,-7.236054265918223649e-03,-2.870217997473670929e-02,-2.157527519353428791e-01,-1.250618432732673035e-01,-2.538726855777463931e-01,-3.468278014947422383e-01,-2.703967820083315599e-01,-1.511384377874494533e-01,-4.953470482146530296e-01,-3.957365533063633700e-01,-4.914482305567523523e-01,-4.435049760152129927e-01,-6.805561054480897543e-01,-2.434701295563435897e-01,-4.536336916678220810e-01,-6.130337311299445258e-01,-5.687673717052053046e-01,-8.112656763765890844e-01,-7.179690869785002594e-01,-6.083493767892940163e-01,-6.609053605648431695e-01,-5.555131316508128414e-01,-5.832068560945533608e-01,-7.597023598903269725e-01,-6.440709701311785329e-01,-7.118266671154592773e-01,-8.208715076764452334e-01,-6.873650342759568543e-01,-7.255804746596120625e-01,-6.389005256810739164e-01,-6.881702866672464447e-01,-7.099194590604709365e-01,-6.866795510958445536e-01,-7.105956757674909419e-01,-6.924585774380532799e-01,-7.762158968973593698e-01,-6.490575030299565729e-01,-6.195477441566218380e-01,-6.162875918983291568e-01,-7.199090093402938928e-01,-5.773249291621539436e-01,-4.385259506947143393e-01,-6.593142928097900368e-01,-5.161842691551936646e-01,-6.875859570607190108e-01,-6.959757373336856734e-01,-5.905070496497313304e-01,-2.173612335047052646e-01,-2.279802707562490482e-01,-2.908469231952352518e-01,-4.089928630080775784e-01,-2.344710344549476577e-01,-2.885574333916186562e-01,-2.253022179917504586e-01,-5.307153695431405804e-01,-4.427712945099060993e-01,-9.648782497503596844e-02,-1.433724665398416476e-01,-1.209941048682394715e-01
7.760726360007372260e-02,-1.748184294568189412e-01,-2.213148760993718239e-02,-2.622902789236455368e-01,-1.790505455119754952e-01,-4.685612016313370209e-01,-1.983820423046956383e-01,-4.918091093163520222e-01,-2.696551532275716020e-02,-3.084606261251460202e-01,-4.181385223528928385e-01,-3.474660816997098278e-01,-5.055922887440505997e-01,-3.820497326705513119e-01,-6.121037852161284043e-01,-6.540937811753769759e-01,-6.346144981739734181e-01,-4.930629062985473210e-01,-4.199241228719208796e-01,-6.360425555316349122e-01,-6.158599641014266268e-01,-7.719370633442675933e-01,-7.703642174419800259e-01,-6.294117298466629373e-01,-6.747367154910893783e-01,-7.271372927754152782e-01,-6.933205834163544967e-01,-6.985888455128217434e-01,-6.235651441437578546e-01,-7.247858957346331454e-01,-7.438161229032713706e-01,-7.686664253749729836e-01,-6.723167945079251417e-01,-7.022110472964684380e-01,-7.336854826320478029e-01,-6.336518198111011912e-01,-6.238595085417785180e-01,-5.372705080386028786e-01,-6.012736871878032741e-01,-5.961460845495925032e-01,-6.515170258716358465e-01,-5.749543593014944109e-01,-6.419112406384690495e-01,-4.737615177148911672e-01,-3.450083648466811814e-01,-5.510492767986531204e-01,-3.172643303158621531e-01,-4.509171771602388246e-01,-5.978535133545065383e-01,-6.108792663238736820e-01,-3.851964719366670065e-01,-3.062597058032924258e-01,-3.773938893020946095e-01,-2.571908406795451185e-01,-3.099362196079761267e-01,-3.653364549136425832e-02,-1.164012349465666923e-01,-1.519703644723880420e-01,-9.460268156929275973e-02,-1.949986291915870029e-01
-2.628179166786133794e-02,7.263191244042657702e-02,-5.222702445469301624e-02,-1.809079847817781361e-01,-5.162482264433962964e-01,-4.077280938248035724e-01,-2.787668732293526741e-01,-6.203379209426845842e-01,-4.529887958242637680e-01,-4.118586249932997267e-01,-3.647971502571476510e-01,-3.229386538455735201e-01,-4.491100875851632424e-01,-5.554020231092794413e-01,-3.108009931791571590e-01,-6.295607630515007713e-01,-5.810986564730690196e-01,-6.350914874379756103e-01,-5.291044013534398349e-01,-6.259972443919208374e-01,-7.672656337015649752e-01,-7.509483311104228065e-01,-4.481930910966395176e-01,-6.409071642408028513e-01,-7.250874456134084323e-01,-7.648460909378599348e-01,-5.135715239390411524e-01,-7.483461064316099254e-01,-6.559834714489232166e-01,-6.392111844289481981e-01,-6.824912893617499643e-01,-6.848418713030508531e-01,-6.770519407772226383e-01,-6.138915782256864073e-01,-5.574215483800628590e-01,-5.549509950811367665e-01,-6.733758506845834990e-01,-5.543843456337660403e-01,-6.627132331928015097e-01,-6.048840874439751492e-01,-6.491896318778305197e-01,-6.381181104003543769e-01,-5.891610541747509533e-01,-4.226756273946049025e-01,-5.185342697741675000e-01,-6.019886322661183176e-01,-5.945111950961152747e-01,-4.209891669296411121e-01,-5.290527464669778634e-01,-3.334527951964968984e-01,-4.065459157320504002e-01,-3.643964270179788079e-01,-3.779128829504896925e-01,-2.350875636295088889e-01,-3.171834027888683627e-01,-2.999213184240394625e-01,2.710516985711270421e-01,-3.414191317372739509e-01,-4.516339272926274129e-01,-3.021729211912553836e-01
