2.392039643770216967e-02,-3.922108582222035844e-01,-3.892293645133887980e-01,-4.579645552689854404e-01,-2.712170475907620948e-01,-2.005196850785608831e-01,-1.734868566288962355e-01,-2.447611070313544523e-01,-2.921959189850432681e-01,-1.700125856580762262e-01,-1.826049842866373507e-01,-1.292501403776338265e-01,-1.470056207822949546e-01,-1.221601359426928990e-01,8.289548445602701321e-02,4.499172877680698845e-02,-1.747640412667719190e-01,-1.625212576606616943e-01,-3.626160187615410369e-01,-3.973428689892576776e-02,8.381938651007403429e-02,-1.545231145139086895e-02,-1.145541569615040750e-01,7.162027392064813924e-02,9.457438859413126730e-02,-1.217136552460313104e-01,-2.134109062444937976e-01,4.769507449959086570e-02,-6.156124136570464978e-02,-1.316417295445697910e-01,-1.038384794559743113e-01,1.219659358567894564e-01,-6.223844605173600719e-02,8.411321343237908310e-02,-1.709849335949998050e-01,-3.633313896737135062e-02,-1.911770288655355310e-01,-1.764472229212833421e-01,8.975984515190488233e-02,-2.428821286551113567e-01,-1.955964326183725066e-01,-7.506186090617944506e-02,-1.719958596554784225e-01,-9.331029428078466137e-02,2.652087270266964211e-02,-1.828252162287498372e-01,-1.410642520966337229e-02,-1.750134236509235941e-01,1.218715217603927453e-01,-4.542898003532080953e-03,2.745879279463777148e-02,-2.793764389612989410e-02,-2.437901510043312056e-02,2.646111377717617619e-01,-9.912421100029503163e-02,-6.835915281979788871e-02,-1.973437488670543027e-01,-1.642391808177881829e-01,-1.123349168533668424e-01,-5.074191371266812030e-03
-5.181593286141226162e-01,-2.448196492920187706e-01,-1.045077353923327783e-02,-4.927467947338454723e-01,-4.282050180737911882e-01,-3.582008632207925314e-01,-2.889343610127543815e-01,-3.184138765686471140e-01,-1.688830370846706175e-01,-2.051949008852853862e-01,-2.855491477241383635e-01,-1.490437355997154267e-01,9.305745095763207075e-02,-1.766521444362332827e-01,-3.275236304100360707e-01,1.076229959902984118e-01,-2.651180468335943841e-02,-6.030710598737971939e-02,-2.918655847392822023e-01,-4.308434879366880854e-01,-2.210228127731584946e-01,-4.027609023944829503e-02,-7.352414580387503507e-02,-4.387430515532481784e-02,9.368307984911891650e-02,-4.049622865680456707e-01,1.650679251940099720e-02,-3.869437348861733822e-02,5.282452677284461134e-02,-3.580226955608313555e-02,-1.888246884294077776e-01,-2.719843808752619302e-02,-7.280944475189304876e-02,6.973018048605555963e-02,-7.833360241972386895e-02,1.555183893744147561e-01,-1.125885262195744779e-01,-1.535312909402728465e-01,6.088549504007634977e-02,-2.381436985000738027e-01,-4.054642687312182830e-02,-3.524249892271961726e-01,-2.413268849317047882e-01,-2.377860057242627279e-01,-1.732232835711854935e-01,-1.870879122709898923e-01,-7.906294308309338992e-02,-1.200936528484980031e-01,-2.588898339435418139e-01,2.691211312007414924e-01,-9.222795310516883338e-02,-2.108678582282856317e-01,1.764926075058085297e-01,-1.641909952679678486e-01,-1.771470123386623963e-01,3.154413941483261152e-01,1.276381685944151176e-02,2.447290230267736271e-03,-8.675984378319639978e-02,-7.360906515651964577e-02
-3.536323866418781825e-01,-5.517730362519875920e-01,3.569100866774396752e-02,-1.292034162333562941e-01,-2.901883097289376656e-01,-3.708605204055171467e-01,-2.550403253604733300e-01,-3.577794824603572343e-01,-3.980038408967624952e-01,-2.522669584075110105e-01,-2.096914247781579699e-01,-4.438054781096346657e-01,-5.056305640078986308e-01,-3.234357104699671082e-01,-2.979976844091345445e-01,-1.061848392396087942e-01,-2.054049350053727477e-02,-2.994410458408374720e-01,-2.831448694578656000e-01,-3.670619706396443527e-01,-1.330208267182560467e-01,-2.172092187821117737e-01,-2.593419164314056391e-01,-2.301479728535079095e-01,1.291238042935717034e-01,1.448338456953027729e-02,-9.910230473139551577e-02,-2.752770971631300356e-01,-1.584740531637240657e-01,2.141034109808211128e-01,-1.178119034495603151e-01,-4.028899337740041164e-02,-7.650180922188694332e-02,-1.938921819485075748e-01,-1.405987101817363916e-01,-2.426901622943988812e-01,-1.504238601577080892e-01,-9.664788225805007182e-02,-9.331203948838684425e-02,-3.955673455421371831e-01,1.732203394423813270e-02,-8.377817569491792515e-02,2.486945136780841503e-01,-2.317453122671351562e-01,7.891476588479354182e-02,-1.505482138088565514e-01,8.748282552103918419e-02,-7.457435928287287075e-02,-1.124923549125653698e-02,-1.196916684293446165e-01,-5.456481140563814586e-02,-1.203643729199813106e-01,-1.420515756861654051e-02,1.388811819291340122e-01,8.618834302554174986e-03,-1.173201312239725014e-01,-2.152033091910520723e-01,-1.549755682971810100e-01,-2.635936381812186147e-01,-6.971191225428327587e-02
-6.500623668071210393e-01,-5.211185767273484037e-01,-1.034530602759380358e-01,-9.722664578387595069e-02,5.858383806532332927e-02,-4.635002291012392250e-01,-2.884855728391403917e-01,-1.716099468588870858e-01,-4.700184661887039650e-01,-3.494781938213400996e-01,-3.672045682662764543e-01,-2.819425210146211946e-01,-1.953883188789150849e-01,-2.623491876452538341e-01,-3.103903819703154876e-01,-3.795096155929499337e-01,-4.857109632536025234e-01,1.718334849759056981e-01,-4.766550772599602026e-01,-1.618324369150059283e-01,-5.041218497948249944e-01,-1.388602108936943524e-01,-1.562645050113283529e-01,-2.165260925391653546e-01,-3.145864058855574186e-01,-7.773822349838699353e-02,-2.392117654307217012e-01,-2.368113308418733354e-01,-1.234545714314399939e-01,-9.099100622183063647e-02,4.168301032372026538e-02,2.667468323887497994e-01,-3.871640473119984382e-01,-8.394810199462020284e-02,4.959464696544411272e-02,-4.330217216406635067e-02,-8.713477069826429389e-02,-3.420786818456282297e-01,2.408109928408124975e-02,-1.293804808255152351e-02,6.388421952134459847e-02,-2.360127059632892432e-01,-1.264052736248991449e-01,-4.656348228775570447e-02,-2.216049707123922963e-01,5.760954115672173997e-02,-4.038234854760701098e-01,-2.378168274316113662e-01,-2.755349833674039517e-01,1.312576520963542118e-02,-2.191299438292857171e-01,6.514843883359240639e-02,1.121239477405151092e-01,-7.111333162538156782e-02,1.182596539852089623e-01,-1.568433309557079602e-01,-3.071505562628043529e-01,-5.840728651842914954e-02,-1.739933629675488036e-01,-1.056453589545755523e-01
-4.954850989974518005e-01,-4.587230397120256598e-01,-5.203125090247577855e-01,-6.710495967071521128e-02,1.190121169630214693e-01,1.959482117187040240e-01,-1.555292176599356035e-01,-5.937951137960879866e-02,-1.551256092523712604e-01,-5.674865218233521302e-01,-3.675104253110818009e-01,-5.687870402518097057e-01,-3.999159453754819182e-01,-2.861050496776332830e-01,-5.403966046173367399e-01,-2.934264898758620621e-01,-3.803715453425845494e-01,-2.689784695320485142e-01,8.581712978092580907e-03,-5.438416840383570872e-01,-1.726164924645402221e-01,-2.572752359373065012e-01,-3.642182535402945787e-01,-1.432528431376408062e-01,-3.260485278267136744e-01,8.600552819444677588e-02,-1.603326593563113855e-01,-2.996414535260376044e-01,-2.932801713245384856e-01,-1.754523668819650550e-01,-2.952792842247576321e-01,-2.236003391051667732e-01,-3.423940032909170705e-01,-1.778149268769266544e-01,-2.317492043598015639e-01,-3.433156181664103190e-01,-4.524524361200642913e-02,-5.398673859521010282e-02,-1.446852884910863335e-01,4.223030639273004337e-03,-8.972212326470459243e-02,-2.244071566932000494e-01,5.488412120467148908e-02,-9.995872597454168174e-02,-4.497138947807391984e-01,1.775984097791177482e-02,-2.745770328701931384e-01,-8.371277572995590444e-02,-2.299990507898382885e-01,-2.108209951315054009e-01,-1.526603734360791331e-01,-2.614629455932532820e-01,-1.088613188887396083e-01,6.753796330650084501e-02,-1.086129237757011007e-01,-6.980999772339885334e-02,-5.499210262191631116e-02,-1.888929735200448323e-01,-1.655088271266392796e-01,-1.474693427388302780e-01
-5.648702072841740307e-01,-5.326032613909682523e-01,-6.027104755490335641e-01,-3.039868649848309068e-01,-2.972931943892185291e-01,-1.809473380962788869e-01,-6.384621843790880269e-02,8.478143595841093616e-02,-2.657932634727666610e-01,-3.757713669945236257e-01,-2.831538795971303979e-01,-3.832573271100516710e-01,-2.543873685272280416e-01,-5.337212211969341036e-01,-3.886613217863313929e-01,-4.573926779573342372e-01,-5.934480342612739046e-01,-2.869188823641760644e-01,-3.901473793072666174e-01,-5.373846410687338482e-01,-4.417615661524522119e-01,-2.231086572724118589e-01,-3.804101603366479845e-01,-2.443381017517798348e-01,-2.247145374963041009e-01,-2.929164486896741471e-01,-3.560499168303626893e-01,-3.101720370105680025e-01,-2.956890161653975557e-01,-3.133909707765943353e-01,2.215251206482569263e-02,-7.793487775811194784e-02,-1.359406606956450325e-01,-3.267668082877919766e-01,-1.245071637427018207e-01,-1.965259567696047149e-01,-1.706660113967032599e-01,-2.234845714175580644e-01,-3.662247504333264181e-01,-1.565405290515034797e-01,-3.439902931172164058e-01,-8.616572047191155270e-02,-6.083835897631142270e-02,-3.271163872523180083e-01,-2.350647380606210868e-01,-1.074715472739387473e-01,-4.348626287186195816e-01,1.461897864806547542e-01,-1.608437708642134478e-01,-2.559329008520324633e-01,-2.366687904298931389e-01,-1.682206750278356783e-02,-3.412414373403008794e-01,-1.959922192665071727e-01,-3.530869000994644735e-01,-2.828996373633427819e-01,-1.383926444792413224e-01,1.053822358777986301e-01,-2.303020334605528630e-01,1.163306505274723374e-01
-4.736877650650540561e-01,-5.724598750586974427e-01,-4.204554014318420130e-01,-4.779485611043069460e-01,-2.761494291108576582e-01,-1.764888575746625388e-01,-2.384066919161398901e-01,-2.162733971900333840e-01,-2.096134647594769251e-01,-1.983485015002449114e-01,5.369632759042304755e-03,-6.129391433808480949e-01,-5.026673670960810636e-01,-3.859685654248227737e-01,-2.287249721075702291e-01,-3.944061886431059483e-01,-3.803473598898769459e-01,-3.089954929415468232e-01,-4.231573913300026302e-01,-4.487950851398655461e-01,-4.495726835723385384e-01,-5.166297330373317287e-01,-4.265741160595012960e-01,-2.543866208269584539e-01,-3.113131175196130473e-01,-5.038420491956336900e-01,-2.272419620802808571e-01,-2.603976305936299140e-01,-3.417317886409870775e-01,-1.568062937079836017e-01,-5.434850883362536689e-02,-3.190265551230417329e-01,-3.378526512964558082e-01,-2.098878515357338881e-01,-1.000790337568805144e-01,-4.929386878686711770e-02,-2.943399206181956385e-01,-4.848932143610015788e-02,-6.073211247505694993e-02,-4.040371387795927971e-01,-4.808525578193251215e-01,-3.994014099418448649e-01,-1.210229594961576005e-01,-3.877635497685502641e-01,-1.437269241683575560e-01,-2.492376536344482196e-01,-3.957024959242255724e-01,5.586371618579737131e-02,-5.602301527562443886e-03,-7.300618336689641830e-02,-1.558170184324577379e-01,-2.186855170182998853e-01,-3.487334165344521120e-01,-2.758227782661978322e-01,-2.537078343480088094e-01,-3.844161232413719209e-01,-2.572047833245985626e-01,-1.804584217941660601e-02,-2.165158460831153320e-01,-2.715561062897774991e-01
-6.035414168330994755e-01,-6.348710010740080678e-01,-4.833277917295053516e-01,-4.219193110415292436e-01,-5.226918981539585563e-01,-2.590263918591860781e-01,-8.154326642726532348e-02,-5.625655865152520002e-02,-1.354196755267877694e-01,2.031501766836860956e-01,-2.839621945102606682e-01,-2.624193573249172795e-01,-2.101942651570490039e-01,-3.508789299611049239e-01,-3.908641151843003092e-01,-3.144587352033381134e-01,-3.845546509441794547e-01,-4.049666470050889422e-01,-4.679686149466040779e-01,-4.922887551425264019e-01,-6.333758160977218665e-01,-3.711806208583466882e-01,-4.033189952806120471e-01,-1.990541801011528888e-01,-2.574404024547439218e-01,-1.358278564250705450e-02,-2.880030332352775391e-01,-3.127312085423296084e-01,-2.585058673937765117e-01,-1.810100919692368138e-01,-3.149513864345196978e-01,-4.136422703939400258e-01,-4.297668884698585545e-01,-2.063549565579227973e-01,-1.960476275382454503e-01,-2.497258289412989385e-01,-3.183672412197956492e-01,-2.720718264607405179e-01,-4.741706520122456747e-01,-4.292578056399344311e-01,-1.530415591835962708e-01,-2.071052793981360829e-01,-2.403185292048338195e-01,-2.882645070885383465e-01,-1.971538656058723082e-01,-2.842961490056651330e-01,-3.353613087225330580e-01,-3.418397417968042640e-01,-3.447757548173548403e-01,-3.113960383653644470e-01,-2.497741951090949597e-01,-3.918215924184158538e-01,-2.227483960716667710e-01,-6.796748767549048997e-02,-9.504132780313243045e-02,-1.023480232987248051e-01,-1.497280390810894479e-01,-1.852647476955712469e-01,-2.276094259090442606e-01,-5.150031566911830172e-01
-6.010818036591649705e-01,-4.602936053588981280e-01,-3.695917767821005895e-01,-4.212686729898583171e-01,-5.224022171043738449e-01,-2.398111482357627999e-01,-3.235490511330547936e-02,-2.196717371046355005e-01,-1.199071017513822675e-02,-2.862661056637084145e-01,-8.253775463796016176e-02,-9.996734690682958224e-02,-2.337846002326557648e-01,-2.566029445090938776e-01,-4.753882732270013900e-01,-2.097304435147689383e-01,-3.150662652920443452e-01,-3.960753070458350455e-01,-5.811466731371963679e-01,-4.504638107005967673e-01,-3.065235157780007991e-01,-5.263551763468331535e-01,-2.940292396018308052e-01,-4.345575159615109873e-01,-4.123117629765785663e-01,-3.579029791295876284e-01,-2.235907286967522001e-01,-4.614512342066580119e-01,-3.622564048083700694e-01,-1.616468950830021734e-01,-3.825133034125451914e-01,-2.834294878147769481e-01,-4.986814705912226420e-01,-2.057804202966442009e-01,-3.420397453884189698e-01,-4.075959983121817398e-01,-1.898317110382209405e-01,-3.445636341829471094e-01,-2.475550577815753828e-01,-3.854485729652740167e-01,-1.820288099631143797e-01,-2.098092305308073835e-01,-4.075763227959024876e-02,-1.132748603692429051e-01,-3.003200397928753040e-01,-2.952366827225594847e-01,-2.577129245211342568e-01,-4.247573911828209647e-01,-3.380522284548545531e-01,-1.031986841485230677e-01,-3.589033284481442654e-01,-1.160084782890656030e-01,-3.428672785188907612e-01,5.753003217885805515e-02,-3.415098704819682363e-01,-1.012411851964342274e-01,-3.985493347632094313e-02,-2.962981096444586848e-01,-2.023773037026643518e-01,-8.555318461599489832e-02
-5.755426052628613842e-01,-5.352467127814953818e-01,-5.705875397328109555e-01,-3.396487958239819971e-01,-4.682057347035628592e-01,-1.307241257718798066e-01,-3.753938709183861078e-01,-3.078737992445485516e-01,-2.393724765656621567e-01,-3.758038855349863372e-01,-1.376737508773725471e-01,-1.624442185348992929e-01,1.938750067770839483e-02,-2.172023692130616024e-01,-1.156379993786265520e-01,-1.871150447530820771e-01,-1.718944173646753948e-01,-9.935930337995764472e-02,-4.324044000877934613e-01,-2.322467064841531870e-01,-3.030286276556993230e-01,-2.960328654464901010e-01,-3.341307789468133671e-01,-3.268070109674826584e-01,-2.311857259522580033e-01,-3.395805181360401215e-01,-3.654156118263641728e-01,-5.947749673476786514e-01,-4.325908276897755256e-01,-3.551720159441918434e-01,-5.253687553876944527e-01,-3.175979843699366367e-01,-2.422828307277841986e-01,-2.408398280032035543e-01,-2.226253620078213202e-01,-3.136777681486558889e-01,-1.909086214000600690e-01,-2.652642965896356841e-01,-1.766071151119782967e-01,-1.996768276025138178e-01,-4.007407277520773636e-01,-2.955274817574526369e-01,-2.200301430253305546e-01,-2.084488065183587036e-01,-3.293178152537740155e-01,-1.549734968398418788e-01,-2.114968252737497723e-01,-1.783593689142086158e-01,-2.262105114791329585e-01,-1.816439338705956308e-01,-3.934081576168632077e-01,-2.796621403032920616e-01,-1.978015632590352235e-01,-1.290337698679780154e-01,-3.353925664598634282e-01,-3.519975612022682165e-01,-1.539954890441065927e-01,-2.693830390964700450e-01,-3.192958654710918442e-01,-2.853258745247450601e-01
-6.860121462257319225e-01,-5.500159372503758970e-01,-3.882024930240000615e-01,-4.664238480848858504e-01,-4.824288849907465981e-01,-5.198529410437242593e-01,-3.192669157845074990e-01,-5.079183648240591653e-01,-3.884370717402705342e-01,-2.795504072460978651e-01,4.660404263553738491e-02,-2.357870528578304148e-01,8.376290958636627149e-02,5.076498892449259059e-02,-1.755816250296725611e-01,-8.829106527380187197e-02,-1.182297220447319358e-01,-2.111604742647938682e-01,-3.057821694628433673e-01,-3.680832307553913996e-01,-2.437111156512264121e-01,-3.954519662056656393e-01,-2.964479058452155757e-01,-3.155084060152510417e-01,-5.370953301477791042e-01,-4.130054004854117333e-01,-4.713841444052022656e-01,-5.421461474498137090e-01,-4.119234480440266966e-01,-5.199277864334965749e-01,-4.019251491950296407e-01,-4.063403215230114163e-01,-5.221525184859604485e-01,-1.641257834239150115e-01,-5.072121865072179991e-01,-3.541755351696708187e-01,-3.879464912319212644e-01,-4.994869628978459430e-01,-3.802646824009708326e-01,-1.879428545247830706e-01,-2.353288907639972671e-01,-2.177938064869587020e-01,-3.199509754475128309e-01,-1.452942025293698647e-01,-2.945157016318041276e-01,-2.249176908365339844e-01,-2.835834603697912626e-01,-2.089163984330705826e-01,-4.198211957448111376e-01,-2.749787484233258694e-01,-4.002729333831291925e-01,-3.065600181055945783e-01,-3.005192043819178149e-01,-1.433588625467031030e-01,-4.337724477061470907e-01,-3.796508719482272198e-01,-1.752868536177527858e-01,-2.624585308466676620e-02,-2.611543280528141886e-01,9.947461134415398754e-02
-5.754783972170652850e-01,-5.791330409040974514e-01,-5.275642127247036628e-01,-2.793414266110148536e-01,-5.847338939331111485e-01,-4.638476467932965974e-01,-2.654174783029181750e-01,-6.510762319743256255e-01,-2.531637336120460824e-01,6.651019434119725959e-02,-1.228383108738786006e-01,-7.219257334705719495e-03,-3.548278217043584256e-03,-2.223115842920822816e-01,-2.793203882271554916e-01,-1.618083201423559381e-01,5.091068713916077106e-03,-1.823520670271872382e-02,-2.985347042838101261e-01,-1.819507377562556150e-01,-1.272022405204909223e-01,-2.025372721183888169e-01,-4.394613119137631418e-01,-4.225584798076537640e-01,-5.984734591907335810e-01,-4.476887434720914216e-01,-4.526791451543552003e-01,-3.730138168756553241e-01,-3.371123285376909640e-01,-5.102457418582171389e-01,-2.940236295131086197e-01,-3.694124813889512193e-01,-3.884820066749735679e-01,-4.111437674044069457e-01,-3.619694692096232513e-01,-5.456050525367976967e-01,-2.939787644352330753e-01,-3.343542191340777570e-01,-4.641508817248993779e-01,-5.220135618533326971e-01,-4.098588995826778492e-01,-3.771510557020233412e-01,-4.553313874719375209e-01,-4.372688656258285622e-01,-1.425489867184478177e-01,-4.609297580887996015e-01,-2.765692800758529080e-01,-2.082111728345831247e-01,-1.397490737962151786e-01,-6.740857790042990849e-02,-1.582392321155952006e-02,-1.179455705357654594e-01,-8.145245622838419297e-02,-2.916315380388835310e-01,-3.078834007290571773e-01,-1.807896598933955989e-01,-1.438497619233480573e-01,-2.228839850602347128e-01,-7.846253476647060965e-02,-2.683011713592160508e-01
-6.161889143623882070e-01,-6.308674062560981621e-01,-5.716647086388758625e-01,-4.240131284948572277e-01,-5.473105054124054458e-01,-4.119548101814248797e-01,-5.533899927467870183e-01,-3.000545019878390063e-01,-2.720252050388768938e-01,-4.566817617161667009e-02,-4.611914337005184467e-02,-1.753299166104471396e-01,-3.460041205470000270e-01,-3.503864664123322314e-01,3.908503355792395349e-03,2.206122325556112984e-01,-2.630600643114557879e-01,-3.764048039268742818e-02,-2.040575247836888262e-01,-3.970581839877661001e-01,-1.538041164745316547e-01,-2.037930099011724117e-01,-1.099360048548195384e-01,-2.803425083392156458e-01,-1.533680678682502740e-01,-4.595591904925747095e-01,-2.959704348690678777e-01,-3.235289351981572303e-01,-4.582405255825147128e-01,-1.905245567858604994e-01,-4.923952767862272983e-01,-2.593729451605798486e-01,-3.817805294926251980e-01,-4.048058704929483054e-01,-4.993558670740231853e-01,-3.956202760849255595e-01,-4.019105324455558015e-01,-4.394668788298333184e-01,-5.225095978570947208e-01,-2.681984164411283511e-01,-3.305302921575384856e-01,-2.929632383236103754e-01,-1.801254491010037817e-01,-2.614608999767652486e-01,-2.910984788634269904e-01,-4.519272687545824452e-01,-1.776961983704951620e-01,-2.946489764909855369e-01,-2.346467134835198698e-01,-1.585842382365977854e-01,-1.798849260476844125e-01,-3.054017229300521330e-01,-3.414917254286289339e-01,-2.150075350511815309e-01,-2.551100516497036286e-01,-2.392621675134922465e-01,-1.031907176397402065e-01,-3.383314327396312327e-01,-4.262889806657717551e-01,-2.906013065081272662e-01
-4.777900997712601350e-01,-6.338455772353835949e-01,-5.341185240312801286e-01,-6.213094869132914644e-01,-5.715053479426007721e-01,-4.448462593578666469e-01,-5.728135575046890970e-01,-3.540067670838240588e-01,-2.802971476256574945e-01,-5.805141891133690502e-01,-1.242378339869570358e-01,-2.487759006324799793e-01,-2.495019582291860272e-01,-1.178034083033865920e-01,-1.933902526060399807e-01,-2.024923987226251443e-01,-7.671177644967533404e-02,-1.275885832930932773e-01,-2.131008171622825464e-01,1.544133329817431177e-01,-1.447817496672714477e-01,-2.222724731374511875e-01,-1.208160241548899283e-01,-4.594760706027756769e-01,-4.441734779177172188e-01,-2.851604170612034861e-01,-3.761182294422019678e-01,-3.757041250856891779e-01,-4.509639392108924505e-01,-4.313684504821383436e-01,-3.854739264347654126e-01,-1.500899688667009513e-01,-4.810076046872513444e-01,-8.198396230307235244e-02,-4.827617846699436277e-01,-3.505173469913958062e-01,-1.748918352134712362e-01,-4.646513766729593597e-01,-8.275599147222172103e-02,-1.857028862277406711e-01,-3.894138526404518075e-01,-5.421308563163833583e-01,-4.983863588202461226e-01,-3.692442343547733818e-01,-3.597435029651882554e-01,-4.652065622117671495e-01,-2.294891594490904574e-01,-2.952850051465896186e-01,-1.713757622527870839e-01,-2.100056239904939115e-01,-3.044986279902823778e-01,-1.799292265139163238e-01,-3.698423364187090612e-01,-4.628576124321435725e-01,-2.067038968555750811e-01,-2.731115028748430373e-01,-3.484756045835351590e-01,-3.099634305703496961e-01,-3.250487142472512914e-01,-4.778358804244666747e-01
-4.926853966033364896e-01,-6.285886864667176166e-01,-5.164841973629282768e-01,-7.035600812560398598e-01,-4.879101932614385295e-01,-3.371377814492761416e-01,-3.624243283315007891e-01,-5.281926921734971803e-01,-4.074376780213699312e-01,-3.641975759831030945e-01,-5.585940702901537325e-01,-1.105700208105228101e-02,-1.733445442200066966e-01,-3.011502890660374687e-01,-3.426615189254870186e-01,-1.560826350160458287e-01,-2.426595884625580568e-01,1.164155701208416729e-02,-5.219886062444326763e-02,9.195443911830861877e-03,2.278602310314239432e-01,-8.955495144685830800e-02,1.255075460984628188e-02,-1.374134857523861553e-01,-2.535069850160775462e-01,-1.929276122373357050e-01,-2.862827221542683653e-01,-3.211482522061225864e-01,-1.441121054917441913e-01,-3.554432954002936240e-01,-5.792998229319562542e-01,-3.006584170065201289e-01,-3.791615925483333149e-01,-4.472159275431185632e-01,-4.984798771755052371e-01,-3.577971401900066351e-01,-2.236578402028094048e-01,-5.224005399559643603e-01,-4.085148031736543506e-01,-3.404683734091416003e-01,-4.109522296993294299e-01,-3.511905338520523445e-01,-4.781239848941886139e-01,-3.321988882951860678e-01,-3.973516919863115393e-01,-4.417480869890518802e-01,-4.596261967304078322e-01,-2.255200654804585259e-01,-5.851906845113504646e-02,-1.829008358206470619e-01,-2.717392381378849198e-01,-3.363358923144857404e-01,-3.778932063344048187e-01,-2.748936717959065135e-01,-2.771762971561705369e-01,-3.029623444535996524e-01,-2.252261706805604724e-01,-3.431021316060430260e-01,-2.060098070752020005e-01,-3.547450836368343796e-01
-7.329522443591363068e-01,-5.757578170727077893e-01,-5.431289576228268690e-01,-5.824154347513397223e-01,-5.169680820209904271e-01,-5.914365359583712012e-01,-5.448731120830091479e-01,-2.882988770038537596e-01,-4.766979247375519591e-01,-2.970431947952876239e-01,-3.839811395935333604e-01,-4.394355243087459950e-01,-3.670012682809226101e-01,-3.097970109845918363e-01,8.993168513011551291e-02,-2.191523887802764581e-01,-1.744278833853479121e-02,-2.102670682959762172e-01,6.550821718209892675e-02,-2.612998362831656651e-01,-1.460977344345968654e-01,-9.635983611740846222e-02,-2.814036614094515554e-01,-8.374567410196884221e-02,-1.008259266692284606e-01,-7.173907354700391481e-02,-2.444414854083802602e-01,-2.357784114725973990e-01,-4.868390638984168017e-01,-2.582679205326957050e-01,-2.572223982974709555e-01,-2.669441384897899838e-01,-1.314616951707480164e-01,-5.238430589281970473e-01,-3.219777257057706565e-01,-4.554585626240993945e-01,-3.328526093676954511e-01,-3.209567727990254582e-01,-5.179634061992238747e-01,-5.396293755718364338e-01,-3.944356475567572518e-01,-5.015097081420293312e-01,-1.500596717847331729e-01,-3.969953759361868340e-01,-2.482670933651919820e-01,-4.106286305421639193e-01,-3.147691729586027942e-01,-3.690479331720917244e-01,-4.868837727776195723e-01,-2.063647953730592954e-01,-3.263455867495402285e-01,-1.550257533141520816e-01,-3.996360151830608554e-01,-2.743771614407762294e-01,-3.128400219719948416e-01,-3.938789230466148705e-01,-3.004412365538280394e-01,-1.879357237628698774e-01,-4.341255754336739159e-01,-3.221703319409625066e-01
-6.349748066315071826e-01,-5.244021607406320618e-01,-6.313406283742040159e-01,-5.852257930926823004e-01,-5.754599976378134141e-01,-4.124831246474680024e-01,-4.750354518822019201e-01,-4.480758145580431284e-01,-5.268268632610755287e-01,-3.879676931173770549e-01,-2.769527611217212359e-01,-3.068527539943566307e-01,-4.205940746426722332e-01,-2.965516559322193268e-01,-2.216842256288912572e-01,-1.755825869586054647e-02,-1.972453872595847646e-01,1.016147680247935642e-02,-3.248217954085703130e-01,4.874345285254651217e-02,2.125142457764325754e-01,-1.800030254818397735e-01,-1.098051244230129203e-01,-4.119506350133084194e-01,-3.127420031180621618e-01,-1.462937434162992212e-01,-2.938563111478570411e-01,-1.071192362573927387e-01,-1.798170611335078994e-01,-1.652124441970447555e-01,-1.758958243382941489e-01,-1.293742493327138809e-01,-4.269597062492145323e-01,-2.202065324893626996e-01,-5.651994420060314495e-01,-3.205920582749875458e-01,-4.442088690859302136e-01,-5.384436019566388731e-01,-4.622659862706152700e-01,-4.108415270274811126e-01,-6.138549372780840452e-01,-5.268236109509552012e-01,-5.084579569666691778e-01,-3.598113619592627765e-01,-5.123844575458811335e-01,-3.856398590123988890e-01,-4.476385789493816936e-01,-3.200296185287643813e-01,-3.652804113887112569e-01,-3.364927513419114224e-01,-3.807912310554037449e-01,-5.012543440787694538e-01,-3.131299027453778305e-01,-2.532347751542411429e-01,-1.126672270489946226e-01,-3.000134848498342000e-01,-3.900768884874860620e-01,-4.240766119309693494e-01,-3.576971847135447802e-01,-5.548478613271355941e-01
-5.811098368177722850e-01,-4.485014402015660151e-01,-6.898041683453808304e-01,-6.190704905051369611e-01,-6.076145061102952161e-01,-4.425922605653533348e-01,-4.524777743889860648e-01,-5.748290436372446299e-01,-2.453027959615459996e-01,-3.452538402689951380e-01,-4.021352842657445747e-01,-2.912555769479674428e-01,-1.670234312214828043e-01,-4.002449257216174061e-01,-2.201330477480111791e-01,-8.756346780281618059e-02,-2.563248910679972181e-01,1.769414344413748341e-01,1.336094477012717552e-01,-2.628857581471188976e-01,-1.544840678729245964e-01,-3.751692226646653056e-02,-1.537109462673898891e-02,-4.760932886388403312e-02,-1.836026087543411733e-01,-1.689333160961261349e-01,-7.536495852533973971e-02,-2.005626870525241967e-01,-1.541734822972825325e-01,-2.179252162910322310e-01,-3.154015498333372913e-01,-4.802371364283032351e-01,-4.866458453849837884e-01,-3.197188901008629625e-01,-1.840763187207713758e-01,-4.256954140939970821e-01,-4.790600219150549788e-01,-4.369365310039478034e-01,-3.620099476301394392e-01,-4.102644465060910073e-01,-3.060659070307534813e-01,-4.353847247455617242e-01,-4.974833997389518370e-01,-2.634783479350922830e-01,-4.483921805196945942e-01,-3.743650386142747810e-01,-6.378232038042140895e-01,-4.168342953891380209e-01,-3.804100582419153720e-01,-6.098843960995187219e-01,-4.164236267812851944e-01,-2.327015829970348892e-01,-2.652133452391886581e-01,-3.221259484516661997e-01,-5.823209604602794798e-01,-5.861443729881875564e-01,-5.860712921466132430e-01,-4.820784897294064786e-01,-6.074102816421030754e-02,-2.946388954150656603e-01
-6.179595174021567106e-01,-5.429415319850632304e-01,-3.661870364714257531e-01,-5.909743213767709724e-01,-5.632407017999420118e-01,-6.038152505817357962e-01,-5.881763498941819934e-01,-4.963214216095107600e-01,-4.535866674482157412e-01,-3.010127883405349092e-01,-1.611710076016178717e-01,-4.195858778281075785e-01,-3.748762916442766602e-01,-3.087350769988316257e-01,-2.279888868896469967e-01,-7.290005247829510482e-02,-1.846147264793730758e-01,-1.832674805790604489e-01,-2.015484414558642579e-01,-9.756408824520713952e-02,-1.381196452922625328e-01,2.720548421792663360e-02,-1.037471541360631966e-01,-1.088632049748411851e-01,-1.918587126712209823e-01,1.182657445133906415e-01,-7.824247391176625266e-02,-1.130176519856803119e-01,1.427510273715607569e-01,-3.737885338576654726e-02,-1.921914625945138344e-01,-4.162031851835647500e-01,-1.036610359835033468e-01,-1.397112611025839723e-01,-5.145345058207040356e-01,-2.660025856260440635e-01,-3.263516697098367558e-01,-1.735728996462072293e-01,-1.970367862613396637e-01,-3.424716813398108184e-01,-3.914453598891801112e-01,-3.592054046803425660e-01,-3.794782356069386631e-01,-3.827995135127985615e-01,-5.307661740521153471e-01,-3.086285167956795972e-01,-2.774305631094566849e-01,-2.051797742717123840e-01,-2.507654478414905741e-01,-3.748588443411005056e-01,-2.710354592813929431e-01,-5.577354490998004399e-01,-3.455407113852700385e-01,-4.147433724895422946e-01,-3.101393739095900659e-01,-4.257748059181223343e-01,-4.455860921027519628e-01,-4.107119524810328715e-01,-5.950966692782743150e-01,-1.575741695435177170e-01
-6.273001542326049895e-01,-6.120332997528584729e-01,-5.912835570600843971e-01,-6.212618931887567975e-01,-5.791978334927144756e-01,-4.543533922253628066e-01,-5.989495119725591898e-01,-4.759258258798507724e-01,-3.308631456751924826e-01,-4.790412047435405607e-01,-4.055595205710122442e-01,-3.547179754607173718e-01,-2.643234904156518406e-01,-3.289734334551102646e-01,-2.531571806911395162e-01,-7.028605737397662298e-03,-2.362452863127522396e-01,-1.918786160943637686e-01,-1.219075896646433510e-01,-1.726319838766232628e-02,-3.875372782899104696e-01,1.087512151147725648e-01,1.322719682800381213e-01,2.071491341531645491e-01,-2.364935776847499338e-01,-1.002829957773071212e-01,-6.483044832203917196e-02,-2.188427448885992554e-01,-1.501848484093097347e-01,1.969641437234032066e-01,-4.967529305221987657e-02,1.953137477993339699e-01,-2.688637082208680251e-01,-4.561380102722161212e-01,-4.827498257787113389e-01,-2.262179566482386273e-01,-4.778353201274258000e-01,-1.948626123548633238e-01,-1.241818944430572030e-01,-3.450909339154533684e-01,-4.071790998658180727e-01,-4.360623056312664114e-01,-3.126726536861486605e-01,-3.307340025995951782e-01,-4.943443677865803076e-01,-3.648944357717728848e-01,-4.564640781044274065e-01,-2.148341565816416776e-01,-5.253750628832770664e-01,-5.627702631692036439e-01,-4.461736429280341310e-01,-4.750851772800102069e-01,-4.129631967516394497e-01,-4.009926375970482293e-01,-1.983585523151148167e-01,-3.710730579113639127e-01,-5.173756117998348225e-01,-3.984133874516686546e-01,-4.833481281549533159e-01,-4.479121534750946099e-01
-6.971899881594134651e-01,-6.782099833148210744e-01,-6.711112245747131722e-01,-5.373677678820925063e-01,-6.917158089991681802e-01,-7.438425208880031780e-01,-6.022341124139123369e-01,-5.022947368808209356e-01,-6.487556334205361042e-01,-4.121134326560091932e-01,-4.275121370032456958e-01,-3.807581969979801362e-01,-4.718959866494621402e-01,-4.007509445447346441e-01,-3.262809643292783335e-01,-1.799547865091216114e-01,-3.395159444928914083e-01,-1.704480473950594488e-01,2.352392646238338561e-02,-1.122343579176761919e-01,-3.576030156989151720e-01,-1.534662281511793569e-01,-2.044161655515749354e-01,-1.155575161470944051e-01,-1.734570414387983373e-01,1.840163224921435858e-01,-2.827569624846183044e-02,-2.232122989544358671e-01,-1.710573993296366502e-01,1.949750273828921784e-02,-8.055201925361618609e-02,4.528397818570865929e-02,-7.556122915579503718e-02,-1.501436274240925683e-01,-7.108018086938852620e-02,-1.551781968056392680e-01,-3.289302631648166608e-01,-2.317006141892974103e-01,-2.515855992140272890e-01,-2.826362043814756864e-01,-3.398069028905795208e-01,-4.704645036695028759e-01,-4.912223356237123695e-01,-4.052183078219770973e-01,-4.099006798871797086e-01,-4.325679708893847564e-01,-4.347813582718091374e-01,-3.101074227364287728e-01,-3.818944596226207522e-01,-3.720310350508038710e-01,-3.127777460286114697e-01,-1.511435292130426933e-01,-4.849503022658946394e-01,-5.195724634294099920e-01,-3.013731022997304665e-01,-3.957943547688223540e-01,2.200252167317340356e-04,-3.253200688351033931e-01,-3.236173835379684838e-01,-4.924516871352813685e-01
-6.351229939969228466e-01,-5.101706792093643195e-01,-6.726110121291387633e-01,-6.192849179098252055e-01,-5.396374037099586074e-01,-5.529709374942950451e-01,-7.327705843986843659e-01,-5.461417292191138584e-01,-4.820927475530876749e-01,-4.313358225623946107e-01,-4.094476748858491555e-01,-4.336581045316922345e-01,-4.419942790896349005e-01,-2.856197207160439677e-01,-6.118571106879350935e-02,-3.530265886027107725e-02,-3.701736412165589352e-01,5.216286331110284863e-02,-3.159243691759844874e-01,-3.487721616523394852e-01,8.515212281612401235e-02,4.509063720247993151e-02,-8.722100753715249233e-02,-7.276543720862771458e-02,-2.946520122057630364e-01,-2.013190162343732881e-01,-1.555091459820976130e-01,-5.026159191387419983e-02,-2.382812248437842506e-01,-2.966299130462395350e-01,-1.866071088929957267e-01,-1.843380451419896759e-01,-1.680483245759602784e-01,-5.853805649277444428e-02,4.177579331954528463e-02,-2.263502510838702464e-01,4.307057944696787710e-02,-4.696125170077423694e-01,-3.803307028956530167e-01,-3.360761859010446551e-01,-4.311834727378662246e-01,-4.992834124779771954e-01,-3.444659155110248450e-01,-3.687851389626584653e-01,-4.954519125169308258e-01,-2.485924615663331616e-01,-3.771401975573495102e-01,-3.491655856654590773e-01,-5.243210783393481567e-01,-3.378884316727442938e-01,-1.354344243521173330e-01,-6.236171813233032379e-01,-5.058277014016879791e-01,-3.402174782517253804e-01,-3.871563264590063835e-01,-4.830859479068161377e-01,-3.659720333220736754e-01,-5.159309404262867327e-01,-3.215459897745198692e-01,-3.835419732231736822e-01
-6.744324854749652598e-01,-6.009580113142878321e-01,-6.133808305896468749e-01,-5.157326801735866439e-01,-6.016613013952805122e-01,-4.650521561395387082e-01,-5.471377809419044613e-01,-5.778588826955478597e-01,-5.019535168336939357e-01,-5.872446330093761269e-01,-3.521401725945230710e-01,-4.634530035482109511e-01,-4.876284274863103563e-01,-4.230040306669276551e-01,-4.638910903278828379e-01,-5.483481520970404643e-01,-2.062080707544770575e-01,-4.227004188515184890e-01,-2.661599095414192706e-01,-1.962595367799198354e-01,-1.718049358512308833e-01,-1.847425909637910868e-01,-9.279569206170018569e-02,1.971312751713392292e-02,-1.946351458620570185e-01,-1.994469564502185654e-01,-1.312447664301065742e-01,-5.904545764686421061e-02,4.520163144680651446e-02,-2.042686052797701435e-01,-1.771691210340477496e-01,-1.746227205674891550e-02,3.238647695521783970e-02,-2.129041981284466034e-01,-7.182580106596089808e-02,3.883587394131931408e-02,-3.683117128652902555e-02,-4.093677500347892573e-01,-2.827998509483189982e-01,-2.227752461495559333e-01,-3.726503653856915732e-01,-4.777255886721559763e-01,-4.435549396134272349e-01,-3.102785667010218296e-01,-4.864585376412443041e-01,-4.585104619105946910e-01,-1.248478404023388999e-01,-3.398143528841532368e-01,-5.429298280893137818e-01,-5.009649176252701785e-01,-6.377881481867340163e-01,-2.137314138979258538e-01,-4.803270740016668539e-01,-5.403116688582618732e-01,-2.665161839635222241e-01,-4.969647806751912311e-01,-2.775691314779836216e-01,-4.097904935842034968e-01,-5.581629867546541446e-01,-3.709234663097059070e-01
-6.693071272166429830e-01,-5.769065642436300712e-01,-4.443990580832392623e-01,-6.090019462879415757e-01,-5.807673526524880225e-01,-5.329209907093519494e-01,-5.673706069624357973e-01,-5.010667112774248588e-01,-2.664367460342653149e-01,-5.414177931428143520e-01,-3.367756967328539019e-01,-4.503596265129460319e-01,-5.429513907319917232e-01,-4.806296939878468844e-01,-2.916257815359955541e-01,-2.677107189247244778e-01,-4.842943565529839178e-01,-2.107434234519633132e-01,-2.899539059709183575e-01,-2.919205086670936256e-01,1.479987661312497788e-02,-3.180898998004829115e-01,-4.040764284603866607e-01,-4.524122885629667246e-01,5.357921510064282689e-02,-1.474655238434556814e-01,-2.558136461469572298e-01,-4.216882460641104696e-02,-1.665270460725179480e-01,-4.161855843670545646e-02,2.434480383754500377e-02,2.504912362057355388e-02,-1.163814196849772414e-01,-8.866058558004194512e-02,-2.960231885730382206e-01,-7.213314710818629835e-03,-1.997146787001078672e-01,-1.039854513946767561e-01,-3.970081333134224399e-01,-2.866956447713116529e-01,-4.140803759384820704e-01,-3.089194329836651431e-01,-2.703946072476934304e-01,-3.482180532668263107e-01,-3.824448468510113774e-01,-3.695162093239249823e-01,-4.248446219208462660e-01,-4.160702320181223213e-01,-2.528548315794688639e-01,-3.121831176783949058e-01,-2.629455990221020723e-01,-3.304581132192894732e-01,-5.696190019946278937e-01,-3.829275458067540883e-01,-4.111649623160396061e-01,-4.629235619512999111e-01,-4.280885190063498658e-01,-3.838721922112852680e-01,-2.914963203112896362e-01,-4.527447751597231118e-01
-6.385340168385416071e-01,-6.791767928743477345e-01,-6.094017622882806906e-01,-5.637589762878595367e-01,-5.239456194278437895e-01,-5.485840605329859176e-01,-6.598853609974384415e-01,-4.304655219003742372e-01,-6.436029124226487763e-01,-5.713984365340352145e-01,-5.073892197714862107e-01,-6.619971157312214416e-01,-5.485402288850210750e-01,-6.418272003612685017e-01,-4.426396947562477036e-01,-3.542137939693860149e-01,-4.077511149308116756e-01,-2.043105048594081041e-01,-3.520489028561351597e-01,-3.293453506414751875e-01,-1.275517399706551092e-01,-2.691770539715632182e-01,-5.471242815925762143e-02,-1.450207508328116568e-01,-8.923655715709974401e-02,-2.116761148032947903e-01,-5.481195227382897051e-02,4.827286961685117728e-02,-2.176555765076799986e-01,-6.298860306182697995e-03,-1.927806352363967135e-01,-1.084675127996111016e-01,1.506515006825791606e-02,-7.909219666561990991e-02,-3.147550309475188324e-01,-2.661642889949024648e-01,-3.776347562537143432e-01,1.128170852713739070e-01,5.087517531927567699e-02,3.470273136655951159e-03,-4.369964819121841676e-02,-3.817211997564979309e-01,-1.558639518391528311e-01,-1.878031842726894385e-01,-3.118434321802863729e-01,-2.539941605149129145e-01,-4.235840372179003332e-01,-5.737439766251137829e-01,-5.325282660591860173e-01,-5.415008646888744837e-01,-2.530247831072057751e-01,-3.125034372437043850e-01,-4.890220021588999599e-01,-5.440561638081112816e-01,-5.317367657511434809e-01,-3.667666062204029132e-01,-2.660333955149223883e-01,-4.715279570134959242e-01,-4.613490721838656716e-01,-3.155220228251485737e-01
-6.798828295634721242e-01,-6.188725139528451491e-01,-6.008749754963598200e-01,-6.730545748758720581e-01,-7.295916247372563612e-01,-5.390727858764078340e-01,-4.996176128585506637e-01,-5.029404011624363235e-01,-5.140977825414949631e-01,-4.755506103188241185e-01,-3.939957950544980547e-01,-5.548641906134077484e-01,-4.804782911089777175e-01,-3.239395411770610855e-01,-3.557401740749334129e-01,-4.682847894415594903e-01,-3.453868258664262725e-01,-5.440964850153036103e-01,-2.819759130992198215e-01,-3.076321726009987809e-02,-1.754018504465718054e-01,-3.690772840878716599e-01,-1.604522122895725711e-01,-5.683032506302266446e-02,-1.717631176696768902e-01,-1.136195086746233096e-01,-2.945685353649099558e-01,-1.370744309790913606e-01,-1.880483067558482990e-01,-2.733109571661003212e-01,4.040351164017014912e-02,7.748215828178520170e-02,3.343532980700458096e-02,9.025007414341279857e-03,-1.997629275603277632e-01,-1.028933245354581444e-01,-1.542516261361971119e-01,5.625013479490466317e-02,-8.369777225865128456e-02,-4.110617519332983028e-01,-2.670433766292257816e-01,-1.323498852815100379e-01,-1.912323607160432148e-01,-1.961341088210255268e-01,-2.450253170959974802e-01,-3.357412259205129756e-01,-2.636195713932041884e-01,-4.252995376120676241e-01,-3.440445320415392305e-01,-4.605695234330798860e-01,-3.501835461531142002e-01,-2.712660445028367007e-01,-3.885928636130093761e-01,-3.194817273091604126e-01,-4.735969993339235184e-01,-1.841821357962813432e-01,-2.794295141444575470e-01,-4.171906233503558936e-01,-4.418322909507322871e-01,-6.086613996060160625e-01
-6.327652448314045053e-01,-6.051630718694436251e-01,-6.561817593309107188e-01,-5.738523274732603152e-01,-5.868631841152154305e-01,-5.763679860619677076e-01,-7.052570777996153284e-01,-6.812731498182813539e-01,-5.318810127288480238e-01,-5.198048772782460913e-01,-3.550870844139156213e-01,-6.194309578881971312e-01,-4.898893239789078313e-01,-3.760388931731302731e-01,-2.634582173178478537e-01,-4.379528113697004899e-01,-4.531819382919279326e-01,-3.415814408722979700e-01,-4.337338327267968308e-01,-1.574285285727029526e-01,-2.084713077050638630e-01,-3.086249933400728174e-01,-3.789682311052914709e-03,-3.739744159792970368e-01,-8.370913542353364267e-03,-1.563574189722994889e-01,-2.350613283525679054e-01,-2.619365333756166203e-01,-1.872749988778438790e-01,-4.934802182332938963e-02,-2.680791167921685036e-01,-4.163368301720372922e-02,-6.954416975888363939e-02,-1.683496744159622971e-01,-1.299955589885600782e-01,-8.295310043736907335e-02,-1.089174998928722077e-01,6.434806584529352558e-02,-1.247911654842354459e-02,-5.405004206059464689e-02,-2.065996856240574497e-01,-1.176629613236269967e-01,-5.193215643144108440e-02,-3.011832142694620060e-02,-1.503281318305183245e-01,-9.979775114170129358e-02,-3.385585538776008652e-01,-3.064313938028736528e-01,-4.411658354323135245e-01,-2.603972218102753589e-01,-2.978916996589003330e-01,-4.011053229259978203e-01,-3.365503251388657358e-01,-4.465057098825934156e-01,-3.830799690489819498e-01,-3.558905237842733271e-01,-3.124245890667090575e-01,-5.256785953080950202e-01,-3.813589372611090322e-01,-6.116589823774261081e-01
-5.479968608424742316e-01,-6.645027529227329754e-01,-5.499005030558535845e-01,-5.541645251178649589e-01,-5.386779172206572763e-01,-5.920604402485777351e-01,-5.044728654801858836e-01,-5.339905071210080401e-01,-4.646336207634522153e-01,-4.486729892013509580e-01,-4.856459349098294354e-01,-3.538586062371633090e-01,-6.398908943789570758e-01,-3.653546974890357624e-01,-3.422826811156641225e-01,-4.755319080554004096e-01,-4.074907677341340073e-01,-2.304599169133940140e-01,-5.151399748641816156e-01,-2.789798548921514909e-01,1.360690752870322325e-02,-1.774016266938834019e-01,-1.967824779862921702e-01,-2.854598331242360065e-01,-1.045069661420934687e-01,9.992307339840045266e-02,-2.224377835181085561e-01,-1.636741507769907955e-01,1.805618865912021476e-01,-1.742404835060642754e-01,1.682344682301612285e-02,-2.885049090561316865e-01,-9.701171119339244142e-02,-3.986659019714085261e-02,-2.270484286114090866e-01,-4.653565389701704025e-02,-1.463445223372160375e-01,-1.547232024276575801e-01,-4.333171789865750828e-02,2.485135558783116774e-02,-1.222612474470776284e-01,-9.250286886290354227e-02,-2.352983240044939639e-01,-1.052060615008743177e-01,-1.918785839791915249e-01,-3.268419781570522376e-02,-2.273069840816174803e-01,-1.363656310413597639e-01,-3.607007924132548116e-01,-1.609250167687247823e-01,-3.937356390836048159e-01,-2.152907909814488208e-01,-3.573290471517874267e-01,-3.994556445367230535e-01,-5.336826394076867874e-01,-6.683268632412237009e-01,-4.405157376850248330e-01,-1.959974269802983726e-01,-2.538890623368364463e-01,-4.254614057472160815e-01
-5.748645116844015579e-01,-5.202544285945351898e-01,-6.013794777112150269e-01,-6.947311171873550295e-01,-5.534163658841303457e-01,-4.816033947343785759e-01,-5.375820545596464717e-01,-5.575018777757787536e-01,-7.256124621054815815e-01,-5.684305598120439340e-01,-4.306026632394119869e-01,-4.914312031139204673e-01,-6.115716067166256931e-01,-4.435628137781619240e-01,-3.408192562687416549e-01,-6.909207087185190721e-01,-6.026754674730768757e-01,-2.845910396202992465e-01,-5.257183787440460332e-01,-4.279400941525511870e-01,-2.174550917696738694e-01,-3.651067828852729846e-01,-4.914370945857848838e-01,-2.765854099197821991e-01,-1.908437324579876915e-01,-2.391482290701174018e-01,-1.889889495045462553e-01,-1.113727702628936334e-01,6.870979938862695202e-02,-1.915225899879109961e-01,-1.949478674381009691e-01,-1.353584983138051423e-01,-2.051853841817634916e-01,5.731587864590678705e-02,-1.073823861019598119e-01,3.138976259567110572e-01,-2.205269674439169214e-01,-2.025876468446360934e-01,-9.672330813691980278e-02,-1.548860112232892106e-01,-2.636592605796807542e-01,3.112480068476672010e-02,-2.578022633743982106e-01,2.053964663741451591e-01,-1.991222011071998588e-01,-3.064570159293638074e-01,-1.396018869634439719e-01,4.397841358961903507e-02,-2.847263069080924192e-01,-3.217399193458695961e-01,-3.247013140401723841e-01,-2.772105490022011565e-01,-3.365886397488295212e-01,-4.126876913659437429e-01,-5.419903252315357856e-01,-2.126647982049050534e-01,-3.292365473716382107e-01,-2.947040522899299630e-01,-5.192325347093932342e-01,-5.203869129401121896e-01
-5.829714647358594792e-01,-6.042965061935975379e-01,-7.094502302516422221e-01,-6.406477843514070125e-01,-5.109665485399605966e-01,-4.694429987627953826e-01,-5.085313556987184347e-01,-5.856448960432556472e-01,-6.664439562475915624e-01,-5.742357612416179036e-01,-4.577808510124848906e-01,-5.573393850252721382e-01,-5.587553242724000446e-01,-5.715577878189523897e-01,-5.585703327161261056e-01,-4.239156226811186534e-01,-2.689700233933527418e-01,-5.177526049770091454e-01,-5.280919991474102293e-01,-4.488134767811629566e-01,-1.591988136133104803e-01,-4.143071121877828222e-01,-2.672119311453222679e-01,-1.186723567258155115e-01,-6.474675632867521458e-02,-2.889548940115026499e-01,-2.193974330921616145e-01,1.308446967976172048e-01,-1.120378204244921461e-01,-8.849943894169358394e-02,-6.834394751029511383e-02,-3.223540819655689726e-01,8.749790304717554486e-04,-3.444995320104520808e-01,-1.916881814487999824e-01,-1.786005649354066027e-01,-8.530244490629591836e-02,9.265306209111226488e-02,-2.832928307701713666e-01,-8.084562865897756967e-02,2.123226516068016934e-01,-6.541024602073368388e-02,-8.638252647078431545e-02,-2.088150013896021007e-01,-4.255309925309443131e-02,-2.572597264340882872e-01,-2.100726392549745747e-01,-1.467841892947411297e-01,-1.528842471988198781e-01,-1.682224409658115150e-01,-3.327279157466020987e-01,-3.775895151861021204e-01,-2.597449685982943790e-01,-2.634563332236282140e-01,-4.280403195977723896e-01,-3.519626250606056606e-01,-4.458230356342051115e-01,-4.121706728794294894e-01,-2.428822364876625228e-01,-4.757027920031304258e-01
-6.323954992169029676e-01,-6.673321686861467539e-01,-5.231521233669889082e-01,-5.304767057226672522e-01,-6.529182742165209330e-01,-5.682860476033647634e-01,-4.058610598161018768e-01,-6.714341917952324490e-01,-7.092936629113797409e-01,-3.419331855133655451e-01,-5.439199086350557932e-01,-5.381811675280957497e-01,-4.486489194399225222e-01,-2.903858670738951320e-01,-5.477178347747203579e-01,-3.337675654461842445e-01,-3.289883198643500650e-01,-2.448172493810946426e-01,-3.991544947696416545e-01,-3.402588430194740110e-01,-4.033327452725308238e-01,-4.244010656907241663e-01,-4.130538456753665710e-01,-4.983540860209519363e-01,-2.682582637995670760e-01,-2.882746869166838422e-01,-6.945366018427460986e-02,-1.667876845847151290e-01,-1.571000693823173811e-01,-2.953543253042062999e-01,-4.554729834659739240e-01,-2.856394966577568417e-01,-1.205256361495851275e-01,-1.414528654381521922e-01,-1.992446423743720607e-01,-4.216399141125525829e-01,4.190260260745008736e-02,-1.029816008602349175e-01,-1.647681544912894813e-01,-9.733553363059045671e-02,-2.497343768057319335e-01,-3.655211035618934345e-01,-1.346313094909205033e-01,-6.125006313322769319e-02,-2.834891394905228457e-01,8.923078627474746727e-02,-2.722567808543238654e-01,-8.470170544180639915e-02,-5.046315023355490287e-02,-3.362794693102068022e-01,-1.450193623503265583e-01,-8.076787048319238049e-02,-3.553704191767748100e-01,-2.587433173180772594e-01,-1.612063025610035727e-01,-2.072258389018441782e-01,-1.511682580718389513e-01,-4.435472411632118694e-01,-4.561651096597181265e-01,-3.777737319325505938e-01
-5.672229234106299645e-01,-4.495027179407311002e-01,-6.472820039115763091e-01,-6.836850183504520340e-01,-5.762178990938470191e-01,-7.153524152693567784e-01,-6.120427312897815941e-01,-6.930741695721123197e-01,-5.505743833013911903e-01,-4.685787850581590308e-01,-4.611758302408693888e-01,-4.075219266993815870e-01,-3.811476911545774171e-01,-7.037704749378635993e-01,-5.245283213796646526e-01,-4.947813553123047714e-01,-5.590232772662815375e-01,-6.171091993311100810e-01,-3.464389483676755810e-01,-5.011008722418131001e-01,-2.830897415545602924e-01,-4.060157543600135255e-01,-2.898133052614451088e-01,-3.119801190674894031e-01,-3.146331333083662307e-01,-3.013344258667849940e-01,-2.516619705046628241e-01,-1.112495378846700689e-01,-2.765039925157660172e-01,-1.051625132430248494e-01,-9.733522924072370019e-02,-5.892216694770045782e-02,-2.402084718430465005e-01,-2.176391214788789830e-01,-2.460874961241731051e-02,-2.115603786305166045e-02,2.797268809789884084e-02,-9.872961733789391292e-02,1.398373109119253411e-03,-2.727589963114095406e-01,-3.300379357887747722e-01,-1.387014390147474074e-01,1.410431466498890743e-02,1.146004153894023131e-01,6.768385201125791395e-02,-6.479845110107938788e-02,-1.855255407097398390e-01,-1.110341116265442102e-01,-3.631175639287173018e-01,6.344686688142782416e-02,-2.502084882179983830e-02,-1.818971283112277293e-01,-3.936959304581979374e-02,-2.079688355854403536e-01,-3.245088801022846803e-01,-2.795793606612331783e-01,-3.673102961457542781e-01,-2.784827815658117434e-01,-2.458820623875155320e-01,-4.542442592774836307e-01
-6.136618929591346472e-01,-5.993599798739903672e-01,-5.924772764957013660e-01,-5.742021514334818555e-01,-6.338746439688290879e-01,-5.948665833914846823e-01,-5.680121405773199683e-01,-4.118158457849586118e-01,-4.333625234902870327e-01,-5.550758800064553578e-01,-6.270747644615215499e-01,-5.633727183917101033e-01,-5.457477864313163840e-01,-4.781052740114432043e-01,-5.098543261407074700e-01,-4.301882444213329104e-01,-5.159606546065587107e-01,-4.257235921428660363e-01,-2.439262720403575779e-01,-3.526146762187636341e-01,-4.405811534464296741e-01,-3.359986027585104007e-01,-3.419078673086516917e-01,-5.727289584516375570e-02,-9.478601148094334405e-02,-4.749365687751586629e-01,-2.020667836501591763e-01,-3.075243651601645700e-01,-2.132463025959681069e-01,-1.306306063445508703e-01,-2.429705433924040925e-01,-3.020380502751038865e-01,-8.211816242367424301e-02,-7.256267276276988365e-02,-4.542762744572158284e-02,-8.600557220477939024e-02,-1.443701008755066684e-01,-1.036667895585933856e-02,-2.399136646980667698e-01,5.881678656777944436e-02,-1.336893761469416242e-01,-1.113301697334943136e-01,4.649266504163544061e-02,-1.104942266897991285e-02,-1.026664391207480903e-01,7.842200428575797633e-02,-1.081837345028142799e-01,-3.981199783291551608e-02,-1.499872082874064427e-01,-2.011925494481906496e-01,-3.863833564999285541e-01,-3.871482142203909460e-02,-1.301081215826090376e-01,-2.278093213087129254e-01,-1.688516569821005564e-01,-2.351024582433283439e-01,2.137904780489184586e-02,-3.743166846021865335e-01,-4.605262037556748234e-01,-4.094523250802762360e-01
-5.769361784371953572e-01,-6.875267043237230924e-01,-5.823790128963500790e-01,-6.279007648430360300e-01,-7.231417890583811126e-01,-5.895676956435724758e-01,-6.675878019468031166e-01,-4.731872506371276876e-01,-6.781858503494374579e-01,-6.651137529597483944e-01,-4.590681054199109989e-01,-5.708690157980600421e-01,-4.567690908345579670e-01,-3.907710159045893472e-01,-4.400849674021112268e-01,-4.689757708191477636e-01,-3.508115749432065278e-01,-3.653511262447828867e-01,-3.765852564258646007e-01,-4.656275455256439488e-01,-4.411604212610729103e-01,-2.235464447981950487e-01,-4.453517767921743586e-01,-2.787181220337788812e-01,-3.684366091886308037e-01,-4.666402459381710499e-01,-1.631326605168375576e-01,-2.631913362827533742e-01,-1.798686076468372919e-01,3.444689962121529753e-02,-2.648772381983541813e-01,-2.280108418316798280e-01,2.702457997676696241e-02,-3.395739230742663706e-01,-3.711918274198973671e-03,-4.142907322813652038e-02,-2.767011413165797462e-01,1.513803467673371927e-01,-1.386157108094366874e-01,-2.254218584218433408e-01,2.601054721001109724e-03,-2.702855361637391263e-01,-6.259499426270219435e-02,-3.161450723526580964e-01,-2.407164961683430360e-01,-1.275307615774927128e-01,-1.638718488550168217e-01,-1.982357373518226773e-01,-1.499953809387967463e-01,-3.248091433908456560e-02,-6.341747632316351024e-02,-9.178241759578034675e-02,-1.520813210242274727e-01,-8.297035426954833814e-02,-8.750742774223643772e-02,5.637628163370612261e-02,-6.080928421180895743e-02,-4.580834982056139482e-01,-1.991282692237909269e-01,-3.671559119004080829e-01
-6.124781669662738848e-01,-5.442055333267608042e-01,-6.902491329820201749e-01,-6.635153140749622258e-01,-6.224463409785265799e-01,-6.126878861054095848e-01,-5.111049380417281851e-01,-4.523382740769558152e-01,-4.924508985678534567e-01,-6.108659053159349872e-01,-5.600710364946970277e-01,-5.610490916095979275e-01,-5.824178926260329403e-01,-4.602280855947551430e-01,-7.367415557194995079e-01,-5.279753514580153295e-01,-4.744194329469581528e-01,-4.826282763964206413e-01,-5.796255310365174829e-01,-4.875641783497360882e-01,-4.364449296181620586e-01,-5.216463123054071449e-01,-3.522981276814569074e-01,-3.220424049731425709e-01,-3.220182094883836110e-01,-4.598480548773986598e-01,-1.769187992863646142e-01,-4.170251297851194638e-01,-3.053977756514379971e-01,-2.581860976512675432e-01,-5.349032003322020667e-01,-3.141015230228101363e-01,-1.662819845653453754e-01,-1.080581738725133328e-01,-3.622238015509821052e-01,-1.213479414245539206e-01,2.492491301164205808e-01,8.076881065950095376e-03,-1.272291199663476979e-01,3.693625670475463030e-02,7.204900853255710724e-02,-3.121238730171501663e-01,2.821193088552587103e-02,-4.539971111242655649e-02,-3.343494061465921985e-01,-4.782875582588670682e-02,1.300278973938769622e-01,5.796443539999284952e-03,-1.617649295955166378e-01,-1.453891851050229389e-01,2.288490078294669328e-02,-4.091811402289127070e-02,-3.826439464540241919e-02,3.834862231727395598e-02,2.112436743915718507e-01,-3.558631728989193888e-01,-1.005125813475078872e-01,-1.303591047788301427e-01,-1.220065107188735981e-01,-4.662237761507016520e-01
-5.615300821428541589e-01,-6.059536365116261480e-01,-5.063447237437203041e-01,-5.608048838991624985e-01,-5.026603759159889995e-01,-5.119956207382869717e-01,-3.714970813323581478e-01,-5.314499224642624808e-01,-6.146064523965234505e-01,-5.200830708337732533e-01,-4.537127101512751226e-01,-4.351215668445727602e-01,-4.549254843141981031e-01,-5.271594785733483279e-01,-2.940559240469525770e-01,-6.938803626677628733e-01,-3.774543163165439141e-01,-5.753519386827082860e-01,-1.891632595535441552e-01,-2.614276028946281305e-01,-6.083518525455237080e-01,-3.354162194467226188e-01,-2.663180275493911564e-01,-1.434627781240136457e-01,-4.193950456752774669e-01,-3.613713853865808678e-01,-4.274409838135627138e-01,-2.618770484664342812e-01,-4.617867902014400477e-02,-2.338929987508439889e-01,-3.724154457373770599e-01,-1.321480189537887762e-01,1.177605867697288228e-01,3.500266449673723052e-02,-1.020031233994053571e-01,-3.041361651818947839e-02,-1.699864426659592198e-01,-3.414926078255887260e-02,9.684916291414603917e-02,-1.169926080867991595e-02,1.602651060316214182e-01,-1.720155577776018019e-01,4.280168745290378191e-02,-2.486337564962056990e-01,-2.442554785025242425e-01,2.341612231949346395e-02,-1.070644066514979537e-01,-2.872640575417685915e-01,-1.706091942102122838e-01,5.036881430709848340e-02,1.169119175748371958e-01,1.010656388658972560e-01,-1.447575181156998680e-01,2.264474490784352811e-01,-1.212856628553713595e-01,-1.763058401473026615e-01,1.088905676720117004e-02,-2.591343346563639294e-01,-9.298086666487967444e-02,-1.642626748168150852e-01
-6.039744201581489502e-01,-6.016808113341998165e-01,-6.533786974705236839e-01,-6.021543216293204770e-01,-6.391365521403478134e-01,-4.759952415402337045e-01,-5.145159906728558052e-01,-6.756054656901692157e-01,-4.328703963422214640e-01,-5.498721823084388172e-01,-5.689917690939031436e-01,-5.930574831853024920e-01,-5.338640627198285582e-01,-4.501538292777892969e-01,-2.811983285748107519e-01,-5.151376563398241126e-01,-5.298490273242185689e-01,-2.999332018856476489e-01,-2.821547291837911975e-01,-5.295424339458014718e-01,-2.810881640291523764e-01,-5.179530513145569337e-01,-4.612973751445711978e-01,-5.130530750412288787e-01,-4.252935698844649282e-01,-2.695630888849380735e-01,-2.748481158044803752e-01,-1.584707276849387780e-01,-2.190722860189051047e-01,-1.899556926531267009e-01,-5.157117043279677571e-01,-2.381144401085426299e-01,-3.507366307608533740e-01,-2.824714531036930376e-01,-3.365607210646407443e-01,6.577902010225983309e-02,-1.429818719832863516e-01,-1.792304030566485018e-01,-1.495176285902455604e-01,-3.455084658656962238e-02,-2.060904027566133334e-01,-3.153937588302729855e-01,-6.207635267562199716e-02,1.991207332893996790e-02,-1.039754764258064568e-01,8.355053399797726654e-02,6.987376702983499888e-02,-1.579240449231743282e-01,7.358081671430238835e-02,-1.098307381221613893e-01,5.740754673991490392e-02,1.251362714008896482e-01,-5.937092046029241593e-02,-2.176474395650837834e-01,1.151827861277421039e-01,1.863947680112620214e-02,-8.227014816434732869e-02,-3.727135206457686256e-01,-2.131303202330768476e-01,-2.199022355089396419e-01
-5.728116120601622896e-01,-6.754988042375035251e-01,-7.129252154896518201e-01,-5.331448690641734656e-01,-5.063518723386654097e-01,-5.044606570544492019e-01,-4.119452823435050814e-01,-5.840605522229171953e-01,-6.318274797845278012e-01,-4.391511954682877916e-01,-6.523608524792507968e-01,-6.757527843071556850e-01,-4.950055092608950380e-01,-5.285161313012752826e-01,-6.237557615609183870e-01,-4.355351731792981296e-01,-5.859083253952781511e-01,-4.960526395805744948e-01,-4.751409911205368153e-01,-3.797106124855327836e-01,-2.714314136360048146e-01,-4.153654026829649015e-01,-4.407916464028164838e-01,-4.780296132517471985e-01,-4.091892579439155297e-01,-3.206659717023396805e-01,-3.391769226235498147e-01,-4.169011364777277517e-01,-4.202232814231390279e-01,-1.901302325950509839e-02,-2.222997702157935851e-01,-3.375788835596978121e-02,-3.953436111815056275e-01,-2.241741858117526076e-01,-2.614651319428665244e-01,-3.189938864733594254e-02,-2.906140545660798602e-01,-1.967803931231897618e-01,-1.578543240759272270e-01,-3.829620062679269660e-02,2.166627896163717260e-01,-9.267986899742067242e-02,6.548048447042249809e-02,-1.686718370208754036e-01,-1.860145442706661045e-01,-3.618036129582914429e-01,-2.417075939460481271e-01,-1.305338484783164776e-01,-1.650955029546073011e-02,1.564208274436306167e-01,-4.369247903707396824e-02,-7.547357896857558035e-02,-8.162861477347431102e-03,4.643065991845069657e-02,-2.050467101150520999e-01,-9.032693606660731345e-02,-1.976341601407048676e-01,-2.415273877823518600e-01,-3.008931211764426239e-01,-2.106994047685778193e-01
-6.447505843969870698e-01,-6.328721785423305768e-01,-5.152508905604532563e-01,-6.796171230474082892e-01,-6.525200568597889772e-01,-6.873486405403289590e-01,-5.490092781350457418e-01,-4.499030560202721407e-01,-6.063037831594093596e-01,-7.070923508072901598e-01,-5.813592046782403155e-01,-5.918715165369625719e-01,-5.151376456599089382e-01,-5.429071023991804967e-01,-6.738130206288860391e-01,-4.776984214239380355e-01,-5.737095326724438449e-01,-3.023822888520489305e-01,-3.978442671735689107e-01,-5.322294722271063705e-01,-2.497656944012519031e-01,-4.846540109329157131e-01,-4.210173488904175865e-01,-4.303354184900577417e-01,-3.666742220231478111e-01,-3.252441751575600448e-01,-3.393535784821873347e-01,-1.410016402540814340e-01,-1.643261499318789398e-01,-1.535837034663093403e-01,-3.482403147237858598e-01,-3.325799630592522482e-01,-1.389747651616989876e-01,-1.465432435516532961e-01,-2.414864197946826052e-01,-3.702551404298867199e-01,-2.034325236783155466e-01,-1.920636655057711140e-01,-7.594556328433599290e-02,-2.363294418427273058e-01,1.715891024199442047e-02,-2.042156524795094297e-01,8.960256142597446127e-02,2.727552192919114812e-02,6.276116829393115805e-03,-5.086355375113590926e-02,1.947313798240599414e-01,-2.598277439461707528e-01,-1.326101594402218919e-01,-1.099536677672105084e-01,3.715839345925345816e-01,-8.042386297519360516e-02,-2.697036948453933047e-01,-1.419997982224932287e-01,-2.066195991804478382e-01,-5.057520573211390924e-02,3.149776596146167118e-02,-6.890396246746784137e-02,-1.067418799249093136e-01,-6.733410062464303958e-02
-6.199402325310656714e-01,-6.197257905771151876e-01,-6.862553328345657455e-01,-5.961524848404773369e-01,-6.145764975477706615e-01,-6.898199716524473502e-01,-6.000712683047705331e-01,-5.607711276062723460e-01,-6.233969509431626088e-01,-5.683370532639707706e-01,-4.620101704344985460e-01,-6.290232942158168195e-01,-5.604831822151370435e-01,-5.459064303357870074e-01,-2.837573823675162976e-01,-6.016738681171418524e-01,-5.954903895650252021e-01,-4.557217334951175203e-01,-4.505045047984615469e-01,-6.167327399553663714e-01,-4.556659201499784206e-01,-2.707426284704104735e-01,-3.638892288685978138e-01,-4.385815935394740683e-01,-2.501859399375200299e-01,-3.164704911293279577e-01,-5.770863411279847366e-01,-3.405751483135764368e-01,-4.187276679541333535e-01,-4.535851355962107201e-01,-3.986941103725867852e-01,-1.101360555325082841e-01,2.330703354789161186e-02,1.454472609517581116e-01,-1.070840568579538993e-01,-3.085344080800072053e-01,-4.168764541341961061e-01,-2.220806565774701147e-01,-3.195693218286507764e-01,-4.148226996982881110e-01,-9.991793666698693677e-02,2.542369134231892147e-02,-3.602774556906277459e-01,-9.346320238247924836e-03,-2.514565099669907045e-01,2.886791763175441602e-02,-5.463142994747063885e-02,-1.294309604786284817e-01,-3.785742260621149380e-01,-7.782860647297076828e-02,1.425624166569377793e-01,8.057063000103131811e-02,1.113469054920748491e-01,-1.515098053748920037e-01,-1.573066439398019545e-01,1.112207578965425242e-01,5.405084758724632010e-02,-3.692228173539708336e-01,8.391304754742318073e-02,2.842546482614817238e-01
-6.151946012081359605e-01,-6.491271676547371028e-01,-5.888867756660602915e-01,-5.457258653447891739e-01,-6.058361746094944600e-01,-5.926161016693421990e-01,-5.416903939702076842e-01,-6.598719195672073656e-01,-4.531313111202394661e-01,-5.573544276361488414e-01,-5.636684133973595134e-01,-5.779658766499504718e-01,-3.887551850901810324e-01,-6.319611335510597616e-01,-5.025245689582867881e-01,-6.349331830653035524e-01,-5.044593807328409119e-01,-5.907759324906101117e-01,-3.774751871783244561e-01,-5.941405107483676007e-01,-6.213713985814827145e-01,-4.269476186642556792e-01,-5.312971053016667389e-01,-4.180776276976639338e-01,-4.429060734935205690e-01,-5.022237437494552204e-01,-5.647370829353338673e-01,-4.301494365971607059e-01,-2.803477001640373723e-01,-1.868119966370059559e-01,-2.838382054963705659e-01,-3.057401012671771001e-01,-2.431737774487777726e-01,-3.568933462300017956e-01,-2.466383710508385230e-01,-1.245029531150711050e-01,-2.905127426829652859e-01,-2.813497938899532369e-01,-2.644389021392066219e-01,5.925906784742492224e-03,1.527195209187214020e-01,-8.829214164283376298e-02,-1.367862085678226980e-01,-2.986233579708668651e-01,-8.822680615487318856e-02,-9.415403239595220020e-02,-3.305230030512349981e-01,-3.858339915710577439e-01,1.603983613727135993e-01,-6.608768588024278856e-02,3.336619026825852347e-02,5.169898780249858328e-02,-1.448878789431319036e-01,-1.305886022845851868e-01,-1.689364849867224239e-01,2.154448961018757755e-02,-3.891231564850953541e-03,-1.127030016600997081e-01,-3.242775844946749891e-02,-1.053729318934889664e-01
-5.428413606507292988e-01,-6.184530117270556904e-01,-5.375007760498512477e-01,-5.624710576288003416e-01,-6.807949157366703918e-01,-4.175189071225263171e-01,-6.791609821195158103e-01,-5.707198047333938984e-01,-5.627008296330582304e-01,-6.278320799437153710e-01,-6.013371700639659201e-01,-5.797490331500532168e-01,-5.483964191902848118e-01,-4.482283578895830400e-01,-6.074142099912275272e-01,-5.794421638628293181e-01,-3.665009981651383697e-01,-5.225136378343631094e-01,-6.476615287440468105e-01,-5.110748365530689563e-01,-3.190661058913663584e-01,-3.796173031273050169e-01,-4.498272796363309567e-01,-3.890515385958911443e-01,-4.366233491712083747e-01,-3.666161166831862217e-01,-2.774025997580342184e-01,-4.297529889051734386e-01,-3.009021933467839194e-01,-4.982404228219379783e-01,-2.417313399238455729e-01,-2.295687732368137945e-01,-2.288242953624760045e-01,-4.964621728938911072e-01,-2.524691722575003738e-01,-1.858819917038090266e-03,-2.752512837283597746e-01,-3.961009415539064049e-01,-4.555047146032578653e-01,-3.574382019261383436e-01,-2.127392077871849418e-01,-1.630066160825955623e-01,-1.050102528951577102e-01,-9.240494050117781244e-02,-1.062055483904852243e-01,-2.678144587317973224e-01,3.117003514097715922e-02,1.743640386478446588e-02,-1.130230328273187784e-01,-2.076988895562578152e-01,2.161382494397600107e-01,-2.612023201660840788e-01,6.082894614269598182e-02,-1.073750521682441117e-01,-1.657423925424617861e-01,8.294081977955397589e-02,-1.915021521654156761e-02,1.573391184477155105e-02,-4.500157839118024694e-01,-2.192905844462004761e-01
-6.030130428278149823e-01,-6.391908552073349847e-01,-7.612107805117597215e-01,-5.020710143195770137e-01,-5.126385998903980612e-01,-5.399401644641396159e-01,-6.240694997562100665e-01,-7.305868038675772391e-01,-4.888864360160952161e-01,-4.891786574087984008e-01,-5.888701636465116795e-01,-4.920141131051511962e-01,-3.892854403099202942e-01,-5.189472796720512315e-01,-5.569634173230076923e-01,-4.481491722357374141e-01,-5.616252180431849927e-01,-6.682305051585079037e-01,-3.135597952963889434e-01,-4.942172518531438574e-01,-4.602893906824629955e-01,-4.421149674282867093e-01,-4.381878773463926402e-01,-5.460458753593984138e-01,-1.843459661458220766e-01,-3.416393197843533569e-01,-4.301942474452388754e-01,-4.606617972681587014e-01,-4.889850092834319151e-01,-4.715903817589123248e-01,-1.705820669961667646e-01,-2.726461654163185866e-01,-4.339795092175572910e-01,-4.002811082167916368e-01,-2.520455239589018959e-01,-2.030282462872119165e-01,-2.710162161314235152e-01,-2.578363730852996638e-01,-2.082594503722838830e-01,1.165169108860608510e-01,-5.913065627935572971e-02,4.486952435813694462e-02,-1.302879587893440161e-01,-2.676875691370247945e-01,-3.185890842407591017e-01,-2.226373411908358357e-01,-2.844197840233188002e-01,1.632913393321176188e-01,-2.289199439166418049e-01,6.447092837146343319e-03,1.069301866092248893e-01,-3.635920152078191969e-01,-2.198192992364078335e-01,9.095575843687002046e-03,-3.180186821986515366e-01,3.846713012403007309e-02,-1.486915544438189296e-01,-1.295249131618968486e-01,-1.067360810172569840e-01,-6.203305966264522492e-02
-5.927731408305251248e-01,-6.208584582793157391e-01,-5.639676507496740321e-01,-6.434805276446039501e-01,-5.892965583701325061e-01,-4.923171634362195070e-01,-7.345203440357052083e-01,-6.247494860463693733e-01,-6.212707986367945745e-01,-7.040396465208841326e-01,-4.177520058521194679e-01,-5.672266310961867619e-01,-4.977708835289360589e-01,-6.523872716373781966e-01,-6.693390000897834202e-01,-4.950780974153328740e-01,-5.246339511306395975e-01,-5.637424512650576203e-01,-4.979483420631501955e-01,-2.784679989941687972e-01,-5.573483696744941929e-01,-4.366534555929895145e-01,-4.402316512614761757e-01,-5.966733853100852913e-01,-3.734996628881157021e-01,-3.021709752098243884e-01,-1.817491539814425627e-01,-4.611709438625914981e-01,-1.888980662206449779e-01,-2.362070465133731534e-01,-5.000717133552735616e-01,-9.865080551815408327e-02,-3.355973297558086932e-01,-3.085307573977507656e-01,-4.476424018518024850e-01,-2.301233572261300320e-01,-2.152020660517547646e-01,-1.015327409764820304e-01,-3.983021384524111363e-01,-2.071141675550297323e-01,-2.133540976190188565e-01,2.174840259229130976e-02,-4.747978612147859545e-01,-1.866316880474729045e-01,3.844896603620036324e-02,-1.095476854886867496e-01,-2.861301614514323854e-01,-1.080091882570886203e-01,3.152743838324555820e-02,8.058452159213373711e-02,-8.953105201357007548e-02,-1.026404876957238560e-01,-2.563887683282322638e-01,-3.034503953422492198e-02,-2.479746293828285000e-02,2.205912764313348526e-02,-1.847332227803226701e-01,-3.020331750669342230e-01,-1.088729628176077074e-01,-1.439161147473231872e-01
-5.125002086754043562e-01,-7.645524893254048715e-01,-6.070568480683332657e-01,-5.836873275767888725e-01,-6.754297114322459494e-01,-6.065421837573765629e-01,-6.913261318117983611e-01,-7.042888555208316470e-01,-6.204946332755741922e-01,-5.965609621136027663e-01,-4.984589411018697791e-01,-5.108391372456089208e-01,-6.353729797123628398e-01,-5.322563385655121326e-01,-4.822362663959106066e-01,-6.893496289475176120e-01,-5.375569374607650497e-01,-4.709233132985853332e-01,-5.019033319884802502e-01,-4.168157350660067761e-01,-6.850145006398357106e-01,-3.602536028894645637e-01,-4.231950167781940997e-01,-3.571162364983914705e-01,-5.861507002275008205e-01,-5.520400938604139718e-01,-6.245293311812371018e-01,-2.991166424613833641e-01,-3.646090645745696524e-01,-3.679178686238981366e-01,-2.344853933085295217e-01,-2.941109872463517627e-01,-1.585922281869010519e-01,-2.437408849415260148e-01,-3.528408604180852115e-01,-1.038718322979526321e-01,-1.474820076136525993e-01,-2.918113578300467470e-01,-1.582592720040220391e-01,-1.212103537067258686e-02,-2.200573709397154187e-01,-3.313080076775600791e-01,1.684971785116393117e-01,-4.173934567514588773e-02,-2.106976118267969156e-01,-4.318685143654069775e-02,2.934685441153858099e-01,1.157465152181536006e-01,-2.113202632573961404e-01,-8.582111460386006307e-02,-1.951826397265407353e-01,1.600413095804968091e-03,1.492750761455396702e-01,-4.890141191636691170e-02,-1.691331784656622539e-01,-1.245818368487032757e-01,1.451120183926106200e-01,-9.280567554565306854e-02,-4.305961867312711744e-02,1.961781898364603205e-01
-7.039546105563854184e-01,-5.996007406327941158e-01,-5.201608990803777699e-01,-8.119749685863155708e-01,-5.779805810295690627e-01,-6.208228634137573643e-01,-5.474123375645215672e-01,-6.154779844606927952e-01,-5.969627397773378252e-01,-6.119252573519147198e-01,-5.195414970345698658e-01,-4.544523096518415795e-01,-5.819404040316626947e-01,-5.520095077089069990e-01,-5.998779791459142308e-01,-4.919849614753994405e-01,-5.171567639551482021e-01,-6.535174282873590368e-01,-5.490965095555907505e-01,-4.629753539716704447e-01,-5.271747384572811335e-01,-2.971386758778288839e-01,-5.883318578505536411e-01,-3.228654029217221666e-01,-5.250683717227933034e-01,-5.182630580424655298e-01,-2.702678708462897816e-01,-3.355701382001023969e-01,-2.826635544258023769e-01,-2.946320003406907584e-01,-4.477304199172352228e-01,-4.086213414548086065e-01,-4.448799101020614599e-01,-3.153842471006537140e-01,-2.819937869212097992e-01,-8.608981394412484889e-02,-2.758581325448571375e-01,-2.847514561500213981e-01,-3.083369350136547782e-01,-2.379895917959163609e-01,-7.494377124142020952e-02,-3.348208836808650446e-01,-1.227679398250831333e-01,2.201067586739158255e-02,-1.427113151641029032e-01,-3.083061458328997806e-01,-1.819406787205442577e-01,2.972231581339869477e-02,-1.645371077205089183e-01,1.163226975727508772e-01,-1.192717403114675889e-01,7.139547763664660929e-02,-7.565214262916116622e-03,-5.160934640712940003e-02,-2.907648467090650501e-01,5.607096942620029556e-02,-1.334383055500641679e-01,-4.218192917036156508e-02,-1.515768565750098273e-01,-4.344915123745781566e-02
-5.386756264919633219e-01,-5.812477415090084865e-01,-6.350518272623165705e-01,-5.893349709040940354e-01,-6.548565611859784585e-01,-5.396967786810891177e-01,-6.319819768927369408e-01,-5.988069606335184591e-01,-5.738804485942784472e-01,-6.091206296983765478e-01,-4.499161917596745108e-01,-3.927688369459783613e-01,-4.817878693297865111e-01,-3.953461836189322565e-01,-5.095569888929512015e-01,-5.877525856113360314e-01,-5.431740867284922114e-01,-5.940749688901267866e-01,-6.091089772298087235e-01,-5.329842631421678467e-01,-4.225673923011676325e-01,-6.284057235565104760e-01,-4.343506175675134195e-01,-4.703066248330210475e-01,-5.376711742771737024e-01,-5.035398534566338791e-01,-2.613488716935788991e-01,-2.833274729237578171e-01,-6.117808733773402174e-01,-1.133371772054495991e-01,-2.728361787435866215e-01,-4.314047465048865271e-01,-4.221105572394477368e-01,-3.583005573481143347e-01,-1.388269001799866120e-01,-4.115124448651711342e-01,-1.514122194592601167e-01,-3.305385989182224593e-01,-3.193836601750772997e-01,-1.710616785775931348e-01,-1.124841929647152489e-01,-1.338635327315619294e-01,-1.252668403001537811e-01,-3.477267653366534761e-01,-1.552717306144236198e-01,-1.232738578433879850e-01,-8.015432513353308586e-02,-1.837021122394944250e-01,6.489799270136172027e-02,5.636729847327015541e-02,-4.240920276257875710e-02,-1.055975155389032444e-01,-1.916004133893275674e-01,-1.524544207417371788e-01,-8.516431440504962369e-02,-4.323845444588968467e-01,-2.933665926118921852e-01,5.721547385365336608e-02,-2.081837250237083548e-01,-1.075358103364334496e-02
-4.032618535201894505e-01,-5.665957512763432069e-01,-5.905289244217785116e-01,-6.764149111757112864e-01,-4.867061892624821029e-01,-6.739068694359968692e-01,-6.900974804036913435e-01,-5.280518290139343263e-01,-6.193596507325359601e-01,-7.450527263340230855e-01,-5.454929296612059941e-01,-5.824156160827043127e-01,-4.522583342063585254e-01,-6.361422074604284882e-01,-5.714363157095285750e-01,-4.799841451952390758e-01,-4.878549432548330844e-01,-6.431652391871123253e-01,-5.793154745290143293e-01,-6.950300706853822508e-01,-5.124122032360997059e-01,-6.694799728279100526e-01,-4.134835692656941286e-01,-3.673325759223521336e-01,-4.335553730500294467e-01,-4.770495616248678905e-01,-7.221686086175183039e-01,-5.747400307063093017e-01,-4.509448434767570069e-01,-3.305421285614945637e-01,-3.676410845765970548e-01,-5.038121689333119324e-01,-3.147165847383039949e-01,-1.985277217003116879e-01,-2.611948228000183225e-01,7.039939182376950266e-02,-2.745768084348568228e-01,-2.558713402058033770e-01,-3.524349932032306842e-01,-3.236950936131639533e-01,-3.354163510689245342e-01,-3.536046847166352536e-01,-1.409735925425868730e-01,-1.149752639888985406e-01,-1.244185222437450139e-01,-4.156064568159915651e-01,-2.105841013869876321e-01,-1.743614699777936705e-01,-1.467990675788012900e-01,-1.810004927144324149e-01,-2.586900782997421100e-01,2.018069020366727515e-02,-2.636959827885103080e-01,-7.250699522313082748e-03,-1.122519927713492155e-01,-1.789094383962708257e-01,-3.122208352233137862e-01,-2.575746430277337049e-03,-1.562994053471113143e-01,-1.411073856562476136e-01
-6.683486430923396560e-01,-4.997523836788900775e-01,-6.518917698473234434e-01,-7.570294827561590001e-01,-6.770167506062484408e-01,-5.896653701739719144e-01,-5.886092352288454510e-01,-3.784035343235527815e-01,-5.467680087403965494e-01,-5.402140518547814407e-01,-4.504297957672937502e-01,-5.413945347873390102e-01,-5.591252585599865155e-01,-6.685743487194357737e-01,-5.249973229928955876e-01,-5.425402634655769329e-01,-5.992397133682060284e-01,-6.125080696403185643e-01,-5.063196944891268370e-01,-5.026130523448368859e-01,-5.510925723066878446e-01,-5.026275785558051989e-01,-5.357091038630570345e-01,-5.083347705188426824e-01,-5.848514239275282023e-01,-4.081127961858186937e-01,-4.891688083080587557e-01,-5.562013212698915243e-01,-4.269043340330917480e-01,-5.581594730231181911e-01,-3.279420106808842994e-01,-3.272081812013860058e-01,-4.084621204182111165e-01,-2.677094644700415693e-01,-1.438946684302655210e-01,-2.590742743071404175e-01,-4.247783147612454457e-01,-2.163077197862327550e-01,-1.685924293764844706e-01,-4.473456925315908994e-01,-2.234305651577716545e-01,-1.994601440834450901e-01,-1.734298450150981163e-01,-1.554886377480876880e-01,-2.304657284482544699e-01,-3.499551251708833410e-01,-2.077819255732888393e-01,-8.145352235998287727e-02,-4.390189531990008054e-01,-1.826279166082879213e-01,-1.413427458321228625e-01,-2.519754708157151968e-01,3.426349094749054358e-01,-1.351778963284410440e-01,-5.332078592017804736e-02,-3.502295927372111456e-02,3.188215451011155305e-02,-2.637067293043001137e-01,-1.957465746626096126e-01,1.561872659705265398e-01
-6.927165736870615209e-01,-5.891993917160774918e-01,-5.340586472255152151e-01,-6.219071920656226160e-01,-6.439701336782943653e-01,-7.476410525613533808e-01,-5.753998888112489274e-01,-6.829670540033613291e-01,-5.917193802094362631e-01,-6.757114902671224055e-01,-5.607233769549950786e-01,-6.259995967989516741e-01,-6.947316716274072324e-01,-4.888295662866593561e-01,-6.073514599091909272e-01,-6.168135531853314868e-01,-4.882630637095761728e-01,-5.983833775771407737e-01,-5.642125013616215989e-01,-5.721725768269081414e-01,-6.472421259285394690e-01,-4.423985699474820565e-01,-3.390989078713074756e-01,-5.631138336430889790e-01,-3.748683873986329851e-01,-1.204241210782461130e-01,-4.438473489069207356e-01,-5.489909498385544540e-01,-4.819712757825597715e-01,-4.067844680041760586e-01,-3.112934610422611881e-01,-4.643404854092794687e-01,-4.493472119690170574e-01,-2.382038124404780577e-01,-3.744444071518219230e-01,-1.845169851015153184e-01,-3.563460633911459952e-01,-1.287863385319459320e-01,-2.990123748685561966e-01,-4.970714176055498479e-01,-1.104982429596669397e-01,-2.355894382438825374e-01,-1.799551224173143449e-01,-1.078124880246657119e-01,-3.025132568826119361e-01,-3.649321701939265972e-01,-2.626205524381329259e-01,-3.220260970980645676e-01,-2.940567164016068546e-01,-2.752478674867118169e-01,-2.186408681463676840e-01,-2.285401448313680306e-01,-3.783195895522147717e-02,1.004859211399885155e-04,-4.412161912647188933e-01,-2.278823755510170079e-01,-8.765360117524387262e-02,-2.130407554331569531e-01,-2.459600265448635883e-03,-1.318974975462840031e-02
-6.850597362741290830e-01,-7.169466582164827351e-01,-6.475792559093868084e-01,-7.062499802238233482e-01,-7.298925326497358590e-01,-4.878678333552344260e-01,-5.466268444604371890e-01,-7.365684348308432217e-01,-6.238543431364683700e-01,-6.611433028683444402e-01,-5.518136531549905355e-01,-5.064578016577465647e-01,-6.328155243107432826e-01,-7.481790685428523213e-01,-6.361225195903015273e-01,-5.765581810314555078e-01,-4.367280632695917375e-01,-4.354522827098383786e-01,-6.548518068249491453e-01,-5.622367072981574454e-01,-4.405640170434698688e-01,-5.183969184241166150e-01,-5.559710916419597915e-01,-4.559119883279230123e-01,-5.189581206347182452e-01,-3.503199434458176276e-01,-4.808917193394771639e-01,-5.991859128290957237e-01,-2.731112879299114615e-01,-3.895714169974505148e-01,-6.327712297890856208e-01,-4.052579379193360087e-01,-5.942344947116142695e-01,-4.025317895840810345e-01,-1.824243343552699459e-01,-1.908441024639410954e-01,-3.041995749001925597e-01,-2.156460522491674692e-01,-3.230637746125885612e-01,-2.337823853050576550e-01,-5.113841025663390383e-01,-3.231165458060040740e-01,-3.445873457425658870e-01,-1.499127772909659428e-01,-1.766007425285394949e-01,-6.063150564703981976e-02,-1.833620067356513672e-01,-2.851538164285621346e-01,-3.613711273393169776e-01,-1.808823591037044543e-01,-1.277593272714627470e-01,-3.795611947809648945e-01,-1.800548316704383700e-01,-1.966897536335188157e-01,-6.618368322163920014e-02,-2.898601031923983551e-01,-2.195674037370803910e-01,-7.813062373956578335e-03,-2.885050414236047800e-01,-9.023984341847118840e-02
-5.646656228184594450e-01,-7.135881576247846692e-01,-6.095364226899008253e-01,-5.997882240538079390e-01,-6.625236197189529053e-01,-5.764370696539796723e-01,-5.563995568334918485e-01,-6.125331266735704050e-01,-5.652201190663567187e-01,-5.301359222679675742e-01,-4.823491438831360445e-01,-5.016593323308142782e-01,-5.916255874162633654e-01,-5.140877994174776200e-01,-5.318632990035097041e-01,-6.011261383141870418e-01,-4.465542150412255551e-01,-4.952026208720052280e-01,-5.140580657958268018e-01,-5.523228774683853759e-01,-6.917764695217918369e-01,-5.478637942848725295e-01,-4.986521551081867232e-01,-4.989504407290732968e-01,-5.378470017760031974e-01,-3.971786305987680676e-01,-2.293058729867173406e-01,-4.415928228817689871e-01,-3.901133144203524639e-01,-4.535554739811529790e-01,-3.160460696344106757e-01,-5.351772112860163633e-01,-1.819890551865203099e-01,-3.086641593630429781e-01,-4.142380919155494445e-01,-2.777465285427809794e-01,-2.416047620005161434e-01,-2.792176131175816423e-02,-2.880028493869861705e-01,-3.711063580682872898e-01,-3.920564665436184759e-01,-1.660088420134981091e-01,-1.557528197660207510e-02,-3.384827940737175633e-01,-3.804531551975126047e-01,-1.420508802525397019e-01,-8.359460160143691865e-02,-4.543454030368838659e-01,-2.883764589942534595e-01,-2.532399278868641135e-01,-3.301666480455423547e-01,-1.980597458651170428e-01,8.798897889370116410e-02,7.798234532336195679e-02,-2.860874363512370122e-01,-1.717063778373369431e-01,1.731250692939731439e-01,-6.898610229547580408e-02,2.557083827324502789e-01,2.631542845350909321e-01
-6.309602508853193736e-01,-5.027333045923482180e-01,-6.761954164498088504e-01,-5.288631832686284673e-01,-6.284206350343854997e-01,-5.147621775549071632e-01,-6.132852296724079499e-01,-7.301347284721334541e-01,-6.626322627403943288e-01,-3.986945135518632499e-01,-4.820601302306906089e-01,-5.703022486834431470e-01,-5.807697206942150636e-01,-4.954248517350902659e-01,-5.183628217959319606e-01,-6.692546075454394172e-01,-4.421703455028485052e-01,-5.462034318257934506e-01,-4.591887910968063258e-01,-5.100609786797040135e-01,-4.428580965114426449e-01,-5.032625175720892852e-01,-6.097112781686785388e-01,-5.317180955832214728e-01,-3.589582796479730553e-01,-5.261233397025519842e-01,-6.927500227124732124e-01,-5.370104062739484707e-01,-3.245916921215218909e-01,-4.395231477339786030e-01,-3.449676176930340232e-01,-4.253667850612839474e-01,-4.237597757538721921e-01,-5.307315181298473128e-01,-1.454782986253398969e-01,-2.713639221187811867e-01,-4.422031950283465407e-01,-3.715597035947807991e-01,-2.411064469044024716e-01,-2.282606447324348198e-01,-2.084225536800118073e-01,-4.969552037304860170e-01,-5.315880645728782161e-01,-3.980203112070269111e-01,-2.285490661982668426e-01,-2.184385746765488134e-01,-3.559022196028979734e-01,-4.843633258099592775e-01,-1.288633829243547579e-01,-1.101853095970612290e-01,-1.556671175181018885e-01,-9.503321677492057584e-02,-9.184321198167338940e-02,-2.089138209821624625e-01,-3.910344561067754382e-02,-9.265870476416297741e-02,-3.450248701151777397e-01,-8.128974841022659770e-02,5.396460612902813370e-02,-4.185216380042915130e-02
-3.897264822336560797e-01,-5.492109192298701981e-01,-6.127371905028957677e-01,-6.833930145218094498e-01,-6.608669041000317934e-01,-5.667024626859503700e-01,-6.615152862916447996e-01,-6.050009766563957392e-01,-5.498345609567661940e-01,-6.365881612296870884e-01,-6.630720400181775442e-01,-5.599334533632734923e-01,-6.222644501869575295e-01,-4.937038077065796782e-01,-6.499340226902874385e-01,-5.125255146572739173e-01,-4.857153149434378370e-01,-5.331229269933391857e-01,-4.125465336922415349e-01,-5.137104957248752601e-01,-4.904842762768235054e-01,-4.273957432344481222e-01,-5.349868283788355994e-01,-4.691717590835889351e-01,-4.822478446749730585e-01,-5.907684448383468956e-01,-5.230673491291530919e-01,-3.421339148085879578e-01,-4.338965551651060570e-01,-3.886445699897203565e-01,-6.820824500494970799e-01,-4.722680005117524948e-01,-4.988211441823059977e-01,-3.745840403744843394e-01,-1.606719684918336000e-01,-4.235393038042682412e-01,-1.863335734648330910e-01,-2.286035331121416825e-01,-1.702804840378255025e-01,-4.677229189626708195e-02,-5.185177904363664769e-01,-4.604034182914090723e-01,4.267792681186723808e-02,-4.150568808473663329e-02,-3.122249803491586873e-01,-3.575571922315842199e-01,-3.511126383746800139e-02,-2.613996520058540218e-01,-2.157170653925078729e-01,-3.570589199295647886e-01,-1.309959191111932653e-01,-3.419579860137639260e-01,2.941548263521517534e-02,-5.696012445525930334e-02,-4.389769959464251969e-01,1.293299745331482620e-01,9.303815015422840784e-02,-2.643712858167027169e-01,-1.178959315972775285e-01,-2.433396002841971273e-02
-6.427949233835100751e-01,-6.753146457648969703e-01,-4.755487667183840861e-01,-5.749486514917853119e-01,-5.426467520014109924e-01,-5.819871010798565170e-01,-6.805248452167661499e-01,-5.526692598082889596e-01,-4.698270274207427821e-01,-5.650754334220983166e-01,-7.115625094135873407e-01,-6.852482729210968015e-01,-5.704235845984514386e-01,-4.271921255742084922e-01,-6.047366867582691929e-01,-6.173493786703434516e-01,-5.761726224439420729e-01,-5.745209647508091599e-01,-5.889784643454853974e-01,-3.998084253408174527e-01,-5.011412853312262605e-01,-5.616495314927182347e-01,-4.331276197973879527e-01,-6.616258047259833130e-01,-3.546057683756297374e-01,-5.014749245659351207e-01,-4.279875020827214049e-01,-3.648713611933612211e-01,-3.604983499068196706e-01,-4.565394766822649109e-01,-4.879432252600064412e-01,-5.758418112476210160e-01,-4.493868504026584110e-01,-6.011302109693015261e-01,-9.339926231955945901e-02,-4.478517764275745661e-01,-2.876075847732633695e-01,-4.093672345322365569e-01,-2.282067512903881157e-01,-2.406597044561327448e-01,-5.539093425559200590e-01,-2.857883225278063377e-01,-1.996005229196689268e-01,-6.142599509701100052e-02,-3.552707444276833604e-01,-1.388819145363245910e-01,-1.476334591956930120e-01,-3.319452442732070269e-02,-2.320883550890867342e-01,-6.188095039965792882e-02,-1.850970606636238303e-01,-2.668755354165801563e-01,7.300914091040611176e-03,-1.631420859283314873e-01,-1.188148494529970151e-01,-1.637566680890505666e-01,-1.212409814589568702e-01,5.891912188950397533e-02,-1.655440359010278695e-01,1.890213742228511462e-01
-4.248824862529757551e-01,-6.981459534296271530e-01,-7.362706611932970935e-01,-6.895347657729483659e-01,-6.253042036616210941e-01,-5.704989147368675351e-01,-7.000212182367557823e-01,-5.407749130906968071e-01,-6.043393996977266536e-01,-4.858750744769352314e-01,-5.766040053037368995e-01,-4.959190444131852948e-01,-5.288277217655422691e-01,-6.900357961405483298e-01,-4.977076189637171799e-01,-5.447823147771132524e-01,-4.943767163229355055e-01,-4.598224476740368494e-01,-5.996312632382649888e-01,-6.298853968252603464e-01,-3.357725836651700435e-01,-5.706569952634442666e-01,-5.862454141286776998e-01,-4.073247112158302485e-01,-4.585114094006098595e-01,-2.073119762432654722e-01,-3.351575201111854918e-01,-5.269569339473713088e-01,-4.722443812540639274e-01,-2.877051811907679335e-01,-4.839227653882696711e-01,-3.122929571894824119e-01,-6.907564120079484615e-01,-4.948329701886039489e-01,-6.060495389240401209e-01,-3.653605428221881612e-01,1.726403168235625396e-02,-6.681896842337148312e-01,-3.305958016980788949e-01,-4.149373973831307350e-01,1.065439396763648468e-02,-4.376642131861063212e-01,-2.997566446362219250e-01,-1.408090744668024363e-01,-3.679520397141421983e-01,-2.776326384907304434e-01,-3.849168990241235155e-01,-1.545443440483751929e-01,-1.664241288510422967e-01,-2.490123988799745891e-01,-2.299802865760372239e-01,-2.164538051393681828e-01,-6.451889306052142892e-02,-3.132803854049323600e-01,-1.503187187140814507e-01,2.204922806885425621e-02,-9.202235925236755543e-02,1.453347626599709244e-02,2.701067668419029032e-03,-7.805959533945337758e-02
-6.568543677789648871e-01,-6.557810818253815288e-01,-6.117996980840735288e-01,-6.155269064679035340e-01,-5.526019956670045197e-01,-6.001700792969961729e-01,-6.904658893813455656e-01,-6.753168315251787401e-01,-5.521577517017324244e-01,-6.117988402985126140e-01,-5.404945917770856978e-01,-5.837471444316104652e-01,-6.588163232157349114e-01,-5.032517506590553635e-01,-4.941060088100172609e-01,-5.825018258531369231e-01,-6.144089819744689152e-01,-6.276196585187158172e-01,-4.059892882449261942e-01,-6.249475755197938520e-01,-3.391109442026248866e-01,-5.333178367200340775e-01,-5.546176086106737735e-01,-5.338519079378419852e-01,-4.860673739842257257e-01,-3.436023533280999631e-01,-5.595016791107588761e-01,-4.760258225808789434e-01,-5.860387847754571222e-01,-5.677611024659707795e-01,-5.165266385548031858e-01,-5.292833062065541716e-01,-2.926632423660678328e-01,-5.133275876324122633e-01,-3.172072997703367370e-01,-6.496323099951542002e-01,-2.865477340737603296e-01,-7.837540644661207534e-02,-5.914500709760682762e-01,-4.892615034759594250e-01,-4.656864259371917281e-01,-2.944113894595153380e-01,-4.779966496948303001e-01,-2.600699590133516148e-01,-3.657207096148212822e-01,-3.893408115284627824e-01,-8.010932917773452844e-02,-2.855059892044872760e-01,-2.577252762973755718e-01,-2.017280230547653652e-01,-2.153048802649799864e-01,-3.800947826200573587e-01,8.417698147776313256e-03,-4.126504840583530148e-02,-2.272738896062387048e-01,6.857796941782198785e-02,-1.383052649203252993e-01,-6.597915289057805673e-03,-2.367263940546954770e-01,-2.396034217974601088e-01
-6.383502437892885073e-01,-6.464413999120072196e-01,-6.487141456089056124e-01,-5.590102470430994286e-01,-6.726687725699634912e-01,-6.107694429820358373e-01,-6.145882722058370051e-01,-6.595002166617225381e-01,-6.665561192829477788e-01,-6.798940194886824440e-01,-6.087352152976415187e-01,-6.059058782466550941e-01,-5.610853104481269282e-01,-5.429346652284050556e-01,-6.736254467285980319e-01,-5.607471715317126071e-01,-5.165724197779424376e-01,-6.009945719665148456e-01,-5.316102002282870886e-01,-4.740623919459843183e-01,-6.224700254265744803e-01,-6.525051699418040752e-01,-4.491430181125059540e-01,-5.690123476364926658e-01,-4.955582173545421409e-01,-4.708067013209448759e-01,-5.225698435741678027e-01,-3.697412573536880687e-01,-2.745045921874433859e-01,-6.696434156523997094e-01,-5.161368401457772093e-01,-4.892905922745468539e-01,-3.773173596823224951e-01,-6.015865698801140526e-01,-1.821142418040398170e-01,-4.143680614742754620e-01,-2.878340613842898521e-01,-3.270505992545190144e-01,-2.833052162905467242e-01,-9.925917480977358709e-02,-4.426874929583120566e-01,-3.954086597459932073e-01,-4.820296748566879064e-01,-2.315519316528605598e-01,-4.144721168241909393e-01,-3.937121424604785314e-01,-3.679519312866557645e-01,-2.420971490957369299e-01,-3.815223671253255011e-01,-1.922876325216045512e-01,-2.458477912728417591e-01,-1.941698265491846875e-01,-1.900446479595174210e-01,-7.657341066314263256e-02,-4.270913694557424908e-03,-9.900415101025475395e-02,-8.664189034279114188e-02,-2.251179866170093663e-02,-2.528539212549790749e-01,1.190772711285088825e-01
-4.925977880135687936e-01,-6.934720720101050784e-01,-5.857031608975612480e-01,-6.589967017025322171e-01,-5.877550765095391760e-01,-6.491447743274485482e-01,-6.851036222288144906e-01,-5.705899071248540233e-01,-5.529398759506786165e-01,-5.185790572183602842e-01,-6.558130295527687670e-01,-5.538873515402161773e-01,-5.126154642784047644e-01,-5.556431901030801646e-01,-5.262117125181386967e-01,-6.007666640102177213e-01,-4.748147344010423265e-01,-6.007088391169680408e-01,-5.522758605597778425e-01,-6.454837763064573686e-01,-4.438075299656340511e-01,-4.704986916906113148e-01,-5.401776630918839750e-01,-6.475678306005290263e-01,-4.326039566581638685e-01,-5.054446544581089329e-01,-4.692545225968816069e-01,-5.163455793911159164e-01,-6.007985453624981043e-01,-3.302400050901431738e-01,-2.923029312531736923e-01,-5.051486655548436122e-01,-5.039761118040584353e-01,-2.639652531725944495e-01,-4.006379344731962333e-01,-4.680809903086119994e-01,-5.176671768097552695e-01,-5.381684879273501698e-01,-2.100544578680029473e-01,-3.635980806380986752e-01,-2.579428179066039495e-01,-2.526902394345626468e-01,-3.424615737483573397e-01,-3.683007903457661270e-01,-1.162640462035320621e-01,-3.835488706175302909e-01,-7.644890909894899722e-02,-8.676262217424897394e-02,-3.501908995470300323e-01,-2.828246119130866654e-01,-3.799486190826589227e-01,-2.916407397985894545e-01,-2.327854190555157521e-01,-6.781736572930159579e-02,-9.321459576652578460e-02,-9.821908821866022488e-02,-3.327595574641746268e-01,-7.490265356130616781e-02,-1.852874463784304482e-01,-1.431876206042005384e-01
-5.680487033029621990e-01,-5.143337357477192340e-01,-6.247198891280189015e-01,-5.204112513440910526e-01,-7.111260876375646856e-01,-5.201019486938052161e-01,-4.299465140192204604e-01,-6.823998354609474015e-01,-6.469645929345182456e-01,-7.252304801104633158e-01,-4.466550304917731862e-01,-6.605656751626745038e-01,-6.019440120355263879e-01,-6.236748675103910289e-01,-4.937839406865514591e-01,-4.766198117905660614e-01,-5.582643895052891159e-01,-6.485779251180923133e-01,-5.035646697972431252e-01,-5.695387476432618445e-01,-5.483943876594518096e-01,-3.464051702477482508e-01,-3.953050341065927897e-01,-5.273320951824476133e-01,-4.156455131570476191e-01,-4.831369587311327707e-01,-6.261559826541770457e-01,-4.204209873332194758e-01,-4.498150490160502391e-01,-4.092530008039733658e-01,-3.441605885608680082e-01,-2.481979544128805337e-01,-3.480337464953551230e-01,-4.070494182911092440e-01,-3.658955670539398297e-01,-3.922223330264379415e-01,-3.243602987058498144e-01,-2.536530909148822510e-01,-3.118044842334235511e-01,-3.135755084355996702e-01,-3.543163402622755975e-01,-2.644386777313810222e-01,-2.740623750379378998e-01,-3.227891353599302016e-01,-2.195869541064875419e-01,-4.205776761605523606e-01,-1.199659104839845419e-01,-3.437982849070702063e-01,-2.567914206188500748e-01,-8.319978752407070077e-02,-1.819142802285994565e-01,-2.077281257361954514e-01,-2.458743390625259262e-01,-1.499562015876946819e-01,1.100001131725462065e-02,-4.106886979542999083e-01,-1.007642571468631704e-01,-4.963380481185728638e-02,-8.771967680610108509e-02,9.990665679283558531e-02
