-1.404756284373767927e-01,1.410346815200311243e-01,9.602502548571190816e-03,4.745041060405257027e-02,-1.440190972836465910e-01,-1.203682575999074841e-02,4.377821817920100195e-02,-1.868375656793124784e-01,-1.253580562421766353e-01,-1.784606796888219549e-01,2.846777973676730550e-02,-2.099336457496322750e-01,-2.618596367404410485e-01,-2.666030187404846985e-01,5.321877521275164558e-04,-1.703140228815135104e-01,-3.833493438208819826e-01,-7.304444572966198312e-02,-9.307345810448930390e-02,-2.809786413305724873e-01,-4.429087071907820972e-02,-1.684153143253311335e-01,4.072815724309159641e-02,-3.924887846666041957e-02,-7.998153557341089459e-02,-2.204525932490370987e-01,-5.261267334942620888e-02,-2.352223075778363537e-01,-3.949098363569011338e-01,-4.375253157337727350e-01,2.509921301995532428e-02,-4.425833310430261625e-01,4.788762065568567816e-02,-1.568115824307596551e-01,1.774518908399932982e-01,-5.147765086231646803e-02,-2.120875351040549806e-01,7.681961592345729062e-02,-1.797725941060653587e-01,-3.604094165257769322e-02,1.542004363068670003e-01,-1.233887501794684871e-01,-2.537438247990460027e-01,-1.520065911361142587e-02,1.929905025935713114e-01,9.952080471139561346e-02,1.471570215901326674e-02,-1.030290203925837977e-01,-2.366395557494091820e-02,2.202991449593836859e-01,1.044505466557778400e-01,2.336664411549713161e-01,6.177607520877668318e-02,2.927022354203068777e-01,-8.491148073031186405e-02,-3.430508680043081737e-02,1.484176053777721271e-01,-6.065717562857941662e-03,2.138434393017585866e-01,1.602155179943202390e-01
1.268964471242769489e-02,-1.098055828576553622e-01,2.014707498656117257e-01,-9.924974461133714843e-02,1.055930919335790197e-01,-6.106577232452288506e-02,-5.008605684497398347e-02,-2.241476046639647168e-01,-2.531192433707175546e-02,-2.724455466807557125e-02,-1.298443329774773627e-02,-5.798536182950997375e-02,2.095293455478316677e-02,1.200675359056323221e-01,1.244285851850474300e-01,-1.294880506015482768e-01,1.137544153275324571e-01,-2.617278351826857370e-03,-1.996982649871875681e-01,-7.407056034933576227e-02,-1.077388415165626279e-01,-8.512784221900651649e-02,-7.535101305436711638e-02,-1.410974440350507009e-01,-2.003550144001021993e-01,-2.000340921090582591e-01,-2.939441923460794914e-01,-3.095796369273878801e-01,-4.290140950081843263e-01,-5.958310471843188960e-01,-6.211676882706924641e-01,-3.790149031929566648e-01,-4.956639264339065543e-01,-3.844144971141902900e-01,-3.342232122513459913e-01,-1.473634100726794460e-01,1.514111390134716684e-01,-1.028014716205388236e-02,-6.037987501601568135e-02,-1.675535138388174750e-01,6.733746169566925954e-02,-2.924440293538741464e-01,6.579048589525205229e-03,-5.222539679683500108e-02,8.139543715566374682e-02,-2.280954740621832788e-01,-3.016721841330121667e-01,-2.544090340921384419e-01,-1.565748718497595449e-01,6.690380790698641222e-03,2.104766123553932500e-01,1.594620520529156926e-01,1.226334429938309434e-01,5.339695355968691881e-02,8.129720363013856477e-02,-3.755438044362515576e-02,1.398212740785722275e-01,1.412995524242247614e-01,1.420351264858129847e-01,-1.069309484353408723e-01
-2.008440084566263661e-01,1.761138853147510286e-01,-2.070416881646586771e-01,-1.013488618438821709e-01,1.361420177506784956e-01,-5.648720127594335227e-02,-2.763760929968887003e-01,2.707466827052051328e-01,6.641722290102509973e-02,1.977672210729662372e-01,-1.359856296882518412e-01,7.196799787461280462e-02,-7.528266914299645840e-02,-3.363641765476971940e-02,-3.145997349629043316e-01,-9.831340604473307043e-02,-1.530830538040129640e-01,-2.483908953736260194e-01,-6.562291531401802380e-02,-3.823905393466864866e-01,-2.055456206272095743e-01,-3.904032526061224639e-01,-2.481425732139130036e-01,-3.826847492297177911e-01,-2.887786762495162529e-01,-1.262542169526813252e-01,-2.213364207166376718e-01,-2.228965939707884536e-01,-4.440413166056542127e-01,-7.540598159031292047e-01,-6.908427578489380050e-01,-3.945316285636281117e-01,-4.107136170418635435e-01,-1.589028457747719558e-01,-1.429977088011383790e-01,-3.380585525225042187e-01,2.457427211197608236e-02,-3.240498223469500116e-01,-2.999079664731508776e-01,9.665515023764473246e-02,-7.683997664617324419e-02,4.071536667417494787e-02,-3.315800217633778635e-01,-5.558014967046329829e-02,-2.480636665038313815e-01,-1.249032744171813501e-02,-1.450118187175941098e-01,-1.448193726223704625e-01,-2.437555254412076405e-02,-2.756757206269170313e-01,-1.271465170132945743e-01,-4.449271825543696379e-02,-1.194658270718938764e-01,2.793776367673309613e-01,-1.009927150861489320e-02,1.370617700768037538e-02,2.896381246449507632e-02,9.959309584662023873e-02,2.079864176947373300e-01,-7.808773093873333342e-03
-3.666411377049808018e-01,-2.580342191325655371e-02,-1.664052033907592043e-01,4.994004273900968377e-02,7.951289075330980616e-02,-7.442544591115449193e-02,-5.271603130409681370e-02,-3.156227336974177233e-01,6.507618533697079322e-04,9.401271559818881463e-02,-1.208231468963878175e-01,-2.447907421018899465e-01,-2.293448445318294893e-01,-2.214324682449427678e-02,-1.168074089302792717e-01,-2.523727716845131641e-01,6.537552570799637364e-02,-1.505477228171997195e-01,-6.836467284704897396e-02,-1.786742656084706060e-01,-1.869922375288393668e-01,-3.516040202734881936e-01,-2.853232394884505085e-01,-1.742270894262974434e-01,-2.133132001540159473e-01,-4.018284891863476704e-01,-4.788397334317798792e-01,-6.045083023525550381e-01,-6.348854072286121974e-01,-7.198357928382377313e-01,-7.878606566766339636e-01,-5.718718854587123701e-01,-6.401983232495565002e-01,-5.345789937556735261e-01,-4.793385299988738302e-01,-1.527346579724727926e-01,-1.290970721975663038e-01,-5.191280076632460716e-01,-2.916214426943592453e-01,-2.795730994569939898e-01,-1.511719668061048960e-01,-3.248809335282713540e-01,3.998819779583526884e-02,-2.579518038493561760e-01,-2.911763028532531328e-01,-3.131532237733639645e-01,-3.156776361365874056e-02,5.416506300516141931e-02,-2.329824235301607427e-01,-1.641873773790826496e-01,-1.310805591434640593e-01,1.443866887447901315e-01,2.446046326622396683e-01,-1.437483458867320762e-01,-1.505489934844148059e-01,9.117733978097072867e-02,-7.351958011449025165e-02,1.828160831324360247e-02,-1.269484767522432445e-01,-9.562850828946367621e-04
-9.478063898802140119e-02,-7.163218152238737084e-03,1.541079340547567011e-01,-1.879613947177607713e-01,-1.044768580118818624e-01,-3.836802719226543035e-01,1.582194467603692534e-01,-2.708440889202657839e-02,-7.260579332815761400e-02,-9.860820776944365096e-02,1.128541253584058879e-01,-3.566851599825936192e-02,-2.472270271305657130e-01,1.243599884235166153e-01,-1.577086908844013702e-02,-2.072994718693745297e-01,-2.365407258231262411e-01,-2.786180982398790348e-02,-2.170454350254430731e-01,2.600369772720297762e-02,-4.388759242877154909e-02,-3.222886386320184537e-01,-3.103867261873916039e-01,-2.509080232052353088e-01,-4.775714306846287616e-01,-3.863619094317481406e-01,-5.924692215210647372e-01,-6.087193600907573332e-01,-4.789183955705679230e-01,-7.501315399213290824e-01,-7.359479557122268201e-01,-7.323768678172413171e-01,-4.810299878121047645e-01,-4.719849464823687168e-01,-4.266356949711142543e-01,-5.221818730716788481e-01,-3.800304437883094688e-01,-2.679991585020027878e-01,-5.652898958892471626e-01,-5.387551420183700479e-02,-2.485739956987941535e-01,-1.200317171300311313e-02,-2.803101707242789536e-02,-1.235649488621650971e-01,-3.209993209389902513e-01,-7.336028634485711186e-02,-1.239141556693739432e-01,1.305428655841918695e-01,-5.762126060728435528e-02,-1.453587665329471590e-01,-2.154339314944122563e-01,7.709777619498972556e-02,-2.399494489495914151e-01,-3.766256317556585659e-02,1.073437692102985341e-01,1.623074538088906116e-01,2.382170449032030429e-02,-8.983461517671310209e-03,-1.571790336751254791e-01,-9.457450261370080324e-02
-5.728072637264051969e-02,-2.876056527202531798e-01,3.493497202121257500e-02,-3.084850758659868908e-01,-2.344285175307397606e-01,-1.100157408775286061e-01,-1.725829726573270828e-01,6.088143138153301326e-02,-5.179120641814362047e-01,-1.370730307765050671e-01,-2.970074120198816225e-01,-2.763245399275841563e-01,-2.216287134235470080e-01,3.453335537677997003e-02,1.489884398165017831e-01,1.831869498949015296e-01,-2.032569329223162247e-01,-3.803887632962101861e-01,-1.467660697391263702e-01,-4.786772165402656820e-01,-2.650527546702973192e-01,-4.230714954154138896e-01,9.469949296184843046e-02,-2.043771626004785846e-01,-3.286155224594233815e-01,-3.711239490135467278e-01,-4.307284437723603032e-01,-6.556595688387125698e-01,-6.896591072010151979e-01,-6.775060448929143275e-01,-7.167628164878686592e-01,-7.799626592767356925e-01,-5.000252435901246795e-01,-3.036293781139627335e-01,-4.591045978312027209e-01,-7.660418495403782668e-02,-3.718601290907148083e-01,-1.528400993509368144e-01,-1.963474449407724420e-01,-4.087181356152148615e-01,-1.443859114576922509e-01,-1.651245844665646390e-01,-1.955080805085313012e-01,-2.058328668887071389e-01,-1.076682702450761225e-01,6.844172562638191348e-02,-4.946417548941721698e-01,-4.121238195860322390e-02,-2.316241750533515054e-01,1.086926746773972940e-01,-1.954903836271656425e-01,7.596099675606167445e-02,-1.450174647865034028e-01,-7.235799806025570990e-02,-1.474686026674896788e-01,-9.933759939350107759e-02,-1.365657926802083533e-01,-1.377419519056804487e-01,-4.165394806396998106e-01,-9.950092513742203951e-03
-3.156474454329582895e-03,-1.245327678212221761e-01,-1.801735641424699330e-01,7.249789408986795358e-02,-1.827963923595807283e-01,-1.161158849785739050e-01,1.812297753201150829e-01,1.396917992668047503e-01,-1.259085049666468781e-01,-7.985000569686326322e-02,-2.102852654230766283e-01,1.034837012462446193e-01,-1.321341771979687996e-01,1.311707629375197248e-01,-1.529064141791976472e-01,-7.728879134598112821e-02,6.756204097492460314e-02,-3.879197950381841897e-01,-2.544220186462252120e-01,-3.625043944899253856e-01,-3.842494159042980639e-02,-5.444154840011283802e-01,-4.943157909359158220e-01,-9.877743306478434238e-02,-3.923658315367259952e-01,-5.284316483159855471e-01,-4.992167621575496206e-01,-7.085911409436090880e-01,-6.792742527312862766e-01,-7.233279092964554069e-01,-7.776063805754848124e-01,-7.299613172999477317e-01,-6.069755124601791119e-01,-5.032765098808914539e-01,-4.768942281082331758e-01,-3.170925467760386529e-01,-2.814849615951215411e-01,-5.488441801788697116e-01,-1.413767248232578599e-01,-3.436336628929574921e-01,-1.591276786432257728e-01,-4.019100832055103045e-01,-1.319043409120984056e-01,-2.492360416237849804e-02,-3.254356833419799755e-02,-3.306908142402216200e-01,-2.201007085837209942e-01,-8.068361668225261518e-02,-2.275011686256426524e-01,-1.401606570347274094e-01,1.264456929520026418e-01,-2.702058988735643319e-01,-2.886869955193962500e-01,-9.292731133948402278e-02,-2.439568013208279762e-01,-1.884762652663260485e-01,-1.558880999388787547e-01,-1.088625999232828434e-01,1.476589412206087346e-02,-7.193107972696552443e-02
9.568946120848705050e-02,-2.861875272468129561e-01,1.658821727514508682e-01,-9.021944822561407673e-02,-3.600297443560260824e-01,-2.612375524334091259e-01,-4.071110949134582740e-02,-2.694487541402410535e-01,-1.850938779273688939e-01,8.401082800532053141e-02,-2.173159957402073239e-01,4.086471201420270594e-02,-8.612579610327331103e-02,-1.255780208848081003e-01,-3.989276289095840949e-02,-2.337580502542598582e-01,-3.066010737315745249e-01,-3.056740700191151738e-01,-2.430131039250268965e-01,-2.753325167779033800e-01,-2.189707847681297836e-01,-3.443569588094447242e-01,-2.970371887250626841e-01,-6.175531942078810177e-01,-4.016867215141330938e-01,-3.910256477615060566e-01,-7.350738175026855226e-01,-5.491627544564624541e-01,-5.803021144474265203e-01,-7.516733102793988763e-01,-7.011634583865373749e-01,-6.378192363217713989e-01,-6.648280860285489258e-01,-6.314772161328500166e-01,-3.948634454781320136e-01,-4.344317391839274123e-01,-3.872498677605812900e-01,-3.284040716788233505e-01,-2.399793043300175732e-01,-2.044429934167915630e-01,-1.721689087596554590e-01,-1.320918131509520033e-01,-1.565266622406759345e-01,-2.296065139494892215e-01,-3.214192039761140651e-01,-1.608937809312645795e-01,-4.443063564905783691e-01,-7.403190787533487022e-04,-1.123927865511678836e-01,4.704983424488265453e-02,-4.409697978753343572e-02,-4.578172541288327846e-02,-8.150781236399617935e-02,-3.319216995401683135e-01,-2.109531086720146664e-01,-1.864770505013186030e-01,-2.386135771727814492e-01,8.042694579072265371e-02,4.776046568831812666e-02,-1.462255941112472202e-01
8.623944963197481550e-02,-2.129216433605792269e-01,-1.964097364914749733e-01,-6.913081601976514556e-02,-1.533411115558700466e-01,-1.094928364762959710e-01,1.672436899425186474e-01,-1.108540201800587398e-02,-2.120692287173906454e-01,-1.397086775881329346e-01,-2.939581881389287735e-02,-1.212869624569864191e-01,2.485972833388229095e-02,3.377714186300834198e-02,-1.462365482773365921e-01,-2.042072296263944542e-01,-4.372219639179839024e-01,-1.730557297221565760e-01,-3.515355455780594940e-01,-2.300152924826305012e-01,-4.875742435480872605e-01,-5.818720604203148072e-01,-5.105876341514880012e-01,-2.939550342752190737e-01,-3.234957199344200007e-01,-4.944037784269997848e-01,-6.570303218274229362e-01,-8.082573552246984372e-01,-7.016889971438862172e-01,-7.127378688825133368e-01,-7.359451455611736304e-01,-7.441890588749047186e-01,-5.320456480045928638e-01,-5.132825254070374488e-01,-7.219023027626839673e-01,-4.663219107069263569e-01,-5.490402696135141536e-01,-3.662916446706997453e-01,-3.036625699759637476e-01,-2.828284493405311961e-01,-3.033143840442079631e-01,-3.424898360750603388e-01,-2.217598864155464200e-01,-2.022206059861854643e-01,-3.100936563415815361e-01,-7.159834286925370953e-03,-2.407361234191410515e-01,-2.823001427558244347e-01,-2.745690469945732959e-01,-2.458664880663784802e-01,2.036109473293390426e-02,-1.314547361772997469e-01,-4.394720709536627246e-02,-1.184132851089534852e-02,5.370707547935232862e-02,-7.424374318879789492e-02,8.618243313666858196e-02,-2.891763124321259509e-02,-2.021646110679534980e-01,-6.237535942920140186e-02
3.525787662160044522e-02,-1.070312523528001991e-01,-1.304480183630229995e-01,-2.256612207251038060e-01,-1.220099025133129650e-01,-1.820802911354364451e-01,-3.967988924529647354e-01,-4.199586986258540405e-02,-2.717797351672958106e-01,-1.006095697512042475e-01,-1.644003954574864423e-01,-6.647303230365872451e-02,-8.682057690155176033e-02,-6.789260872762931109e-02,-2.174820357836492746e-01,-2.893418107592041766e-01,-2.530409789912031471e-01,-2.785806711792310209e-01,-4.383780241998468941e-01,-3.261119769976195126e-01,-4.079750468718986722e-01,-6.388282845430208745e-01,-5.673229327019808643e-01,-4.688630340445157363e-01,-4.764753567092674946e-01,-5.946006352771496806e-01,-7.017704067404022528e-01,-7.216547673441865429e-01,-7.077676017942725606e-01,-7.780927681918621275e-01,-7.665341135213254997e-01,-7.709627135651924146e-01,-6.446462975392289740e-01,-6.853469669532274988e-01,-4.721707907886007471e-01,-2.104799437533050599e-01,-5.318678204356928063e-01,-2.820930260752789742e-01,-2.913602739920645446e-01,-9.203827905679444477e-02,-3.003421254920873862e-01,-3.511799712327925427e-01,-2.797533880417933938e-01,-2.099120168773465633e-01,-4.503978837154564152e-01,-5.845925193416771914e-02,-3.281582143281029929e-01,-3.622596139699850726e-01,-2.053420494955079112e-01,3.929190144095577597e-02,-1.266270174183747876e-02,5.068028166892342423e-02,-2.243583275226951057e-01,-8.004607845124063481e-02,-1.436968401137889151e-01,-1.052898679428742323e-01,-1.066818910097572515e-01,-3.774896607309388696e-02,-2.474559047480812679e-01,1.894185734391094778e-01
-1.190263111075881390e-02,8.986205507896176392e-02,-9.953589138128859926e-02,6.219132057777301652e-03,-5.088741028724510368e-02,-2.338288204160428041e-01,-1.187858739113714923e-01,-5.577696341546062309e-02,-5.913298649660612971e-02,-3.769583111369395612e-01,-7.824558376400451987e-02,-3.571774021669229526e-01,-5.771381589898807313e-02,-3.331742713590450378e-01,-1.992303925933114894e-01,-4.084631384031737755e-01,-5.320000634267062489e-01,-3.313906163372302149e-01,-3.389927290536055571e-01,-4.415559512400107356e-01,-2.903436277090975515e-01,-3.877114116668815558e-01,-2.975351326873999502e-01,-2.269569043359028482e-01,-5.124114321498174363e-01,-5.362609373233804266e-01,-7.947193276295113629e-01,-6.887803506808862775e-01,-6.362987971843505619e-01,-6.776404054935625254e-01,-7.373905518137124915e-01,-8.023693260357276369e-01,-7.438107760066556828e-01,-7.476036110794276324e-01,-4.781527741749641014e-01,-7.420011346929296092e-01,-4.136643260209436623e-01,-4.276606781873604213e-01,-1.879376526106714962e-01,-4.674271139832420485e-01,-3.631074768682970300e-01,-2.078985124385719918e-01,-4.993882478256487789e-01,-3.612744726588720257e-01,-3.281092650776554764e-01,-2.479966156649170833e-02,-1.797667338349157595e-01,-2.185776038010133482e-01,-2.405948515475547222e-01,1.081022162822341121e-01,-3.575584608237712958e-01,-1.504561621391264925e-01,-3.206172398783049826e-01,-1.428684532378625971e-01,-8.514187138761793172e-02,-2.498766079202336954e-01,1.959722073306793266e-01,4.198069445436628661e-02,-2.353532400570860703e-02,-2.065493890346190575e-01
1.398839600196195021e-01,-2.038320880484830455e-01,-4.007384409631710165e-01,2.245376156976661847e-02,-2.614741476957083144e-01,-3.265744384420249391e-01,-2.154967558920934390e-01,-1.277111005084618223e-01,-2.744702531612445151e-01,-2.422893476164940940e-01,-3.485190772965649497e-01,-1.497339867509381861e-01,-1.736503020101988759e-01,-3.556838338796377424e-02,3.273537135989081776e-02,-2.263773653384116569e-01,-5.136511918956264688e-01,-2.549447910936412098e-01,-1.824101334430671129e-01,-5.993557465156671427e-01,-4.398131423118211702e-01,-5.327020445877619359e-01,-4.361371300376889470e-01,-4.513861365381693358e-01,-4.464758720138423120e-01,-6.095163913278723866e-01,-5.196384284276925891e-01,-7.360465886543082759e-01,-8.008565354334320485e-01,-7.068291733418359257e-01,-7.939960989183099116e-01,-7.549984577982292722e-01,-6.386902548870467822e-01,-6.842508774748615741e-01,-6.638755460528543706e-01,-3.199637957132553945e-01,-4.428416752497278397e-01,-4.238431249067084461e-01,-4.629159948012165349e-01,-2.586963790308874911e-01,-3.091755650964182478e-01,-3.894046069364067719e-01,-4.584999032142021980e-01,-3.304379837981287205e-01,-2.220051077779915116e-01,-1.574549746997395416e-01,-1.798963663004435054e-01,-2.081238216615268199e-01,-3.360775543916396102e-01,-5.223260741472918189e-02,-2.397376385800191190e-01,-3.003530616340020498e-01,-4.099974874019981508e-01,-1.899944902078747333e-01,-3.259936445634014635e-01,-3.372901737769730124e-01,-2.137533286312742198e-01,-1.058288573836531354e-01,1.403398784904766328e-01,-5.348989099354108795e-02
-3.075111564360837324e-01,-1.419896891879811329e-01,1.030365699123376132e-02,4.206770435407400366e-02,-1.443891038651244629e-01,-1.090356133260640126e-01,-6.341060014441178561e-02,-3.839176686280998951e-01,-2.116598280785726982e-01,-3.241676890744594752e-01,-2.568867864372337273e-01,-1.528943186368885154e-01,-4.715069570754450434e-01,-3.570577157405053770e-01,-3.420445759060916080e-01,-4.070073562799326750e-01,-3.314999332748505556e-01,-3.961818082756153325e-01,-4.808020010620737139e-01,-4.209186777626728881e-01,-4.163728439759811772e-01,-4.032268682055962783e-01,-5.950977394744613180e-01,-4.180802447789832010e-01,-6.223654909651503697e-01,-6.819697734856933202e-01,-6.861573385902359767e-01,-6.502111395982717035e-01,-7.552997105195384808e-01,-7.636302719903438341e-01,-7.121671958198025898e-01,-8.080886450748969718e-01,-6.637631399562400336e-01,-6.660225763185916303e-01,-6.614917449688061390e-01,-3.742538718817501886e-01,-5.066618790860799582e-01,-7.811426344916705400e-01,-5.215277365836246126e-01,-4.925082070656320310e-01,-3.074318849696128786e-01,-3.923305542899683251e-01,-4.109919935682687653e-01,-4.718380889787034960e-01,-3.878987301966036472e-01,-5.284362922935190721e-01,-3.414434833666580849e-01,-4.710000759028784012e-01,-3.042151815992700792e-01,-8.655481407818450823e-02,-1.614575014683563015e-01,-1.959387146696992821e-01,-3.415805330771605752e-01,-1.717699460252127830e-01,-5.244740330462847044e-01,-2.493200838503341621e-01,2.006235342086391121e-02,-3.212175869384318316e-01,-6.346236512340278080e-02,5.810334856402972481e-02
-3.932192467637685707e-01,6.451027184663833680e-02,1.747064051839691823e-03,-2.655916707621658324e-01,-2.118154532572190940e-01,-2.637577182819553778e-01,-3.056688928928405491e-01,-4.656383933775110617e-01,-4.636653825349654201e-01,-5.086463806026264578e-02,1.780341504344343934e-02,-1.755291068248108766e-01,-3.953662334127657774e-01,-2.222989041317469661e-01,-3.532767331542979727e-01,-4.149823852723053541e-01,-4.405994800693066038e-01,-4.794405853854332156e-01,-4.194516700339249171e-01,-3.305156744462419693e-01,-5.856855879584824676e-01,-7.003287380524585437e-01,-6.199641343825474937e-01,-5.600781500864793205e-01,-4.788456598975712741e-01,-7.410671451584900371e-01,-6.025129491690892625e-01,-7.242377234026828869e-01,-7.963031492869960815e-01,-8.420350412182049382e-01,-7.697829681142914771e-01,-7.003804324621506483e-01,-8.112300743045732787e-01,-7.652576673393581830e-01,-4.818646432596690454e-01,-5.689700962162940190e-01,-2.675464910282955300e-01,-4.617900307552870731e-01,-4.123447123724071628e-01,-4.263215048092502957e-01,-2.699275650032296747e-01,-2.876603078039571271e-01,-2.619421842838211001e-01,-2.765858830228421494e-01,-3.180053845377764921e-01,-3.153850026556447861e-01,-3.228135356478633033e-01,-2.699977658546472981e-01,-1.481141612162364951e-01,-2.310862129084697292e-01,-3.678847856929694932e-02,-4.417522802893847356e-01,-2.478554889527337379e-01,-1.129942764494680230e-01,-9.225395338138495105e-02,1.302859587373327889e-02,-1.820955630856801177e-01,-4.386265870392336841e-01,-1.503346015875546560e-01,-3.047665064257308876e-01
-7.501472465318179128e-02,-3.321390652839888435e-01,-4.212589859943423609e-01,-6.826800578116962170e-02,-4.668708246032320375e-01,-1.444064960821632160e-01,-3.175228609676623015e-01,-1.183546644591789293e-01,-3.204133813137355902e-01,-1.832832386859029605e-01,-3.125039460812586434e-01,-2.648134034763285904e-01,-4.795077914053371693e-01,-2.012866118272203519e-01,-3.914254087974011198e-01,-5.429342935614356325e-01,-2.612119549596388923e-01,-3.465774598155943464e-01,-1.704598511325295662e-01,-4.410524727268592682e-01,-4.720746846847986289e-01,-5.896661359375822142e-01,-4.477320391677344635e-01,-5.948194917810398774e-01,-5.041883732985381616e-01,-6.480928782954250567e-01,-6.783673943200915213e-01,-7.633110851338429370e-01,-7.863873130162588598e-01,-7.279903244713767929e-01,-8.524585104167725635e-01,-7.145293357565749570e-01,-6.771711531200209633e-01,-7.502415326915130578e-01,-6.141721467637735188e-01,-7.027487538743468765e-01,-5.931083559432097640e-01,-5.155212814670399046e-01,-5.861204191049897982e-01,-3.584374867663341346e-01,-4.610784135614111601e-01,-3.512119371313228711e-01,-1.543260150011845910e-01,-3.541810427869294675e-01,-2.454479178717211829e-01,-1.685488776254138316e-02,-2.477730896028026708e-01,-4.651129655650604877e-01,-5.775263993717494326e-01,-3.499173552785884156e-01,-3.603931442746396430e-01,-4.743241254233326321e-01,-3.717105271209119044e-01,-1.102468594289777865e-01,-1.132030399766179030e-02,-3.881394634527156606e-01,-3.931667087419965512e-01,-1.814566709048724413e-01,-1.640984528690884736e-01,-2.913471871690789805e-01
-3.990805700028839942e-01,-3.087190673190061685e-01,-1.386924243211523633e-01,-3.262688962001628057e-02,-1.310052048087003707e-01,-1.837129537185482053e-01,-3.165489383019162717e-01,-1.826348257346180892e-01,-2.211527294977418678e-01,-1.922914232239664734e-01,-4.468758217373771657e-01,-3.132180463592361686e-01,-1.759592642482457614e-01,-2.457445573168302866e-01,-3.782081646500048966e-01,-4.183189677957241948e-01,-2.932104672267774048e-01,-3.384591398157348330e-01,-4.643588307015885652e-01,-5.362196266339468442e-01,-5.157627563641786761e-01,-4.838732941532731258e-01,-4.346635133691419961e-01,-4.501276645286446110e-01,-5.908066953751605066e-01,-5.979157381338467969e-01,-6.409053556480215352e-01,-6.736144836282356163e-01,-7.513295064329362782e-01,-7.037046107422085806e-01,-7.556274089961774187e-01,-7.512495296844121651e-01,-8.073452751059125854e-01,-6.656530249203852501e-01,-7.821597677921102720e-01,-7.078047042651351983e-01,-5.776277232845554721e-01,-4.684227795226247326e-01,-7.016967502603621565e-01,-5.644709045031142125e-01,-5.506286976567448255e-01,-3.452210279514414948e-01,-2.557027217046269341e-01,-6.239987460001887865e-01,-4.674750052342250828e-01,-3.866243248572853175e-01,-1.185218514004058726e-01,-4.754302211209568974e-01,-3.311397013268269629e-01,-1.837783250164264082e-01,-2.533798776014503096e-01,-5.200738745053826717e-01,-3.186610739878117937e-01,-3.840747067928939051e-01,-3.856472049169377136e-01,-2.013758878673712616e-01,-2.248442162645249431e-01,-2.294033707970189739e-01,-1.197864915248062767e-01,-1.763033007029663757e-01
-1.665706081407379302e-01,-3.290068902626149816e-01,-5.124395317051627652e-01,-1.206585143878299571e-01,-1.476868185362748276e-01,-1.945822284450129946e-01,-4.042751564607548476e-01,-1.213665150846878760e-01,-2.067212441782081966e-01,-3.548958511261071647e-01,-2.642515024842685412e-01,-2.761360417715686966e-01,-2.939466651499146321e-01,-4.937927459810359521e-01,-3.356653866650635143e-01,-5.261206972018612760e-01,-6.413540075739680990e-01,-4.557632929348911510e-01,-5.412567910146708350e-01,-5.614627003376614356e-01,-5.864846358394844028e-01,-4.457549108303187069e-01,-6.106501355061972891e-01,-5.805679522815887506e-01,-5.570481403696846412e-01,-7.106034313740279273e-01,-6.906656354013922527e-01,-6.401331119311217677e-01,-7.112238840783845495e-01,-8.045433113547026949e-01,-7.228222497824432491e-01,-7.510360885111900808e-01,-8.448268152972554512e-01,-7.409216610034208284e-01,-6.593732902935480755e-01,-8.006547328802862129e-01,-6.155544937994381627e-01,-4.404833605445633293e-01,-5.665077179034949673e-01,-6.498949210866352688e-01,-4.590780178657642985e-01,-2.955362510259543773e-01,-1.924804579966327978e-01,-4.042804310718883798e-01,-3.385127264169937034e-01,-4.584741034076406652e-01,-5.770733517510007182e-01,-4.177683000920618950e-01,-3.578262655664340430e-01,-2.050948941905008094e-01,-3.222161904419302836e-01,-4.709019753753481696e-01,-4.785523821338307227e-01,-4.329298600322062929e-01,-3.660846209557396258e-01,-3.013159606911105515e-01,-3.449237344274127537e-01,-2.191583296337988318e-01,-1.277100055283408864e-01,-2.904948582374680122e-01
-3.719741684549767169e-01,-1.954214419033553640e-01,-1.637974400933973063e-01,-3.072299335926539365e-01,-4.054913672890992915e-01,-2.707101960493915049e-01,-3.407530563984931260e-01,-2.024138081546646428e-01,-2.731849680449258133e-01,-1.391124963163657413e-01,-3.549522340416418897e-01,-5.202878990400223724e-01,-4.484521347449179629e-01,-3.426107695563967992e-01,-4.503177525574567075e-01,-3.968495341127430409e-01,-2.351397094097688323e-01,-5.053822033022818960e-01,-4.322209190498725873e-01,-5.333244378965676935e-01,-5.376862477271611152e-01,-6.450251677541889439e-01,-4.268580916922949942e-01,-3.833947297831920009e-01,-6.613970074323682891e-01,-6.727762076973022864e-01,-7.372903766172305140e-01,-7.356821025084704369e-01,-7.512417640772222072e-01,-6.895272761598089106e-01,-7.824577501377788513e-01,-7.643528458641812851e-01,-6.956397513826140244e-01,-7.137797290330165634e-01,-8.018314505065952114e-01,-6.873007991743879108e-01,-6.555373149525076659e-01,-5.706710624859983039e-01,-4.363855485081575836e-01,-4.750712923077907712e-01,-3.705458904077587046e-01,-4.004552317232358827e-01,-5.062154711867055124e-01,-4.622305528981853762e-01,-3.398016968006433158e-01,-3.628652105433815556e-01,-2.326238767236762095e-01,-4.445250140745748979e-01,-2.427930768246589766e-01,-3.926570385329202773e-01,-2.882537553107171746e-01,-3.080258444293028086e-01,-3.443400288393542175e-01,-1.319382442976934078e-01,-1.039486698245176664e-02,-3.387541502042336061e-01,-2.003655752703717707e-01,-1.430028134969557885e-01,-2.325253298363660209e-02,6.633336336881512363e-02
-2.084309875148987745e-01,-1.296125674948449824e-01,-1.846220000547994788e-01,-3.427055558239495148e-01,-4.768878766836591732e-01,-4.160305980830938388e-01,-5.134843694544769521e-01,-1.272618859713323114e-01,-5.101981920209477384e-01,-2.974567724982589145e-01,-3.003251947629387297e-01,-3.386958084698831195e-01,-4.573531191204384116e-01,-5.249170356481359656e-01,-4.161658972169537951e-01,-1.065986368748917112e-01,-3.184425090341738152e-01,-2.486284217360469062e-01,-5.529499120216330166e-01,-5.740621065721842609e-01,-5.046571454790044209e-01,-6.774746736747687681e-01,-4.729314852389523982e-01,-6.152231024141479043e-01,-5.617784856714578279e-01,-7.146751499183745526e-01,-7.505202117135658657e-01,-7.977638207410002735e-01,-7.169208967647781039e-01,-7.913406509863479821e-01,-7.723734125213763679e-01,-6.261840197981680678e-01,-6.501083756042322914e-01,-6.724194818601768597e-01,-7.703847648923208835e-01,-7.722930044317128928e-01,-5.483084009264165282e-01,-6.319626004172916867e-01,-3.785543992494116994e-01,-5.586404073957298433e-01,-6.756212077179467590e-01,-6.088538496453230753e-01,-1.994897583659433482e-01,-5.389172845945160439e-01,-3.525164813388256269e-01,-3.696064354050580536e-01,-4.292117843891509743e-01,-2.373152078708496426e-01,-5.308905719233250053e-01,-2.057542215475932912e-01,-4.276310066285125555e-01,-3.595210230390887274e-01,-2.773363455593310101e-01,-3.171573635756940179e-01,1.003271153272761868e-01,-4.401448401081061168e-01,-4.157148891260885049e-01,-3.561934672765826315e-01,-3.538995728140743591e-01,6.535857205931538960e-02
-3.398446666490785306e-01,-1.490956063843814627e-01,-9.041807829396344975e-02,-3.478694161967758602e-01,-1.173522280163750986e-01,-1.446805862631901363e-01,-1.887596179469671065e-01,-5.923220757182604546e-01,-3.964515038986902162e-01,-4.462688486167956659e-01,-6.215945558363635826e-01,-5.392635531876399657e-01,-3.757855803280725215e-01,-2.716976818260829485e-01,-3.929343774918048759e-01,-5.478320000295655579e-01,-3.417536784521418847e-01,-3.831739837985567165e-01,-4.458255483724512525e-01,-4.851338919385890236e-01,-5.540314171410866129e-01,-7.252142647903229156e-01,-7.659876252483367454e-01,-5.914122354387242320e-01,-5.446642575363112027e-01,-6.738090698185448257e-01,-7.094319699352478192e-01,-7.139640156776368984e-01,-7.357121321276114401e-01,-7.670150254042396032e-01,-7.278645914684797047e-01,-6.962272530058725151e-01,-7.378962788762589708e-01,-7.318775213321254691e-01,-7.651892156665194289e-01,-5.563361732806813009e-01,-7.587944696598685201e-01,-8.155118158784329108e-01,-5.179838670470929829e-01,-5.975956252133258761e-01,-5.677094729019875885e-01,-4.466455506465947245e-01,-3.786167572700923634e-01,-4.361298377703228257e-01,-6.678359134910716310e-01,-3.175120360924392204e-01,-4.032290413929601192e-01,-3.989577843686626935e-01,-3.993282089403912827e-01,-3.735366360716670941e-01,-3.140500989958642797e-01,-1.548127409596130044e-01,-1.511707934005020459e-01,-4.430364336441821038e-01,-2.140347347614698914e-01,-4.529039041970246982e-01,-4.318069552376107012e-01,-4.281664330465416168e-01,-1.840522577221028744e-01,-1.869949452971698955e-01
-8.130391252759790188e-02,-4.846566801724687679e-01,-4.132338605748214211e-01,-2.116222035423745429e-01,7.263146172970688652e-02,-3.449661454333902699e-01,-1.422726654767943466e-01,-2.764277454977020487e-01,-3.293176068233706899e-01,-2.272666867240658028e-01,-2.952015241581913418e-01,-5.844224083636544442e-01,-3.080646248692103795e-01,-2.994430400020824945e-01,-1.347523508210776710e-01,-3.059048390596988964e-01,-3.685925012728475392e-01,-4.528284054028066663e-01,-6.341737133122360426e-01,-5.252564919882363181e-01,-4.367489651058530375e-01,-6.959830240406402746e-01,-7.472585254547594591e-01,-7.782446466094568027e-01,-7.203965480594967108e-01,-8.127916638936302229e-01,-6.427368400889413858e-01,-6.851120669249961548e-01,-6.847000597038432890e-01,-7.563737050584077304e-01,-7.716971070049394310e-01,-6.890023926870930682e-01,-8.066973707742493005e-01,-7.403794995341925755e-01,-7.602769443548544892e-01,-7.060926941254465072e-01,-6.151087862798618744e-01,-5.854909833384895901e-01,-5.737809057733962437e-01,-4.619222312146825660e-01,-5.125240657855730797e-01,-5.460093511822446954e-01,-4.933597400181954917e-01,-4.581314406485647028e-01,-2.471254991415107460e-01,-5.470379986712886611e-01,-3.528867047042515415e-01,-1.884652898842241464e-01,-3.509581015580113261e-01,-3.316817198598590588e-01,-4.351949197075762887e-01,-3.058162028318142101e-01,-3.531412179444818333e-01,-2.557162803029354170e-01,-2.189686537105874076e-01,-1.844380822282684629e-02,-4.271073719977113714e-01,-3.281079032573641641e-01,-3.999512145656202722e-01,-4.724009781527531149e-01
-1.461170126714770034e-01,-2.897139006575468745e-01,-4.238350673258092227e-01,-3.422085515499128650e-01,-1.810774476964145951e-01,-4.312823515038825550e-01,-2.048131082007346726e-01,-3.608378579732097746e-01,-3.486512028061430901e-01,-2.954044056321284417e-01,-3.515887811343150204e-01,-2.878016610858771807e-01,-5.900465881052390227e-01,-1.858916844631074983e-01,-5.791211273827431283e-01,-5.300744722946896248e-01,-3.091085684691334823e-01,-4.665072623400732255e-01,-4.306479968708888384e-01,-6.051055019280793257e-01,-4.206477807322540619e-01,-5.984851994334666747e-01,-4.723130346602181229e-01,-6.303569181997739079e-01,-7.141608461721529189e-01,-7.109656021752860378e-01,-6.442746769555737218e-01,-6.978289431499634654e-01,-8.264618895678242927e-01,-7.602785742391114931e-01,-7.966710569885792070e-01,-7.679060995425983638e-01,-7.578294445006147351e-01,-7.502568434191987379e-01,-6.072395141149448117e-01,-6.492671908636096223e-01,-6.448974565714378215e-01,-5.737390731987063175e-01,-5.053205962130974394e-01,-6.582280505107620527e-01,-3.386551334112311018e-01,-3.628243762686394480e-01,-6.045485696307240087e-01,-3.062441272580834206e-01,-5.652531076384109676e-01,-2.892549981179011742e-01,-6.395592994641262630e-01,-3.739147920009486814e-01,-3.934003089549198973e-01,-4.302042267883451343e-01,-3.427578958317458735e-01,-4.018443945818256369e-01,-2.252408455363405504e-01,-2.171485818409117363e-01,-2.406982716595424121e-01,-1.776644139348408924e-01,-2.858305795394741056e-01,-4.232940724102970398e-01,-2.989593318285697077e-01,-3.066240049735454165e-01
-4.335031633960788611e-01,-3.825990586853605380e-01,-3.587835337119719137e-01,-3.792893058621099600e-01,2.056746649762429893e-02,-4.988095068454239112e-01,-3.000650541609156674e-01,-4.687109479718218341e-01,-3.766537607942272992e-01,-4.119023498438997288e-01,-4.674398261932516396e-01,-4.971698711806409321e-01,-6.769356897635298020e-01,-2.478232808988987956e-01,-5.022880651057098911e-01,-4.119367199229154730e-01,-3.100898690035773231e-01,-5.113620405598581220e-01,-5.274621257618876680e-01,-4.630236998018530947e-01,-4.949952053200181723e-01,-6.596358489141460613e-01,-5.196150761337595680e-01,-5.666101686857339947e-01,-6.917390408585866179e-01,-7.662557803079366181e-01,-7.724882887994903857e-01,-8.065580759390662546e-01,-7.220077526419567127e-01,-7.381273800346758174e-01,-7.371214642931225303e-01,-7.893956159323114452e-01,-7.377929792464644754e-01,-7.286065680997246830e-01,-7.327660744956191463e-01,-6.365975618585635321e-01,-5.683933984167683917e-01,-5.457567491842458818e-01,-4.267061454966905032e-01,-7.125328370170244119e-01,-6.234338647117038112e-01,-4.098717573522787094e-01,-5.085951333827987142e-01,-3.092008059230552108e-01,-5.405125635777949800e-01,-6.601707606065344569e-01,-4.623593799901831725e-01,-5.158626102782802869e-01,-1.924823545228569466e-01,-5.140234658870564965e-01,-2.404151727378999459e-01,-7.380765634886377047e-02,-4.311833386738464502e-01,-2.873361367683858192e-01,-4.971404311304247203e-01,-3.997188619864019410e-01,-3.225389699418682588e-01,-4.635671861876346500e-01,-1.770293430550468616e-01,-9.163038534091214049e-02
-2.007164719369369243e-01,-5.202953505231798781e-01,-3.179488812552550003e-01,-4.925881540214341880e-01,-4.197228006451108051e-01,-1.329584660059903167e-01,-4.064449012490291002e-01,-1.975592904797651428e-01,-3.860291813132062932e-01,-3.187750997908191386e-01,-3.691200869503212245e-01,-2.446073578629119061e-01,-5.262934527762110903e-01,-2.579881912782653886e-01,-3.038635589021693728e-01,-5.879425482725743057e-01,-6.050473391794362055e-01,-7.371625915769477455e-01,-6.723074210433688247e-01,-4.877728297712700112e-01,-6.776229347400291037e-01,-6.345027058852942270e-01,-6.779852652543285618e-01,-7.130681855403862013e-01,-6.277732844574905879e-01,-7.343774130491768082e-01,-7.678757940105420676e-01,-7.671947547862586481e-01,-6.762074735651796287e-01,-7.487181028136149497e-01,-6.937811859158415917e-01,-7.437651283911856925e-01,-6.392432389057858266e-01,-7.419520516120643450e-01,-5.789754520306374941e-01,-7.073406753697600857e-01,-6.349623332682496901e-01,-7.931121879885151271e-01,-4.949183993489712496e-01,-5.237997121339338369e-01,-3.615359985584362112e-01,-4.509010583099037350e-01,-5.202591363247572875e-01,-5.042337573773462145e-01,-6.154290696439678188e-01,-6.531176225985289019e-01,-3.045116051123403222e-01,-4.699618906182926881e-01,-5.114957016641682452e-01,-4.851828418322606806e-01,-2.612285983938463785e-01,-6.181172492032331878e-01,-3.485761372380729584e-01,-3.725106700766375734e-01,-1.763701355268530446e-01,-3.359629955821683556e-01,-2.327809130147252825e-01,-3.514102979078927436e-01,-2.939528056016057489e-01,-2.110722951542770010e-01
-2.295688687854000598e-01,-3.102215053668959666e-01,-8.784965162637051184e-02,-4.277640764799742756e-01,-1.708398521120566838e-01,-2.056599700534678943e-01,-4.051793411381665599e-01,-3.092454769199778353e-01,-3.007268916768377487e-01,-4.277574045186949836e-01,-3.562698009744587613e-01,-3.524400596853406453e-01,-2.894414408675555217e-01,-4.892607667782146730e-01,-5.268382404267862862e-01,-3.672965122038266417e-01,-6.795343421922385163e-01,-5.215129786494960840e-01,-6.181161967965232984e-01,-5.601983813341647744e-01,-7.560874141915239210e-01,-6.602812591119269214e-01,-6.832822536567548788e-01,-6.560726710461344258e-01,-8.646753280411161313e-01,-7.729600004066041752e-01,-7.784368104142016520e-01,-7.552787339851316784e-01,-7.330600336011541263e-01,-7.952691323340204121e-01,-7.101101617231287966e-01,-7.595863824401144493e-01,-7.078012037527026123e-01,-6.583375229728865019e-01,-6.905944920533072517e-01,-6.596789765815131990e-01,-8.564217574148234036e-01,-5.934262598310564574e-01,-4.844762448871217098e-01,-7.775003590087553595e-01,-7.766034371427004146e-01,-4.461234687191815707e-01,-7.264549757908581595e-01,-4.574812846305317260e-01,-4.262752552364367231e-01,-4.012649417733564761e-01,-4.634205296892789372e-01,-4.708729040092950457e-01,-6.505291520425959817e-01,-2.763143177293352903e-01,-2.949575375975569957e-01,-4.249307939618532926e-01,-5.567372841218780621e-01,-3.305411762785197549e-01,-4.371924132275985531e-01,-3.795251264772395716e-01,-3.149311044812889149e-01,-3.880042575024368334e-01,-5.213764601865440440e-01,-5.504216314554708500e-01
-3.973284663366726810e-01,-2.108691344225472886e-01,-4.200300469063549258e-01,-5.746511557702055351e-01,-2.737551321304343421e-01,-4.420791666891881744e-01,-2.260074903721457640e-01,-4.522662519205046250e-01,-3.477624596434930604e-01,-5.410733805615512981e-01,-4.223148179620518361e-01,-2.902243713842352357e-01,-3.517476616839405046e-01,-6.628328401790728464e-01,-5.403063820213462876e-01,-5.557127979894979086e-01,-6.432561453184624245e-01,-5.017458844956043107e-01,-5.526512477849274685e-01,-7.702941309487086885e-01,-6.794386095279075777e-01,-6.391332703585741459e-01,-6.487018268387862996e-01,-6.329289530867198144e-01,-6.595765041648367077e-01,-6.282386190201839637e-01,-7.967112793364325984e-01,-7.340006944748693751e-01,-8.174353096639317418e-01,-7.387499273995193905e-01,-7.568479475441600712e-01,-7.520047663367077639e-01,-7.051078594429963653e-01,-7.063867444287104114e-01,-8.362751501776694019e-01,-7.530025142664864557e-01,-6.445192599971119041e-01,-6.394555917072175522e-01,-3.591408523120067642e-01,-6.214476530681131150e-01,-8.395708962882798554e-01,-5.843045945174960565e-01,-5.135206382642840683e-01,-5.936534563023093680e-01,-3.710683553730939610e-01,-4.433108114070589134e-01,-7.535495227718695954e-01,-5.357099464903500863e-01,-6.753368327188671305e-01,-3.280247275467059187e-01,-5.528592295952506896e-01,-4.783308719286682442e-01,-1.556741508885977343e-01,-5.686916833941252358e-01,-3.203412465468503667e-01,-4.522112669671054519e-01,-5.558246779450586317e-01,-2.922165770129118711e-01,-4.858913221541224514e-01,-3.356171625301011541e-01
-2.395512154384543957e-01,-1.630308846733351524e-01,-4.294830033271429537e-01,-2.463415206284542691e-01,-6.729327064737027353e-01,-2.830782167528294591e-01,-6.023602620654290307e-01,-4.030483833983710129e-01,-3.216023754492799980e-01,-2.853680576405780434e-01,-4.822553784490823392e-01,-5.553646607545711378e-01,-4.590314993549901024e-01,-2.685605121669086270e-01,-5.110701699177687685e-01,-4.801201177674368492e-01,-4.518937099188591877e-01,-5.717235509525826487e-01,-4.214731843580151183e-01,-7.600975593903382954e-01,-6.466379841283338425e-01,-7.185129866335360216e-01,-6.681172404650083108e-01,-6.917404965689620822e-01,-6.340803296757876462e-01,-7.023937432123612545e-01,-6.506566469790928675e-01,-7.977977383019061453e-01,-6.971739847923205113e-01,-7.962464561537825336e-01,-7.073792187795389097e-01,-7.584196566812549944e-01,-7.108475741767580347e-01,-7.486216155669815908e-01,-7.074271680684439678e-01,-7.236807029299786587e-01,-6.105509539490795445e-01,-6.544430124656891445e-01,-5.969708537300328910e-01,-5.684258356582587712e-01,-5.867031536118803015e-01,-6.588334192189637672e-01,-3.846046090166225229e-01,-4.004977988883401396e-01,-3.445563667662002727e-01,-4.102763194283606252e-01,-2.974566819714916655e-01,-4.589752225807227082e-01,-5.187658439287166079e-01,-4.683409162481467769e-01,-6.235582212238683919e-01,-5.588187520888332482e-01,-5.678066839142312805e-01,-2.080273035462583686e-01,-3.938664698990778645e-01,-2.905700662639427168e-01,-2.931599513521243594e-01,-5.173070251887899040e-01,-4.851689338328027401e-01,-5.562834818713281448e-01
-2.791940512789288786e-01,-1.357695254003308261e-01,-2.363502041605551884e-01,-5.039926926037858745e-01,-5.020915018425052834e-01,-4.087727452496289215e-01,-2.688632476621749534e-01,-6.116713254000162303e-01,-2.638265962071843496e-01,-2.765139742244352994e-01,-5.078650847074726027e-01,-4.323086505570363225e-01,-5.678775669246315383e-01,-5.794032901146246584e-01,-5.680416563731107704e-01,-5.765095827726669508e-01,-6.525590118080539792e-01,-5.334094667041228144e-01,-4.327820792457359178e-01,-5.345653426721294066e-01,-7.212291780128528007e-01,-7.662134029870022456e-01,-7.222482654829872617e-01,-7.230224594742173938e-01,-6.780980901136139938e-01,-6.956753215094588771e-01,-8.153474617644949074e-01,-7.595472423127155315e-01,-8.384257232545587746e-01,-7.905627152412720848e-01,-7.064055881179998053e-01,-6.741404947630572631e-01,-7.729085675724776117e-01,-7.039432997890429089e-01,-6.231764670962937069e-01,-7.561270296588691320e-01,-7.201013506274285270e-01,-6.892716582944994341e-01,-6.209477928309655725e-01,-4.758613595707249511e-01,-6.441925203158620494e-01,-6.047160113584623131e-01,-4.672474154815454694e-01,-3.703375880983404422e-01,-6.657004392428792494e-01,-5.614961841619748872e-01,-4.384312526791057651e-01,-5.463407879216988228e-01,-3.780662172104192198e-01,-4.168683767530751427e-01,-4.711995053870506878e-01,-2.631231314159206969e-01,-3.598311294397010252e-01,-3.476586675323117825e-01,-2.919378590956566155e-01,-2.802011823434861215e-01,-5.780240232582821713e-01,-5.856096655504232640e-01,-4.107535721034231146e-01,-5.650692215490769055e-01
-3.973589159583195141e-01,-5.153664758830429626e-01,-3.330077182041499273e-01,-2.752616101533900683e-01,-2.988444772243197822e-01,-3.623967498362703488e-01,-3.806969578164896562e-01,-3.230132656735321683e-01,-4.565252938186015186e-01,-2.536984252838473397e-01,-3.344296007541349702e-01,-5.294812241235574701e-01,-4.136816113214340507e-01,-3.018333872836437282e-01,-5.500885257209640056e-01,-5.069005269365295385e-01,-6.906545475827741143e-01,-6.719837496053961967e-01,-7.297824170043315517e-01,-7.434864607594587893e-01,-7.303830709125784804e-01,-5.445016699504268143e-01,-5.908320206521312512e-01,-7.118685624851743832e-01,-7.401662768202903475e-01,-6.864032480560474658e-01,-6.419357118537352136e-01,-7.041881817730228921e-01,-7.941305767181661146e-01,-7.595384587153627409e-01,-7.127515248692873895e-01,-7.379019544778878670e-01,-8.262973045126844607e-01,-7.200956442843674532e-01,-7.630850201116106124e-01,-7.036416730797738772e-01,-6.879882854111050161e-01,-6.525511131331895864e-01,-7.225934382235122966e-01,-4.785375586586051999e-01,-5.227886139507683660e-01,-5.810373364224646897e-01,-4.444462588036327544e-01,-7.610926203201444640e-01,-5.292543170321740709e-01,-5.219646800860250346e-01,-3.321728777932412835e-01,-4.335298689922410520e-01,-5.228506184804913026e-01,-4.076938493276633935e-01,-6.424320992109195938e-01,-5.060284963393550939e-01,-4.226076748151074147e-01,-2.077022124483097198e-01,-3.146806378228961254e-01,-2.330092583690518693e-01,-3.953556224916870421e-01,-3.609199316390041545e-01,-2.250180725973337792e-01,-3.669341812986165463e-01
-4.045358383248139900e-01,-2.274954018504149467e-01,-2.981465197163253866e-01,-6.731910334026275367e-01,-3.309108875263736538e-01,-3.539453711852637019e-01,-3.680098052562256750e-01,-3.754792991924387202e-01,-5.384229397818054430e-01,-3.274589878271522703e-01,-4.493721425450988849e-01,-6.159642564821512511e-01,-6.563389485084424324e-01,-6.879608636025367208e-01,-4.114304489875282300e-01,-5.327045815912929694e-01,-4.190888980787462748e-01,-4.800856615472333111e-01,-7.697500373971581933e-01,-5.768051154111438761e-01,-5.681990855303138410e-01,-7.141557653359316138e-01,-7.574124378765603183e-01,-7.381682428853212352e-01,-7.231427831515540028e-01,-7.777590080079566093e-01,-7.232726468627490579e-01,-7.906699453280620071e-01,-7.549319991916824124e-01,-7.801023074656294742e-01,-7.340657716881844319e-01,-7.326212491587631437e-01,-7.673776616969094633e-01,-6.566942193337765854e-01,-7.196871987899678969e-01,-5.790515008124061946e-01,-6.220779561618534625e-01,-7.619986372173087608e-01,-6.046965092027551947e-01,-6.269110046828966221e-01,-6.027273789481671917e-01,-5.586747774188260962e-01,-5.739889950576044786e-01,-3.940547128732484472e-01,-5.795705670675835863e-01,-6.338043356635354453e-01,-3.952550169485223863e-01,-5.657683445491459295e-01,-4.202151538772835870e-01,-5.639893193222225154e-01,-4.492913287568441882e-01,-3.132148033115348396e-01,-4.689799827172286273e-01,-2.590039032736378699e-01,-5.539735315910668811e-01,-2.632043660638885840e-01,-3.264351418558069096e-01,-3.018470259703577852e-01,-2.470611766096476869e-01,-3.875113228831034151e-01
-4.176302526330760712e-01,-2.493314594542697105e-01,-2.760663314092749454e-01,-3.331978073133613494e-01,-5.130493437066847573e-01,-2.862422201124861787e-01,-4.828603616371905938e-01,-3.220968439382020376e-01,-4.880156773543376514e-01,-3.266526822262089125e-01,-6.883820989601516782e-01,-5.300747231732170217e-01,-5.965480781631008478e-01,-4.200084633943761969e-01,-4.878857919172673863e-01,-5.005955432890886181e-01,-4.059357547061681615e-01,-5.719215142585222234e-01,-5.680663550988982458e-01,-6.978917354201350509e-01,-6.721515222226952524e-01,-7.872502382351117545e-01,-6.733677672493527666e-01,-7.244625874092747164e-01,-5.815616138978796368e-01,-7.748570179263847280e-01,-6.681135535797420033e-01,-6.918495462528334583e-01,-7.880719755008489535e-01,-6.238904869613410842e-01,-7.397141840118749423e-01,-8.142559041635870631e-01,-6.653487796511946550e-01,-7.714772400957734533e-01,-6.813698087764994415e-01,-7.159315942794919341e-01,-7.713128317779164300e-01,-7.110579538923297305e-01,-7.870423670566517593e-01,-6.125940590909884076e-01,-4.440477139981039434e-01,-6.245767757020358468e-01,-4.865778704872032456e-01,-6.100750659501106288e-01,-6.172926326797666396e-01,-6.039380545170980330e-01,-5.793829767958900145e-01,-5.664030207465404754e-01,-3.598355945579465587e-01,-7.053525366886842507e-01,-4.939842338596819316e-01,-4.042763232856197986e-01,-3.551542284187217957e-01,-3.555615475387273738e-01,-3.279487920437059723e-01,-4.646648587605562986e-01,-4.909802939577417868e-01,-4.876144124078264919e-01,-3.943258203564687925e-01,-3.101828430369474310e-01
-1.931627034025787670e-01,-3.331588077221084854e-01,-3.924524700884530759e-01,-1.713715772617287192e-01,-3.651720092541825280e-01,-4.164911498675777368e-01,-4.625681022800001152e-01,-2.695288724052842255e-01,-4.612808320622387437e-01,-5.199153579746687015e-01,-5.407534580546531355e-01,-5.449518496059443384e-01,-4.218961581486809775e-01,-7.135552723649111195e-01,-5.875880820544464589e-01,-6.583131167478837309e-01,-4.557921540982056152e-01,-6.098906731161679584e-01,-7.119465074012926165e-01,-7.514498192627987461e-01,-6.884250259579307585e-01,-7.159295308530305713e-01,-6.052667891572798275e-01,-6.211892769212989940e-01,-7.258916175311114216e-01,-6.162859227893353609e-01,-6.945590680574069697e-01,-8.244524551035276039e-01,-7.504750920789322599e-01,-8.194170391850239543e-01,-7.841799290897331076e-01,-8.015730942190074648e-01,-7.082596399964147249e-01,-7.646774774051599000e-01,-7.261287901960631341e-01,-7.508102207684876905e-01,-7.383713454676841259e-01,-6.296044965379323788e-01,-6.225789001383201793e-01,-7.098907512274363896e-01,-6.813115943054669499e-01,-4.930366479492261367e-01,-5.238465216649007550e-01,-6.974885482839873196e-01,-5.737152435354663238e-01,-5.769430388468783644e-01,-3.765283641679332272e-01,-7.201004133200072932e-01,-6.856599357754407098e-01,-2.327549619791079161e-01,-4.613430487258917689e-01,-4.927073513266527205e-01,-3.976270893372294002e-01,-2.565387921131027649e-01,-4.373090593851871044e-01,-3.828780253912792420e-01,-2.678328660812326900e-01,-3.036939269388443385e-01,-4.692053956500602530e-01,-4.567083919064802155e-01
-1.749397825736477008e-01,-4.992327233366873895e-01,-2.748669745668513853e-01,-3.825038775403715174e-01,-3.779712817335968422e-01,-4.222566413129036356e-01,-5.304367599595557481e-01,-4.897167029732809596e-01,-4.659968954850824407e-01,-4.232896586124362814e-01,-3.697163385987041195e-01,-6.295737502676856945e-01,-3.450771210801129585e-01,-4.747359566649754226e-01,-6.380947799232760120e-01,-6.678743631837258388e-01,-6.568090492065419284e-01,-6.071580017111952721e-01,-6.592110157035400153e-01,-7.047600202816356463e-01,-6.717883875738270838e-01,-6.953674224005443882e-01,-8.263741809276595740e-01,-7.618683178061329553e-01,-7.528049869562838392e-01,-7.679931170873229851e-01,-7.401779864819625354e-01,-7.331235409642068435e-01,-7.658888024075688472e-01,-8.014340333028426855e-01,-7.519500156023820603e-01,-7.000659893350069662e-01,-8.330382425502376176e-01,-7.791912223339787502e-01,-7.489309560317016778e-01,-7.328077560369341548e-01,-7.645385722970403641e-01,-8.353696325652494314e-01,-5.843759700548061264e-01,-7.729893435985000227e-01,-6.390900266043142430e-01,-4.271713185542417301e-01,-6.042239586550203212e-01,-6.183501838508713710e-01,-5.019948542113655821e-01,-4.203572292412109945e-01,-5.947604875237186839e-01,-3.735810538092313449e-01,-5.599362267980703134e-01,-4.863482046941973169e-01,-3.535227800484798122e-01,-3.131185620658017421e-01,-5.264893297625562463e-01,-6.608961374602115857e-01,-3.655954522085234637e-01,-3.321623291103518727e-01,-3.907590998862452980e-01,-3.165001904262062515e-01,-4.497456749958910760e-01,-2.559827949251426427e-01
-3.519178415636688984e-01,-2.136535418998911917e-01,-2.465316230024371669e-01,-4.878256869976743682e-01,-4.618410386460068962e-01,-4.836594583122384994e-01,-4.895928621566009165e-01,-6.085312573890384602e-01,-4.702393138701013164e-01,-6.102440777176358910e-01,-5.083886176779931487e-01,-5.930380634709491172e-01,-6.518307001767296160e-01,-7.295350849190079812e-01,-5.418578386018289006e-01,-6.509877988344398014e-01,-5.775674656534049989e-01,-7.314030116157993477e-01,-5.041258965277990445e-01,-6.203187129405767219e-01,-5.928615977918242352e-01,-6.268718193246961556e-01,-7.661608503628060118e-01,-7.441775469302450707e-01,-6.523128923023363557e-01,-6.994710731054433195e-01,-6.803182546788776319e-01,-7.096218700927167111e-01,-7.045028456997413091e-01,-7.675068574951304790e-01,-7.904719365907042494e-01,-6.610115360423363118e-01,-7.924509511168149611e-01,-6.384054201719612243e-01,-6.903792546426081866e-01,-6.149515000589278468e-01,-7.216057918876712662e-01,-7.443011788446834975e-01,-7.824297027192734788e-01,-6.278907763171959200e-01,-6.509743722322540727e-01,-5.018681986552990804e-01,-4.540278544587308396e-01,-5.778315240490927707e-01,-5.745314432257360160e-01,-7.437748640499025621e-01,-3.878447327326327576e-01,-5.503054389439447913e-01,-3.798256606807716151e-01,-5.203553554978376239e-01,-4.543402626118054899e-01,-6.578661854851099999e-01,-3.702081558434433539e-01,-4.501946134597882287e-01,-3.554542400946639757e-01,-4.696395764012349927e-01,-2.189531689295124706e-01,-1.519081720528082935e-01,-2.899675713088319395e-01,-3.427231588004934215e-01
-3.987830090769781122e-01,-4.244243832126602944e-01,-3.620704708370192648e-01,-4.095759114900249243e-01,-5.211806552088462663e-01,-2.441665177988583402e-01,-4.633644821269208292e-01,-4.034490066168643918e-01,-4.353134201951955329e-01,-4.177141087686968568e-01,-4.346151332548908175e-01,-6.291363854715427140e-01,-4.994313594015557523e-01,-5.602773740111279821e-01,-5.169039775648094359e-01,-5.162193861472604839e-01,-6.295735082212600142e-01,-5.693707329146097118e-01,-5.959143345441930695e-01,-6.432507121720462129e-01,-6.965783740826489989e-01,-7.646045339431157828e-01,-5.936605094994121812e-01,-7.796630380242306479e-01,-7.937106692293240950e-01,-7.252229938997597491e-01,-8.092944470290527326e-01,-7.424747298194261935e-01,-6.917246011008734152e-01,-7.027878004330038175e-01,-7.298096985534954229e-01,-7.314249532359130557e-01,-7.847595597402101664e-01,-7.697528690884830604e-01,-7.119775053969745748e-01,-7.161927625955539778e-01,-6.722360868798845646e-01,-4.795923273365539918e-01,-7.027554926267713942e-01,-6.205911605426915889e-01,-5.870430864341440458e-01,-7.780242024338128726e-01,-5.311246395082587224e-01,-7.108570083404627260e-01,-6.793519199116814233e-01,-6.330843003427977234e-01,-5.513330692264214461e-01,-6.080320293982052204e-01,-5.268482859024731235e-01,-4.295548717629610325e-01,-5.487574968227162397e-01,-7.137387619671913264e-01,-3.670168233318267248e-01,-6.674503018116036968e-01,-3.592355751143657683e-01,-3.078519349165541041e-01,-2.787724357267805653e-01,-5.302268682051184401e-01,-4.586865350829633092e-01,-4.717710286786944707e-01
-3.366023028060146638e-01,-3.824204234978069716e-01,-3.932697673868260080e-01,-3.299822195548706150e-01,-6.213585706369648687e-01,-5.308765284363133885e-01,-6.555209319431811732e-01,-3.012939904889940790e-01,-6.278484195866970152e-01,-4.250690753859837079e-01,-4.517824702721530139e-01,-5.141467979961554802e-01,-4.913730157409699761e-01,-5.769130603153632686e-01,-5.577979985066994217e-01,-5.930828608802561908e-01,-5.556740710520268189e-01,-7.366970829335358628e-01,-6.061507131584299435e-01,-5.229917091565522425e-01,-7.463151905100884331e-01,-6.199357593215324425e-01,-7.219208219326322951e-01,-7.191536783616724327e-01,-7.305471026602885498e-01,-7.540983574390478505e-01,-8.100421382056272046e-01,-7.787713128243013427e-01,-7.264700137216119069e-01,-7.787823141457164144e-01,-7.845169315952037481e-01,-7.825469290455686622e-01,-6.174862425214749928e-01,-7.371750415164921577e-01,-7.427396744810488283e-01,-6.178732862976474838e-01,-7.228776407632837575e-01,-7.183936451984738181e-01,-6.945210958669186807e-01,-6.624953818256164029e-01,-7.206098716936836235e-01,-7.113048095374756574e-01,-5.516610789927801628e-01,-6.882674102613367539e-01,-7.214947909580945451e-01,-6.799986353618108215e-01,-4.597840976670252711e-01,-4.861313740901941349e-01,-4.924229450774781358e-01,-7.109809341893013057e-01,-4.317655607516003302e-01,-3.231589201245167464e-01,-3.395838944110822766e-01,-3.930001717216350388e-01,-5.252537121361309236e-01,-3.742743854120433866e-01,-3.835273398214180118e-01,-5.107022978767111754e-01,-4.140891470621793635e-01,-4.970402326052076880e-01
-2.612962466821902030e-01,-1.181234065511429232e-01,-3.602890755379154486e-01,-3.583432961694074104e-01,-5.588786001713070828e-01,-4.720480474747417721e-01,-5.460394478548347141e-01,-2.238756772324728694e-01,-2.932640716589509644e-01,-3.490822719505212723e-01,-4.744977748777521320e-01,-5.248010001949827696e-01,-6.259371732917010656e-01,-7.138230610338222037e-01,-5.558867481600094917e-01,-6.514424982224333860e-01,-7.172081294673109397e-01,-6.893860197792527345e-01,-7.310063758328962935e-01,-6.421261155394255571e-01,-6.501045015985246200e-01,-7.523605218916289417e-01,-5.209685945302660048e-01,-8.165164392070505262e-01,-6.498804009756599109e-01,-7.333671780006687513e-01,-7.583008572541855008e-01,-7.383689634755625786e-01,-7.572459848503754198e-01,-7.585180464511563914e-01,-6.599073450614654224e-01,-7.975817787774658330e-01,-8.278974269104957262e-01,-6.738520418553124447e-01,-6.844406006490593164e-01,-7.517386630870512843e-01,-5.844342568317213438e-01,-6.321165623660928157e-01,-7.192790838776340623e-01,-6.604142750965115161e-01,-6.969753687981377066e-01,-7.242463261144896913e-01,-4.833073411346740511e-01,-4.676035139760691406e-01,-6.206352972732266382e-01,-5.087478776011158388e-01,-4.621624565505485505e-01,-3.818712411464501022e-01,-3.789820673630067138e-01,-4.620441075221978222e-01,-7.232205773487627720e-01,-6.666500075650664270e-01,-5.241229880811684172e-01,-6.577604302758069399e-02,-5.150781409010218859e-01,-3.283689124116589420e-01,-1.632663138464918728e-01,-4.708734688606378005e-01,-3.031022549477660477e-01,-3.448224502453440810e-01
-3.433053087782726442e-01,-3.351075536995776760e-01,-3.484445102389891469e-01,-4.976342202420555028e-01,-4.873611618109077170e-01,-5.664126020384397941e-01,-3.577452580933698223e-01,-4.631398399958113754e-01,-4.308064276011790428e-01,-3.372555129903581639e-01,-7.433691167991349769e-01,-4.928133992362780380e-01,-5.084517804983248457e-01,-6.296295605067115941e-01,-8.119264658880267493e-01,-5.177509648104533513e-01,-6.915808934712043277e-01,-5.371549251801689406e-01,-5.406407714445781165e-01,-7.301201853370076211e-01,-7.462769555460089244e-01,-6.986152648411048105e-01,-6.341650368617400835e-01,-7.212457303047792312e-01,-7.660029736522471211e-01,-7.111554860859704563e-01,-8.049147216440790675e-01,-6.691746179692920071e-01,-7.728831692014914712e-01,-7.611823594085116440e-01,-7.847332722898888724e-01,-7.448822015666026752e-01,-8.355628586165678717e-01,-7.495147609068935068e-01,-6.637914085678063847e-01,-7.676776675328682575e-01,-7.665424828542564128e-01,-7.181950675964470232e-01,-7.236968637601894905e-01,-7.357459354269157981e-01,-6.634640293147098244e-01,-6.983371541501773860e-01,-7.737163231048759249e-01,-6.603102822208851697e-01,-6.997131559868305928e-01,-4.544203689543301894e-01,-4.411028698499064871e-01,-4.177869841160051223e-01,-6.444190816778249120e-01,-5.079343402809894936e-01,-5.833167620949597509e-01,-4.542251961703018814e-01,-5.290305934349631700e-01,-6.586712651369475147e-01,-6.674978307852930115e-01,-6.476647420874065419e-01,-3.804649970272098725e-01,-5.297333412852199830e-01,-5.412569945500823598e-01,-3.761152285443870036e-01
-4.009508507020883572e-01,-6.913137628826230285e-01,-2.022014460478872289e-01,-3.591599689424300190e-01,-4.725978131820681161e-01,-5.631996859655558074e-01,-6.318249725707786313e-01,-4.779085490613794174e-01,-2.504668901440354478e-01,-6.061385347689172143e-01,-4.585888120151961900e-01,-5.442093430666380405e-01,-7.480258574845589647e-01,-6.210237806358716028e-01,-5.087488008517677684e-01,-5.351590544310793618e-01,-5.721609388019313069e-01,-7.763858042400555437e-01,-8.013361865390431493e-01,-6.630205036322629475e-01,-6.082517606519470821e-01,-6.307726358830348934e-01,-7.535348749102456223e-01,-7.723847664794195600e-01,-6.827684546997569992e-01,-7.067811339352725319e-01,-7.120829379553472727e-01,-7.722749549357426080e-01,-7.218046713417795024e-01,-7.744772101982454471e-01,-7.554421796056585148e-01,-7.752058843542670719e-01,-8.152697900443829360e-01,-7.376625100254404765e-01,-7.522267010181976632e-01,-5.911628502328231116e-01,-7.618127775314689210e-01,-8.101018043818694059e-01,-8.144845455297490266e-01,-6.841622867326438984e-01,-7.408307915733776117e-01,-5.631011086280619526e-01,-6.698124353206145187e-01,-5.699505632696255653e-01,-5.192271151435393639e-01,-4.931632623709875096e-01,-5.789726638072387743e-01,-6.999699588173304843e-01,-5.187830422204289249e-01,-7.981845991050235956e-01,-6.382048845458386799e-01,-6.799220818352459395e-01,-5.370263486046200629e-01,-2.736720488167579401e-01,-3.856419324646834790e-01,-4.221036751904573281e-01,-1.112011317029528296e-01,-3.998022551927488122e-01,-1.840620797564166966e-01,-4.409448848980219715e-01
-4.562226002022643501e-01,-5.024072768222571650e-01,-3.489578784266320066e-01,-2.914497992229890255e-01,-3.548129191926564507e-01,-4.925636787708566611e-01,-6.137907433814051572e-01,-4.953787574935517024e-01,-5.087690670214782829e-01,-5.240167997979134906e-01,-5.278868901494300214e-01,-5.313709259509683536e-01,-4.983056712043456571e-01,-6.354673532309327300e-01,-5.715141582232239337e-01,-5.365766001231691007e-01,-4.625397951968815424e-01,-7.396072585182098535e-01,-5.202973714152894225e-01,-6.788459250210328033e-01,-7.047025837240458168e-01,-6.862547633475329922e-01,-6.226399901453797403e-01,-6.873293779308278229e-01,-6.342051222878503092e-01,-8.328672414872670959e-01,-6.938697543709226867e-01,-7.726974596118018068e-01,-7.796218214671675195e-01,-7.753299043976411564e-01,-8.001147143889474345e-01,-7.613056682753459592e-01,-6.998875001478188640e-01,-8.157161149213649765e-01,-7.894808752029384147e-01,-7.280866994751811205e-01,-7.314411035526466875e-01,-6.743291670769987478e-01,-5.976199547156715308e-01,-6.937861831294315218e-01,-8.196825686231401509e-01,-7.184202606654356282e-01,-7.272030395791617696e-01,-5.263847469361286890e-01,-5.792105491998068567e-01,-5.345766219600120994e-01,-4.577623134226901369e-01,-5.276081593199399844e-01,-7.190993994084357022e-01,-5.889741766690697045e-01,-4.679940716366337017e-01,-4.886297859852309911e-01,-6.033693606700183398e-01,-4.214572984205540718e-01,-5.364430782920974750e-01,-4.570696429637202129e-01,-5.138653163013582326e-01,-3.716221929614340613e-01,-5.326704795684088500e-01,-6.010279947741239415e-01
-4.387296581705443788e-01,-4.519714263895793782e-01,-5.042195692930363515e-01,-5.952838968341654935e-01,-4.483118045211629266e-01,-4.635851518388486303e-01,-2.940289717237024592e-01,-5.467319515709246902e-01,-3.782036158423344729e-01,-4.568107481474574239e-01,-5.636188403433531890e-01,-5.171260597514727442e-01,-5.209079747468974286e-01,-6.341370913017193578e-01,-6.824158305968511806e-01,-6.260778081002140727e-01,-5.768092734666735444e-01,-5.958970445666017524e-01,-7.494921947852526412e-01,-6.746604518797617578e-01,-7.818697311495116375e-01,-7.878143063406175539e-01,-7.345857002119942081e-01,-6.571123026388419053e-01,-7.406240840108658796e-01,-6.781977866205541883e-01,-7.492900932518444801e-01,-7.029138147909008705e-01,-7.310019293086391645e-01,-7.448100505545028893e-01,-6.997070344463001135e-01,-7.085163744769584770e-01,-7.478529019755970619e-01,-7.267183609661612698e-01,-7.115488438625806600e-01,-7.261768608523080371e-01,-6.206799372632858525e-01,-7.750319454642249362e-01,-5.092684368332808242e-01,-5.911743893005227957e-01,-6.053874952912630114e-01,-6.629086613134209660e-01,-7.134541663949989232e-01,-7.365002242959752810e-01,-6.348226956987511604e-01,-5.664673432635494166e-01,-5.369703979646680558e-01,-4.607378870943384941e-01,-5.376862224546905544e-01,-4.793209349215337700e-01,-3.221551146117055398e-01,-4.677040746115703196e-01,-5.045345593518546501e-01,-6.402501625109612293e-01,-6.765777418295634282e-01,-5.422478249594278044e-01,-5.504784452079354296e-01,-4.102795210652908642e-01,-3.481015713179670401e-01,-6.594106657269948046e-01
-5.146033533037756014e-01,-4.650560697157638534e-01,-3.720728165073917681e-01,-5.973943062905805457e-01,-6.970270124634958542e-01,-5.809115037057014375e-01,-5.281204712449941718e-01,-6.663216206910937967e-01,-5.249014153895086299e-01,-5.531533010790841143e-01,-6.019840483285471278e-01,-3.345607390958510452e-01,-5.541251132076673303e-01,-6.232276387505858439e-01,-8.047689712609562562e-01,-6.807370952655791285e-01,-7.605744177995931166e-01,-5.767909685709311507e-01,-6.175487871487347347e-01,-8.225522052274228946e-01,-5.597200610904532470e-01,-5.773469249252600743e-01,-7.044748622468043342e-01,-5.831479943312369851e-01,-7.252874943518274886e-01,-7.701991376187731220e-01,-7.811959414707413396e-01,-7.608463167840137098e-01,-7.252676398964147397e-01,-7.917056573708156630e-01,-8.286540968210409641e-01,-7.721444221240771899e-01,-7.439304016799159758e-01,-7.211262056992180369e-01,-6.820175944081836583e-01,-6.878296075416627797e-01,-7.148657620671938773e-01,-5.943949712602669688e-01,-6.024206350979910418e-01,-7.600691020193739433e-01,-6.935709792655415651e-01,-6.957252701087141000e-01,-7.407738744829398536e-01,-7.205553045336274831e-01,-6.573351286243955816e-01,-6.330660789854383186e-01,-5.612304521165116800e-01,-5.916281794932950477e-01,-6.466003882059043750e-01,-4.851432058111851409e-01,-5.327095781214836734e-01,-5.630754508265484182e-01,-4.719683246054163783e-01,-5.547923117272387517e-01,-5.432953105892603940e-01,-4.279681899484971686e-01,-4.348925410370668709e-01,-2.887273294389791634e-01,-5.169761402746843038e-01,-3.469686532100670351e-01
-3.216361371386246559e-01,-4.745358771935730968e-01,-5.482136337688539030e-01,-4.921981907693964153e-01,-4.365401278375525829e-01,-4.576195073175461370e-01,-2.134693668988936754e-01,-3.689521229987290929e-01,-6.750423454902758635e-01,-5.341397846559197138e-01,-5.476520999515137600e-01,-6.761850369592767862e-01,-6.369087848286650866e-01,-6.259029958539126248e-01,-5.196778705802287401e-01,-6.665403082422135528e-01,-8.155770969687214933e-01,-5.838771263246842480e-01,-6.387197514333535775e-01,-6.426342317603948029e-01,-7.472090835595701641e-01,-6.475079318198108114e-01,-6.928024795858188645e-01,-6.745839847091278374e-01,-7.537737394751948816e-01,-6.725580175508654168e-01,-7.524832221948845046e-01,-7.734949903247756442e-01,-6.906854864878382294e-01,-7.820983496612055053e-01,-8.071922674040787893e-01,-7.353608376300145855e-01,-7.050547263561670608e-01,-8.231302281659578224e-01,-8.031811561428632285e-01,-6.950199445346052496e-01,-7.425804684157830682e-01,-7.791887717412233627e-01,-8.092846398869483204e-01,-6.905048642847206875e-01,-5.644124426365979552e-01,-7.015163808288404912e-01,-4.706420758659374814e-01,-6.550906695151097470e-01,-6.394166018438982579e-01,-6.211886865633553523e-01,-7.461324541437608371e-01,-4.764293861768818528e-01,-7.749070904444905761e-01,-7.481396531722757093e-01,-5.196344316651506645e-01,-5.925104194028240068e-01,-6.661858986398201399e-01,-3.511982356561693108e-01,-4.862311539740230559e-01,-7.288539432482836755e-01,-4.159616376466565013e-01,-5.274866683904200215e-01,-4.514424573481319314e-01,-4.499357629251113933e-01
-5.708836622192101640e-01,-5.419773854082126086e-01,-3.731537005654022576e-01,-3.974342729594103063e-01,-5.629287164839708035e-01,-4.448357614046244413e-01,-8.129693344589833393e-01,-6.659182132970772328e-01,-6.614871277010175854e-01,-6.309936420251498479e-01,-6.112203889807836799e-01,-6.653137227777232710e-01,-6.553017730843725408e-01,-4.908430413887648891e-01,-6.083099309813487787e-01,-4.630968978382686840e-01,-5.882276604833395206e-01,-6.790804087254015409e-01,-5.394710117934160554e-01,-6.316040290089134368e-01,-8.454295795267554592e-01,-7.137771312382484856e-01,-7.518807922538770505e-01,-7.985815201458567048e-01,-7.088300936712511602e-01,-6.308265071799199486e-01,-7.913907086986832207e-01,-8.781983138408373524e-01,-7.857125088180716421e-01,-7.731721837569004441e-01,-7.552385199648823377e-01,-7.316015995398810201e-01,-6.842700406503681165e-01,-6.639176630495807752e-01,-7.448816382075693632e-01,-7.070999335902178329e-01,-7.286012603870430926e-01,-7.144835656102378474e-01,-7.052727593755746538e-01,-6.795577255411663353e-01,-6.721624941933835862e-01,-6.417392572938200868e-01,-6.041425859592215453e-01,-6.389393518183160703e-01,-7.154473843651396603e-01,-6.561418678554485906e-01,-6.844677862392792855e-01,-5.497673080847068627e-01,-4.744410939481320533e-01,-5.089432018886377307e-01,-7.496098180407888556e-01,-7.975037300445995125e-01,-5.067555950748048321e-01,-4.622712302582160371e-01,-3.658130191030637968e-01,-4.687226780423848216e-01,-5.020182886859410054e-01,-7.745355515403515856e-01,-5.651649881049964907e-01,-5.282198178064109184e-01
-4.272912724503131199e-01,-4.938704928900520263e-01,-5.276950027055964387e-01,-4.573417966783479005e-01,-4.196877579806594372e-01,-3.253953785982573454e-01,-4.603005636102800446e-01,-5.398083601987068159e-01,-5.535295125706756192e-01,-5.838101050176701667e-01,-6.359923758910301927e-01,-6.589244415048821635e-01,-7.285036763282397576e-01,-6.985158480939659409e-01,-6.609316042292437965e-01,-6.186486094655845314e-01,-6.642216684777952906e-01,-6.957172480818354376e-01,-5.660894210360691847e-01,-6.960272438298428233e-01,-6.973631908931654522e-01,-7.434539326275394489e-01,-7.815766088949187562e-01,-7.770957019648665476e-01,-6.905351392839724767e-01,-6.953023592428850819e-01,-7.220468836778152211e-01,-8.093774631194671221e-01,-7.448302097834957891e-01,-7.074567487378250474e-01,-7.609622728468348196e-01,-7.198319162368718160e-01,-7.785676552179628951e-01,-7.904361755647691945e-01,-7.410826734924689241e-01,-7.105962474041561672e-01,-7.222292609079323800e-01,-5.848547617432328094e-01,-8.224272839980582006e-01,-6.211193832909839285e-01,-7.936911033151072825e-01,-7.614668113614513345e-01,-7.644939038345111015e-01,-5.459980746955996889e-01,-6.476800226070918987e-01,-8.428120899714570680e-01,-5.192455466854756230e-01,-5.339017477901195630e-01,-5.673564011248801719e-01,-6.083444511243716324e-01,-4.249375885326440172e-01,-7.083257680642248699e-01,-6.372604157466777997e-01,-4.083750489931921024e-01,-6.017877515701289814e-01,-2.435828148884196798e-01,-3.622381729579959297e-01,-5.084974667969638373e-01,-5.816867324552367213e-01,-4.108732517722727406e-01
-5.440055801540734093e-01,-4.067990857091021151e-01,-4.603451964379162709e-01,-5.681922080463237545e-01,-3.870652075641651257e-01,-4.226864454306011321e-01,-5.212237065848175366e-01,-5.928227336404677805e-01,-5.839290326366143313e-01,-6.791000142788331528e-01,-6.931383068212005893e-01,-6.201034164579821706e-01,-5.046875677228730428e-01,-6.804885148054216071e-01,-6.869891150551566961e-01,-8.029362994480984117e-01,-7.232634553705877822e-01,-7.602390477659842771e-01,-5.502977041401866387e-01,-6.050107498526351435e-01,-8.169898542076697856e-01,-7.202253678514893842e-01,-6.867280231992693995e-01,-6.532956006337606869e-01,-7.733043375365119543e-01,-7.778343153212909922e-01,-8.175686531036561178e-01,-7.609164883605364915e-01,-8.099536296430762672e-01,-8.028847623032561165e-01,-8.153623003388126289e-01,-7.536427234766719385e-01,-7.417670307507435723e-01,-7.149504681123328709e-01,-7.718057271366607353e-01,-7.016899935822148437e-01,-6.804322960731135073e-01,-8.073429328201287003e-01,-8.056936703791073295e-01,-7.336147370656564970e-01,-7.333751490932136630e-01,-5.949678174294331656e-01,-6.448393901795907990e-01,-6.895328541368890285e-01,-6.318271753187307826e-01,-6.207668352558992630e-01,-3.115646372282038223e-01,-5.754584552656164531e-01,-6.165142339195186505e-01,-6.580765441600602284e-01,-6.166076721637813174e-01,-4.293704938858353692e-01,-5.912827695211092527e-01,-5.060621981914350531e-01,-5.995131499399406483e-01,-6.243405835076124566e-01,-5.818572698239180552e-01,-5.089772712345317363e-01,-5.260371471830876944e-01,-5.818773634452250043e-01
-6.152703288171261775e-01,-4.547406873455820953e-01,-4.336830308229405739e-01,-5.011035469192870462e-01,-6.038015516577095454e-01,-6.390830852875979406e-01,-5.622159232327980094e-01,-3.138520692123784039e-01,-5.718091877198577810e-01,-6.254456013235845102e-01,-6.249852444547473462e-01,-4.113449206744267395e-01,-6.856712239117255248e-01,-5.954511377171539666e-01,-7.374204158814475774e-01,-6.338055020414807839e-01,-5.402097847556992516e-01,-8.082529466565221421e-01,-7.025107066663773825e-01,-5.965414729837310581e-01,-7.370916416711608132e-01,-6.567694645543593612e-01,-7.366167026466288181e-01,-6.719820254382636859e-01,-7.922522701531583555e-01,-8.267214503810759174e-01,-7.301112948312978856e-01,-8.047561019988499487e-01,-7.901884055710067800e-01,-7.294237919963196815e-01,-8.069894671465600577e-01,-7.387757119695838037e-01,-7.460194975812235452e-01,-7.562402092613152993e-01,-7.703262300418197706e-01,-5.691834821029482239e-01,-7.585919617522207670e-01,-6.563560726172880111e-01,-6.078956648995251788e-01,-7.691705043255459007e-01,-6.267494820797361310e-01,-7.417402978012720416e-01,-7.848615405792294109e-01,-5.744880578262783200e-01,-5.581159658218016739e-01,-7.782638866042527193e-01,-6.844305856934544963e-01,-5.569839665154361352e-01,-7.272680455429306745e-01,-6.913807106534269886e-01,-6.546321382242703546e-01,-5.073333952949081738e-01,-6.025208516107902756e-01,-5.265145581308370293e-01,-4.742639168467842059e-01,-5.290448348710560245e-01,-4.762732522049936135e-01,-4.887416340744158427e-01,-2.802452705701644620e-01,-5.882587202861657705e-01
-3.674709816925242900e-01,-5.768451185212856158e-01,-4.851917768685658494e-01,-4.992423920103508661e-01,-5.887255351446945006e-01,-7.765485640355375141e-01,-6.242405154206706053e-01,-5.040881223680379053e-01,-5.022848855985050376e-01,-5.465343596437333140e-01,-6.779115772549213492e-01,-7.445600549019859571e-01,-5.205672595925505686e-01,-6.722367866905560874e-01,-6.924397070673793397e-01,-4.602303716265362388e-01,-6.153081939561226843e-01,-6.650720538599881326e-01,-6.098451273904829106e-01,-7.802162068933803374e-01,-6.330547465809760466e-01,-7.899941770528895457e-01,-6.833146149869916419e-01,-7.258984053223997979e-01,-7.295594820102262457e-01,-7.670257857105905464e-01,-7.554409545499416456e-01,-8.013142855473607273e-01,-7.739778037631976915e-01,-7.518291544534454474e-01,-7.920173759087915100e-01,-7.846078955657319609e-01,-8.218196523567588008e-01,-6.983322575206912797e-01,-6.921392378938471257e-01,-7.722883841744574429e-01,-7.094039414221715578e-01,-8.586490424591339821e-01,-7.764612776926818061e-01,-5.548838812995551262e-01,-6.243440481551281174e-01,-5.485341888220085504e-01,-6.544403270601344413e-01,-6.471812025859778883e-01,-6.310862691815376513e-01,-6.188581301807534185e-01,-5.733832595113602659e-01,-8.040778086288385973e-01,-6.168069827877780131e-01,-6.572675058769782419e-01,-3.906704866408595156e-01,-4.532201581113772804e-01,-6.857814026432810239e-01,-6.640902117369257285e-01,-5.220093236112040014e-01,-5.194060639612594343e-01,-4.497202527993215959e-01,-5.265280493731456790e-01,-4.902625076382127745e-01,-3.592180580208760854e-01
-5.724872521794039937e-01,-4.526961091253866587e-01,-6.141832694834528095e-01,-5.835552833524003669e-01,-4.260375032649710292e-01,-5.225795804583885928e-01,-4.821274696423971662e-01,-4.670116173840553886e-01,-6.356734496103717547e-01,-5.137376019572781338e-01,-7.213747575101213672e-01,-7.391854857232600384e-01,-5.157847251614702255e-01,-6.732228028048817814e-01,-5.246485067902495469e-01,-6.700870368549616263e-01,-6.509476408105184797e-01,-7.026658514497381436e-01,-8.038140317594862916e-01,-6.889835545077678258e-01,-6.006059016574799569e-01,-7.268613815370205122e-01,-6.383322134351423482e-01,-8.107591246404417529e-01,-8.314339681800092530e-01,-7.934609133321066654e-01,-7.419930164556450825e-01,-8.212131496986231349e-01,-7.497673304191569965e-01,-7.508738070330865932e-01,-7.681307717011505165e-01,-7.792881919513306999e-01,-7.868063470540744841e-01,-7.455155908664151676e-01,-7.522930560700515912e-01,-6.847692600037181831e-01,-7.561862692793001051e-01,-6.629426583863895495e-01,-7.594460184101555766e-01,-6.859217601733078595e-01,-6.633350025264649341e-01,-6.436211386118902977e-01,-6.626822032982685462e-01,-4.801536443023223799e-01,-5.586368677215529654e-01,-6.020934553421570801e-01,-6.683870109744234345e-01,-6.543244889169569367e-01,-6.345542772296728362e-01,-6.866462378116149345e-01,-6.436357532046148577e-01,-4.936568778897323928e-01,-7.469835132797039146e-01,-6.628926236304412134e-01,-5.044912439286066697e-01,-4.864080774737941648e-01,-4.503659222009223084e-01,-6.352479244492347243e-01,-3.823791408880748977e-01,-5.035321234300214055e-01
-6.538247977270117417e-01,-6.472647944553873156e-01,-4.254199055612933877e-01,-2.887042533085328877e-01,-4.698446475253338361e-01,-1.934194218991970304e-01,-5.533391691048108463e-01,-4.530573896112254917e-01,-5.611181021648621314e-01,-6.923683743117388101e-01,-5.828209803088340024e-01,-6.931445343775000101e-01,-6.425102494544587817e-01,-6.909860306849839873e-01,-7.002472602444883565e-01,-6.348933639080549529e-01,-7.838063559744276043e-01,-7.403366627910726860e-01,-7.896252688982768886e-01,-6.831192360374677142e-01,-7.248119287000081012e-01,-6.724086545063552300e-01,-7.074455156323671279e-01,-7.764307671089432095e-01,-8.345785246365272636e-01,-7.020672522447876096e-01,-7.162008390544564174e-01,-7.667486220217905046e-01,-7.611742948728735803e-01,-7.786518237957275046e-01,-7.213510158215138413e-01,-7.948830356333791425e-01,-7.218264975056869481e-01,-7.734358511554099147e-01,-7.878478520623755088e-01,-8.020965461755629189e-01,-6.398155691177056514e-01,-6.920511594659147780e-01,-8.492190941623520839e-01,-6.883233754332236387e-01,-6.224817394388313385e-01,-6.143986170905413324e-01,-7.730413601039930471e-01,-5.114027777573513234e-01,-5.696344178348876630e-01,-6.204031113169340417e-01,-6.328326678727937971e-01,-5.666458960757435603e-01,-5.356803421876044080e-01,-3.920417510012639828e-01,-5.807292383111789524e-01,-5.403259799995439039e-01,-4.097375356505407740e-01,-6.995197096468207532e-01,-5.094325127543010145e-01,-4.925533457176320407e-01,-4.791827357105554741e-01,-4.860301215633703320e-01,-4.937352541015155305e-01,-4.782290774009582135e-01
-2.226864033128614084e-01,-5.072104505267854835e-01,-5.606494267233754769e-01,-6.768723108148928524e-01,-5.676823644711621597e-01,-6.374194687172397566e-01,-7.245790260249669323e-01,-5.831736958838409368e-01,-5.232535217087075363e-01,-5.614439048370326590e-01,-6.495360900438714724e-01,-7.435797872250230478e-01,-8.060982012923364470e-01,-6.044283993645673814e-01,-6.470246393753369407e-01,-5.418127343164542697e-01,-7.012862993389132882e-01,-7.934902232730547400e-01,-5.963388345573834570e-01,-7.347744639592450611e-01,-7.412794662301007698e-01,-7.006144610962519170e-01,-6.974650338543743056e-01,-7.633006617133671901e-01,-7.877888572754596641e-01,-8.055369615642664627e-01,-6.496061843357019416e-01,-7.791422673853486414e-01,-7.951219380217244836e-01,-7.663632776980483508e-01,-7.379296318540193855e-01,-7.943852562608559875e-01,-7.726825345776406895e-01,-7.096576142879480464e-01,-7.812496789358667204e-01,-7.031135870097969809e-01,-6.861049561588190571e-01,-7.576574240748190636e-01,-7.480023701719656914e-01,-5.464420810199865919e-01,-7.976690054239605754e-01,-5.207055623296181768e-01,-5.937873693133515207e-01,-6.733276119622776390e-01,-6.027376522478921084e-01,-6.231267854421470576e-01,-6.135012936240105130e-01,-4.747972822791598491e-01,-5.820833522013051375e-01,-6.559999540759877679e-01,-5.895829326537063153e-01,-5.290212262252327324e-01,-6.567488034314138412e-01,-7.067345346241282744e-01,-5.180759120207782953e-01,-5.346584810396172172e-01,-4.076863803204859305e-01,-5.529952097375580022e-01,-5.684742322640659040e-01,-4.857346969069866738e-01
-4.594923849521109771e-01,-4.338579367320792857e-01,-3.112643332406511698e-01,-5.589625747955706547e-01,-3.888508661906319164e-01,-4.160067594121314438e-01,-4.800188784117839225e-01,-4.844993269871059605e-01,-6.080240840115949119e-01,-6.757516402907000064e-01,-6.686099131562051046e-01,-6.969140462102928479e-01,-7.612024406024482381e-01,-7.139028665511372163e-01,-6.018662923726277869e-01,-6.550676302574967025e-01,-6.555387007468451710e-01,-6.519173946617453641e-01,-7.143260063214873501e-01,-6.646279203437981398e-01,-6.775408699090657016e-01,-6.427858328138233990e-01,-7.218331556445060082e-01,-8.065533419280269678e-01,-7.282321585904536487e-01,-7.841614144546588117e-01,-8.067420655600990864e-01,-7.123136778090155552e-01,-7.567631285089897464e-01,-7.585034457857413592e-01,-8.009278900958218816e-01,-7.671470021840014475e-01,-7.840199625796533400e-01,-7.573924820014129589e-01,-7.716919693244033152e-01,-7.008235569806841037e-01,-7.132872546869375441e-01,-7.319180613212183939e-01,-7.020319808421516816e-01,-7.943197146662769326e-01,-7.000113545812223226e-01,-7.652948245761701518e-01,-8.392974098113427095e-01,-6.988845651564959960e-01,-6.297698466245045257e-01,-6.654991115986066408e-01,-6.843046653923779976e-01,-6.058443210920891886e-01,-6.604097044233488978e-01,-6.599271571617583154e-01,-6.785945810908466935e-01,-5.655761042259476179e-01,-5.867804626097057330e-01,-6.281808183072636886e-01,-5.812766919379076525e-01,-4.078339820162495966e-01,-6.358363229483130485e-01,-4.513563287517373679e-01,-5.842323438557217585e-01,-7.930257542157617134e-01
-2.160249324279156780e-01,-5.231499248324312790e-01,-6.060604375538464206e-01,-5.754092832418868930e-01,-5.499111777394356526e-01,-5.931324158343174169e-01,-6.152955403128942402e-01,-4.958734216729102084e-01,-7.536263944923922153e-01,-5.518705835323491904e-01,-5.470327639153279575e-01,-6.425568329406310397e-01,-7.455277342487122150e-01,-7.780130247171188618e-01,-5.269539392873051620e-01,-6.130806098883115896e-01,-7.264371092695599552e-01,-6.558884389647926527e-01,-8.226071506318650695e-01,-6.383058293873571376e-01,-6.940401216565318387e-01,-7.207696351264599732e-01,-8.153689749270436327e-01,-7.306347528879273412e-01,-7.770651769555044774e-01,-7.663702414583670741e-01,-6.916362719018078753e-01,-7.067328458693260540e-01,-7.664759430723488975e-01,-7.381535213468263246e-01,-7.546896591012515199e-01,-7.754719998535148928e-01,-8.165531369691798602e-01,-7.011630357479216036e-01,-7.712189153552604370e-01,-7.712463128743961560e-01,-8.583016832970628007e-01,-6.892357586035045003e-01,-7.647568402420459321e-01,-6.499166024308197231e-01,-7.652466715001470243e-01,-7.341444374601409084e-01,-6.459983071000620081e-01,-7.357375130199199642e-01,-7.593310680562632697e-01,-5.881483156183847649e-01,-6.306135014367559855e-01,-5.558731051023416692e-01,-7.360612375440018784e-01,-7.001233348183990568e-01,-5.565970492231857580e-01,-4.312244221939391942e-01,-5.231561147013421564e-01,-4.429661876274579302e-01,-6.053995386144443991e-01,-5.931872075137638589e-01,-4.236116609235087149e-01,-6.040011103389375524e-01,-5.921965634778281196e-01,-4.121229101509292225e-01
-5.368263339615586549e-01,-3.997516022598201491e-01,-4.189714694676254791e-01,-4.889649531935771343e-01,-4.129432016770212543e-01,-5.539970721670590681e-01,-5.641753288393833721e-01,-4.765085553620552195e-01,-5.524331370217802073e-01,-5.206248779784286018e-01,-5.831976027676730734e-01,-5.622922032994575048e-01,-4.938871819092870430e-01,-5.577638332722496539e-01,-6.142140888552536371e-01,-6.039488212306075576e-01,-6.487139408078501646e-01,-6.227551402895439292e-01,-7.925131822222464262e-01,-6.823560354407509632e-01,-7.627659861811133535e-01,-7.175907496721792844e-01,-7.940781622377430793e-01,-7.802919671966540571e-01,-8.078744287422564563e-01,-7.474782719641066553e-01,-7.633291408174223136e-01,-7.013345086136549833e-01,-7.349001258115972490e-01,-7.433477041327634094e-01,-7.835973452917650572e-01,-7.842565786801369843e-01,-7.294599660401703822e-01,-7.023698011504251326e-01,-7.525006926548589714e-01,-6.958435348304263801e-01,-7.840116243112760230e-01,-7.618956257006306299e-01,-6.938115340005731602e-01,-7.211133929084652117e-01,-6.488390478095173997e-01,-6.288917707445932370e-01,-7.560304944456732734e-01,-6.818733194047399415e-01,-6.774727477743880399e-01,-7.519712846532996542e-01,-6.205084604992450181e-01,-6.274457761611402784e-01,-4.901937457864038450e-01,-6.786598221970213674e-01,-7.204441236534783188e-01,-4.807333496477532719e-01,-5.672595601907758356e-01,-4.704045635268395698e-01,-5.463036532998958306e-01,-6.363419706083452976e-01,-5.325807258469198446e-01,-5.216662513643959276e-01,-4.139812471273788264e-01,-5.863563645800885515e-01
-5.928919651081744346e-01,-6.477798864428360170e-01,-4.423118502478586289e-01,-5.107846128324877721e-01,-6.492338664989231178e-01,-6.821699376402252657e-01,-4.636433258140780778e-01,-4.134971310408105394e-01,-5.901280548583419661e-01,-5.052452061340855227e-01,-5.832325863052132409e-01,-6.224067456381002783e-01,-8.287761372913100555e-01,-6.625000658402372400e-01,-6.259292191321181864e-01,-6.512922926332394002e-01,-8.084449405035047942e-01,-6.244184673217546555e-01,-6.910760372957895914e-01,-7.002735224339391440e-01,-6.809700626723224071e-01,-7.300647564796857170e-01,-6.577114691250984801e-01,-7.280134563194000652e-01,-7.465704104417625331e-01,-7.284481904612212233e-01,-7.350560446273893822e-01,-7.421112634367594829e-01,-7.545998642106388488e-01,-7.424927808981540700e-01,-7.556905425603308579e-01,-7.817312425598164083e-01,-7.889668985328498474e-01,-7.558291307000042369e-01,-6.583918880387094053e-01,-7.460074065402461096e-01,-7.452158905828794033e-01,-7.379228310448586736e-01,-6.938071530690691491e-01,-7.873680230567610128e-01,-6.703160520250149856e-01,-6.861166211867277820e-01,-6.073128420841159558e-01,-7.446774591582696612e-01,-6.646335569968659929e-01,-5.726260538921144061e-01,-4.992889733450268652e-01,-7.445904286488536084e-01,-4.960227103342510491e-01,-5.762180904609287557e-01,-5.546616001951758523e-01,-5.755730843819633069e-01,-6.274592673955317057e-01,-4.943032350087817051e-01,-5.676985163492465070e-01,-6.489317405047231313e-01,-4.438336570796306835e-01,-5.993541284987147222e-01,-4.084167570128656166e-01,-5.541557238699572618e-01
-4.376230999095694907e-01,-5.317778175953826736e-01,-4.384624840034426763e-01,-4.811898008793277226e-01,-6.636679069540818432e-01,-4.042804329728882928e-01,-3.405297490497499191e-01,-6.849045609264861056e-01,-4.885685172653674302e-01,-5.834041673835435038e-01,-5.995480487979887307e-01,-6.431772398151018866e-01,-5.314816157142374653e-01,-7.508587093540859403e-01,-6.402541959381344849e-01,-6.158654665180886001e-01,-7.267197856573427428e-01,-6.413026207823708802e-01,-7.108350497072195573e-01,-7.671432331676839578e-01,-7.031341916900754052e-01,-7.838372562251560982e-01,-6.722865134182746116e-01,-6.077087981559172736e-01,-7.247698003383582499e-01,-7.664844863360776861e-01,-8.033556168176645418e-01,-7.454270694471100134e-01,-7.238210983400727994e-01,-7.491659240185735147e-01,-7.765236278234703970e-01,-8.401658628976242937e-01,-6.963028852425308113e-01,-7.254047256260270915e-01,-7.632447361318820400e-01,-7.111027661837545644e-01,-7.694804623611892769e-01,-6.874262560989834459e-01,-6.485559873867038361e-01,-6.855499266502633748e-01,-6.476484756720448654e-01,-7.436195649939827401e-01,-7.831329319488696816e-01,-7.106991466525420797e-01,-6.865702044882084909e-01,-7.017297692685949828e-01,-6.572177888789915157e-01,-5.807395379022836090e-01,-6.590663238774296939e-01,-6.616651595911188233e-01,-7.065799297082893116e-01,-5.572170737033311783e-01,-6.466340270776738119e-01,-4.539822934335202009e-01,-5.905372317335993992e-01,-5.648374948501775350e-01,-3.131994366095857130e-01,-5.288294510871095477e-01,-4.714501862069496729e-01,-5.921291504157625285e-01
-6.477459642889813463e-01,-6.347736471943838943e-01,-4.192896342559152001e-01,-4.885870836625364477e-01,-4.824161770132150417e-01,-5.656933127705695563e-01,-6.711435163166722395e-01,-5.199964336726151659e-01,-4.411050672192279309e-01,-6.051876849354342891e-01,-6.778000649711828363e-01,-6.721356318034874544e-01,-5.236661622856060294e-01,-7.047482212636630994e-01,-7.875676398017668056e-01,-7.066565070557507822e-01,-8.031213197815585403e-01,-7.419604036118047086e-01,-6.259690223596571235e-01,-7.268939307254221882e-01,-7.407785494849508101e-01,-7.985885519183738568e-01,-6.510488531279536861e-01,-8.289768485138878651e-01,-7.258893221028981380e-01,-7.517317946936540318e-01,-7.187662640893318633e-01,-8.252498895269037016e-01,-7.323447853181784817e-01,-7.007083936961721049e-01,-7.429654917142889392e-01,-6.783013197638936287e-01,-7.107445694699870975e-01,-6.943558411789044760e-01,-7.875974539434561494e-01,-7.472166035042363541e-01,-6.446372299307115972e-01,-6.144725027531163786e-01,-7.952192678099311296e-01,-6.705299273021243511e-01,-7.691891395776614404e-01,-6.364967969386358115e-01,-6.925800045133755356e-01,-7.208248943229078609e-01,-7.019517587699333205e-01,-8.031933994528441811e-01,-6.276368333286275192e-01,-6.306943821482819956e-01,-7.658603435570937590e-01,-5.824437359950401794e-01,-6.915813689906478157e-01,-6.444454271537789491e-01,-5.983618181058275587e-01,-6.683141108103166639e-01,-6.861595303789969069e-01,-4.691033226514376153e-01,-6.097473105133113247e-01,-6.181749688001842991e-01,-3.742033289373149496e-01,-5.506445700016192601e-01
-5.342544200617277417e-01,-4.487522365475637431e-01,-5.342614609837259554e-01,-4.641416931984075900e-01,-5.577427958751833836e-01,-5.337435501443581476e-01,-5.908372940400191675e-01,-7.828985510455137575e-01,-4.834432371743570545e-01,-6.577299059614827303e-01,-5.815520920070272881e-01,-5.681040860328713249e-01,-6.748634582975637786e-01,-6.349036524470548226e-01,-6.532316707229135488e-01,-8.222859649792484404e-01,-6.780672295591447796e-01,-5.710131134162808042e-01,-6.112355453264280980e-01,-7.578477888149957042e-01,-7.874488355521338523e-01,-7.722360453170180605e-01,-7.333259090657262558e-01,-6.809147486537080463e-01,-6.729629246903700013e-01,-7.971672562768528092e-01,-6.894203245249592715e-01,-8.141044988532433191e-01,-6.994552361365570237e-01,-7.206379248483030242e-01,-8.040076639775728395e-01,-7.442236831316432211e-01,-7.804472328642484413e-01,-6.615950171871858299e-01,-6.950011056331265591e-01,-7.102962308800309099e-01,-7.777609109236685025e-01,-6.347651195670608315e-01,-7.104099224960019887e-01,-7.951292397195167672e-01,-6.757302037268934081e-01,-6.517847265270725332e-01,-6.873254419354527522e-01,-6.345166577209251368e-01,-6.100036600997995606e-01,-6.378514232671916862e-01,-5.291366726517787722e-01,-6.691265536927948343e-01,-4.983283866188218947e-01,-7.817554761514732276e-01,-5.327983694862232777e-01,-6.291401843912090008e-01,-6.440707571221022665e-01,-6.475828775895335898e-01,-6.414295308700223019e-01,-5.714842991817982165e-01,-3.865009087246891184e-01,-6.060130897231899016e-01,-6.163807043435701738e-01,-5.189392655617639516e-01
-6.196136148475224203e-01,-5.042153053905146232e-01,-4.392250718838228707e-01,-5.200930261082084005e-01,-5.616588383006571039e-01,-5.367791785351659906e-01,-5.513478742409110289e-01,-5.371686762313960806e-01,-7.991924816834559131e-01,-6.282823695188513025e-01,-7.653240427100265197e-01,-7.275070264362186734e-01,-6.149537671959759422e-01,-6.906767111543005155e-01,-7.131609664503678614e-01,-6.506973516319135564e-01,-7.148248363139362294e-01,-7.956928535362413069e-01,-7.319127362503345946e-01,-7.407851269582030884e-01,-5.816730337601980771e-01,-6.928730808809986375e-01,-7.842756074547128087e-01,-7.178564248641425838e-01,-6.932805161044350850e-01,-7.651560723870661773e-01,-7.151763584740740143e-01,-7.373809497432124438e-01,-8.083792308021928719e-01,-7.780885716618509695e-01,-8.249009605099638653e-01,-7.299323144844117595e-01,-8.126497136375894215e-01,-7.599323642819117985e-01,-8.009741655302058394e-01,-6.673856808773634963e-01,-7.782302573247684707e-01,-7.760535796961932631e-01,-6.936193691890591984e-01,-7.015043209192463047e-01,-7.794684475719486638e-01,-6.823807933200704001e-01,-5.790156162773731907e-01,-5.903899938582408691e-01,-7.434494685611354736e-01,-7.567601598831207310e-01,-6.804057212955106904e-01,-6.142641270192253922e-01,-7.493835936472722503e-01,-5.524037715769796186e-01,-6.974220479974653220e-01,-6.125685805138598727e-01,-7.036222506223601680e-01,-6.723514709296357639e-01,-5.518425138952794962e-01,-6.981386032265646246e-01,-5.435244703023709434e-01,-6.205167190282657730e-01,-4.463246258809043243e-01,-4.535262932894792987e-01
-3.521724434179830943e-01,-6.317871094493830997e-01,-6.113151770889692083e-01,-5.023376759878359632e-01,-6.268391399864767788e-01,-4.023888241892643047e-01,-6.221671224504443654e-01,-6.628167281413062106e-01,-4.545009642215047663e-01,-6.160450259131426964e-01,-5.662195603837464342e-01,-4.235976261617345751e-01,-6.183098472512151833e-01,-6.504283576014613377e-01,-5.557437892439665017e-01,-7.467061094437968949e-01,-7.481780040311595270e-01,-7.574579611281805347e-01,-6.748051894533114714e-01,-7.182478998313217566e-01,-7.245413041287440681e-01,-8.030800562442322876e-01,-7.588803784457246460e-01,-8.132569299809209173e-01,-7.283699740644642429e-01,-8.069046888026589759e-01,-7.768592582745326158e-01,-7.857142719266059228e-01,-7.501345596488592227e-01,-6.462331577841260444e-01,-7.074430655613891394e-01,-7.537797393501558529e-01,-8.116518205711310552e-01,-8.007239670292264355e-01,-6.151823460657148690e-01,-7.534679087415886434e-01,-7.806204416122620726e-01,-7.755573495546055351e-01,-7.471161175440800273e-01,-7.168217287480780353e-01,-6.507282011506270170e-01,-7.572955711614890451e-01,-6.856284945939667974e-01,-5.773210372405344071e-01,-7.449804111979416721e-01,-7.131442883450788139e-01,-4.978557902741697627e-01,-6.336512918623438129e-01,-5.010616703371530978e-01,-5.580616684359662738e-01,-6.891346331234873279e-01,-7.091907879710285245e-01,-4.761047805937506650e-01,-6.899914649637592934e-01,-6.967475898477994978e-01,-5.227388792372508197e-01,-6.138829630798595671e-01,-4.993785065452348571e-01,-7.484973921792290596e-01,-5.470282971565609831e-01
