-2.251491577670462763e-01,9.076479441924094338e-02,1.077061002909447812e-01,3.031680590118596141e-01,3.469855649614021487e-01,1.000301446324050880e-01,4.786704360570241401e-01,-3.772717026136631624e-01,3.556508748639073958e-01,2.368476442831997930e-01,3.238158562661681006e-01,3.402358232041725605e-01,5.902637632398332057e-01,-9.575893393572669499e-02,3.149266340666169173e-01,1.665156337688384336e-01,2.785323213073842008e-01,1.783671113010298903e-01,-7.094140564116663619e-03,-1.337737622235274371e-01,2.980109307035209154e-01,3.432241714541444111e-01,3.245775339511228208e-01,1.703435105922855575e-01,9.098504118495569226e-02,1.455728857320481850e-01,8.368527539824902051e-02,1.004172553044614391e-01,3.720470528254617437e-01,3.034762645147258131e-01,-1.480415077266498403e-01,-1.868983704164818016e-01,-3.823171994896517600e-01,-9.193205067528845142e-02,-1.514625215675877712e-01,-3.592584915223735464e-01,-4.330212655143772515e-02,-1.493770255633134203e-01,-3.072064156987399652e-01,9.686867860908102146e-02,-4.184938095394469815e-01,-4.788531181452537200e-01,-1.917227913500809677e-01,-1.983556888956867492e-01,-3.051214487470085279e-01,-2.517705891184743860e-01,-1.479373670425067622e-01,-2.962896695861753638e-01,-8.444624971339114577e-03,-1.046584354250714756e-02,-2.783795612011629728e-01,-4.938392063139033228e-01,-3.102993965437833013e-01,-2.076312268072436074e-01,-1.023736933460794446e-01,-6.657163200036675388e-02,-1.432704056241178581e-01,-1.985432425435256776e-01,-4.029981779565806055e-01,-2.128753490337493004e-01
9.467209060856980607e-02,5.458259915412309038e-01,4.478021123595825048e-01,2.411398282384371594e-01,3.862095249741883118e-01,3.321376216862657049e-01,2.135731605085470775e-01,4.142938477795780061e-01,3.075531525101280472e-01,2.021637288404602439e-01,3.217760510195317725e-01,4.735326441517508367e-01,5.368096548494224463e-01,3.941707657823146915e-01,-3.813018760661733564e-02,3.106734629099661138e-01,-1.618964184721561617e-01,7.637200418088260778e-02,1.049044965192273554e-01,1.460308016512343876e-01,2.433024673064346916e-02,4.971029710569121463e-01,2.776453325100197711e-01,3.161553649369698571e-02,8.947462372912057260e-02,2.838995232363289989e-01,3.326714398197324063e-01,3.137244043131727222e-01,3.201101738733310165e-01,8.227525470855459599e-02,3.831615952340039488e-02,-2.351578909669857220e-01,-4.308370260940072027e-01,-1.484457218385037969e-01,-1.242122465068005860e-01,5.284231258882478993e-02,-1.655053863382091039e-01,-9.434024827017360726e-02,-2.411754173680971669e-01,-1.551706273827994087e-01,-2.253840642024145247e-01,-1.119561384884619759e-01,-3.623740850533425095e-01,-3.264775955872883939e-01,-3.422682200697726440e-01,-2.930118224604837951e-01,-1.114596573442577787e-02,-4.316971070316240611e-01,-1.140141100319309875e-01,-1.037886023840415561e-01,-9.835303274230081105e-02,-2.739584482894316109e-01,-4.961136054773463977e-01,2.584260686538740193e-01,-1.465576946215531862e-01,-2.247598196956589189e-01,-2.869036895066617854e-01,-3.134884955478649537e-01,-4.168227921510279654e-01,-3.411520782194610302e-01
2.306336859195393107e-01,1.350487106166384788e-01,1.202137898237626706e-01,3.141880691983517382e-01,4.956394246349377086e-01,1.327012854179636103e-01,5.794031809016207957e-01,2.449978933037914586e-01,3.762572410532639133e-01,1.994100833853359178e-01,1.896913722861314766e-01,1.127705540304938109e-01,2.130318893002557945e-01,-3.490558607512042610e-02,4.100309895648244773e-01,5.440826974529795468e-01,3.518268418621994797e-01,2.134365570609943474e-01,-3.885164732597330695e-02,7.287084194676003712e-02,2.246156669621623136e-01,2.373903706241648481e-01,3.276116723225034333e-01,-3.550616114800811407e-02,3.777209043864154792e-01,2.951743173225218619e-02,3.056169623930716783e-01,2.576792013739711007e-01,2.563265573734027081e-01,1.809693719444464832e-01,-5.001089849647170210e-02,-3.290151900184018485e-01,-2.707175527342349786e-01,-2.992173950690833473e-01,-1.839417208404454593e-02,-2.415472374441218761e-02,-9.560929532529577335e-02,-1.756106831958570702e-01,-6.992815255941046970e-02,1.083941681899195097e-01,-4.712113884941960262e-01,-2.436073258077018910e-01,-1.898107664566027475e-01,-2.226494969642908717e-01,-2.626110412685307982e-01,-2.419621019199534318e-01,1.404969978036255951e-01,-4.242457856379412418e-01,-2.420922395382922865e-01,-1.097804403583750449e-01,-1.162062136008043395e-01,-3.705746249740128340e-01,1.203586902846378176e-01,-2.085139140046346484e-01,-5.770512519057305889e-01,-1.475490666760922720e-01,-8.863992637872544766e-02,-1.552154077262572762e-01,-1.967347631649367656e-01,1.083459033959115539e-02
1.223153106143588520e-01,1.197621676566483842e-02,3.605581564847248344e-01,1.561552666185056781e-01,4.535697356145256265e-01,-4.088748932593008062e-02,3.660993375585489540e-01,6.397103660500813235e-03,1.646643149873615597e-01,2.696674029235768266e-01,-8.775147323635297536e-02,2.289997772495492023e-01,1.916122023882961198e-02,3.807952489850160438e-01,2.363287123718065333e-02,3.256007412245999211e-01,-8.860515146658498944e-03,1.613986432467939269e-01,1.880152819897593086e-01,1.934574799646332499e-01,-6.956702973829452519e-02,3.053270359919151855e-01,-7.394403406881995544e-02,-1.193439910864689535e-01,2.543081740648839850e-01,2.726675386353998379e-02,4.848822514385437432e-01,4.985730461965195981e-01,9.243877924257995482e-02,5.914179706627595984e-02,-1.470683937450001644e-01,-2.024530621144240983e-01,-1.899743015276299518e-01,-1.223094706707930912e-01,-2.768431805736621953e-01,-4.722456130079642073e-02,-2.894240448593873305e-01,1.046957445203353654e-01,-7.564502926259640547e-02,-1.956252390505243410e-01,-3.064014404000810488e-01,-2.515013059002634277e-01,-2.605862509801872701e-02,-2.000465305551686335e-01,-4.586350268650182249e-01,-1.957373153844836344e-01,-3.862324608939867593e-02,-1.097968744405075220e-01,-2.688981336492698437e-01,-3.408413966193895028e-01,3.109193589669085808e-02,-3.713206860591297676e-01,-1.999420911538408174e-01,1.433870467114044811e-01,5.591658537376864579e-03,-1.052379573709738975e-01,-2.982917684001302680e-02,-2.386397179029269289e-01,1.744642883035740222e-01,-1.296904995310430020e-01
3.739529979375382784e-01,4.277564198489927638e-01,2.808951173509372512e-01,3.183948377534503438e-01,6.587513516021288595e-02,4.461285601420725833e-01,3.186440530989091691e-02,2.163721187006972246e-01,1.150664319142337411e-01,4.377506652590110875e-02,-8.161800503488943204e-02,1.491916837930885031e-01,1.071557034636745759e-01,3.029807238293225069e-01,2.997608174405152481e-01,-1.792057059438884603e-01,3.150900128909132070e-01,6.378781620994244950e-02,3.358070341481524390e-01,-5.927343904421689125e-02,2.711841638429278722e-01,4.106889706100201320e-01,3.442945856613933708e-01,2.968411043402577887e-01,4.212745465095261710e-01,3.845958149121441738e-01,3.661380821050247425e-01,1.513871256864645631e-01,-1.349513325403318698e-01,3.933311721719692095e-02,-2.271852467076257986e-01,-1.056620846871939162e-01,-1.247182851270426385e-01,-2.776648739060615378e-01,-3.636942995795546252e-01,-7.644032163737993213e-02,-2.891654212421672088e-01,-2.066398398540697789e-01,-2.746873357172384678e-01,-2.917037088205997469e-02,-1.374470802711288964e-01,-3.007701292686305039e-01,-3.511874833231323767e-01,-1.577266706789857420e-01,-1.339125585937233631e-01,-1.769584327690730263e-01,-3.132629435816561281e-01,-2.659537932652963343e-01,-1.062212322148657628e-01,-9.461298519416413977e-02,-2.342112218213092123e-01,-2.439962757318519526e-01,-4.535074729985331676e-01,-2.440425692867580487e-01,-2.641075423050123216e-01,-3.814761236991026094e-01,-1.790070541773593482e-01,-8.205430935996420316e-02,-4.176240832537601588e-01,-1.481082143047632582e-01
-1.403643919094705803e-02,5.942850512359476416e-03,2.167246447600342518e-01,4.204205525535883448e-01,1.822368547454446819e-01,3.028411154703916641e-01,1.073381624195344636e-01,1.387880015683134738e-01,-1.485275655525651606e-01,1.420073221070927982e-01,-2.833451050148361010e-03,-1.414999369724427580e-01,-1.595452635509252148e-01,7.087101504906787031e-02,8.052721928757128333e-02,5.139605499628911028e-02,-2.949813374613814362e-02,4.467573004157048833e-01,4.752525579996825789e-01,2.844242622024849565e-01,2.005029888839404001e-02,2.404015509751053492e-01,3.347560061718904412e-01,1.950788335331616885e-01,3.136676980298000461e-01,3.236154120260322786e-01,-5.475286515069745924e-02,3.261693688019424164e-01,1.688807584270242690e-01,7.464343893128490282e-02,-4.122938472166055163e-02,-3.079220486195485273e-01,4.330865462273568445e-02,-2.324911249286746862e-01,-3.234755249086623818e-01,-1.444952012894376581e-01,-3.507041642182490149e-01,-1.113113313755064865e-01,-3.874769727993169766e-01,-1.817958525221796129e-01,-1.707223167891284143e-01,-1.261044725478751016e-01,-7.607973308716937944e-02,-1.007953242500745639e-01,-9.380329861639165323e-02,-1.636126197634303892e-01,2.583989019480864482e-03,-2.391959850168917379e-01,4.303660390125824131e-02,-1.322537245293093078e-01,-2.215200454895084048e-01,-1.611439869731313146e-01,-8.175676871887449515e-02,8.582201236047702630e-02,-3.717451371525068993e-01,-7.227324806429358262e-02,-1.071236959361294289e-01,-8.793729786265654103e-02,1.086171063668501385e-01,-4.735046511762205229e-02
1.001783647444049186e-01,-2.969569875651778545e-02,2.866134927765957019e-01,1.016955295163928241e-01,1.115028001348248587e-01,1.610860384924227007e-01,1.191907499478090660e-01,2.166134024447573803e-01,1.034509117727906019e-01,9.600725460680928358e-04,8.189434121309857595e-02,6.737207894016082610e-02,1.791117557678460759e-01,2.123638523862256822e-01,2.860765633809170261e-01,-7.586317635593761710e-02,-2.784261276891890624e-01,4.661311137101411539e-01,1.810296298379028279e-01,4.716775699495087126e-01,9.687327656042177271e-02,3.765398511909351931e-01,5.612534453311897042e-01,4.678509195404285670e-01,3.085963721727270626e-01,4.614597924826220887e-01,-1.275176279207345942e-01,-1.149679913194880526e-01,1.512801276696921771e-01,1.482685711519128868e-01,4.273094026886659069e-02,-1.146666927365137811e-01,-2.484167951918635209e-01,-2.357158532351997793e-01,-2.527271251530099905e-01,-3.252209185959747950e-01,-3.420598549394099352e-01,-3.247432145391466740e-01,-1.503889300368195792e-01,-1.996894952898074782e-01,-3.723736784225707419e-01,-3.717081694427842170e-02,-1.248914556304395462e-01,-2.907516384245988350e-01,-2.851725964490690046e-01,3.010679457449149526e-02,6.400187540154958499e-02,-1.600551582237176584e-01,7.037261012980393360e-02,-1.891935448791989827e-01,-1.700921484322825417e-01,1.444997653662387013e-02,-2.909652899253822866e-01,-1.574890978924413931e-01,5.353474568556378793e-02,-2.312105134166966836e-01,1.720453144709733206e-01,-3.930076537265893288e-02,-6.193790265175093401e-02,1.265469998943868080e-01
-6.504334840519772343e-02,-1.011874471995527491e-01,2.879423877249255304e-01,5.974293556861831611e-02,1.478248280176304164e-01,1.639978023469656487e-01,2.910566092499277668e-01,7.070028107447576260e-02,1.213780514527935256e-01,4.709945972749698950e-01,4.159958161477298605e-02,2.376132346867417533e-01,1.573486575653340047e-01,7.251296392518588596e-02,2.104028139318302182e-01,2.913979709876191593e-01,4.345721753752270766e-01,1.501818544957474466e-01,2.323715281059475224e-01,3.504730548804030899e-01,2.650914781921400731e-01,1.659819024255639319e-01,2.029149487469140145e-01,2.330536883814396387e-01,3.025112416100436685e-01,1.757289852365566118e-01,2.318398441341794902e-01,5.948639045611858744e-02,-1.621877387800799153e-01,3.412399281387584055e-02,-2.461859048014714835e-01,-3.445342541324863950e-01,-2.044802802406458023e-02,-5.407449395240646606e-01,-3.311625479823835372e-01,-1.132091501994356708e-01,-3.777937199727269824e-01,-2.600407585758723883e-01,1.127139912117855608e-01,-1.967331633129782431e-01,-2.112133187156195469e-01,-1.093665139103389833e-01,-1.316552839892532467e-01,-1.948480942659802928e-01,-2.263909273119572296e-01,-2.775425292981715808e-01,2.497841060577402905e-01,-1.492600506934564086e-01,-1.579303041071301872e-01,-1.403674194286172738e-01,-2.707733064800826872e-01,-2.853279313711397647e-01,-7.732366766366090272e-02,-1.572208441222799069e-01,-2.092548535523940101e-01,2.677004199289194711e-02,-4.308442645617057559e-02,-3.441342797416439003e-01,-1.886753330602678191e-01,-3.039954415428879342e-01
5.175268446348570833e-02,4.841518583017238586e-01,2.073304846713700245e-01,3.671906856081946779e-01,4.181301986605737153e-01,-8.242902413877668116e-03,2.233795451080851924e-01,2.871671747714894460e-02,5.355956060361741766e-01,7.092753652185601783e-03,3.013715322401420704e-01,2.502070881166948979e-01,3.775371430564763986e-01,2.736094685316779462e-01,-1.135708953419567631e-02,-1.988701403219619024e-01,1.078295204449400552e-01,1.630943305701516854e-01,3.393666943168404670e-01,2.704108449430108196e-01,4.396385600837272034e-01,3.858461906235650662e-01,3.165502634992928832e-01,1.850948163661426116e-01,4.313540484815983622e-01,1.297797728538627737e-01,1.715794603632171400e-01,6.888723290558035339e-03,1.412890942117038529e-01,-1.504383703233914127e-01,-2.436586417386605863e-01,8.627634762808320326e-03,-3.844113105202827674e-01,-3.828521325302910450e-01,-2.378889614013806608e-01,-2.188959223128886245e-01,-1.668509702720227805e-01,-6.306892545810663941e-01,-3.076249705379495158e-01,-2.675271127148482475e-01,-1.985885438917589507e-02,-4.773987052667864606e-01,-2.137239870134842179e-01,-3.263051646141867379e-01,-2.502876834505681769e-01,-2.272026215311058195e-01,-3.880865926666027255e-01,-1.167379569098257741e-01,2.487162922283704322e-02,-3.302256235449470279e-02,-1.132508142082468972e-01,2.032535493740008081e-01,-3.958382798000319447e-01,3.975986809365328160e-03,-3.248816555613652790e-01,4.765231505546817237e-02,-1.867244286829287669e-01,-2.241559389204818287e-01,-3.244329099706461106e-01,-4.676592932609299202e-01
-9.535571963189963529e-02,2.083290281661907550e-01,1.728023491534927680e-01,1.172412198018085716e-02,1.493579743190781017e-01,2.673542636382441051e-01,-1.077654646758624546e-01,-6.383099692937951875e-02,-1.340126022753183321e-01,-3.296676178070982038e-02,3.687420642331838971e-01,-7.649149942713864836e-02,2.998065822385546086e-01,2.136089155216668867e-01,3.141159746110196993e-01,1.741866667405950753e-01,3.995146279250375576e-01,7.289867864759826122e-02,2.916329024812797654e-01,2.323929063616979318e-01,2.405815917480751964e-01,2.556885352912083853e-01,3.152050576251815284e-01,3.125040276064037781e-01,2.292442267329783123e-01,3.288855817518171465e-01,4.317135274183073745e-01,-1.110496611788710786e-01,1.712127147209887568e-01,1.841840207711723243e-01,1.962428892094349869e-02,-1.008628762692116432e-01,-1.646979020207791494e-02,1.311223653674646605e-02,-2.759935599842716549e-03,-7.065600331710883419e-02,-4.409068120071414354e-01,-5.616973670142829667e-01,-1.679046678159150652e-01,-1.428341589312454585e-01,-3.969973691732706089e-01,-2.711109411692637639e-01,-3.454566950409476700e-01,-4.228170416450674485e-01,-2.466164481408049947e-01,-1.587401005233802787e-01,-2.583969095515669112e-01,-2.510771368681598004e-01,-4.049569353107171921e-01,-8.209126860145461724e-02,-1.983761161910636561e-01,4.712287010786016944e-02,-2.973822321918466738e-01,-2.288910367622729591e-01,-5.395535816532115447e-01,-8.329669534326679392e-02,-4.380044513652399663e-01,-2.500741767415027850e-01,8.818287396386426460e-03,-4.670573977991524517e-01
-1.576142698959479005e-02,2.829825522920366154e-01,2.101923622557203691e-02,8.358693979810645491e-02,5.329353461738659536e-01,1.702513770292936601e-01,1.400196513837686785e-01,5.708170610300047354e-01,1.025474098629910735e-01,2.281623243945951063e-01,1.830511573668035241e-01,4.233268646067877006e-01,4.084799104241881862e-01,3.743910277455581026e-01,1.356524555166815083e-01,1.967468352659452191e-01,8.977042737924131877e-02,1.133974353629865206e-01,1.116228016674039730e-01,1.899895252680423030e-01,1.904759386548347255e-01,3.080608339491684999e-01,1.885070166154809712e-01,2.385376004833156816e-01,1.305694041695333873e-01,3.707958890703930838e-02,1.502915205273076538e-01,3.455405905976963177e-02,-9.369044996668282610e-02,1.175951603830776848e-01,-3.912040297925911680e-04,1.155878722030454220e-01,-6.703560686018450454e-02,4.886168159772576874e-02,5.888718778064813003e-02,-4.683803946440493471e-01,-2.268612218248698409e-01,-2.782080847245566591e-01,-2.243190538308212356e-01,-3.571506248876300527e-01,-2.979082888943703211e-01,-3.238880069651060567e-01,-2.325515115725797222e-01,-3.447386266248307907e-01,-1.900883360036836334e-01,-1.332200715744342179e-01,-9.437225281531640142e-02,-3.666876268722608079e-01,-3.400994772498325824e-01,-6.616872694823019985e-02,-1.432497971109158164e-01,-9.063144708710710318e-02,-1.897639742274362662e-01,-2.736329848539146292e-01,-9.995135307545011116e-02,-5.220803094334119931e-02,-7.594750478870618271e-02,-2.931827012389945919e-01,-2.469125706509675278e-01,-3.829465009976391610e-01
-1.017362095880786355e-01,1.504697691629049427e-01,-1.390336323530030893e-01,2.954958015687400019e-01,1.373438646952835074e-01,5.084052194576644812e-01,6.170295889925359045e-02,-6.552444523831139900e-02,1.091453709743710199e-01,2.056609018038429437e-01,3.493715236045581984e-01,6.200606553871135240e-02,1.345470627014545284e-01,4.064181579986869686e-01,4.221031890470364756e-01,-6.132682518988643444e-02,2.050241942478168988e-01,1.896311278929954380e-01,5.191410425781646243e-01,4.393304665983094881e-01,4.374642776251986831e-01,1.561219009418488013e-01,4.619829437987065246e-01,3.228565537456725698e-01,-6.126175559906817114e-02,1.872474467122387520e-01,1.773622025133479441e-01,-1.087239738426150071e-01,7.371910418868556081e-02,-9.035434222792586290e-02,1.333875473673761802e-01,-1.572672695827120534e-02,-1.667630000503509125e-01,-1.528489110772130177e-01,-1.206696378644127321e-01,-1.361155731812690450e-01,-2.778395199108583125e-01,-1.475027195195416918e-01,-3.545740291296744506e-01,-1.261802885133195551e-01,-2.613294967027904869e-01,-3.670059793739687271e-01,-3.823951220576083943e-01,-2.032419270712890191e-01,-3.569085829947546973e-01,-1.459674035203495923e-01,-2.879437980220009852e-01,-2.191129247328992558e-01,-1.638827038966007288e-01,-6.482332899330725540e-02,-9.736383235615844733e-02,-3.186853322592066440e-01,-1.526004989884260088e-01,-1.521589536542282753e-02,-2.579921514283477491e-01,1.309859863993670659e-01,-4.496649852054011021e-01,-4.282989661146774374e-01,-5.815631587832796601e-02,-9.549917327547041354e-03
3.078770954740904786e-01,1.249413934739398019e-01,-3.033463148330692999e-02,-1.989651682619068551e-01,4.167635002835733127e-02,2.758769824656466807e-01,2.309296852031197944e-01,-2.576504307982915160e-02,1.270363128390718521e-01,2.730673466924100623e-01,1.546615959921004979e-03,4.135576842791053309e-01,1.058211598938697540e-01,2.528412044943776915e-01,9.193170938552323868e-02,1.836561040170834880e-01,9.323204710742143131e-02,2.447589051773270685e-01,4.234504035523764531e-01,2.736116521563469184e-01,3.834810571410710578e-01,2.844516270981131134e-01,3.261257475232235414e-01,3.069547337556199351e-01,2.917238753514904137e-01,2.141940097288793088e-01,2.418420408285259227e-01,-1.626521562789238207e-01,-1.739370405748683901e-01,-7.400386902953970392e-03,-1.130566750004873278e-01,-1.744862420278976423e-01,-1.111561781769424828e-01,-3.039984633416871196e-01,-6.932612622869249730e-02,-2.295084987276895527e-01,-2.874159421211145427e-01,-3.362691036739436923e-01,-2.757675659037354121e-01,-4.013131749131682580e-01,-2.555298259920623094e-01,-1.036738765667636342e-01,-1.468004310508499721e-01,-2.081738687161137913e-01,-3.129233142883804941e-01,-1.634480691656889639e-01,-2.640335544952067681e-01,-4.123964944903456553e-01,-4.978819808312602291e-01,-2.150056002665672317e-01,-3.188113968088608363e-01,-8.878286065127470594e-02,-2.319840300665329258e-01,-1.972454373777851877e-01,-2.352881596356017069e-01,-7.204460668221958353e-02,8.134585498581720087e-02,-3.222073856429786276e-01,-1.216758349131827621e-01,-1.487617469425288885e-01
2.314399049388969620e-01,1.395263570130026165e-01,2.324561812160583218e-01,1.445932499299686091e-01,1.044035124918655244e-01,4.415560572262104411e-01,2.071357997601207812e-01,2.293242462252180203e-01,8.135244547307229901e-02,1.430765998237708628e-02,1.047445845527002761e-01,3.601373648241952830e-01,8.418713331567524716e-02,4.034384680019743041e-01,5.184153665246713505e-01,3.944991533221923197e-01,1.547540521994584528e-01,3.969831044634900552e-01,9.054134902362294401e-02,1.088367816168870073e-01,2.346623893077044443e-01,3.504167449392781575e-01,2.730546440603643932e-01,2.737291074679942815e-01,2.663721803022062184e-01,1.686658137528015966e-01,4.175683214241499575e-01,-3.505453706305319828e-02,2.750047824106750527e-01,-2.192753995333984740e-01,2.853626928083000808e-02,1.007833976873592496e-01,-4.884406512467752148e-01,-6.769389880107778978e-03,-1.079506060361915820e-01,-1.220200157919333339e-01,3.104112889681046733e-02,-4.092715978328201887e-01,-3.265895384387099143e-01,-1.955982576945804463e-01,-2.320841986522687583e-01,-2.215080940290750644e-01,-2.698384102781943850e-01,-3.832277370990957444e-01,-3.848186374314495062e-01,-5.094089891582920249e-01,-3.694806182307493470e-01,-5.496115347869077183e-01,-1.532709435240240947e-01,-2.115340970060890502e-01,4.349969945812914504e-03,-1.168834191926475113e-01,-4.340910781088681558e-01,-3.569611575808629977e-01,-1.510151244584958252e-01,-3.506183143743379915e-01,-1.311623975888809648e-02,-2.092210488272948365e-01,-2.433055548223438946e-01,-7.827919503828449643e-02
2.603555326686468607e-01,8.810646828623405757e-02,1.627477289037489450e-01,1.515287178672755919e-01,3.119697227829244524e-01,3.703214760721331156e-01,1.295949697382364207e-01,4.760101332259737000e-02,3.809833205635933251e-02,1.934948419075516457e-01,4.773726441162901568e-01,3.704510846241634292e-01,4.659751231468617361e-01,3.865256963289053216e-01,2.945716190666373135e-01,3.278391980980955855e-01,4.992978084277417961e-01,1.622157810601518313e-01,1.534730792478641304e-01,4.371330260718248040e-01,4.047540942948441717e-02,3.672471757910970580e-01,1.630677475575073310e-01,2.317624601302058773e-01,-9.560755854006074139e-02,-1.102420064400360944e-01,1.474246832733775159e-01,5.253366239820074501e-02,5.906037335774756702e-02,-1.275500008851263301e-01,-9.520913825421173371e-02,7.547073559133865572e-02,-7.761397949303477928e-02,-5.108276041444257537e-02,-1.023100128173269480e-01,-7.966166001511723604e-02,-2.285196424503771750e-01,-1.932028636413478731e-02,-2.182543858288308880e-01,-1.514152799865792764e-01,-2.799280540190480782e-01,-6.500241460057651355e-02,-2.266130882312404893e-01,-3.389210207268477104e-01,-4.327573022418010895e-01,-1.634098260470218111e-01,-2.706810043015085432e-01,-3.645392275429124029e-01,-2.715608634111281172e-01,-3.848650816359917848e-02,-2.434306955698772312e-01,-1.225919025419347219e-01,9.353804216061412102e-02,-3.801500071140105907e-01,-3.860171737637400624e-01,-1.682742850090301889e-02,2.112781857185080936e-03,8.387166537201666550e-02,-3.397284257608098601e-01,1.421670841594550525e-02
-2.531447254243246285e-03,3.594332638070863450e-01,-1.833888812049988548e-03,8.864848588433162091e-02,8.542637693631606466e-02,4.500782658450870888e-01,7.587318309751911634e-03,1.712669856656545142e-01,1.050510156722928301e-01,2.059271078100589902e-01,3.464035993408451364e-01,-6.198639811742674699e-02,3.737218224747386186e-01,1.775686957248560349e-01,2.575826335671339562e-01,4.376616813296160258e-01,2.931454093934068861e-01,4.570858334971218406e-01,4.005247710007607265e-01,1.386476761937508462e-01,3.534464303820760156e-01,3.542459305321424279e-01,1.757231745030874981e-01,3.384797769112069532e-01,-6.463511620913661715e-02,2.086857961424008201e-01,2.703209478179610659e-01,1.411982808463460581e-01,5.348083917922243774e-02,3.775078869688981709e-02,-3.351350046238815161e-01,2.132445000392114987e-01,6.537179306652057646e-03,-1.405583582323393643e-01,-7.654849552923501110e-02,-2.807234792641072341e-01,-1.026058878925058676e-01,-2.286578631509804949e-01,-6.693294906874804051e-02,-4.852876543561391864e-01,-3.591329390358434237e-01,-2.801774423634665334e-01,-4.697892323357617528e-01,-2.062011909054005943e-01,-3.098008155916260886e-01,-2.391589088012606168e-01,-1.561687204117437333e-01,-4.017068532302978667e-01,-1.570065690791582758e-01,-2.266817827288439557e-01,-2.491964748995011969e-01,-2.438674770911996303e-01,-4.291727113174984010e-01,-3.435762967963375547e-01,-2.510475750260849348e-01,1.435564122816423149e-01,3.749074719285676316e-02,-9.211032737085586564e-02,-2.265580263389338767e-01,-4.551678152769010610e-02
3.475080671137634747e-01,2.148466953878695462e-01,-1.287513759999839025e-01,4.271692246738232474e-02,4.645836749369216534e-01,4.871847136795224853e-01,2.155652425889356960e-01,4.195415319507921903e-01,4.288042176480108547e-01,3.818904675292194018e-01,2.969647146530524640e-01,3.435896888980001784e-01,4.190732571370154314e-01,4.591973579444917908e-01,2.861780450055790292e-01,2.981616614163689061e-01,2.904001351247477714e-01,2.338679224185654104e-01,2.643680987885286271e-01,2.216930751423210333e-01,2.509053498318247755e-01,1.854596394683478144e-01,2.574482530371813294e-01,3.819855062495562392e-01,1.572224060407196311e-01,2.169954209279913171e-01,2.681341941068425272e-01,6.074118570595761490e-02,1.783927536890446419e-01,-1.373430501740767751e-01,9.998886490452019507e-03,2.815415209473216135e-02,-6.833620775494500532e-02,-2.469175805890106434e-01,-1.846618356837844144e-01,-1.257300296779973459e-01,-4.306570555916833416e-03,-2.761660474838314450e-01,-6.904661622305817426e-02,-1.939280485052601866e-01,-1.839229083766346362e-01,-3.890595265754012155e-01,-3.719316059616238901e-01,-1.744012295169984073e-01,-3.128795597778914472e-01,-5.066326583706142195e-01,-1.965183467815715124e-01,-3.147145083858400860e-01,-3.022857460040221378e-01,-2.894018966324173325e-01,-4.169434059375360380e-01,-3.172778874780184943e-01,-2.739244301866555764e-01,-2.894990919235725935e-01,-1.149907191251886562e-01,-1.927187504295752585e-01,-3.870085782746316427e-01,-2.573517722310777467e-01,-3.547380072229802672e-01,-1.934120275578522230e-01
2.475238240657169908e-01,1.261449704313004072e-01,2.151933787420184374e-01,6.133400534393522729e-01,2.843983132287349891e-01,5.358474369899457468e-01,5.108133724150326627e-01,1.923766092666367167e-01,1.976784922041933679e-01,3.134949929021288995e-01,2.654082747030760969e-01,1.918713189133489649e-01,5.132105563401915260e-01,2.853657441620203739e-01,1.720623202744653302e-01,2.555627112025888326e-01,2.348608651260649383e-01,2.055709631591479403e-01,2.643595634402749472e-01,1.689649141817958500e-01,2.307108149351993487e-01,2.562508034986453742e-01,2.366093020429629878e-01,1.522815463093114552e-01,1.763537866182679215e-01,5.263546770303885458e-02,3.913917636025993074e-01,1.440260354261652664e-01,1.285175052666436835e-01,-2.725206679284074562e-01,-1.636472306581085445e-01,7.156540156283788812e-02,-1.372464066880468847e-02,-2.339998167386601879e-01,-2.998616756872740652e-01,-9.308727910391183247e-02,-9.093321366647680315e-02,-5.481698240226996754e-02,-3.017043120647966981e-01,-2.252817428032522495e-01,2.964333818217844072e-02,2.994836275280419319e-02,-3.107491308429459198e-01,-3.391711468399815077e-01,-2.236570216094228569e-01,-2.151183447484059097e-01,-2.527183728904326965e-01,-3.342984790834852560e-01,-2.960265721413707363e-01,-3.695918805302578214e-01,-1.337801317692483005e-01,-2.051083282618927917e-01,-3.064264164558380688e-01,-3.314863056255744067e-01,-2.988846354208451461e-01,-2.161009146235333689e-01,-2.727082263308881482e-01,-2.982597929532225176e-02,-5.644342782410364384e-02,-2.663227588144247426e-01
2.175649209181049759e-01,2.112704692924355920e-01,3.641861001314085078e-01,1.816531416265244336e-01,3.216157537385618270e-01,8.850689170549920493e-02,5.099131917165375949e-01,2.369136090928762040e-01,1.828812396967513243e-01,2.233085042340725024e-01,4.358579920177468869e-01,2.857651827038483749e-01,1.190300826310779492e-01,1.656229203872290334e-01,1.115095532752285179e-01,2.328912104317703569e-01,3.599018061205850882e-01,3.381719704829079243e-01,1.203303265944754841e-01,2.531236108131342810e-01,4.536857602548009794e-02,2.348642582348174079e-01,1.076235263650110185e-01,3.347311760148835580e-01,-3.563589535840266248e-02,3.910814431294788729e-02,1.538643378313104826e-01,1.668439933959518090e-02,2.387270210180942875e-01,-2.555558922102016406e-02,-3.217030598837377076e-01,6.412757184102184371e-02,-2.494630620244572550e-01,3.538593231826686614e-02,-2.408544252029636706e-02,-1.836915597236934983e-01,-5.773827239758925339e-02,-9.199663564462076670e-02,-2.307971589579557448e-01,1.610570938651163103e-02,-2.545678364807670291e-01,-1.384289872510667541e-01,-2.819169309795707123e-01,-2.436184333344610931e-01,-5.336688831284360779e-01,-3.972820202978907256e-01,-3.592214837774712066e-01,-2.845732016979369838e-01,-4.615338666666703449e-01,-3.777479481570866771e-01,-3.208685279548924574e-01,-2.769662156619348004e-01,4.094792171162836558e-02,-3.203235484525813748e-01,-3.274118273775105670e-01,-3.028632284827413867e-01,-4.396499309605844674e-01,-3.026907436815707425e-02,-3.172030006305143202e-01,-2.173908488976897257e-01
2.441388652585717300e-01,2.580829392507583142e-01,3.608172079551386635e-01,1.645825671934020296e-01,-5.311654364397304373e-02,1.423964179414831666e-01,3.986824450474500958e-01,7.001894554209006638e-02,2.357383912523161595e-01,2.809294683873390097e-01,7.787916112763061671e-02,3.361451726976072973e-01,3.383967386906315822e-01,2.597981263083857240e-01,3.359905043215064557e-01,4.504779480253221502e-01,2.738994182837566349e-01,1.968980844423587617e-01,2.664647525564030062e-01,6.841874853874763129e-02,2.536783054579679897e-01,1.724778847594429787e-01,-1.118107258400252990e-01,-3.060923144872675430e-02,1.291780515941167162e-01,1.425798379592008169e-01,1.385973437020408539e-01,-2.013650382158518773e-04,-5.410508318666575056e-02,2.613077187835462500e-01,2.879765601646077089e-01,5.031872171002199634e-02,1.135131300708995400e-01,-1.719586649033114367e-01,-3.020119599861025295e-01,-2.326208771160991340e-01,-1.225841514511121638e-01,-2.704874177134995450e-01,-2.874497278477812778e-01,5.440768087191115432e-02,-1.664802495016551309e-01,-3.470959532445909712e-01,-3.009111698290861669e-01,-1.173371199507944329e-01,-3.276888530884684569e-01,-2.272383569721302676e-01,-2.926555821238834842e-01,-2.915539625470572327e-01,-3.657334550224472514e-01,-2.730929596547605476e-01,-3.637950706319732497e-01,-3.387878509405383709e-01,-3.606489490954379318e-01,-5.372705527353899280e-01,-4.049389001418799983e-01,5.458373891391588018e-03,-1.273007975336208075e-01,-1.987450562737187454e-01,-4.252563989638187825e-01,-2.823140951228652051e-01
1.081769055215166669e-01,3.236548596487135443e-01,1.511504307968696559e-01,2.852869636714455703e-01,2.545606390984960776e-01,2.821413364927569112e-01,2.187312194803357479e-01,3.763976014458318975e-01,2.870234801568326555e-01,3.578517336673083804e-01,4.383875800445764526e-01,3.765479977943713141e-01,4.102877181722102695e-01,3.513597689035169447e-01,2.650570306656798714e-01,3.045083199398427309e-01,2.008129943123098671e-01,4.992491193720186016e-01,2.546398618856556828e-01,2.305934609129275947e-01,1.370566398715009071e-01,1.381691274944652492e-01,1.811978551685568956e-02,2.428869262643434668e-01,1.586485947428114551e-01,4.596804221658046426e-03,1.214393602910290859e-02,2.197961250619590579e-01,1.597786185496195555e-01,4.384135608430854425e-02,1.695773813022619647e-01,1.254804985890658753e-01,-2.509002463559560983e-02,-2.421224042242595687e-01,-4.109549775375659353e-02,-8.716940368659919711e-03,-1.610005637202763518e-01,-1.205821910621846377e-01,-1.391777665555109789e-01,-3.526430629979689091e-02,-3.778283971297205501e-01,-1.432117838324350190e-01,-2.168362584370548407e-01,-2.282614207553110841e-01,-3.618121119746969816e-01,-2.027592493943166096e-01,-2.714947715691361507e-01,-7.943374487610610490e-02,-8.652252003637669886e-02,-2.361730640963255468e-01,-4.271411724205697591e-01,-4.295728793845034477e-01,-4.133129441771274948e-01,-2.254519817088926348e-01,-3.859825010713500149e-01,-2.321430707325500276e-01,-6.496372036287677287e-02,-4.225788282851880018e-01,-1.783998077286724215e-01,-2.397742047058743498e-01
4.535115972020238584e-02,3.896008987728019068e-01,2.395786100355236023e-02,2.797629840372361509e-01,2.331290446807334216e-01,2.318550507794192583e-01,1.197792305665046075e-01,1.200692370160494071e-01,3.699515566668890587e-01,2.083426008610814451e-01,4.163310226155689797e-01,2.220088483912701083e-01,9.153176516867531087e-02,4.058051276397892648e-01,1.925365614562588035e-01,8.875609512532652012e-02,2.726948680684678772e-01,3.699423739166506353e-01,2.224903565170689712e-01,2.715485162938782726e-01,1.797915053193984147e-01,2.469025833515010038e-01,7.975606492351834664e-02,5.989013550837811450e-02,2.276056159339902574e-01,1.290709919082241308e-01,-9.871310165304160444e-02,-1.638349455452162151e-01,1.224474757605416714e-01,2.443510355011065810e-02,-2.675706602759041486e-01,2.969896603921849954e-01,1.077935677187050467e-01,-1.148738183049663186e-01,1.689408254176262836e-01,-1.473685578649212014e-01,-1.670495700658379545e-01,-2.275305289809199660e-01,-1.534681225674681126e-01,-9.214778427975499342e-02,-1.824796997464793458e-01,-7.556161198471708640e-02,-1.306755819779261973e-01,-8.384963741558561223e-02,-3.548719462941437447e-02,-4.374549826584365197e-01,-2.731808073918712276e-01,-1.571304452816167929e-01,-2.630428360273306954e-01,-3.975331911726324163e-01,-3.037983099407882692e-01,-3.463932790762958014e-01,-3.208156551217520858e-01,-3.727004295080351137e-01,-2.390608700729071612e-01,-1.601309975620164305e-01,-4.732179707327183182e-02,-3.518735181823730018e-01,-1.671217661582384828e-01,-2.618467334240912048e-01
3.086098817743146983e-01,3.672636338840282733e-01,4.009013321449462208e-01,1.686800782290262535e-01,3.767490631457783290e-01,4.024281552471263845e-01,2.011350069056581646e-01,1.518984410843151889e-01,3.426935291848509646e-01,3.221705100481867534e-01,4.211822548377304187e-01,2.794427664509729903e-01,1.649680058763243196e-01,4.159993082392934305e-01,1.914445340178695665e-01,3.405381193888609159e-01,3.740247106135635713e-01,1.773773397466813784e-01,2.025007130552130830e-01,4.108368202853817097e-01,4.461934312448888607e-01,3.703175488092899648e-01,1.679646625818617400e-01,2.909658111077307319e-01,-5.571586657633609274e-02,1.414813913347615359e-01,1.529659688004300078e-01,-9.843423753870371440e-02,3.462155482404770390e-02,-1.753093566667805470e-01,-1.559166670371606167e-01,-7.649075885873177216e-02,5.681745938043679389e-02,2.110117535314635084e-01,-3.134388890293121621e-02,1.098177166943473636e-02,-2.800355952476955013e-01,-3.575905831115647887e-02,2.967042439665954628e-02,-3.014310399049812683e-01,-1.688643479283142013e-01,-1.723161055561324706e-01,-5.159618626550590420e-02,-2.505290180176091286e-01,-6.301158272192987353e-02,-1.247275370298122354e-01,-4.365385379440863689e-01,-4.451413370867338126e-01,-2.882515235664353526e-01,-3.349974098109068654e-01,-2.594417275035768577e-01,-3.073185699781301183e-01,-3.412214601366317934e-01,-4.454735209980827948e-01,-2.881816245772078622e-01,-1.690817397602065453e-01,-1.045445699493696284e-01,-4.145148858195227826e-01,-2.919778802836475728e-01,-4.684989046006557412e-01
3.388429529983177924e-01,2.939206253863279605e-01,2.455029410143609314e-01,2.381554580962497170e-01,1.547001196905852839e-02,1.434419481425234233e-01,4.128684282852178034e-01,2.434944686174877471e-01,3.254536785520015241e-01,2.241400202640035366e-01,3.405606297237666613e-01,3.335559976938192728e-01,2.848704395196088313e-01,2.720632072101935028e-01,2.255230004802321331e-01,3.352632235751733525e-01,2.946126073602488016e-01,1.759044275739138075e-01,2.857031877594000679e-01,-1.193647736692277500e-01,1.876143299493898409e-01,1.393792898649123813e-01,-5.647535398589707129e-02,1.839370515562630259e-01,8.025134794415453082e-04,3.017327425355090242e-01,9.346072982252520700e-02,1.769757000370046351e-01,-4.870725710170516198e-02,-2.222046775844077442e-03,-2.716537550731684854e-03,-1.158898190819912521e-01,-8.118002319584148585e-02,-1.520425072069966910e-01,-1.272293496691172809e-01,-2.527601829227407171e-01,-1.748177191266878051e-03,-2.365082890033598506e-01,-8.433758813750447114e-02,-2.116386421202289259e-01,-1.553699973901189191e-01,-1.777546982693041788e-01,-1.270225159291324749e-02,-3.526902276610584253e-02,-1.883389681398640048e-01,-7.422174507892395634e-02,-2.405659618029247215e-01,-4.356344877871117793e-01,-4.627701591584630902e-01,-4.040895976036077419e-01,-1.842317780067518895e-01,-3.948462374689064580e-01,-3.753551389654669057e-01,-2.740880502719435508e-01,-2.420735866569416195e-01,-2.053253258076783716e-01,-4.026227822638942522e-01,-5.667120218584122820e-02,-3.181555485078855217e-01,-4.377184240753904942e-02
3.781940923408003696e-01,2.440019811880963230e-01,2.749118726120841627e-01,3.921112028617362855e-01,6.760337823247082600e-02,7.792198513256869130e-02,1.004029663953846380e-01,4.479577593965147209e-01,2.696236281734680773e-01,3.132897246922184964e-01,1.978962289469559932e-01,2.046453152776803730e-01,3.366825705881389963e-01,4.938010104176740467e-01,3.706938027221656218e-01,2.891434453579864727e-01,3.167994290097112531e-01,1.933016862298587435e-01,3.666462102087812702e-02,1.710075980785370764e-01,2.428637551856778765e-01,-5.285866057356090886e-02,7.963606913846939250e-02,-1.438525139874057002e-01,9.132685775075127799e-02,-1.136865348966995502e-02,-9.360273802366703144e-03,1.499944931601395193e-01,-7.883113691284585056e-02,3.395440243472431230e-01,-9.728383270501954339e-02,-2.244400398876271185e-01,-1.915397809046407995e-01,3.352823456066818253e-02,-1.639531160516314451e-02,1.770365510172962065e-01,-1.174381011265082375e-01,-5.054001706132042748e-02,-1.509305988310233881e-01,-1.268396171230212477e-01,-2.023480377568994126e-01,-9.923939058607886277e-02,-2.309561183035219734e-01,-1.171213603160967676e-01,-2.497371323953472277e-01,-3.670030353343057827e-01,-3.146956550094555105e-01,-1.993006625829817913e-01,-3.675323816752901762e-01,-1.781002975112859210e-01,-3.117407101969427718e-01,-3.632861755462291620e-01,-3.775498253317314257e-01,-1.186531004305568515e-01,-3.228516504843410573e-01,-2.386840182954838574e-01,3.546710703893368732e-02,-5.714061773489944596e-01,-1.710298959534766947e-02,-4.834424672872459361e-01
1.776921712082101534e-01,2.730199306100585810e-01,1.403137771022373026e-01,4.512947769026633971e-01,6.181304180316318231e-01,4.911430529546605972e-01,4.359765027788027325e-01,3.048569374896963335e-01,2.372735507207822114e-01,3.427658966357658987e-01,2.210099200015309684e-01,3.812308632615105108e-01,-1.030216880409625876e-02,2.920865552020193712e-01,3.816870814529133571e-01,3.247543624798590045e-01,3.215324977611918600e-01,1.248523250955988761e-01,2.048047067307555980e-01,6.451432200323459210e-02,1.715308662535399431e-01,2.167924592831080854e-01,2.436545382409539273e-01,3.673930187842376627e-02,3.643801430655468354e-01,3.383284253303576183e-01,1.566386275650299975e-01,1.239374851793778598e-01,2.798968252762066844e-01,1.835939043670378051e-02,-1.064448719317772074e-01,-4.848244833850628988e-02,2.064132410384766220e-02,6.428338669341035483e-02,-1.637954363108812261e-02,-4.134740908904667445e-02,-1.277337126676634793e-01,-6.699334164515138856e-02,-1.033212718027684204e-02,-2.344729686856714679e-01,-2.108442047414401943e-01,-3.195944100909687835e-01,-4.058211312479048649e-01,-2.412949659141622738e-01,-3.312793605831917398e-01,-1.406446179056529133e-01,-1.808229238578015485e-01,-2.873287892917904540e-01,8.018852383247507265e-02,-3.720102930482596659e-01,-3.045420081767790665e-01,-1.785419575360389643e-01,-3.008781368963632241e-01,-3.349799822984746434e-01,-3.918469875981493988e-01,-1.196107833105216900e-01,-2.897978230523456378e-01,-2.557058566640691422e-01,-3.408067454866889334e-01,-4.017688259704126352e-01
4.184502437742708136e-01,1.890430001100665003e-01,3.158322852252043456e-01,3.424203750179636851e-01,2.596694805573230846e-01,2.728563404418720140e-01,1.507629578520130464e-01,2.799418165956875718e-02,4.304769426001566757e-01,1.573363785281525484e-01,3.549275530951397362e-01,1.213424665251588291e-01,2.569635735370727758e-01,2.465019921428571459e-01,1.826781609308264498e-01,2.890370210583015353e-01,1.901484149344888908e-01,5.268764387406560390e-02,-4.838030140620895592e-02,9.251145808923803837e-02,1.234872528346646903e-01,1.572964138507369214e-01,2.780744246615180978e-02,2.828608753067204384e-01,1.724015868240059424e-01,2.025257283050914958e-01,4.591506467291149585e-02,1.927567922345093526e-02,-2.815374687637219320e-01,2.935122440268495003e-01,-1.566202230925120842e-01,-6.237333553002610831e-02,1.627576801180186938e-01,-6.619302513606140081e-02,-7.144561306338040318e-02,-8.316655564360293795e-02,-5.962581739557933080e-02,8.436424493811178760e-02,-2.535489769324910103e-01,-2.159701589808692701e-01,-3.120569104503840285e-01,-2.364913961260168007e-01,-7.381352080459638310e-02,-1.325090074449763733e-01,-2.196344039296587169e-01,-4.218821651101123393e-01,-2.443122783601718861e-01,-2.416087572582963361e-01,-2.312104065882271409e-01,-4.006295839684673732e-01,-3.584812925676840734e-01,-3.494580619420449841e-01,-4.701601333214755485e-01,-4.167518979029493087e-01,-1.621528475013246928e-01,-5.871554256346140921e-01,-1.233953967368512927e-01,-4.258034563063296807e-02,-3.036306985414679027e-01,-4.997874487176617864e-01
5.519350712020842931e-02,3.712594546422862685e-01,4.873330276378347037e-01,2.610503363369441332e-01,1.029637860341164612e-01,2.440910987092135276e-01,4.622000289112845328e-01,6.518935584494671420e-02,2.897805645626894688e-01,3.626398457532105102e-01,3.201475171609554637e-01,-5.452735458368589139e-02,7.168141133040997759e-02,8.830217330671792653e-02,2.118369403903085646e-01,9.775458706716665114e-02,2.048010265690808906e-01,3.317665294938869636e-01,-1.593310953657261497e-01,1.731611149136953187e-01,3.660207247718169077e-01,1.948845663453395161e-01,-1.929364315627287579e-02,2.365378183224894210e-02,2.324364588644649565e-01,1.654583229832158331e-01,-5.860217997197112588e-02,7.947661164422306634e-02,6.435412597425060888e-02,1.444372577764527488e-01,1.933198327775170200e-01,-1.527522652121865165e-01,-1.606728737998703027e-01,-1.249146983707903474e-01,-6.988240912440146779e-02,-4.255759357314337632e-01,-3.934100295218657117e-01,-1.426618240565410423e-01,4.696441664652285797e-02,-1.949552276818912189e-01,-1.871146817893551764e-02,-1.751405533058211783e-01,-1.323876289783803076e-02,-1.814742617461484187e-01,-2.082691447328844370e-01,-1.870683999416802856e-01,-2.609572028587389680e-01,-3.759403771623327506e-01,-4.191347301233693257e-01,-2.788602589119096309e-01,-3.357001363932020643e-01,-9.822325502610067260e-02,-2.887040240116035550e-01,-1.360212543753850367e-01,-2.236372369442748975e-01,-1.639403343704003146e-01,-2.164705726787002349e-01,-4.424331736457497166e-02,-2.230962017544190490e-01,-4.247033202916002392e-01
1.697535340529180981e-01,2.217072346714864806e-01,3.043541597887550187e-01,9.996461855093947968e-02,2.925039121165778910e-01,2.325804668787724572e-01,2.610107240117928162e-01,3.155257764319986391e-01,3.762105737739389055e-01,4.689854701557547578e-01,1.993021596460728684e-01,3.032404586043854211e-01,2.670948164310929518e-01,1.692696584463858067e-01,1.852631092503109200e-01,3.166212264928955356e-01,1.650101841946291503e-01,2.464761511918173442e-01,1.550333263594708411e-01,2.897940435963063388e-01,-7.360601978840045079e-02,1.727441727527984361e-01,1.952145166742300653e-01,8.932884322517782583e-02,2.001280091534999861e-01,1.498141047912114332e-01,7.029391932980691426e-02,3.260841247595728798e-01,5.091266214197909257e-02,6.399923394232473473e-02,1.309245295888357419e-01,-6.632880836660429158e-02,1.167503736219994287e-01,-2.647571989377531243e-02,-7.117508707981974603e-02,-3.034321208117988777e-01,1.743998125575118088e-02,-1.391722679705914845e-01,9.887071447268681174e-03,-3.149878041857652744e-01,-3.057087149495245071e-01,-1.530826185774901982e-01,3.459862865940982468e-02,-2.205449883597065397e-01,-1.423512212675992761e-01,-2.984637610550506803e-01,-1.827619751099430756e-01,-1.121978655554961846e-01,-2.463303938733610587e-01,-2.747493665522356965e-01,-4.172605266443362160e-01,-3.897664577515844164e-01,-3.172339340099884497e-01,-2.572599066554383529e-01,-3.256700850646315204e-01,-4.262375554679884715e-01,-2.788562789625247951e-01,-3.096940170333077336e-01,-3.376002366961783907e-01,-1.900067967396808777e-01
3.937279756283569299e-01,3.351528735439622819e-01,2.729691916094121873e-01,2.894724989235430979e-01,3.580007576742401665e-01,1.634902832286099228e-01,4.164128883075868259e-02,3.270180849278500612e-01,1.461996342884909761e-01,2.967995045511654939e-01,3.461202130821897649e-01,1.481060638017006881e-01,3.529480759222130004e-01,2.970851423978456141e-01,4.155347564854208753e-01,2.041499441437217011e-01,2.639731356978907706e-01,1.518718611955281739e-01,2.773537658807063155e-01,1.665177155117264773e-01,1.397392339650875906e-02,2.531549123659767586e-01,7.450234246087485135e-02,9.949266027850470206e-02,-5.437724689167241360e-02,4.356359910033121841e-01,-2.753601813633911322e-01,-1.432913676254062019e-01,-6.353200755066139294e-02,2.472182028235174744e-01,-6.509687922935711302e-02,-3.098436151968074759e-01,-1.432321431892266683e-01,-1.156820837304132488e-01,-1.762370661774567138e-01,1.159916352139223478e-01,-1.060586383616669848e-01,-1.021914874167244164e-01,-2.097756724536322115e-01,-1.792413678996058468e-01,-2.107375064102131046e-01,-1.368595469500235029e-01,-2.580386728614308400e-01,-2.307913438273113405e-01,-1.572926161228152542e-01,-2.952888353646302422e-01,-1.583551350320250573e-01,-1.161793056351645009e-01,-2.708525405988352341e-01,-3.505485076329556415e-01,-3.432946630835683188e-01,-1.133151519604703450e-01,-2.670262577790859515e-01,-3.003847070075044701e-01,-2.033410943510898794e-01,-1.131077648469896585e-01,-1.856590411466069734e-01,-5.440695221452095387e-01,-2.197564199491768289e-01,-3.727255723010384214e-01
4.041460993952680769e-01,5.057150031761750153e-01,3.982408720351425235e-01,2.792600117559347339e-01,3.158571142850067348e-01,3.808037510697525607e-01,2.168769858700409225e-01,4.181657272926046498e-01,2.711918696850196264e-01,1.347480281150667536e-01,1.861242212782905081e-01,2.673258220757999681e-01,2.822111700789445843e-01,1.331281771141779868e-01,1.291685165722352979e-01,1.804927258432474091e-01,2.864245732061974081e-01,1.977773215443905386e-01,1.294250347244352006e-01,1.373557370859887494e-01,1.024002334759962218e-01,5.089088213799457250e-02,8.356112270854129664e-02,-1.559821608815973037e-01,4.869192227925723399e-02,-1.533244343803378817e-01,2.123323995860735836e-01,-1.102033630124313185e-01,-1.586415408805368077e-01,-3.634607762384133300e-01,-2.001969098193635277e-01,2.155754113421732843e-01,-1.688326487259489139e-01,1.488974691326772626e-01,-1.598710296314398982e-01,-9.987135689539619610e-02,-1.802781439555915244e-01,3.203217485628682276e-02,-2.413586153546571078e-01,-1.301312452164813949e-01,-6.269100479194555930e-02,-1.610355432556458966e-01,-1.559133804803842227e-01,-9.660055438127894412e-02,-3.079050143359313707e-01,-9.064691870102620230e-02,-2.241469776460311980e-01,-2.023936715506040041e-01,-5.396190422667880293e-01,-4.412286671207683031e-01,-2.382979457734568651e-01,-1.997165861123593456e-01,-3.736271143163159003e-01,-5.031908640515646569e-01,-1.427700720487242170e-01,-4.118980724142958794e-01,-1.571164697540224364e-01,-3.441025084808160828e-01,-2.699674352050079329e-01,-1.810501597105669824e-01
2.803439903165326763e-01,1.357646585970925524e-01,3.985166236537451279e-01,3.471273625609856417e-01,2.193534314870428936e-01,2.500656955199893061e-01,1.933733223341049801e-01,4.712488729549401678e-01,2.884090827855593786e-01,3.854822027725967604e-01,2.980173171278818756e-01,4.657341971318217366e-01,1.842402833548080210e-01,3.030631246460729900e-01,8.059395991070782139e-02,5.715109215945294099e-03,2.099566158112786511e-03,4.482553213778290302e-01,2.328391059232688964e-01,8.004226122145294275e-02,1.279839696802985705e-01,1.118548405298965126e-01,1.041476161598866856e-01,1.247449006494281559e-01,3.846137644256666932e-02,8.085288559010199438e-02,2.671694912390485399e-01,-9.730241808023568778e-03,-2.969886018113507276e-02,1.490321116658420153e-01,-1.429062548830422885e-01,-4.957247267828876480e-02,1.451541038270156014e-01,-7.123477619437974806e-02,1.177391336761535595e-01,8.249897471248390790e-02,-3.146058362936664521e-01,-3.046711732004200868e-01,-8.744454306446503011e-02,-1.615342866724002180e-01,-7.826399247771131246e-03,8.157353071138506717e-02,-3.394830466647761891e-01,-1.017554173260148270e-01,-2.853017459639434761e-01,-7.747470946957249471e-02,-4.681688444365551538e-01,-2.870544387117114349e-01,-1.710585258542408893e-01,-1.584405357040066520e-01,-3.118726573558466275e-01,-7.078513595232979738e-02,-3.616545227657507189e-01,-2.312382049660159089e-01,-3.204407862063051171e-01,-3.312294107099411078e-01,-4.169403348479431837e-01,-3.804695480957859255e-01,-2.608008607297085946e-01,-2.395498310621429483e-01
1.420026071600875295e-01,1.329926911288697722e-01,2.062726982931318287e-01,3.553010460035276319e-01,2.222410582576022087e-01,3.444148772002102454e-01,3.313299274036823894e-01,2.357506146786981227e-01,4.239197586597790446e-01,1.520722051032231126e-01,2.402483337911927030e-01,4.689761141447749138e-01,1.726120742350923387e-01,1.843046244996644489e-01,1.948449458075952323e-01,4.191534425702408972e-01,1.801373687554454206e-01,2.910431582730269584e-01,3.215862374848288963e-01,1.913024653654677720e-01,-4.158099419840802918e-02,-1.722649779236545275e-01,-3.880701193152270856e-02,2.546355680018864143e-01,3.161162435699922391e-01,4.462743759532854931e-02,6.059196204377505224e-02,4.158969573545366616e-02,1.586118101698007210e-01,1.581444834666474175e-01,2.015909994906503466e-01,-9.357027994277498928e-02,3.176111645585687204e-02,1.034111120736815048e-01,-4.242621992410158804e-02,-1.431052740510065646e-01,5.953331424752224960e-02,3.483039867274179135e-02,-1.348762103746703744e-01,-3.199143221978935081e-01,8.559697295429119501e-02,-7.628412735398130626e-03,-1.500701541283404050e-01,-1.781089147681935159e-01,-2.324508928396416541e-01,-3.096846648646597311e-01,-1.092949998739155132e-01,-1.672596437408703229e-01,-3.414654261411549929e-01,-1.152575898594665471e-01,-2.864592782415303907e-01,-2.810934114561481900e-01,-3.213453964675907493e-01,-3.230816986916945632e-01,-3.236315247265503237e-01,-7.242306861416687724e-02,-2.954258413075747103e-01,-3.591073925111658016e-01,-3.418357225663349874e-01,-2.747511943703069281e-01
3.069729914795026327e-01,4.261589478302962308e-01,3.715450401607701680e-01,1.222996134974409371e-01,1.872773326884143441e-01,3.300111822666497718e-01,1.336819466302767156e-01,-8.620289245296407915e-03,2.863355997514350215e-01,3.640782918745592012e-01,2.392966713300368475e-01,3.375985099090007546e-01,2.297275160767796309e-01,1.760178456733528518e-01,1.140770274296378818e-02,2.458104556155513709e-01,9.458626799255172302e-02,1.048263851721067397e-01,5.380599026483127989e-02,1.921677657421416163e-01,-5.629223934010417485e-02,-1.586439300507317962e-01,2.117792457912333615e-01,1.460301147027863178e-01,6.858374435441167913e-03,2.065456398059910964e-02,-1.461227773304796806e-01,-1.848422561588695667e-01,9.869628187297627142e-02,1.451856989260977837e-01,-4.993026956046907328e-02,-1.417627709996086005e-01,-4.527574481062479617e-02,3.121486562609482873e-01,-8.573719969830591314e-02,-2.018017832115338861e-01,1.773480876941802287e-01,-1.226797472805278011e-01,-3.260240468465014363e-03,-6.046118320308567495e-02,-2.692474989898447912e-01,-1.156788480706250153e-03,-2.230167819640624938e-01,-2.033750190397652646e-01,-4.117037745766204820e-02,-4.853528687911200928e-02,-2.335361043237356715e-01,-4.190520431631745701e-01,-1.177871060785691676e-01,-1.044861405447736064e-01,-2.036438363994910739e-01,-1.660016392266804586e-01,-3.680084501691227028e-01,-3.461737278690403263e-01,-4.960744914857374011e-01,-2.970634968706915013e-01,-2.290153670155387622e-01,-2.026343279186226809e-01,-2.505574375091557671e-01,-3.672958495489360153e-01
3.568499472777167947e-01,2.457064406519868793e-01,1.239802420613670408e-01,1.628128570978380207e-01,3.396382843759916392e-01,1.845794466438365200e-01,2.824647851951460620e-01,7.801860223095527513e-02,1.775012861251660801e-01,2.932819829888826391e-01,2.668157446193861193e-01,4.034429600154949003e-01,5.645849210392954454e-02,3.775055012635238905e-01,2.563535077271258955e-01,1.220916408508563727e-01,7.210012426130053831e-02,2.081623655977406229e-01,2.614987728862134264e-01,7.890533090396174842e-02,1.007819698648050738e-01,2.064744846669794021e-01,7.401262587553403098e-03,2.166567337471290711e-01,-1.468075391107446781e-01,-3.785598105852443218e-02,2.682316031343894708e-02,-1.145579708525782392e-01,-9.152364714554730996e-02,2.735976003256591071e-01,-5.616893915021442529e-02,-1.547213557783283511e-01,-1.897756491647923649e-01,9.822544103953106953e-02,-2.637489440207654856e-01,2.302626308275048661e-01,3.528218952906826689e-02,1.688388162791538277e-02,7.550340070101890441e-03,-5.843334242317776983e-02,-2.305625133480868061e-01,-1.483027967226253352e-01,-2.092426722592773680e-01,-1.214910132207994709e-01,-2.978995423450480073e-01,-1.055882371132193381e-01,-1.156722002516436670e-01,-1.877708669736994351e-01,-3.156507305672123787e-02,-1.298094174710165138e-01,-2.694809354082219333e-01,-1.268487036502579379e-01,-1.261458474930588769e-01,-7.932394639239948031e-02,-2.812754975680803460e-01,-1.959112869557525227e-01,-1.872491717203410011e-01,-2.251306410251616708e-01,-3.403850049793173960e-01,-1.945483257161050028e-02
3.066698187786556784e-01,1.886070453310408623e-01,2.888849918643994763e-01,1.229529074408161476e-01,1.146709307907420594e-01,4.535254814853575955e-01,3.466253714601113534e-01,3.557432350343077143e-01,1.331045422281216806e-01,3.896660654037292781e-01,2.692233038684397339e-01,8.117163291061510466e-02,2.027197394095091865e-01,3.709053331391334307e-01,2.422681337970865323e-01,1.958661648418180135e-01,2.443274056213136022e-02,8.966455440235861218e-02,1.784494748033169376e-01,-6.865904562996091864e-02,6.717979777646923209e-03,6.406251556307104855e-02,-7.534780718240018105e-02,1.672039801971746953e-01,1.696758966502556476e-01,2.441840001773791236e-01,1.437396886217593706e-01,1.166400069542484347e-01,-1.985194781091250693e-01,6.519094034402092563e-02,-1.815324133175838794e-01,3.394922906086438319e-01,2.992856887123208215e-02,8.678861180218624960e-02,-2.164386295926245263e-01,-9.648639251735292854e-02,5.640205337184878154e-02,-6.472317518821435467e-02,1.527036000236642365e-03,-3.184044064647089112e-01,-3.148763435855052029e-01,-2.166177230711346657e-01,-2.246748814973137109e-01,1.318939752182227143e-01,-2.372640981188665621e-01,-2.855539892624477938e-01,-2.070819605834969823e-01,-1.253581160997337962e-01,-3.198231403942535245e-01,-2.446166517112691730e-01,-2.808875063991289611e-01,-3.659893332627316420e-01,-6.039586513567270221e-02,-3.685779578184384953e-01,-3.664908122054960082e-01,-1.537286371326699042e-01,-1.685917363644958422e-01,-3.412757309374655490e-01,-8.643050315542429030e-02,-2.036759485623008126e-01
5.190012707126991087e-02,2.448308040258796725e-01,3.060724591439288877e-01,3.066574158217784674e-01,3.675962066605459322e-01,1.512309149925741281e-01,3.436883631065407729e-01,2.342211479057324797e-01,1.823014844170016413e-01,1.104714223844923404e-01,2.666508283947857660e-01,1.085701378666742850e-01,2.586881613379276024e-01,7.997747757358353304e-02,1.104941148096851011e-01,3.198314552316338100e-01,2.866660582359421561e-01,9.313824528105840717e-02,3.550945743837370661e-02,-2.576093158938550648e-02,-3.765269892752986895e-03,9.410591335129890600e-02,5.556645595111011499e-02,1.308820855975326158e-01,2.320006942914678572e-01,1.648953670448063263e-02,2.727219775312784700e-01,2.059795851184243604e-02,-1.344666919452381926e-01,1.349787705813695615e-01,-3.778559754958982220e-02,-1.223790907349699281e-01,-4.174594485142858052e-02,-1.076054643891728169e-01,-1.365385717810467872e-02,-3.919582230410644241e-01,5.562270275509314382e-02,-1.921997022850130410e-01,-8.074718876977060589e-02,-1.175976897968075835e-01,-8.720357007538998007e-02,1.749051018471599328e-02,-1.380659227114026388e-01,-2.222592418333696196e-01,-2.992356849535929286e-01,-5.312026026189821393e-02,-9.917053546893037086e-02,-2.400531680683872238e-01,-1.869043351453661406e-01,-3.160396957188798539e-01,-1.599023048080176201e-01,-1.767098498143026553e-01,-3.098806333586069384e-01,-2.408901267363778020e-01,-4.297908015494404377e-01,-2.247669498326758108e-01,-4.018785827544707479e-01,-2.180774821836050370e-01,-2.824514319587083655e-01,-3.104169997417551286e-01
3.468526073669079279e-01,2.751774628675726087e-01,3.254964411366265686e-01,3.584952107464286497e-01,2.084136143249909756e-01,1.788472841203782027e-01,3.325542203358304305e-01,3.353432206359533985e-01,1.876490892888923734e-01,2.418684950671264322e-01,-7.964701259347077567e-02,1.608033256421995127e-01,2.048340333243847677e-01,1.542872952882101134e-01,2.289468669565368764e-01,2.015299062729887791e-01,1.433750949956407172e-01,1.486381561453581079e-01,1.909563263648471065e-01,1.391741153261720765e-01,3.631969954688357705e-01,7.893297401908856703e-02,9.724981867782563072e-02,1.319528680198432391e-01,-1.378070526765569903e-01,-8.285577175628855429e-02,1.103016429839932533e-01,-1.624919196475741595e-02,-3.064459751963947987e-03,3.366199563316404908e-02,4.821922439805539223e-02,-3.068556756293006754e-02,7.946090494098889678e-03,4.093977648167647365e-02,-2.175823707295391485e-01,-6.093127344615406615e-02,-2.325438787254122119e-01,-2.406473057941837732e-02,1.031575882291009966e-01,-2.736713270019680566e-01,-2.837291597213541516e-01,-1.181984528032743870e-01,-7.246255543772900376e-02,-1.601074207423582307e-01,-4.178296453029931579e-01,-4.904161761723917906e-02,-1.948028129841107847e-01,-2.503967349830018008e-01,-2.699671769443522384e-01,-2.314726268808623977e-01,-2.202871266125624172e-01,-1.288579703965825607e-01,-2.880127435021169191e-01,-4.239017797731663428e-01,-1.737606362508531677e-01,-2.939001011680488773e-01,-9.138722032625404279e-02,-4.493626302985377907e-01,-3.785937284790479862e-01,-2.783875143295251320e-01
3.362146823773348725e-01,3.254557123809284080e-01,3.990497064164452157e-01,3.058865357688557163e-01,2.133667142292380858e-01,1.176026198078423401e-01,3.302472766212820598e-01,2.482382129775252966e-01,2.272180270517253076e-01,1.724509541027410831e-01,2.610327255312174244e-01,1.018368541375338221e-01,1.994726909863634989e-01,1.258678228220392881e-01,2.383211216563131118e-01,2.850757727952250575e-01,3.145014328947056681e-01,1.132385871289532248e-01,3.772297377291904813e-02,1.791514404660289883e-01,9.157478172305497099e-02,2.228401648857503137e-01,-7.855855821539911577e-02,4.696967713546531392e-02,4.916621749495088400e-02,-6.743138612532588103e-03,2.220233865357520153e-01,-1.587157571927800548e-01,1.490362657922748579e-01,-7.497018377087244501e-03,-2.825393270785918065e-01,-3.036612645786278958e-02,-2.397414349641829312e-01,-2.279730097729379124e-01,4.217965039753548279e-02,-4.212993588065105238e-02,-3.724624450015865534e-02,9.977929413810285308e-02,-2.250308076039645166e-01,-8.172141710558281091e-02,-1.785812581479696293e-01,-1.053825550291555696e-01,-2.104937337838657940e-01,-3.856626336512670172e-01,-5.046506267369615939e-02,-3.612625456415640562e-02,-9.920217951878761153e-02,-7.848008068973455487e-02,-2.853447955518842449e-01,-2.736911751246073887e-03,4.404839698254055247e-02,-3.265643550382891225e-01,-4.354646506806224560e-01,-3.860669803287550272e-01,-4.099795804143439026e-01,-3.685372543993473693e-01,-3.858784345240884317e-01,-2.874688024722768520e-01,-2.611812804160552060e-01,-3.826415111499198440e-01
8.916602351961172568e-02,1.320096102189900200e-01,1.410272197678875128e-01,3.290034562031446952e-01,1.910698839525084014e-01,3.062168620992376522e-01,3.971882309949023027e-01,2.909316274307118255e-01,2.358363595020343817e-01,8.769375364172124487e-02,9.861601217524222640e-02,2.093724738682298248e-01,2.734147924779902206e-01,1.023682949959908300e-01,1.446571688721283167e-01,3.239085817048504845e-01,9.349587544436292752e-02,2.081187829558913960e-01,2.789889981320364254e-01,1.498928734777852864e-02,1.259390381055799368e-01,1.062051227114402668e-01,1.276171927472454816e-02,2.342871398193438481e-01,-2.991372017899678326e-01,2.769366724114095263e-02,1.080499666324548913e-01,1.450979308805080692e-01,9.605891234621213859e-02,9.782193476221760775e-02,4.493301608879028686e-02,-3.027961463704832434e-01,-4.362473209356331205e-01,-8.445909981621262108e-02,7.275066953167109995e-02,-5.269921658646264592e-03,-1.415162627880832968e-01,-2.394225773238783661e-01,-8.958936500350747623e-02,3.394164603820352955e-02,-8.242907995915473018e-02,-2.993926072820425888e-01,-3.978672297095893207e-01,7.739444239934174796e-02,-2.023409290433149724e-02,-2.232918780114055701e-01,-2.368009684664580949e-01,1.830747884447342655e-01,-1.203866855183489404e-01,-1.943434943091235378e-01,-2.727855451434376688e-01,-3.872813674987292676e-01,-1.381164343326048982e-01,-1.956710282753849062e-01,-3.993799176895226344e-01,-2.947359618647945601e-01,-1.624302309139897260e-01,-2.880048574127916927e-01,-3.076686625108210893e-01,2.086360106243863310e-03
8.278526071673678044e-02,2.648745572149634464e-01,1.447413050165301251e-01,1.641698653382449302e-01,2.936827535022166757e-01,4.145501189022620103e-01,3.300322850125622098e-01,2.494695878949129142e-01,1.852594218958230066e-01,2.666174645946055577e-01,2.237656262009388719e-01,9.432935243321710628e-02,7.768832749375861879e-02,1.206186908495629345e-01,1.191337822273127456e-01,1.276327730354228085e-01,9.290665437358631984e-02,-2.444980860002161568e-02,1.808127331685107642e-01,1.578619080348158954e-01,7.692482951933146684e-02,1.465801387177760318e-01,1.942713594572710034e-01,2.784898002155574703e-01,-1.387533859275046078e-01,-8.128089364025464086e-03,2.072166267078178470e-01,5.472939094457406062e-02,-2.626711513009625382e-02,4.860867637617601739e-02,4.711728297578564317e-02,2.259515025360383511e-01,3.277875546171623439e-02,6.420947283998004740e-02,1.118678142453770619e-01,6.642683525925215104e-02,-9.149307204328585574e-02,4.077403815206158688e-01,-3.699144319473508802e-02,-7.833991075751782496e-02,-3.557880912656806449e-02,-2.164599875445136767e-01,-5.839717917409792403e-02,-2.415611650821154477e-01,-2.482742824414728156e-01,-2.224932327249995456e-01,9.123313168735865120e-02,-3.468912484133869767e-01,-2.902576422841878778e-01,-2.794775885192585241e-01,-2.359411627555261792e-01,-2.605104764707165677e-01,7.435110707567689492e-02,-1.600755443520309185e-01,-3.744283609151751735e-01,-2.637533255364686857e-01,-2.845305419232587174e-01,-3.951612065683849928e-01,-3.612393255082247401e-01,-4.795627304622441800e-01
1.561890941108449726e-01,5.247791657947474819e-01,4.180044392015088706e-01,4.509048360623045260e-01,1.633427000380837657e-01,2.831845379398100215e-01,5.583573195766398933e-02,2.552785888810676918e-01,1.460603870998236631e-01,1.331798404995164498e-01,3.898191343208416426e-01,2.566502309486412003e-01,4.306189409058598372e-01,1.573324430188806702e-02,1.924919137027098770e-01,5.996092437783447776e-02,1.592872597654802491e-01,2.911935151764944441e-01,1.274224833921202005e-01,-6.293790928935481810e-02,3.965615602670360951e-01,9.037770913521933625e-02,2.648405819102492842e-01,5.862674035255285160e-02,1.942563561245131687e-01,2.962618935283516941e-01,8.831498174662512357e-02,-5.923808484383692730e-02,-1.455835771019379499e-01,-3.721665810475905528e-02,6.942212876983444754e-03,1.143016275252750347e-01,1.107849070730942548e-01,-2.358519816996652863e-01,-2.235227167550704885e-01,-2.289790217774514414e-01,-2.572578731149300912e-01,-6.351577821715218009e-02,-2.643132903085860796e-01,-1.074116592335959408e-01,4.049772387770424198e-02,-1.840802390189139742e-02,-7.530949339758119532e-02,-2.946996843075816996e-01,-3.204835234364202257e-01,-2.412505181968730150e-01,-3.595511381742784174e-01,-1.156196428295523937e-01,-3.082318898467683033e-01,3.926339072452511049e-03,-2.463450206262496889e-01,-5.170905957493563410e-01,-3.409490269367176918e-01,-3.252142980160648844e-01,-2.079882848631245673e-01,-2.120942914097574405e-01,-2.730838923724026035e-01,-1.443607587700234951e-01,-1.935104089667054605e-01,-4.331997934828219488e-01
2.243422219551033103e-01,2.697152260254693790e-01,2.611379209364100284e-01,2.556250493639476429e-01,2.805832936152897750e-01,2.444115118082449134e-01,2.379191044036413627e-01,2.137429164379029134e-01,3.098863609880012637e-01,2.425520647120049667e-01,2.196976654642474325e-01,1.747614698355428320e-01,1.936505362883688686e-01,-2.687388949311744074e-02,1.629687196303253038e-01,1.405577247182569489e-01,3.082922305113288131e-01,-1.897257094458896370e-02,7.384803163987960217e-02,2.242072034115689672e-01,3.138593472617977054e-01,2.048540856644285313e-01,-1.536643053927846114e-01,8.458347476022695655e-02,-9.592635928687821834e-02,-2.563920601055443699e-02,9.729537289225728691e-02,1.443072902522419820e-01,-8.689812184924287919e-02,-1.329683592097526679e-01,-1.150008204646413464e-02,-8.949003543845955588e-02,8.138442144689732316e-02,2.154717265721747543e-01,1.171508802967590884e-01,8.521771321000819188e-02,-2.239359489161858452e-01,-1.386136876535205287e-01,-1.764014646321560575e-01,9.667820503871918381e-02,-1.184557097644956258e-01,-1.033505670456205533e-01,-2.145291317725316060e-02,-2.017820207533170263e-01,-2.995942775794325219e-01,-1.094200954221918598e-01,-6.618192184046173265e-02,-2.133301070884427442e-03,1.037561290833416833e-01,-9.250907776588682130e-02,-9.143781667394965118e-02,-1.324489252166710374e-01,-1.973470532432421709e-01,-2.330029774341196569e-01,-3.709934248812802871e-01,-1.108589514734117376e-01,-1.272401820611816503e-01,-4.892685222645624665e-01,-8.129927524034082087e-02,-2.436793392494104593e-01
1.284348247175865487e-01,4.497353607562702971e-01,-2.014483593214228263e-01,3.250791367741947546e-01,2.105618229509221562e-01,1.350389285717419341e-01,1.856400103557502568e-01,5.666264148739809381e-02,1.532850781345461155e-01,1.623279440783221284e-01,1.098640538145449208e-01,1.080015047598876510e-01,2.760783930383797768e-01,1.493381335127333398e-01,-1.640781377614415615e-01,2.019780529748097242e-01,2.698408770418335156e-01,1.440554326774943494e-01,2.187504636064367958e-01,8.591926924946588495e-02,2.529950533849892880e-01,1.991140545718715626e-01,4.421731174888388766e-02,5.958519666166198908e-02,-1.586953090339296990e-01,2.731933213932069004e-01,1.233321942999074904e-02,2.236609891111174808e-01,9.622587177112870704e-02,2.043080352575528946e-01,1.912793786607538404e-01,1.607000189537468871e-01,-1.724214972651981481e-01,-1.140691586644966699e-01,6.872046634766890150e-02,-4.120444550179969308e-03,-6.025577828371515843e-02,-9.017275733132887328e-02,5.283579809014606748e-02,-2.311938884446832210e-01,-1.277477932636133517e-01,6.869706528117044964e-02,-2.003970920895764007e-01,-4.368646421841300420e-02,7.059253514521482420e-02,-2.452328792064856489e-01,-1.228971896606039921e-01,-2.464242830744366175e-01,-4.206389218289262044e-01,-2.856892560967504435e-01,-2.210278167291169216e-01,-1.832660840708660310e-01,-2.793244534379856758e-01,-1.732999429455537310e-01,-2.212625967572217911e-01,-3.602676903359181004e-01,-4.565387318298730346e-02,-3.440746106683265082e-01,-1.387954669064732360e-01,-3.691129814777308060e-01
4.279057179973566605e-01,4.375207623767660148e-01,4.578354271582443791e-01,3.492555043760481870e-01,3.135811942777669836e-01,2.013039123943669018e-01,3.482647636701053928e-01,2.226018184198164662e-01,1.848493592624598503e-01,1.513786695512500946e-01,1.399961275041805564e-01,1.309969197693303944e-01,-2.079724986415799198e-02,-1.541973937661906269e-01,2.373647865555637004e-01,2.187827979496110020e-01,3.046600399324086300e-02,1.305640064157720659e-01,2.509659803190047445e-01,-5.759455811502870587e-02,1.960804412233727867e-01,-1.950324889874785472e-02,-1.396610956909476176e-01,-1.278679297501634504e-01,-1.380378878648728103e-01,6.873391915061402568e-02,2.019078264377589527e-01,-2.589925437401714992e-01,1.299264755354357648e-01,-1.122917141223886695e-01,2.397207427223969553e-02,-4.683764845956219121e-03,-1.252643690541072330e-01,-2.543260516403359622e-02,-2.006589495346800065e-03,-1.022397909073475136e-01,2.805328548237508990e-01,-8.582076403257592190e-02,-2.363574404322725253e-01,-4.876550274455662692e-01,2.114210582381329251e-01,-2.335130195010289705e-02,-1.615029887991933921e-01,-1.085205612941334968e-01,-1.934096970562753093e-01,-1.771721655422495434e-01,-3.139754803911169456e-01,-2.810807275164380892e-01,-1.589275710063327574e-01,-1.982246202666475554e-01,-1.072117009482254357e-01,-8.695258277331847918e-02,-2.124575332177411069e-01,-3.131900984754880102e-01,-3.709128711040737270e-01,-4.481691460028773832e-01,-3.616665235410216894e-01,-1.586434596123884599e-01,-1.794682193765129996e-01,-3.565534750808042608e-01
3.567872380037607760e-01,2.743481499981130223e-01,3.485317208558994517e-01,1.870391018443741671e-01,9.547266851907143526e-02,3.752407965721122340e-01,2.733588007310118750e-01,1.548793069405920708e-01,1.538817590502703225e-01,2.741806213166252393e-01,1.550886274132277365e-01,2.040747018606660634e-01,1.069029922483880901e-01,3.735805392137869219e-01,1.751422637501687807e-01,2.448465108647705502e-01,1.652527416436579411e-01,2.223486292180467672e-01,1.606450422995198690e-01,-1.596522649659999904e-01,2.226617669447779613e-01,3.295806648747519330e-02,6.860367056962134169e-02,1.390473086588133733e-01,2.264444720102901099e-01,9.415773755543888068e-02,-1.107574790230018563e-01,3.584342766916975842e-01,1.300302188303106843e-02,9.169129707459242051e-02,-3.115287185815809878e-02,-1.519638347023661573e-01,-5.759385580122478379e-03,1.199367336657636805e-02,-2.410791286023263869e-01,-2.087063093188255558e-01,1.330317242068712047e-01,6.610735648179595636e-02,-7.942801686940674510e-02,-4.191574125035955195e-02,-3.033707470797875755e-02,-7.004537415016365287e-02,-1.490027340934195754e-01,1.200936287765636268e-01,-5.053748856930073696e-02,-1.479297604456848159e-01,7.066671406859932614e-02,-1.991625457954422362e-01,-6.697140706907936392e-02,-3.284405354232711738e-01,7.017783688253403582e-03,-2.645178976825527384e-01,-3.943523855872504980e-01,-1.849703983258013662e-01,-2.891029960025127687e-01,-3.542956185644086653e-01,-3.695505320180890174e-01,-2.478386661264365964e-01,-2.542278759007410294e-01,-2.502416186029901568e-01
2.256433756903245269e-01,1.486531624429268117e-01,2.577287238147765724e-01,1.871786442863577204e-01,1.661849365131188028e-01,3.390218903847146414e-01,2.861056784184055068e-01,3.731225157082541100e-01,1.522128756818784123e-01,8.644738128237465513e-02,2.731701999065389019e-01,3.302549603468013517e-02,1.385869061142523152e-02,2.026292867107670759e-01,2.912444794665073333e-01,9.395787496737491307e-02,-5.013576756600801598e-02,1.497649327108288575e-01,1.123569778958562748e-01,1.358819141026902932e-01,-1.289867138902497101e-01,6.300423634194034228e-02,-1.589802429589540905e-02,2.368659811340623114e-03,-1.067810948077794198e-01,8.903098536286231657e-02,6.768719252848590107e-02,1.655039224650352581e-01,7.421646851490711072e-02,-3.361635477118698340e-02,1.120119061728605675e-01,-1.560375714324502838e-01,-5.129140609204143469e-02,-6.020106448435039864e-02,1.298282936681478539e-01,2.223154342437652087e-01,7.961032077131274809e-02,1.796080977558534020e-02,-6.152279285163238937e-02,6.587618703908870374e-03,-1.526831554555870829e-01,-3.000370881363686459e-01,-4.123052134693290793e-01,-2.028078648998827282e-01,-2.162074692197246684e-02,-1.121817566216436191e-01,-2.584472188203032483e-01,-1.087043666354455818e-01,-5.387308087906067522e-02,-3.227644679070130751e-01,-2.547002027560723025e-01,-2.768672888110741970e-01,-1.735290384358857685e-01,-2.108165493992598394e-01,-2.644979331537704037e-01,-2.014072004479609268e-01,-2.887257699038177639e-01,-1.363803659853654038e-01,-2.198223431475593015e-01,-3.418899447157317528e-01
2.031093932860563167e-01,3.623053012378287807e-01,3.232043892944888031e-01,2.506357871336205578e-01,1.931907376125143461e-01,1.571684345492042056e-01,4.018702397973745732e-01,3.297610222235572430e-01,8.191633279810131563e-02,6.838362343807122268e-02,2.702197414114503871e-01,1.084288814240203236e-01,-3.643252829196043374e-02,3.440997167732183226e-01,2.350385457855031779e-01,-8.738517880349147560e-02,1.594208716840255224e-01,1.773257367731569389e-01,1.984261553409839007e-01,1.898726941947205260e-01,7.928322711273613765e-02,-2.480887093125080933e-01,-1.155749375927915129e-01,2.846334088342982738e-01,5.764373263419174387e-02,1.205156282134857426e-01,9.989824122074968116e-02,2.141639229853904355e-02,2.822764155783857865e-01,-1.290776621207448682e-01,2.736536550064265216e-01,-8.284482743981157193e-02,-4.919996330748874214e-02,2.594327868080512078e-01,-2.085375555807420650e-02,-2.949661059708411637e-01,-3.489412542506869497e-01,-1.356097150463621837e-01,-1.431644701164694333e-01,-1.026037751976312390e-01,-1.773656449802629154e-01,-1.229797330568454389e-01,-1.260661121822681530e-02,-1.550353703900688440e-01,4.708126267998900133e-02,-3.231271698077749499e-01,-1.239642647016656607e-01,-1.377676067478670330e-01,-1.338364597318953131e-01,-1.179570363541079664e-01,-3.612933472222585457e-02,-9.196351344213407608e-02,-4.592104303370304896e-02,-8.822753031333645246e-02,-2.143778948854119515e-01,-2.511681765805191535e-01,-2.133742275092211094e-01,-2.290889539878861181e-01,-3.925064122877076067e-01,-2.113502509561273057e-01
4.095956588658319353e-01,2.805851104417833031e-01,2.295216069127203329e-01,2.579031482010646914e-01,6.976430158259946945e-02,9.795378980082987408e-02,9.780517199609969903e-02,1.638585808747644312e-01,3.765000571529695250e-01,3.044964987151297930e-01,1.110673763486836607e-01,3.414977629001831883e-01,1.897178772526377788e-01,4.730842799911370855e-02,9.220827251994576090e-02,1.758313473938032112e-01,-2.643952164678006062e-02,4.783295995722562644e-02,-1.260382867774180460e-01,2.224770509611722902e-01,1.188686832375242808e-01,2.006355914336402368e-01,-3.133176275146601908e-01,1.211798021760128741e-01,2.780331241044457502e-01,1.304595121768382104e-01,-8.932454236925306545e-02,1.243042287713494731e-01,-2.922427513021390033e-01,2.886046663526441458e-01,-3.687056120155714212e-02,1.495090160701788573e-01,-7.744912610656698448e-03,-1.455098506418975313e-01,2.051494626454806181e-01,3.501670508298508622e-02,1.274462369957386418e-02,-7.287566312827294113e-02,-6.495516850970348144e-02,-3.120738527524372086e-01,1.616445591726648617e-02,-2.103196436290851179e-01,1.262575011718382600e-01,-2.076970207164565707e-01,4.393700824933466538e-03,-1.424417928709149073e-01,-2.147259712958376476e-01,-1.989979511232664033e-01,-8.838667658843202268e-02,-2.953171480193763632e-01,-3.122329917018322187e-01,-1.319064724638477348e-01,-3.469551205083415413e-02,-2.422494648938836315e-01,-1.986438638742328566e-01,-9.079152348201133260e-02,-2.699059794844269056e-01,-1.236521682963816343e-01,-8.988043932078310094e-02,2.151887309134430798e-02
2.421912566679048084e-01,1.427676564749404409e-01,3.220435940159832588e-01,4.068067905760838765e-01,-2.804263938979261600e-02,2.579689646999933639e-01,1.169762018116091706e-01,2.033604052556277630e-01,1.690671460458478270e-01,-1.300417057087466799e-01,3.065224992349319666e-01,4.592013791116698052e-01,2.312290616573321397e-02,-3.402376544675433240e-02,4.360863906371910403e-02,1.120523209945265553e-01,-4.253985821364827946e-02,-1.978102325057872757e-01,-1.210131759989619554e-01,1.499662156424983461e-01,9.301414077015776605e-02,1.363299076599731041e-01,-6.205146696538208634e-02,1.429517762303599837e-01,1.897212093056223348e-01,2.396301773321342019e-02,3.520564075417929595e-01,-4.204483984445252925e-02,-4.810154076591489913e-02,-1.303514399901371801e-01,-1.312613039506088097e-01,-6.212772683569740828e-02,-2.729422676709850754e-02,2.890492316547442764e-01,-1.987002308935491013e-01,1.567711446247987972e-01,-3.970506068284287288e-02,-2.113794859745120880e-01,-1.425414504610598987e-01,5.856675530456358775e-02,9.285605744047448207e-02,7.470913258875341856e-02,-8.464184663974423650e-02,-3.132546929346325948e-01,-1.936332118004207292e-01,-1.285516729454602436e-01,-2.697862230712802512e-02,1.370551903006524963e-01,3.009264601598186234e-02,-3.530079078268956727e-01,-1.485854045959776326e-01,-1.001612638672324529e-01,-2.234386266485521855e-01,-2.035154097581410859e-01,-2.562768950282264258e-01,-1.639427513856429874e-01,-2.001498993246736136e-01,-3.509782353972065727e-01,-3.780928499479251359e-01,-3.190455454806379043e-01
8.613139160167966601e-02,2.115146322510721988e-01,1.220819335914614251e-01,1.874959108109324757e-01,1.109588633907495903e-01,1.814936607170662408e-01,1.228044046525916116e-01,1.296225290464645408e-01,9.441296983215168026e-02,1.816478850350085605e-01,-4.676761953145336381e-02,1.307301535122541991e-01,3.106657468100877950e-01,3.228228002402606656e-01,2.531637974675182701e-02,2.336575142132658323e-01,2.022063639383860634e-01,1.230985468999365173e-01,9.973293808080985201e-02,9.848394128705798001e-02,2.057701839261549259e-01,-3.045254509840484430e-02,-9.184841051084344232e-02,5.056405451657308703e-02,-1.282230558653875696e-01,-2.097475003928078174e-01,4.727182324497218591e-02,-3.799090627562835831e-02,8.429112034407269805e-02,1.238960914429753507e-01,-1.407913054845811862e-01,-2.329933531325660834e-01,-2.093531360868208235e-01,-1.529583883550106847e-02,1.234903644371337650e-01,4.193787586331556433e-02,-6.741819131062901094e-02,9.095950201801396295e-02,-2.931132683024813002e-01,-1.589217492506298512e-01,-2.222178185562218578e-01,-2.593603051723296637e-01,3.133467774445998499e-02,-4.433841250959279917e-02,-4.938567904044138118e-02,-1.437568118333326928e-01,-2.965594225230287484e-01,-2.195830667274044079e-01,8.552557321670262169e-02,-6.662154961980980283e-02,-1.700790557315759732e-01,-3.011708698321313160e-01,-2.238634084703698401e-01,-7.294608217154388563e-02,-2.071644106094323590e-01,-3.124817165350384646e-02,-2.229802714850337986e-01,-2.821055430778400819e-01,2.640297086706248561e-02,-2.043153240291101513e-01
9.512131262595660552e-02,2.638472487253297194e-01,3.837347106146381526e-01,3.328198612956195790e-01,3.256085883000253700e-01,1.551493146296507308e-01,6.346386047408392184e-02,1.566532046803025269e-01,8.211094829574019927e-02,-2.729102683068778193e-02,-2.334080726642093553e-02,1.315005055919175048e-01,3.160471153355152718e-01,-5.719731882628400349e-02,3.294576362068299957e-01,2.596761239332404658e-01,1.716433327611794069e-01,1.207896762939890400e-01,-2.590264789242920362e-01,2.852367904621766481e-01,1.178644311890838930e-01,1.439420403103627323e-02,7.337528314147589992e-02,2.661541866577860072e-01,2.846238003151512208e-01,-9.760417556110161097e-02,2.070549042588489264e-01,4.550082301304781973e-01,7.193254463484433092e-02,-1.876212281339278282e-02,1.417671886790010105e-01,-1.034471064382582774e-02,-2.029639204324562018e-01,7.145716428259321629e-02,-3.744774117186978057e-01,9.968972505114589988e-02,8.095873250366800167e-02,2.082736718118871622e-01,6.975502323227036894e-02,-1.266944933215388147e-01,-3.875183579538763606e-02,-9.047702132204071823e-03,-4.385134042233768126e-02,-2.934611794520162326e-02,-2.349143002952387427e-01,-1.279931801142065451e-01,-2.479765366064365928e-01,-4.887183493671707485e-02,-1.054828950240466467e-01,-1.966246093401198825e-01,-2.239555049225931960e-01,-2.559069997696982179e-01,-7.657897928643826735e-02,-1.571930393458800257e-01,-1.108646905419418544e-01,-4.369876985866645858e-01,-1.961101118705762258e-01,-3.122427635325257245e-01,-3.847924604708709007e-01,-2.327856125881370697e-01
1.579875030988548146e-01,1.606360782412926125e-01,1.552874908724085345e-01,5.452706752192305883e-02,1.063598850498806703e-01,3.483258663857718984e-01,2.021261585988308462e-02,-7.640344583355632331e-03,2.283813298629102095e-01,3.586497242635414834e-02,2.321012837403203244e-01,2.482032824194846171e-04,2.843306865088817137e-01,5.809865698503192954e-02,2.285850369153470951e-01,2.742006098337226305e-01,2.559440668663202634e-01,2.692458152011346639e-01,3.802714604455457309e-02,6.315948897653905769e-02,3.147003159574581765e-01,-1.720045421990442081e-01,6.703501041383541290e-03,5.223342637772347696e-02,-2.445626710255831629e-02,2.137867051681633171e-02,-1.340890837261712876e-01,-1.180721876021722794e-01,7.921468515223617501e-02,1.452160092168594263e-01,4.887335175974579643e-02,8.752681331018721811e-02,6.503031194854316799e-02,-4.655986586860801912e-01,1.394763752198053819e-01,-3.746003700243224349e-02,-2.220668226470852713e-01,-6.613298641991552373e-02,-2.469298265548146021e-01,-1.825566203986745406e-01,-8.973296946833832222e-02,-2.033150077280773682e-02,-2.534040408949965739e-01,-2.108192235360616673e-01,-3.108527787309141588e-01,-5.308762280694946656e-02,-3.647452434085615147e-01,1.397980390863250988e-01,-4.024070078592630328e-01,-1.079604780969196653e-01,-2.646043129149858175e-01,-1.001523374885185530e-01,-2.615990090411490776e-01,-1.544565733960731081e-02,-1.124091336174732197e-01,-7.228565574859593945e-02,-2.212749538307508534e-01,-2.445522950180293031e-01,-3.932347543163139392e-01,-7.291933048074755730e-02
4.001020006901030435e-01,1.262116105128748555e-01,3.779152047727266650e-01,3.458602071653230636e-01,2.048881150958712372e-01,2.654584977868317264e-01,9.848702687140593881e-02,1.732331207858032462e-01,2.436245731511710866e-01,1.031858567446805042e-01,2.798207413525236609e-01,2.237002855344944474e-01,1.611075387391853186e-01,7.324511982084019879e-02,2.278814785708684065e-01,3.102380464927854131e-01,9.442302043792734703e-03,-3.393673928864118783e-02,1.678532227176532110e-01,-2.220176355491875753e-01,2.919596800187411554e-03,2.460450062692824402e-01,1.459765280552565714e-01,5.589998073835941023e-02,-6.308572586369431967e-02,-8.244984252690719384e-02,2.191926311656212378e-01,-1.984934881193920475e-01,1.476661551832117447e-01,2.984908793529691268e-02,-7.342503634012059743e-02,-4.872683899735141821e-02,4.107293927321636895e-02,1.958206270973491259e-01,-1.415426918520019950e-01,-3.663107881731902382e-01,9.707762817346024531e-02,-2.037511822977342568e-01,-2.774898690849146310e-01,4.632806775100650927e-03,-2.110792211044678623e-01,-3.101599598859324791e-01,-3.129802775598242714e-01,-2.132315639809523877e-01,1.085414629843514805e-01,-3.702441074947553923e-01,-1.448033736325428644e-01,-1.691203466342137973e-01,-1.479650127476998533e-01,2.689841916414257433e-02,-1.102797958054912569e-01,-1.190599303285336530e-01,-2.812460693286856772e-01,-2.087958437185311045e-01,-2.952980009359219005e-01,-2.873116706986038604e-01,8.709520016151095501e-02,-2.660566824919741169e-01,-1.262031503129829590e-01,-2.815913075591077730e-01
2.590604818325165648e-01,1.299567504094961967e-01,3.272109509184982223e-01,1.488236653389153064e-01,1.576556637710613551e-01,2.195664278450362161e-01,2.288968980801689423e-01,2.142663343426419453e-01,2.155551667609901245e-01,2.361534427821475879e-01,5.094528583855493370e-02,1.366027996079019757e-01,1.342108999864026209e-01,1.086682750145368387e-01,3.354689866919456365e-01,1.955224704573342576e-01,2.352471214185110904e-01,5.249760411375170577e-02,4.351186213504171230e-02,7.989762663594242309e-02,6.361163272263106565e-03,-1.036820018882026878e-01,4.014286331924783735e-02,2.397238888008385582e-01,6.574172546772565247e-03,1.839183612863943273e-01,1.272557540442509627e-01,1.922661541743260830e-02,2.919824526862792036e-01,1.757224771177396394e-01,-1.771593294837684462e-01,-8.467317040381719395e-02,-8.909687315645546668e-02,1.874898251561225027e-01,-1.697555822130180359e-01,-2.554205899878433383e-01,-2.605341223587224336e-02,-2.299183079875255498e-02,1.302538436252204668e-01,4.821533498273715412e-02,-8.986475608129437798e-02,2.029144643037441020e-01,-8.406165126331770210e-02,-1.314880233547525978e-01,-1.127733539419537301e-01,-2.038099201833336038e-01,-1.780342873782590485e-01,-1.143717241051143974e-01,-9.394401155219103683e-02,-2.997154300774390601e-01,-1.715831159965887642e-01,-2.863938876835790404e-01,-2.118373096479850282e-01,-2.196945575689195906e-01,-3.504804773554809350e-01,-3.859921169928059448e-01,-9.836305186728747096e-02,-2.753390377223340346e-01,-2.569402510472152956e-01,-2.689219660142606605e-01
2.192322797183826333e-01,4.693760367861685850e-02,2.837783569351380319e-01,-2.821929270302967613e-02,1.037766331948758031e-01,2.572888394229355669e-01,2.087465129890146431e-01,1.240942844274405960e-01,2.016903166971725503e-01,1.120942991778508951e-01,2.469712147892026144e-01,2.182999411783240473e-01,2.072991824000705030e-01,1.068113034310867321e-01,-9.540419978460214223e-02,2.293468108124268046e-01,6.429001207168484611e-02,2.030936212465943580e-01,2.712243392482036608e-01,-1.049868037480627264e-01,2.458752501407674151e-01,1.596787902299797168e-01,-6.137854540279306242e-02,-2.647611162170163679e-01,9.801953716561872740e-03,4.117375963255329174e-02,-5.519852470490312080e-02,-2.163000028790899587e-01,-8.012856631850678868e-02,1.066121859095887914e-01,6.888081604387212564e-02,-2.797018256972892969e-01,6.863337994927420915e-02,-1.948890293147000422e-02,8.751522774078293598e-02,2.451553726557492985e-01,1.848406605631006672e-01,-9.741036268441898016e-02,-1.547267187747828898e-01,-1.436475117465115248e-01,9.705974688440276166e-02,5.846213770415982502e-02,-5.278433879793385103e-02,-3.401407855549261339e-02,-2.998118926784034133e-01,-1.559364287200005195e-01,-8.383315158093514186e-02,-1.095008912036718185e-01,7.487897670514552517e-02,-2.269101902691421646e-01,-1.634538003569226822e-02,-2.036943987413372403e-01,-2.909484990548794614e-01,-3.471942181360092583e-01,-3.624579390822084690e-01,-2.899064026614012191e-01,-1.465996332602289010e-01,-3.037015157393171405e-01,-1.565057307362389960e-01,-3.080863508580510279e-01
4.361072470748924568e-01,3.179711916119972726e-01,-8.599624762892182916e-02,9.462066199063638716e-02,6.399805055139896892e-02,9.521989367578627406e-02,2.410113810648171762e-01,2.567420223752144848e-01,1.808667825776889004e-01,1.050370368391628784e-01,2.058886329244014046e-01,4.221140659783502447e-02,1.156827391717565323e-01,2.480926840609615491e-01,1.424368697573608067e-01,9.519506148131298695e-02,1.775511558227801656e-01,1.916682349169339661e-01,5.385463561162586593e-02,-3.516563170667904581e-01,2.279530918372679651e-03,9.286842619826261858e-02,-9.968503124081114219e-02,1.279699274295815203e-01,-7.828063841174079385e-02,-5.950763597791774995e-02,-1.697094397831893642e-01,1.196035131024422993e-01,-1.478818546293728664e-01,-1.539615455049771486e-01,1.980511542426204377e-02,-1.935473358026986723e-01,2.926952675562508599e-01,-2.980234876373964448e-01,-6.513526506907210689e-02,-1.840172585584622378e-01,-1.693315905488890494e-01,-2.534402931024204442e-01,-1.297582833941018365e-01,6.774647829590929593e-02,-9.063162420948203679e-02,8.109338009884750620e-02,-4.456811142110071039e-02,5.474723124748058500e-02,-1.858053629721441724e-01,-5.903927882871762289e-02,1.263794594863907605e-01,-1.297374751486727595e-01,-4.501292603782044988e-02,-2.443989511938224335e-01,-3.912280078447187559e-02,3.091621675498935212e-02,-2.808633458121497783e-01,-1.792130928372502041e-01,-2.810327300099823011e-01,-1.571939430712086805e-01,-1.716544219679278505e-01,-3.627138791104194682e-01,-3.354302691461895081e-01,-2.011836335546712817e-01
3.092991316449055228e-01,-9.891695105287191120e-03,1.953876978698086408e-01,-7.850769904275278765e-02,2.529517755503126741e-01,3.372286698822059003e-01,2.993526167574535671e-02,2.528963999111154548e-01,2.328465430095598143e-01,2.548190625043559310e-01,9.787511707879380241e-02,2.136497599764639044e-01,-8.091175259252739171e-02,9.602905460227431633e-02,2.425255792018823908e-02,-1.597499663302609507e-03,9.348517568309341885e-02,1.655821627100681481e-01,1.621848597230603484e-01,5.374078381819095279e-02,2.446786883769891396e-01,-8.672250009975890350e-02,-1.043354889703076022e-01,-1.310857593236413321e-01,-2.025100485423848018e-01,-1.505014799328713848e-01,1.449235771911344117e-01,1.980514122647404271e-02,2.423144008430766494e-02,1.734051881235874060e-01,-1.550758315155305045e-01,1.232387469368882715e-01,-3.153670831510478889e-01,9.645758227092079973e-02,-8.845780050343225731e-02,8.798336873790160717e-02,8.432771811047201638e-02,-1.319914704811329942e-01,-1.640159776372408229e-01,-2.115525971659545645e-01,2.665677999800298778e-02,-2.333058629968428888e-01,-2.203587229408156267e-01,-1.674218070365563749e-01,-1.223522411190121062e-01,1.141737723768206647e-01,-9.223343893320709586e-02,1.300125106042204215e-01,-1.540330982735559628e-01,-2.291051261702641284e-01,-2.152487977551791748e-02,-9.636773220024227871e-02,-8.500617948329980411e-02,-4.239205363768915047e-02,-2.096040955420861995e-01,-3.390244611812877062e-01,-2.077756219498780310e-01,-3.849484917044452836e-01,-2.513568071292897610e-01,-1.761838437748706673e-02
3.938995679253839421e-01,6.723048770463534163e-02,1.162475879468010120e-01,3.671527583195157152e-01,4.240367984571451199e-02,1.427194030613213038e-01,9.881800953518468655e-02,2.662686903406289440e-01,1.748366099091005002e-02,1.222646353357149940e-01,1.576545802141711972e-01,4.510555916372956803e-02,8.279462864219577778e-02,2.962818838069458671e-01,2.916631540351592444e-01,2.176361483532514990e-02,-9.228324700017817572e-02,5.899264960614505199e-02,1.438203416745800767e-02,2.232572034860198507e-01,9.173811502778018989e-02,8.781034800934180151e-02,-1.228044034010004754e-01,-2.400004499032885527e-02,9.344627777284289505e-02,1.362435798043231672e-01,3.866394762622916703e-01,6.175681871940472828e-02,1.230425814812455554e-01,2.113443530899073441e-01,-2.007822815927587656e-01,-1.012506412000215433e-01,6.689128744403823046e-02,1.737920880825815917e-01,-1.372543720325424821e-01,3.085665505583830640e-02,8.102426152602108800e-02,-1.424562538113341714e-01,7.565980501366373345e-02,-6.771061614344418833e-02,-3.025822439226489857e-01,-3.703357485222000256e-01,2.133697667150318278e-01,1.148583466953921259e-02,-1.683868296501163930e-01,-1.433058200585286268e-01,6.323175767842989514e-02,1.186789345232937831e-01,-1.165552194709560709e-02,7.596659738496172598e-02,4.303960852341386090e-02,-3.021765508859246968e-02,4.041759035831892638e-02,-1.673117932209908232e-01,-2.131462499539459876e-01,-7.401371456381078406e-02,-1.031852674196870046e-01,5.151329433531944002e-02,-3.263303382825385318e-02,-2.624415926991027215e-01
1.692002244269976211e-02,3.847261981018569865e-01,1.962796121734939336e-01,2.574259151120256717e-01,2.593268366265795710e-01,2.497435044470479593e-01,2.498418281914215611e-01,-7.974566660112938909e-02,1.384745572314884376e-01,-7.846761911822290603e-02,1.653018275618195476e-01,7.124932009881498884e-02,-1.300519668219862479e-01,3.426712152304590975e-02,2.257781493069226375e-01,2.076897851752052548e-01,-1.094218482026613898e-01,-8.609303910289242689e-02,2.943706642013926289e-01,8.228718944304986085e-03,1.862494595887358440e-01,2.476151678027556646e-01,-7.241698263387047474e-02,1.815378586197480826e-01,6.110362846042997897e-02,5.409723432760143655e-03,2.497081853297803966e-01,-2.108301478241165205e-01,5.680351641906652288e-02,-4.493144786747789443e-02,-1.263865369748554124e-01,5.312857086330241563e-02,6.881967464041011118e-02,1.099971528209264110e-01,-1.913036731111676658e-01,3.373952010259102796e-02,-2.220380730045768414e-01,-2.622860638698731317e-01,-4.470680772825182392e-01,4.329503026880876168e-03,1.395249505511768698e-02,1.879337124332290943e-01,-1.201444975760510535e-02,-1.746788579756107518e-01,-1.367667053087250895e-01,-1.505822348104252917e-01,-7.911442957540647247e-02,-9.342566799205842543e-02,-3.483149694278641073e-01,-1.206222703983727690e-01,-3.470298715611481177e-01,-1.641694937046569436e-01,-3.159111422179291528e-01,-6.610081245198404232e-02,-2.074329922967974582e-01,-2.364654442651646649e-01,-8.235160355362816653e-02,-1.965558977072833502e-01,-2.921096976703992931e-01,-2.149958573264666994e-01
