2.073525417675602944e-01,3.967880674729937218e-01,7.278354494670531694e-02,4.136590208763008536e-01,3.143633956027159781e-01,3.215372186962001111e-01,-2.206265903184320525e-03,4.407687973432638517e-01,1.216472787070617123e-01,3.744808885048979685e-01,1.195881591330729410e-01,3.302262349917833295e-01,4.237816020254004390e-01,1.403452764212685389e-01,3.955951504538041119e-01,1.086399057328583523e-01,6.097063755836677063e-02,3.509924127829596729e-01,1.455875528335300317e-01,2.481555878010986704e-01,1.707319552453413214e-01,1.283612732862541850e-01,1.896944859966378794e-01,2.297062755118433885e-01,1.363986785023955373e-01,3.054480782484091383e-01,-9.157749511385651631e-02,3.452009455474218669e-01,2.214580080552055463e-01,2.554172528326308367e-01,-3.576933812064265750e-01,-2.310542852737457464e-01,-3.438901416250627063e-01,-5.041654535882213878e-02,-1.270743913166159367e-01,5.312438472208756007e-02,5.603694077311843769e-03,-1.255067109717669938e-01,7.175994063678056700e-02,1.294318665900721088e-01,-3.239109150214792843e-01,-5.442220929923499151e-01,5.731765264256115378e-02,-2.366831088138076633e-01,-1.012985837124372457e-01,-3.854669529955088159e-01,-2.263845416093682450e-01,-2.872521051331247688e-01,-2.568679461030722311e-01,-5.241773673830259217e-02,-2.577478831850344987e-01,-4.014013178407062066e-01,-1.669721661982661309e-01,-3.114460902374565146e-02,-1.711882373984729699e-01,-7.049360698960469018e-02,-4.101928454233446653e-01,-2.876730921869915525e-01,-1.585713945013957071e-01,-3.181364509512975003e-01
3.612242038469135053e-01,-7.007981703780713501e-02,4.639679445161363769e-01,2.408953904754377803e-02,-3.628122589627326422e-02,3.558399765473075349e-01,3.369020839290096658e-01,3.134592579764956533e-01,-1.791081609517695405e-01,3.086326811439673579e-01,-4.274979793610793333e-02,-1.067875466193706213e-01,4.009273715533913096e-01,3.807178568634724813e-01,4.857545016808768601e-01,4.510573278445014628e-02,2.944176982247771468e-01,1.397545561265950975e-01,4.350784960985837682e-03,-1.762716111236550115e-02,-1.558541146491963444e-02,4.271768284027731982e-02,1.253895579299056373e-01,2.298741058179535057e-01,3.476767322942845850e-01,2.772829249916279326e-01,-5.396763921001963837e-02,1.956051416528438447e-01,2.922094682979592406e-01,-2.000851332061410678e-02,2.022500710853011030e-01,-3.023950413116322511e-01,-1.785321442361236244e-01,-3.877802409282614104e-01,-3.078068985815822223e-01,3.803828636599879826e-02,-2.132734209312370233e-01,-8.067053546893315774e-02,-1.956562980876284663e-01,-1.712189219043470934e-01,-6.482629360106154093e-02,7.238348991872029306e-03,-1.635495696684146072e-01,-4.495126239486003233e-02,-1.024104981146715942e-01,-3.553131749132759087e-01,-5.327417661797150261e-01,-4.179409664288488702e-01,-2.901406288733457406e-01,-4.747221120523454907e-01,-2.402484748560862471e-02,-2.348931044838092619e-01,2.520309343398059038e-02,-8.454613363552451744e-03,-3.236893177208378103e-01,-8.640453887836928304e-02,4.690320588169539368e-02,1.187281093079537442e-01,-2.310714507498536352e-01,-4.495398539422373330e-01
4.238526563820667059e-01,7.267072837358905246e-02,-2.774180566071280871e-02,-1.644396710607508860e-01,4.752391419291466801e-01,1.737666756062252182e-01,7.638358152607605195e-04,9.844236781544646320e-02,1.451680285907580026e-01,4.537839100805564629e-01,1.845699642265343221e-01,4.549880057052246296e-01,4.032539395129637327e-01,-6.422982602659865758e-02,5.860187755723619274e-01,2.842135365389441004e-01,2.499949062673223477e-01,-8.042260232741729742e-02,2.425991303354619877e-01,-5.508557931460855706e-02,2.607388998287495374e-01,9.459389299725873279e-02,3.385585275015732254e-01,3.203386624757597057e-01,2.190427669557004076e-01,8.723055068079135776e-02,4.023290924600366192e-01,2.006717842754520420e-01,8.962493582949007664e-02,-1.768667594949635199e-02,-1.925811245418759809e-01,-8.971940606918182848e-02,-9.849153269574734137e-02,-1.677074358068682269e-01,-4.794378983970871144e-01,-1.476361643153205061e-01,-2.848729999253621914e-01,1.832485963516140570e-01,-3.957434848044337761e-01,-1.605112828011912018e-02,1.895445924515454517e-01,-1.356939593491885421e-01,-2.089536079239578681e-01,-1.897506161053608698e-01,3.968310523464604195e-02,-2.754887770290068705e-01,-5.599809142359064851e-02,-4.135992097369018405e-01,-2.698792172827062519e-01,-4.140361234971135507e-01,-1.023350131913327993e-01,-2.202057706197402959e-02,-1.699046873754255227e-01,-1.307914116067803757e-02,-2.772303423754317042e-01,-2.662830844683580223e-01,-5.426894136787922818e-02,-6.506170225818368180e-02,-6.526292561390797942e-02,-1.868230804688349456e-01
2.082412868959308549e-01,7.585701668581050494e-02,2.289770201297442465e-01,-5.375218598853179902e-02,2.762762466512297399e-02,2.307678897441041085e-02,-2.641805381597854899e-02,1.074645786535159643e-03,1.685016434739249891e-01,-6.223271519919758299e-02,3.026187093001253547e-01,2.699269546214073598e-02,-7.845771551191624282e-02,2.833391090617421448e-01,-1.695430740238811629e-01,1.048463432262881564e-02,-1.507067495769178200e-01,3.396507414739644570e-01,1.920529229825725659e-01,2.781960465300735152e-01,-2.648848237221385071e-01,8.645501572140695812e-02,2.587006651656917344e-01,3.479501041221205737e-01,3.663494354828807920e-01,3.982608307845181828e-01,2.887690710902209301e-01,2.426232397797585816e-01,1.734201731352023046e-01,-5.278226876901555981e-02,1.838382335716308436e-01,-1.178486925755950071e-01,-1.694784508390076438e-01,-3.651967294595234170e-01,-3.625453105180808100e-01,-3.711498893903927287e-01,8.923568523376831929e-02,-1.144639623588304261e-01,-1.797282886128753476e-01,-3.128789086795581431e-01,-2.460652751830590401e-01,-1.536054986814567591e-01,-3.067443586841821501e-01,-1.968543552869525537e-01,-1.057155363570395357e-01,-2.931151282265091473e-01,-2.298746250328724816e-01,1.405210275544520881e-01,2.836146214012755240e-02,-9.078196032456113673e-02,-3.073863419132279451e-01,-1.597676187459972641e-01,-1.391783210046807218e-01,-3.026893352790571146e-01,-2.768032006505701803e-01,1.850781586604595061e-02,-3.132443946131819312e-01,-1.096869070533148111e-01,-5.449120880650978327e-01,-2.423261548262587439e-01
5.002703953486451471e-01,9.379522560839118062e-02,2.691269517580395787e-01,7.086179138658041388e-02,-5.039119097771692368e-02,4.884011165263247856e-01,1.021990358407130761e-01,-6.585568536024920261e-02,-1.011157301761311522e-01,4.546994683273590243e-01,8.243677470261631668e-02,1.876890935854545195e-01,-1.447858023972412311e-01,1.242017707459837084e-01,1.890898520010485251e-01,-8.408257446070755564e-03,9.575467170798135363e-02,3.005166955449364297e-01,1.900724010442692846e-01,1.734053771929272292e-01,2.712495979666005863e-01,3.527779970583458935e-01,2.895039752269411015e-01,2.354212143301414595e-01,2.595406245763226538e-01,2.470345084119304480e-01,3.186405197695091895e-01,1.573397527429205855e-01,-1.079279227016959400e-02,1.287542011267631403e-01,-6.983908071424257957e-02,-1.408171851766499005e-01,-2.089938556554591376e-01,-1.568290014238097885e-01,-2.001157801438654127e-01,-2.727764448994607349e-01,-2.649110193201918428e-01,-2.254182457482135082e-01,-6.537640852738700603e-02,-4.171600346302374862e-01,1.308068729858884519e-02,-3.459787124926346769e-01,-1.116031887185782168e-01,-3.305067258181193512e-01,1.349045917555807307e-02,-3.892012720170582307e-01,8.313250216438332341e-02,-3.080528739633293100e-01,-2.558221209851211861e-02,-3.310099181998331086e-01,-3.382025529073514059e-01,-5.572000643756837013e-01,-3.124639161921135069e-02,-5.039124277877730929e-02,-6.007581507148884725e-02,-4.115567112796279514e-01,5.420682678113240144e-02,-2.378948825643393827e-01,-2.484882118308658627e-01,-2.931776960380164110e-01
2.818276100809646856e-01,1.363743123610460239e-01,-2.000671656476423477e-01,-1.114097859956086206e-01,2.604293792759556636e-01,3.109169051779074877e-01,1.476620544801009460e-01,1.637150799513553689e-01,2.954330145140490749e-01,-1.611433573411158171e-01,1.905294622264080417e-01,-1.836540028806396205e-02,3.259184436283520392e-01,-1.955940964336308138e-02,2.788314538295361689e-01,2.443345560314277576e-01,2.252814985151644633e-01,-2.371018721483118818e-01,3.174046910954494427e-01,2.373925900316098403e-01,2.406212390189995110e-01,3.187513670623867146e-01,1.936401276347809730e-01,3.333768133931253042e-01,1.349740091149676802e-01,3.051298493019116154e-01,4.191247166647163458e-01,5.905061256009171144e-02,3.543920527927311714e-01,-1.142540082336278157e-01,-3.239686518531992385e-03,-1.066748621632817307e-01,6.153906513809590667e-02,-3.222562243673519622e-01,-2.546726665824717850e-01,-3.665124850438533644e-01,-3.589378671690164335e-01,-3.110922652631608054e-01,-3.972928046614757069e-01,-8.279010576782268316e-02,-1.520077638317537949e-01,-2.411930005102170538e-01,-2.332460637246783208e-02,-3.989497740184986263e-01,-9.045744494220391008e-02,-1.636819167875184500e-01,2.048294107299565847e-01,-6.572587996561932155e-02,-4.758177250909809836e-02,-7.203046920744492210e-02,-2.353001419696605923e-01,-3.305929918149307367e-01,-1.232160248461205282e-01,5.494411254333218808e-02,-1.599683093142224011e-01,-1.931359566049982990e-01,3.037704476625801425e-02,1.519920316974629204e-01,-1.296103870659496837e-01,-3.323167117590103414e-01
4.746473383231871734e-01,-3.559336138455154643e-03,4.042248183054648614e-01,1.382376172520634050e-01,-9.241374180876410493e-02,-8.490690358187751030e-02,-2.813859781558998852e-01,2.359854487517434873e-01,2.372204359428554954e-01,1.867828071377080068e-01,-4.635876385388140383e-03,2.527947840290768466e-01,7.943617836753008588e-02,1.202336864619847623e-01,-4.011811497616318833e-02,6.585254494987336296e-03,2.013755321223032468e-01,1.852327956480750437e-01,1.767796593131254479e-01,6.643838301861768048e-02,8.083465154430399813e-02,1.744744224591905923e-01,4.425653058780779636e-01,5.376798733853856982e-01,4.425574043309095096e-01,1.145913386708155707e-01,3.976839695899311855e-01,3.927416624945537782e-01,1.892870590367808359e-01,1.554544332643293392e-01,-3.246701826469658436e-02,1.148961488640515803e-02,-2.478911868031805632e-01,-2.115221847492081420e-01,-2.857313686367113914e-01,-3.169238460858376794e-01,-3.521847176321516448e-01,-2.844043001635982448e-01,-2.888864904462465355e-01,-2.998011844164245043e-01,-1.395016228964620630e-01,-2.358950935780707581e-01,-1.422368619349870245e-01,-1.421681482637271177e-01,1.285815006178481212e-01,-2.009165646487295620e-01,-2.589548101763071708e-01,-1.975890594460760763e-01,-3.978548641516324591e-01,1.074363354592899056e-01,-3.698015570709085043e-01,-2.816455937650846897e-02,4.852452344417608303e-03,-1.187763855582508743e-01,9.768851330746168571e-02,1.475052742610033774e-01,-7.187210880712301131e-02,-7.036614994034470771e-02,-1.291659799327706248e-01,-1.816111720794812978e-01
5.633384797695829838e-02,2.189805251459033819e-01,5.599632389576016805e-02,-9.154238084335539205e-02,3.953912116480328143e-01,2.043522214376429225e-01,-8.424870650564844632e-02,1.027203108986032565e-01,1.525664916289502238e-01,-1.609307251167256259e-01,5.174856394685377337e-02,4.832875280877929614e-02,2.042730585909638408e-01,2.392101998830759579e-01,1.502204151668453669e-01,3.604129116793485244e-01,3.803430091653017264e-01,9.013376826782605600e-02,4.809842522915048352e-02,4.423049450359429757e-01,7.563438170119765602e-02,3.034791792532590127e-01,2.620807139205946767e-01,2.101524789290774575e-01,2.763145849474002991e-01,5.283158039082543056e-02,1.517335899006360400e-01,2.452391690406498931e-02,1.542020334654561941e-03,-9.847286495306424581e-02,-9.767662017500488777e-03,-5.832716234193182497e-02,1.089660824572243614e-01,-1.092864295039565892e-01,-2.023462925849864591e-01,-1.788689585292434214e-01,-3.194739458494063600e-01,-4.436633171595479874e-01,-1.478238687043209043e-01,-1.939473051116442082e-01,-1.772194405289925778e-01,-1.756198521553302139e-01,-3.101383507109704563e-01,-1.140777857971773390e-01,-3.489404597959226417e-01,-1.132016185664372898e-01,-8.636980228173393725e-02,-1.881713854216073289e-01,-1.557459404203471454e-01,-3.362823734733933478e-01,-2.675601723403818744e-01,-1.107758890893148843e-02,-4.111481701338723371e-01,-5.453865123048751151e-02,-3.485145665415776972e-01,2.873386725786526985e-01,-9.613120330759690468e-02,-4.508373052310661599e-02,-5.353364380444021464e-02,1.339052072732255794e-01
1.264337041642169535e-01,1.243844990706200332e-01,3.569457850828145484e-01,1.036883996854190970e-01,8.663260069044333156e-02,4.055344182479408421e-01,5.074070154925174048e-02,-3.677384815296319553e-02,1.555921892472555412e-01,-1.833793477404928596e-01,3.198053868157247903e-01,-6.804375768627338519e-03,2.052816613615442987e-01,3.607811311567249435e-01,-7.316714327456350087e-02,2.878637909464262234e-01,8.584139669297545516e-02,4.251373609112992225e-01,4.314642685680628587e-01,3.721345009848039398e-01,2.512663262552268240e-01,3.231108402447536720e-01,2.046196424253942381e-01,1.588393955649277933e-01,2.968132852067065786e-01,1.586726735947382727e-01,4.000836563157731396e-01,1.550922353873977234e-02,6.139334494185014895e-02,-6.912563286218187213e-03,-9.906777488418230804e-02,-2.639714251601513878e-02,-1.216184507543605076e-01,-4.184119792841792806e-01,-4.305216060482834339e-01,-2.959133619094628798e-01,-2.858473187097160251e-01,-4.008452059037961313e-01,-2.078572567128350035e-01,-5.004641048961919747e-01,-3.616041527025267155e-01,-3.860713269057117203e-01,-3.246098193685475475e-01,-6.947786032969807679e-02,-1.564730936905999181e-01,-1.477361163330473959e-01,-4.642738636318655826e-02,-3.801682671299924099e-01,-1.032271094169895653e-01,-6.309486777423149728e-02,-5.761048517399169899e-02,-1.203628594859697393e-01,4.053389726988203268e-02,-1.028464816997445574e-01,-2.060956935907954646e-01,-6.579642931469113776e-02,1.926242155007798496e-02,-1.406350635173608254e-01,-3.416074217063600014e-03,-1.142532028176833636e-01
3.788776916533796724e-02,3.315896170813600885e-01,1.853805693278075817e-01,-1.021128599538659656e-02,3.360732502636191166e-01,2.270000083308780156e-02,3.957923425976611620e-01,3.887032559086237710e-02,-4.954734804772234491e-02,1.235124790679911627e-01,1.114337166860516481e-01,1.551161810070747771e-01,4.304317836590412227e-01,3.327096819303225206e-01,1.797237021833438531e-01,7.172633311919371368e-02,4.073518913169274502e-01,7.330038968363483676e-02,3.334347481234988253e-01,5.351433815950243922e-01,1.722078683665742849e-01,4.097886295057129868e-01,3.696712459551253493e-01,8.237174136057404117e-02,1.339750637294460645e-01,1.898105644191865893e-01,1.292757883455682155e-01,1.597447650528874274e-01,2.844086301137196959e-01,2.657766337508014054e-01,-3.265899641982804302e-02,-8.639123430400749704e-02,-1.920713831602841870e-01,-1.091087660262513720e-01,-2.663905572900256979e-01,-1.100392199287180406e-01,-1.658971161414240503e-01,-2.597083444349941872e-01,-4.362152984211126738e-01,-2.567774788039624001e-01,-3.570436530417689935e-01,-2.353302644770984275e-01,-3.771065200572785714e-01,-4.629498989752779958e-01,-4.615710469313739628e-01,-3.526202352781614424e-01,-2.874131571925298001e-01,-1.948582541576473481e-01,-4.295039504045507495e-01,-1.745303580133774901e-01,-9.921659968672483232e-02,6.642228460095336851e-02,-7.041274639172839800e-02,-4.753594693745127886e-01,-9.729108857431252588e-02,1.550430182650001931e-01,-2.100563473637895306e-01,-1.536265074326491897e-01,-2.408767157760808852e-01,-9.617977928256641468e-03
2.574912543016169564e-01,4.575217461310693290e-01,-4.498168003765352918e-02,1.170935411781388186e-01,-7.793909400697610068e-02,5.200427751397335152e-01,2.884166628062265758e-01,1.111006453820725798e-01,-2.355142007779954458e-02,9.188873327415217340e-02,1.629557378840804927e-01,3.110874071474636904e-01,4.357250872492903215e-01,1.399036216642455810e-01,2.866094689910281485e-04,1.344994633545067431e-01,4.179063518454091686e-02,3.396317326646799972e-01,2.657482424476126370e-01,1.561433862106384463e-01,1.664849144150274962e-01,2.238729184251730953e-01,1.469584365147356131e-01,2.923540060670745122e-01,3.149746947487529480e-01,-9.341153684758700393e-02,2.392054461396367349e-01,1.103086746171144245e-01,-2.124088122714909710e-01,1.798134460562608172e-01,1.174170131094842652e-03,-1.436511275379017197e-02,-1.730056696642369440e-01,3.311340729770182595e-02,-2.351654170982405978e-01,-1.751280006300091341e-01,-2.365512799662744803e-01,-1.530109855753376547e-01,-2.314384023736427431e-01,-4.060525864371638538e-01,1.021721901604448826e-02,-3.403211359983094875e-01,-3.140307199893075385e-01,-2.378277726787345059e-01,-2.746046451343385209e-01,-1.993455128572703683e-01,-3.075117391755922691e-01,-8.888166080598836061e-02,-4.377644615712825704e-01,-3.250247561837011356e-01,-1.866483649829781821e-01,-4.790775081465380170e-02,-9.781881639123794769e-02,-1.378361667132098345e-01,-1.012971077368779727e-01,1.599563539986866290e-01,-2.220959867713994673e-01,-2.978494726956564254e-01,-5.508973517713988341e-03,-1.112871667004035753e-01
4.136981813906913386e-02,1.235296744677482766e-01,3.005231661318940040e-01,2.819023254681489177e-01,1.092404952036195309e-01,3.556977040478297436e-01,2.724646634374505716e-01,6.107235851366116242e-02,8.375862106600509560e-02,5.632328593604176703e-01,8.018294860215128758e-03,1.232961041577561867e-01,2.848306783177902840e-02,4.544630093244002578e-01,2.399483851083092367e-01,2.889049676613962836e-01,3.754861507886333993e-01,3.994378370141150603e-01,1.984583121990708132e-01,2.116001026225797221e-01,4.026668555175509923e-01,2.430687986723684413e-01,1.872749029213695571e-01,1.697455561732212070e-01,4.362369381169001192e-01,2.966033688180689243e-01,8.770287188382762389e-02,3.886897688444495569e-01,-6.953863520672803888e-02,3.840270263924723537e-02,-1.821646345359814179e-01,1.508167235369140512e-02,-1.175831855977298862e-01,-1.017072388733656352e-01,-1.505301946543385339e-01,-3.755243962663172841e-01,-1.209364925809958968e-01,-3.683129923827105356e-01,-3.240037119607056537e-01,-2.214624376040770226e-01,-2.917130357456317880e-01,-3.232633728514753280e-01,-2.001060633260969279e-01,-2.227776538311927457e-01,-2.625242489693030423e-01,-2.114997869303835709e-01,-3.132707591223541366e-01,-3.144847720208524544e-01,-1.588841332112924387e-01,-4.533708667603654208e-01,-4.083300317282398950e-01,-2.331910727856087440e-01,-4.249475987278198419e-01,-1.665928174312557020e-01,-3.084807183572589873e-01,-1.312933799297744675e-01,2.210211833881317867e-01,-2.752429081969288704e-01,-3.112918172115590187e-01,-1.663082308614411559e-02
1.057330823962959465e-01,2.313187232214009847e-01,4.113628391594829625e-01,5.130168513617918702e-01,-7.409176986536156195e-02,1.479938886328274195e-01,3.621842038359840421e-01,3.883713225914960931e-01,3.437277781586959291e-01,-2.593949491580838009e-03,9.308357006986456295e-02,3.460609881801172127e-01,4.344725664745197058e-01,4.830475256606420187e-01,1.768304976686299601e-01,1.807092744255701378e-01,3.464387671808522029e-01,4.345301995907758230e-01,2.496813333883829977e-01,2.102285695065106153e-01,1.561445721426028277e-01,3.722517129261720958e-01,2.419136505345237942e-01,2.426261012813716866e-01,1.437413983705464193e-01,1.359867346642457397e-01,-3.517614827198581318e-02,1.735216291199335736e-01,1.501392015475335184e-01,7.709170278248651809e-02,-1.171944358770150574e-01,4.755191846237549758e-02,1.288106249574110795e-01,-3.081212302728125046e-02,-3.243596188321569707e-01,-4.255385448981108820e-01,-2.574335531028129620e-01,-3.284734253262995285e-01,-3.749565992383445678e-01,-2.912752160837547288e-01,-3.361189900642111983e-01,-3.688363984169694687e-01,-4.216429876362853824e-01,-4.390567820727604986e-01,-4.617049826403215596e-01,-1.307594938191586065e-01,-5.042344064713721874e-01,-4.857865854678707906e-01,-4.149276856186423501e-01,-1.629288431971811224e-01,5.603558613512256426e-02,-1.015246253297595602e-01,-1.745240576120392351e-01,-2.711467549588835735e-01,-3.299953625105687127e-01,1.027402209328620170e-01,-2.502824097624047339e-01,-6.656020639740525824e-02,-2.036008712181095193e-01,1.220243431781263196e-02
1.166163910359097888e-01,1.783765640614904391e-01,1.193405654548641281e-01,1.314643163186798858e-01,2.088951291367332763e-01,4.048561695495607182e-01,2.139851882774013170e-01,1.621061595511922027e-01,4.219244485007083156e-01,1.021604431662271190e-01,4.214692056912782148e-01,2.357676999638366466e-01,1.872496950250609193e-01,4.034510890386274751e-01,3.402656711826883562e-01,5.420501465233396043e-01,1.778901604806088499e-01,3.877543458731524950e-01,2.649820657532998003e-01,3.840709228754707327e-01,2.992656627732790953e-01,-2.220551071324937745e-02,1.607123321301286156e-01,4.066010568509440676e-02,2.222002407928408974e-01,2.322961358462239667e-01,-6.783686544940925427e-03,8.266275772062067762e-02,7.586160584748498359e-02,6.545771367214112124e-02,8.274223075645811831e-02,-3.123155358799551418e-01,-1.762429880785601199e-01,7.325549840760828268e-02,1.562013626959076196e-01,-1.572713814805522248e-01,-2.283063309836141919e-01,-1.451996853989906966e-01,-3.244115366988573057e-02,-2.784123710843146582e-01,-4.347970339499350467e-02,-3.239425912961967358e-01,-4.942018207435682764e-01,-4.434429364301222809e-01,-2.956622523490420318e-01,-1.736801147806509849e-01,-3.369801777218220940e-01,-4.498918341538195587e-01,-7.582458289519633521e-02,-3.946739014592665074e-01,-2.443174917386489731e-01,-3.507663003550172687e-01,-2.095810290206530091e-01,-7.572950269629522002e-03,-3.849760844261126413e-01,-9.561826314185956077e-02,-2.524229915734722551e-01,-3.073444387326363936e-01,-2.469994025097065615e-01,-1.405326609717397202e-01
-6.349632697430796294e-03,7.014426919674010379e-03,1.413658737087023221e-01,4.624405912189914064e-02,-5.083523488054954298e-02,3.548444390433892481e-01,2.631257769592613149e-01,1.686481612663481844e-02,2.971305247604063005e-01,4.222260093383585766e-01,-6.215931524313383916e-02,4.350959887851753582e-01,1.272781612450067379e-01,2.374203241409476861e-01,1.556264577178617381e-01,3.765206701965859715e-01,1.045640946490749290e-01,1.814757843001653659e-01,3.113289269152601513e-01,2.645683578753580956e-01,3.428364096335635991e-01,3.968563257539247102e-01,2.236706524154833536e-02,5.726893002303005964e-02,5.696799493854431962e-03,1.103466894223749800e-01,6.547448015994225545e-02,2.369322948034999765e-01,-5.754705377135492517e-02,-8.738770907917732533e-02,-1.146882376884540145e-01,-2.048499439074213946e-01,-8.331215930151639193e-02,-2.222680366465092372e-01,7.571099304930785368e-02,-1.195685024726390183e-01,-1.969250959044671345e-01,-2.151228730970133896e-01,-2.197743378015152849e-01,-4.268600045869249127e-01,-4.082799735654858431e-01,-2.297376253514308575e-01,-2.187398453604333104e-01,-3.491834894690585278e-01,-4.469432851326368694e-01,-1.183547851688991071e-01,-8.497808016860738944e-02,-1.451656644678598895e-01,-4.520992127893784795e-01,-4.762361752230306888e-01,-4.735332155458468195e-01,-1.987861566959231441e-01,-1.642559785947919626e-01,-2.381527820167164688e-01,-3.890023412694375571e-01,-1.030090061178393357e-01,-1.558952027059758438e-01,3.608254818554636201e-02,-4.143256584337933757e-01,-2.082836622479823652e-01
1.594788156237542387e-01,7.072929818066756025e-02,6.516496203574855262e-01,3.641163701852361823e-01,4.148864245418590890e-01,3.541596628757360810e-01,1.487313486392224660e-01,8.628355158563313920e-02,3.674992867032277899e-01,3.473091575131062037e-01,4.013066154697889631e-01,3.886737819636000846e-01,1.583391966470087953e-01,4.620617172731279476e-01,4.630187835294862220e-01,1.381860703565085113e-01,4.244128696202567608e-02,3.811661995025650285e-01,3.957546569518294310e-01,1.731690012720931149e-01,1.880469613828652242e-01,1.816912527304484215e-01,2.969617996769527979e-01,3.087396455227143788e-01,1.687980060549462147e-01,4.539601178426360129e-01,2.909517289998612144e-01,8.740497646973001411e-02,5.011578914201449131e-02,-1.083120859983889711e-01,-7.258876268417917277e-02,3.804660086757277737e-01,5.166728277045103124e-02,-2.589935225402797969e-01,-2.477911086812146502e-01,-3.873626118236537380e-02,-1.829558757860884066e-01,-2.111594495388901538e-01,-2.752495659007666434e-02,-1.939770338307548747e-01,-2.329950324960332608e-01,-2.565859564109671531e-01,-8.952638926377105844e-02,-1.817520436645977955e-01,-2.457291846064932062e-01,-1.076153389492515988e-01,-4.149983579650750043e-01,-3.895785517701430556e-01,-4.484934022245086471e-02,-2.313854942472054754e-01,-7.272401123165780912e-02,-1.402209690086995975e-01,-3.269449536519181132e-01,-2.186744792290080674e-01,-8.876456489981240927e-02,-1.977005014673272609e-01,-1.348519389030932158e-01,-2.141374821339364076e-01,-8.909605900542096057e-02,-3.283267343396511356e-02
1.185530482231292038e-01,3.976443978314438132e-02,2.847226371452032945e-01,2.761320584938115053e-01,2.080491462063254748e-01,1.934711011570187655e-01,4.046048514682447639e-01,1.456012765920056129e-01,2.522218699048121016e-01,-2.001114351780305251e-02,2.809119015873948189e-01,2.192575809970108425e-01,1.241056506754752986e-01,2.007603448119778533e-01,4.613560649316387763e-01,2.743969563496048703e-01,2.189696743386026212e-01,2.941869657693546580e-01,1.837761041125537675e-01,2.125631250669116346e-01,2.331769447114599159e-01,2.573807060650946665e-01,3.090252814563833675e-02,-1.134782183786823689e-01,-6.852650676561425347e-02,4.869282920510120682e-01,-1.168499920962524641e-01,-5.599701890871729149e-02,-4.448785858925186770e-02,1.560540187498314982e-02,-4.435750219481265910e-02,-1.074953944668080065e-02,-1.609407502090945685e-01,-2.245727745175653545e-01,-9.050805482417104142e-02,-3.842929759156021863e-02,-2.291022353622632762e-02,1.075504723820227583e-02,-3.437505671599699886e-01,-1.104003618552685528e-01,-2.555153959941239283e-01,-2.825901129144404722e-01,-3.629040507753447664e-01,-2.737279371463113287e-01,-3.605841412038989779e-01,-2.429489203463210123e-01,-3.998495729910311880e-01,-3.391523271087851787e-01,-4.003191319273611271e-01,-1.928254204241080516e-01,-3.612067060755427828e-01,-3.891120648511138258e-01,-1.432318740797540180e-01,-4.571670308064127997e-01,-4.220951739726180318e-01,-2.313417569509796101e-01,-1.220383893575356093e-01,-1.195788232871514839e-01,-1.286894685480506895e-01,-2.260968745724909468e-01
3.587717278950306454e-01,1.969871837265556314e-01,3.134348357869441992e-01,1.448172878588433743e-01,2.650000383391025727e-01,2.157841212217307125e-01,3.244519086769746541e-01,3.132750192260485012e-01,3.007975109934630797e-01,3.334781623866486799e-01,1.279543307859104528e-02,4.429792254157818299e-01,2.005389526119537025e-01,1.293009169848565176e-01,4.189758373764967958e-01,5.076697526877134159e-01,2.325405500695774674e-01,2.856418931339100298e-01,7.578314802375049619e-02,3.034101843238988794e-01,-7.400019526496470421e-03,2.931246528955987474e-01,7.964555331714669173e-02,4.217430664678400443e-01,-6.044979464779522832e-02,-1.495924016032976755e-01,5.336677519243874374e-02,-2.965464748548051269e-02,7.983228195692725071e-02,1.783654407056973756e-01,6.613366469716483453e-02,-3.702268916665590968e-03,8.867934964816899523e-02,-2.736183019393467752e-01,-2.128962493893470642e-01,2.412915343872222215e-02,-1.545696261372073686e-02,-2.245420805911875206e-01,-4.802193101678146614e-01,-1.085246492059417367e-01,-2.680139752382472151e-01,-2.659253894962060327e-01,-3.275281498335534947e-01,-2.827462575760670838e-01,-3.605174428173014145e-01,-4.096869415471873777e-01,-5.401093647750979665e-01,-3.631316757910593163e-01,-2.557642282962762081e-01,-2.636073983812189381e-01,-1.422547225005957594e-01,-3.477757064951888522e-01,-3.065005290956215322e-01,-2.806722514934186230e-01,-2.655662754925739444e-01,-6.426597858176194555e-02,-1.603995300325797013e-01,-2.627091373522605910e-01,-3.814085816054043621e-01,1.685154991800630244e-03
2.579108684636230442e-01,2.776469338746741511e-01,3.450951168824213378e-01,-5.669499592015486700e-03,3.182949990946354335e-01,3.445018160943735808e-01,1.109969601431423925e-01,2.965936956186125961e-01,4.147713636979830087e-01,2.090546034592883906e-01,2.271568674776631713e-01,4.655485233145769675e-01,4.877401404422109232e-01,2.623593300994838118e-01,4.556253958317707520e-01,8.770032129130535259e-02,2.727083761870410239e-01,3.892210206635748904e-01,3.921216379517874495e-01,1.849103907556158555e-01,3.382795441461178276e-01,7.555465402583391721e-02,6.059754925637968193e-02,2.429075813014110741e-01,2.161667048607879005e-01,2.900569487860639173e-01,1.310778113272546563e-01,4.316694962496758770e-04,-3.172483196010162376e-01,8.406298965836786485e-02,-9.463270426168129620e-03,-1.968974397843929053e-02,-2.258337921247318414e-01,-1.646869511678306919e-01,4.625527237092065536e-02,-9.440373436759234849e-03,-1.165487175252233054e-01,-1.415896814519584379e-01,2.856157090007281976e-02,-3.264179645487217396e-01,-1.643815320896210852e-01,1.225722286748953151e-02,-2.166941847570685586e-01,-3.003094625385513416e-01,-2.994129661375830587e-01,-3.018888342309141715e-01,-2.880660181567329947e-01,-2.019012782797522942e-01,-2.838041964648406745e-01,-3.280223729210557382e-01,-2.244079460581135110e-01,-1.970922754713591296e-01,-2.042926797562328312e-01,5.539559141549109389e-02,-1.207914546813225465e-01,-2.194501629569474699e-01,-3.948145537074767564e-01,-3.138757427573558578e-01,-2.431628049410786419e-01,-2.850296275025059889e-01
1.645377071868649524e-02,9.541488222185648405e-02,5.966975070416885574e-02,7.336766699353718113e-02,1.016266673466748455e-01,4.763493697768607649e-01,1.870751446134559237e-01,3.851624650275539130e-01,4.110978235307553019e-01,2.537406015223765410e-01,4.634351754214133257e-01,1.768329065734632888e-01,3.029632481757856821e-01,2.881308676301558291e-01,3.148646667325153969e-01,1.948334075801289589e-01,4.931967404761160023e-01,1.879915619439498919e-01,3.987676708876876086e-01,1.951602982976365086e-01,2.212895484014406056e-01,4.339916935704059564e-01,2.697655456206667357e-01,-1.709851229358879884e-02,1.503123591274370674e-01,8.795865783466905174e-02,-8.380819219416751897e-02,1.326654579236729303e-01,-1.044956480343628424e-01,9.013327048121744667e-04,-3.378304312438221713e-01,1.271290821720288955e-01,6.653381992683479740e-02,-4.333474401855906544e-02,-2.458014981261100740e-01,-1.032562325673088699e-01,-2.788142703409489664e-01,-5.371955267043906218e-02,-2.739053950636634038e-01,-1.130349830182743043e-01,-2.326521776730089974e-01,-8.832002457473678292e-02,-3.434329596528895023e-01,-2.461855124374491832e-01,-1.651437747895042052e-01,-3.108162211916636330e-01,-3.194788868642734481e-01,-3.028667635219438603e-01,-1.704620719055073563e-01,-4.102868752068339897e-01,-1.601857098604276761e-02,-2.251560067974781032e-01,-1.697990558305266240e-01,-2.545128662033767086e-01,-3.284222182710028193e-01,-4.090361620370349671e-01,-1.157976115066908368e-01,-2.281552910995867656e-01,-3.921464015201097109e-01,-6.073813575505607742e-01
2.731199968769534303e-01,-5.926222062747962122e-02,3.016966448119136612e-01,3.334918472133312495e-01,4.753421661555110589e-01,3.267785214403423066e-01,1.819611225118928088e-01,1.512109196552667290e-01,3.369223974085427953e-01,1.464380798174244602e-01,2.837201086608290845e-01,3.867204280552407614e-01,2.383546257838255189e-01,7.740040380854694424e-02,4.987636582376023253e-01,1.224236555548004618e-01,3.034347751665708026e-01,2.910125260349417098e-01,2.288344282787213579e-01,2.996429004776689498e-01,3.090349084251157175e-01,1.550698101885253644e-01,-4.720145687421530706e-02,1.545772164002382487e-01,2.057914596419050945e-01,1.175675275167051004e-01,1.764468386538745326e-01,8.067935195121768432e-02,1.563932178846154722e-02,3.420657443484777932e-02,-4.548405796707846033e-02,-2.033805586914020636e-01,-2.611294104832525068e-02,-5.185990152807451459e-02,-3.474432248160638226e-01,-2.778610682854050773e-01,-9.092430810508728145e-02,-8.883915784874721333e-02,-1.726234550967762904e-01,-3.533042561987415064e-01,-6.950878595845474961e-02,-3.125178381817083628e-01,-3.400045292500487870e-02,-3.121464804741166388e-01,-1.649235516432744075e-01,-2.765191086914168817e-01,-3.579267581159494283e-01,-2.280202192120029392e-01,-2.974484843124692857e-01,-1.734902785295630301e-01,-3.159562947485867745e-01,-2.287862104900017235e-01,-1.667434308745670002e-01,-3.038876402726585768e-01,-2.648003621026356891e-01,-3.514916463939476432e-01,-3.214374881961817865e-01,-2.248435385665952246e-01,-4.110709731187338067e-01,-3.727819232632041402e-01
2.353585796462711599e-01,2.131936858952383496e-01,1.561160437715761184e-01,5.233903649364909372e-01,4.474499378890052226e-01,3.534134748093770151e-01,8.584594984109070182e-02,1.078597807246724355e-01,4.029207773970490680e-01,3.858655831270588199e-01,4.936351831494113496e-01,3.694237026719726646e-01,2.024513887413529611e-01,3.842911246170969686e-01,3.491487024382595727e-01,2.714156045285784913e-01,1.877550562637169129e-01,1.208089014827272295e-01,1.171253081825002484e-01,2.651691597233208839e-02,4.048884703998630041e-02,-1.923606125008570089e-02,3.226329232120870860e-01,1.621057403377566541e-01,4.343185671999478040e-03,1.463824705139403839e-02,1.282630242427650891e-01,-1.313404445971621259e-01,1.836171265903583372e-01,1.020887521771038885e-02,2.751338406812771087e-01,-2.997213281679832891e-02,-1.053059199882733499e-01,-1.663929728025294041e-01,2.027243133501251682e-01,4.239507377911277790e-03,-3.295365945347160652e-01,-2.487134561152202217e-01,-1.465615672838456174e-01,-2.399139115309991688e-01,-2.523650355436616310e-01,-2.050186487375735833e-01,-1.591151830643153797e-01,-3.101479410248920640e-02,-2.291046765318975331e-01,-2.744902281427381019e-01,-2.373811614485024091e-01,-4.658417353623997004e-01,-4.813050140231746599e-01,-4.544978602719831895e-01,-3.313506008322303908e-01,-1.725690545217038463e-01,-4.107522005403628218e-01,-5.429293470363250051e-01,-2.688164437817039398e-01,-2.981324920850332849e-01,-1.977192003027500034e-01,-2.540064633805461658e-01,-3.721869464351286183e-01,-3.839379912037018672e-01
2.674257883513425638e-01,4.535928034711121937e-01,3.449230085406650992e-01,1.028853176124187863e-01,4.004617821493875462e-01,3.302841243104605584e-01,4.407090845351177566e-01,4.069615552758083510e-01,3.011878065336209831e-01,4.161579501607023945e-01,3.712508539275033992e-01,1.738701581548996455e-01,3.462299529663812603e-01,4.347927215550916324e-01,9.375289008199656771e-02,1.170226508854379788e-01,3.773347615847272296e-01,2.224037601278886223e-01,3.471923268129700757e-01,1.826440429353158590e-01,3.528857428030357621e-04,-9.199656813614240369e-02,7.558761183666588834e-02,6.330413901636018636e-02,2.722097276797014187e-01,-6.339434621039310991e-02,1.980710411554348072e-01,9.833531743607011599e-02,-3.180908908417967671e-03,-7.783167994019957181e-02,-9.875066425524052505e-02,-2.576566705246008393e-01,-2.742350453153786782e-01,-3.024469609975433820e-02,1.934735751127388270e-01,-2.969652234238705502e-01,2.897873515837245777e-03,-9.996420980435249959e-02,-3.564514586653075301e-01,-3.370901264199253067e-01,-2.346699465760525016e-01,9.397266777789380077e-02,-2.124834615805328841e-01,-1.895782569335777434e-01,-2.650516430278201385e-01,-2.826862393551219377e-01,-4.721054347057176415e-01,-9.968706031056628891e-02,-1.769169490968289932e-02,-3.681415077369128985e-01,-2.234464711652869584e-01,-4.477448773780011715e-01,-3.625447415966484566e-01,-1.058401995675848084e-01,-4.450521837610762477e-01,-3.044142295768559325e-01,-1.502001978556212758e-01,-4.610636910830189228e-01,-5.841861172235012223e-01,-4.228348241019183051e-01
4.366745565957853570e-01,4.462718039791119251e-01,3.882676616614978427e-01,4.622842349751710711e-01,3.240839428369280961e-01,2.051691266508909040e-01,3.583281178443559201e-01,2.906653347657230380e-01,3.109902639170646355e-01,3.665670357632929144e-01,2.006121512474921820e-01,1.138958864664548071e-01,2.399569780766319105e-01,1.247207503670404866e-01,4.194866829082985471e-01,6.776460463452298189e-02,1.853413391731621729e-01,1.158661626443837217e-01,1.672495020704694024e-01,6.343241661069731405e-03,1.876559090496471571e-01,2.997178369627345740e-01,1.572258151020542727e-01,1.524749219498781616e-01,2.836939782743497229e-01,2.565995629264239963e-01,-9.992045834461782405e-03,3.671659205369587897e-01,1.148381005405626071e-01,2.159286995091613814e-01,-8.313090452093874899e-03,-1.898323536880987816e-01,-1.670464742208273845e-01,1.528198686509938953e-01,-2.545114706467311860e-01,-5.630533437604893360e-02,-2.130768110011999339e-01,-1.298167581128149006e-01,-1.622519507480144341e-01,-3.542269595584087716e-01,-3.982678177738421255e-01,-3.093963352904487429e-01,-9.329192928854126987e-02,-3.872624751209147176e-01,-3.327484514720177589e-01,-8.717930053712683036e-02,-1.484944308998125406e-01,-2.844516144059840990e-01,-2.987937363611551378e-01,-2.179053764483294686e-01,-3.298908606796085996e-01,-4.375507682026529288e-01,-9.733147187259258426e-02,-3.717417295256577048e-01,-3.190124531176384282e-01,-2.021614542370151479e-01,-4.036786281487453332e-01,-3.183945120468839596e-01,-1.342760735557360086e-01,-3.232504964241193490e-01
3.915770235391839993e-01,3.146980687288390421e-01,9.338822701604337917e-02,3.141850561029001510e-01,4.843979366265469544e-01,3.099070705521026481e-01,2.748297566483237087e-01,2.788909024872647247e-01,2.355137835119910095e-01,1.997406306582492630e-01,2.964310006302764977e-01,3.193647866843348782e-01,3.843392772942604285e-01,2.196090984899657372e-01,1.422920658940944327e-01,2.273880865847517918e-01,2.432436975931807355e-01,3.662734977217344534e-01,4.018706962152376327e-01,1.429398459434147450e-01,3.342569492606342618e-01,1.548946800791545786e-01,-6.403001575437178294e-02,1.786926239930743954e-01,3.849286620434407002e-02,-4.654047908460207106e-02,7.488694252700586751e-02,8.371963856482077249e-02,-1.677091656202451819e-01,1.749535502920489538e-01,6.196265334272388348e-02,-1.050970857577123024e-01,1.338384324325114227e-01,-2.908403465194243573e-02,-1.463534218531150136e-02,-2.015146200055806802e-01,-1.173951388291665648e-01,3.922840810424639557e-02,-1.780732238334675199e-01,-2.608605939034052135e-01,-2.010253373753196904e-01,-2.060854776331453864e-01,-3.103127842969308214e-01,-2.916755282097922009e-01,-4.341946294006847618e-01,-3.829299167068855314e-01,-4.659084037532209566e-01,-3.361960459478828822e-01,-3.783990189934350323e-01,-2.913547119058105817e-01,-3.623418450159421322e-01,-4.204467812971592333e-01,-2.139127602181754573e-01,-2.830121094440141150e-01,-2.257983430606126662e-01,-3.610240062695376784e-01,-3.192311934528169193e-01,-1.979155933566045800e-02,-2.855353126746869585e-01,-3.144882174277642828e-01
2.572678402876562020e-01,1.457889675024459930e-01,3.756909387162681857e-01,4.586455535320000942e-01,4.522621438617090983e-01,3.890264303832906001e-01,3.287916403208233640e-01,3.666406808670833462e-01,4.128689792301268868e-01,3.710324007884882036e-01,3.293483248593765955e-01,3.127637446776764252e-01,3.160793009405928333e-01,3.068400311589032925e-01,2.267263983106137526e-01,1.366625847538033567e-01,2.018981267668713553e-01,1.951770958707522152e-01,1.693561574897269328e-01,6.969333677335484700e-02,2.490608103774192839e-01,2.744694478507850866e-01,9.894804437580573264e-02,3.628457880125693924e-01,1.629315018456714836e-01,-1.547691272977591917e-02,2.106735485152953780e-01,9.984116229290714017e-02,-4.439257522057672711e-02,1.207286496156981109e-01,2.201908840943860857e-01,-2.189215466182054676e-02,5.559396366101744535e-02,-2.105627617785332979e-03,2.443712088411932881e-01,-5.592799976528373129e-02,-2.117743114750632039e-01,-1.254527425760927350e-01,-1.067949213679564302e-01,4.528296122559277714e-02,-6.725122742430718337e-02,-8.702737932719162295e-02,-2.675969350872116070e-01,-1.534044039891375166e-01,-3.167386134297636158e-01,-2.615478659467088129e-01,-1.084198888359343693e-01,-1.359008125065900574e-01,-3.350370040849489639e-01,-3.456338604261087744e-01,-3.145323292714675700e-01,-2.119070079187233835e-01,-5.102296809174278192e-01,-2.989109076668735598e-01,-4.074687211868016634e-01,-3.466250790015055760e-01,-2.511390340646545427e-01,-8.869719239802938138e-02,-2.335394905694503920e-01,-3.968779506503111731e-01
3.037539748192586986e-01,3.187391418879642613e-01,1.834848435329627103e-01,3.597832935345548488e-01,2.985348383482581136e-01,3.518091840696012662e-01,6.365104316476265234e-02,5.999467389609394186e-01,1.957920973415600008e-01,2.391156282910247843e-01,3.127748490172816975e-01,2.427535763357449861e-01,2.738035832062852282e-01,2.511636465996007761e-01,1.042241668329683124e-01,9.169838999274051994e-02,2.069401793828342107e-01,5.449723816762905987e-02,1.319504575798270962e-01,3.365313187581572135e-02,2.627743769166063399e-03,1.306761852009479530e-01,-1.218888842630177771e-01,3.500361664338070833e-01,4.720068672982701830e-01,3.763210536904840892e-02,-1.301007800272822590e-01,5.299236241147107368e-02,4.919599714465543172e-02,-3.768427375286599323e-01,2.378763566531141849e-02,-1.573868875082938198e-02,-3.761849587315293370e-02,-1.209963428229497706e-01,-2.257677882147543502e-01,2.327229637854107483e-02,-4.542296989217321501e-01,3.275716302190707918e-02,-1.473066497124978225e-01,-1.467329796402581377e-01,-3.962365344995841809e-01,-1.286515807641226972e-01,-2.282910730746537664e-01,-1.665347717097221680e-01,-1.694625031446212182e-01,-3.536592434001809560e-01,-3.199537223178224310e-01,-4.133447368096863639e-01,-2.431309758029097934e-01,-3.563700084724134021e-01,-4.352342136429719899e-01,-3.579801300179497048e-01,-2.167661301524179129e-01,-2.798353920407261608e-01,-3.228135794649486523e-01,-3.719870851409219359e-01,-3.601930446820851839e-01,-3.448396364950632176e-01,-3.419487624444049745e-01,-2.603414234661259874e-01
1.509662379913266350e-01,8.797024372501327516e-02,2.557448458896410814e-01,4.018830700234922171e-01,5.369162171906052272e-01,1.184877648296474850e-01,3.811563982447072618e-01,3.332551337141270720e-01,3.724775104895485245e-01,1.964129603020537407e-01,1.555532935742653389e-01,1.433960123021774113e-01,4.252682329266105898e-01,2.152497079904273636e-01,4.080400369658506721e-01,2.085632504102135076e-01,2.965332086927990884e-01,-2.288195095071705529e-02,1.789659316012120749e-01,2.194270761312046569e-01,3.819071483456607657e-02,2.143120596052370264e-01,-6.698366218803039618e-02,2.111728884895255065e-01,-6.759163329414077936e-02,2.256908483488594963e-01,2.819169646195385792e-01,-5.912881395610664059e-03,1.456043932687887954e-01,-6.190327566849544716e-02,-1.214832404541505151e-01,6.467906648179846951e-02,-2.834267318142533187e-01,-1.113185353971146707e-01,-2.738255532614081167e-01,-2.386145245497702239e-01,-1.244175742504479432e-01,-3.264455289015053552e-01,-2.093879458072906152e-01,-1.729467602139655447e-01,-3.071456609302791185e-01,5.656637282296983482e-03,-1.453775288702007229e-01,-3.139649422241291843e-01,-2.000938300122274693e-01,-1.183658913945525165e-01,-2.633676421988495608e-01,-3.810601686428387036e-01,-3.159022522853088266e-01,-2.001148575157701281e-01,-3.551029118000006979e-01,-4.601105745513132672e-01,-2.929055090179245591e-01,-3.538152218340265276e-01,-2.524997895048994856e-01,-4.486493711044802213e-01,-1.637551521856568382e-01,-1.520601792522916496e-01,-4.929477900609166019e-01,-3.571185057823661468e-01
3.834570178956782094e-01,2.984921060764830214e-01,3.913184494575182581e-01,5.097106365582402265e-01,2.770139499737905298e-01,3.967295973921715624e-01,5.200056800531186463e-01,1.125050375695344079e-01,2.570127335765579613e-01,4.109051235429840854e-01,2.550358708338830716e-01,4.217167035889170523e-01,2.813916039177096762e-01,-1.152142811305569142e-01,2.810948200002990616e-01,1.939893454449219123e-01,-1.023314467410142356e-02,1.534238595592606613e-01,1.437137069425489244e-01,-6.627895683678368399e-02,6.164999491317023350e-02,1.202080333083199032e-01,-1.059758526647093940e-01,5.086323022693319679e-02,-4.692190648542599735e-02,-3.852093104243142774e-02,-1.735459139629194070e-01,-2.629243118239124599e-01,2.448156794801245317e-01,-2.345049950910333414e-01,-1.456647853184564467e-01,-2.022818570031876262e-01,-2.089806606551139478e-02,-4.961962396299260218e-03,-2.106920811817842853e-01,4.448500948697967777e-02,6.598844952748550430e-02,-5.207309532738122609e-02,-7.333852619549811880e-02,-1.365238051285327936e-02,-3.204673861198457097e-01,-1.512873502013999671e-01,-2.321662717669203957e-01,-2.327941074656410536e-01,-1.610349965101617875e-01,-4.029561508209006382e-01,-3.995093514653172972e-01,-3.790507286655372399e-01,-4.007776285960558127e-01,-1.190838533544071876e-01,-2.985533951795793506e-01,-1.511000402142997356e-01,-2.246328629345445693e-01,-2.338826895852557652e-01,-2.799287931992070488e-01,-4.608493267496823198e-01,-1.749937955888879459e-01,-3.162883829862125906e-01,-4.415796095695354029e-01,-4.194698748963316959e-01
2.449658886040418648e-01,4.320271432309425452e-01,3.286501912011058346e-01,9.423286280892520517e-02,4.538497565250320109e-01,4.880873321902364781e-01,2.212170716128057657e-01,2.273218389211356383e-01,3.004484024118126984e-01,4.411405272071954320e-01,4.307454712255460727e-01,1.457813372496857274e-01,2.333890616912951688e-01,4.314627587439575085e-01,1.379818290319268226e-01,-2.620548289219826188e-02,-4.400752507759077281e-02,2.626878809450377550e-01,5.648657065501483387e-02,3.239276676635349794e-01,2.234838987353564635e-02,2.808496973485096748e-01,2.945762149227373894e-01,1.058659439088720511e-01,-7.395164402011136784e-02,-2.626900565696938666e-02,2.286570367401699888e-01,9.739347016621768827e-02,-6.502201369459220670e-02,8.173965065583790879e-02,3.734308370653264403e-02,-6.942028185561624487e-02,-1.141265600440097006e-01,-1.876802974249435277e-02,-8.165120529983403708e-02,-9.436342021187815732e-03,-2.627740045587423356e-02,-3.418408109039117182e-01,-8.545783563841428954e-02,-1.427887056675159194e-01,-1.210445830274896328e-01,-2.552848540077381490e-01,-7.061869434084071251e-02,-3.259875824563934765e-01,-2.580710102852145083e-01,-2.197866571473675867e-01,-5.062809577161632435e-02,-1.737735640548630223e-01,-2.908828432798499231e-01,-3.521316239322989650e-01,-2.328159655913968895e-01,-1.907463011476602244e-01,-3.543450917002718970e-01,-2.022837118364645970e-01,-4.473412472878492419e-01,-3.589651017147229561e-01,-2.299210202191246943e-01,-4.568622567618257913e-01,-5.031780187869239196e-01,-3.013320144180541837e-01
4.933832427772168461e-01,3.545432739808062061e-01,4.407646134220484235e-01,3.383628928749254361e-01,3.692995795300726414e-01,4.466324056738104065e-01,1.471974531375689066e-01,4.309569211489108764e-02,1.771845129835440957e-01,1.084155823937589247e-01,2.553013185368938620e-01,3.123140174581657269e-01,1.290696561953677823e-01,3.548439897794402609e-01,1.297808920411980260e-01,3.609510978812213167e-01,9.963250932555120509e-02,2.687346207470640569e-01,1.671269030060013316e-01,1.383997376933364942e-01,3.773954523996909949e-02,2.649732487759696720e-01,-2.651366494489637571e-02,3.550155818757427806e-01,-2.328692003775715245e-03,-2.962546555323242181e-03,1.417901763937731707e-01,4.397981761460802164e-02,3.219645132006856425e-01,3.375786221422437672e-01,6.919322109711090359e-03,-9.574316702216788266e-02,-1.410371285178155798e-01,-3.115167526245687935e-03,-4.626570540910598245e-02,-2.802549900223340607e-01,4.671991678182277341e-02,-1.954584210782070730e-01,-9.895898804747342570e-02,-9.796964649652002699e-02,-1.996188765501576978e-01,-1.906343057018782816e-01,-4.818473910634520074e-02,-2.294738105640769243e-01,-2.317514440281896460e-01,-3.114771442079304342e-01,-2.715676503960973709e-01,-2.680565215189981698e-01,-9.623053296952913116e-02,-2.843532316406497951e-01,-3.055625923540383204e-01,-2.926339206689118622e-01,-3.756183859196005059e-01,-2.008974425126890950e-01,-2.844457197897954925e-01,-2.334608578232045262e-01,-4.462733172277776328e-01,-3.142106343503150989e-01,-2.328792305288113484e-01,-3.318190687911418690e-01
3.372521501405695288e-01,2.746293444878002976e-01,2.280793751464074981e-01,4.407840790808980058e-01,1.187055720977900075e-01,2.007168149930521062e-01,1.750574835450839917e-01,1.758605987351174738e-01,1.729118222510121761e-01,1.179962613999249177e-01,3.322988925165172303e-01,1.709099244759642588e-01,1.346992090921519947e-01,3.722432326725224616e-01,3.280446009817323816e-01,-1.563376831664607322e-02,2.643626007658789745e-01,2.339052397206978218e-01,1.186063257749664646e-01,1.753415849528933701e-01,1.649904998718519089e-01,2.861203072162259997e-01,1.587401302455492824e-01,-1.453273721948773189e-01,1.553258242770497698e-02,1.446204231074000313e-01,1.900364836775594313e-01,-4.327112765808308753e-02,-6.176632855426220786e-02,1.667764985794190635e-01,5.478958158168924231e-02,-3.572008160478726269e-02,-1.673755625258199764e-02,9.176055873181440670e-02,-1.390961153761620661e-01,-3.261318542910850160e-02,-8.706837276653464630e-02,-9.585015154089442102e-02,-1.520535555134287509e-01,-1.381927662568352422e-01,-4.071318939883021848e-01,-4.886389244010471700e-01,-3.500552192306477517e-01,-1.566597270266281705e-01,-2.828167910128674412e-01,-1.485823860010369313e-01,-1.227382328894152524e-01,-1.951240705657110719e-01,-2.205417430209056506e-01,-4.716782736189949893e-02,-1.551939770820314757e-01,-3.549669247002132932e-01,-3.850353255394022289e-01,-2.673335838473254733e-01,-4.006435263703087557e-01,-4.840242353362916861e-01,-2.956770198506347147e-01,-2.019390561100067316e-01,-4.111935891151954903e-01,-2.914170952644568741e-02
2.469290585575481534e-01,2.477357357185512865e-01,4.458310038896680649e-01,2.992025745310233353e-01,3.205371434992630997e-01,2.803407415307675454e-01,2.768333548989002635e-01,3.087395008530283147e-01,2.511622944108638511e-01,1.301920029670719514e-01,5.985523999917782140e-02,1.149801381933876210e-01,8.361075350487677527e-02,3.936579480779537898e-01,1.039347069646060495e-01,1.598675247229431606e-01,1.955060885686050187e-01,-1.524452225464145716e-02,-4.158840550160495392e-02,-9.905605519189451813e-02,1.261040387127321249e-01,2.261211295380263220e-01,-2.805725587882235313e-03,-6.732327695797776790e-02,2.229298099752267392e-01,1.241379440657485594e-01,3.348200724262889727e-01,-6.217241515578170175e-02,2.377213977630465767e-04,1.042397537154116927e-01,1.415105893572796425e-01,-3.023209795233583463e-02,4.781320984266330953e-02,-1.733482838471034071e-01,5.803196715086211821e-02,-2.098142567946608694e-01,-2.379584931980565088e-01,-5.262250651626537712e-02,-6.986424728865248124e-02,-3.379133893682298440e-01,1.148783683516994836e-01,2.604287690805805883e-02,-2.680131896150353410e-01,-7.980506774380871637e-02,-4.738425789487495793e-02,-1.057282633903266350e-01,-3.444584536606334346e-01,-2.875406035351494860e-01,-2.693928709320705939e-01,-2.980688225539890324e-01,-8.457740336837818451e-02,-1.715345466730683055e-01,-2.899378413911976038e-01,-2.897111918536524611e-01,-2.265185460639572435e-01,-3.273427158353231503e-01,-3.863833605617070788e-01,-2.510000601420400712e-01,-1.736512215084713984e-01,-4.398103069684232702e-01
3.991640707278226174e-01,3.280980577282893162e-01,3.559904285815840286e-01,4.109548722125623277e-01,7.532448835481304894e-02,3.776048719651036167e-01,2.996125004393492830e-01,1.944897957525837384e-01,2.726357687974728661e-01,2.020707692191589522e-01,2.056534219215931381e-01,2.165368693501666664e-01,1.099041879025901142e-01,1.721580092903184922e-01,1.351748240506473187e-01,4.282078460956976196e-01,1.189914721260897784e-01,-1.687282923028868981e-02,1.564267911305926850e-01,1.262789198503114566e-02,-3.469200525544800795e-02,1.174334070621609050e-01,1.849606449421460908e-01,-1.684716681321576370e-01,1.173688043862163716e-01,3.885813020617038815e-01,1.014420278038078715e-01,-6.826444476636664427e-02,7.730089472281517771e-02,-1.886213674135600038e-01,-3.371263254975011558e-01,-4.037451196210251059e-02,-6.784188136378468958e-02,-1.639271773499191565e-01,1.384599806963891441e-02,4.763697863788415171e-02,-4.100900289287830180e-02,-3.510304720668767225e-02,-1.513253856380682161e-01,-1.853317019673108024e-01,-1.543582865266117932e-01,-4.198060894925746689e-02,-3.398625850241417390e-01,-1.394198067306547661e-01,-3.346455156648190377e-01,-2.161242703250783048e-01,-1.609928455067554942e-01,-1.457946276721051593e-01,-3.077480795735707542e-01,-1.882981587221425612e-01,-9.214441743773579829e-02,-2.681531011214638993e-01,-8.307063225871016976e-02,-5.178732642182751755e-01,-2.729643556694580919e-01,-3.282566836967736323e-01,-2.452052647302883359e-01,-3.416729274691989171e-01,-3.491561268255611861e-01,-4.877829445418720988e-01
4.773475025332044597e-01,4.871197225641676343e-01,1.994741241391494724e-01,2.671722124723015512e-01,3.168396602701338827e-01,4.243814708038637917e-01,2.941948047798491617e-01,3.803228241134016807e-01,2.824104415284324765e-01,2.234572319624726633e-01,2.024889286451654891e-01,4.132616007201178610e-01,4.528301720973911676e-02,1.723454788137303295e-01,1.987196343201400872e-01,3.783785485636022572e-01,1.433485594498378757e-01,2.277815797093129396e-02,-2.075736952660525020e-02,-9.158684060800012516e-02,-1.535705620962365611e-02,1.799733193295293687e-01,1.529573634620340905e-01,2.014989080800744792e-01,-1.429543097007709984e-01,2.542910577040823905e-01,4.498816886928598546e-02,1.015346971671301085e-01,1.096198285408728490e-01,7.650608254884024018e-02,-3.453264248887750326e-02,-2.674840750410296605e-02,-1.968118129563015961e-01,-1.211176324940538007e-01,5.877257988878918649e-02,1.253959304473234102e-02,1.594679435948070934e-02,-4.696169518740563736e-02,1.835006731797616808e-01,-3.197641216510151152e-02,-5.153548590674494889e-02,-3.514478399879468751e-01,-4.679231709222952951e-02,-4.085952886167311116e-01,-1.679629584288799826e-01,-3.403680727404746753e-02,-3.069208412567269728e-01,-2.772073415811182051e-01,-1.107756653288694410e-01,-1.964984694475200577e-01,-4.680108991021446063e-01,-3.689186538365137324e-01,-2.029780845201114015e-01,-1.758262798961684470e-01,-1.200217668582532066e-01,-3.221955352193465183e-01,-1.794244667253328540e-01,-1.885516646699434418e-01,-2.466919829169485490e-01,-3.769630167747383132e-01
3.946500237785873222e-01,2.732921203366294738e-01,3.865341411763728030e-01,2.229598671380071673e-01,3.493137801912130636e-01,1.487431712682158458e-01,1.072015123121282387e-01,3.890519674267228223e-01,2.978501792116829486e-02,2.104201907485364897e-01,1.655473722942958636e-01,2.252140696190370606e-01,2.106693040072339096e-01,2.451024659388313653e-01,1.393557483230979666e-01,1.849843981056746023e-01,2.641151376802843842e-01,3.067049707932029690e-01,3.221888680007138628e-02,2.976498068784950712e-01,1.216045725833521524e-01,6.319479160424765207e-02,-2.270460205083873247e-03,2.261944016235109545e-01,-2.471774235064737313e-01,1.327285048537005241e-01,-2.084886692124941487e-01,-2.045238101522000862e-01,3.598174666906810842e-02,2.399371047297749887e-02,-5.077293811180931815e-01,-6.303497949810195344e-02,1.264304124648361338e-01,-1.627589340518212635e-01,2.781080425536676740e-02,9.648154277955253710e-02,-2.054818532132307585e-02,3.231242897853659098e-03,1.211255965931378464e-01,-2.124645364561964234e-01,-2.471958571268647320e-01,-2.184676734626183892e-01,-1.095739255408971491e-01,-3.541098570614847202e-02,-1.444654493018713570e-01,-3.513400227228983264e-01,-1.712341543300082147e-01,-3.263707965575707304e-01,-1.836606990102252479e-01,-1.654222964206530921e-01,-2.008620557827634490e-01,-2.450748982062238013e-01,-3.505182041695175665e-01,-1.799029213372205782e-01,-2.668710880232049720e-01,-1.049599405195672797e-01,-4.764678540779613281e-01,-1.584671822112212192e-01,-4.753852463650577453e-01,-9.905830117060007711e-02
3.933742769581333176e-01,2.202464287343465499e-01,2.777523087231615340e-01,2.404294613942278003e-01,6.383993177751265402e-02,4.083614948563948910e-01,3.400424671360047224e-01,8.493763808191807929e-02,2.330808201102023691e-01,3.576792301521568573e-01,3.163475811077015032e-01,3.159603632461581157e-01,4.121883010356542920e-01,2.736861537137082467e-01,5.651908519920342128e-02,3.528002525348831186e-01,3.278638898435895510e-01,-6.901034905732916953e-03,-2.170818138736625991e-01,1.262952018878006899e-01,-1.057061783485003514e-01,5.437150462833458681e-02,1.827670803779943010e-01,1.295735775031530979e-01,1.921041717462725062e-01,9.807303864328881238e-02,1.084158522242861800e-01,2.362676044872410730e-01,-3.609237206870496290e-02,-3.723567096373504165e-02,-2.948326741042034405e-03,9.263232711628101301e-02,1.232589327969735721e-01,-3.745821528475790085e-02,2.479238277050290762e-01,-1.205359686143710196e-01,-1.687664766360212065e-01,-2.006991879760894049e-01,-3.569426314003971978e-02,1.076519019989819331e-01,-6.050811433274885104e-02,-1.333666020153554954e-01,-3.325781605646528361e-01,-1.021124595245743727e-01,-1.778509385232623363e-01,-3.676727829881346749e-02,-2.532135287267022750e-01,-2.817979048811999898e-01,-3.397395491186686600e-01,-4.007705379174270055e-01,-1.570483013094871594e-01,-2.454769710939744276e-01,-4.254607592797997606e-01,-1.526654406767840866e-01,-2.537508531128842559e-01,-2.532831079899110494e-01,-1.805860250031563474e-01,-3.489913361401749681e-01,-2.189411536038091133e-01,-1.505903406103320519e-01
2.867157314306262306e-01,3.502648877787912784e-01,1.601779173357793240e-01,8.715222003627812186e-02,2.507641669604937507e-01,4.191253676731092059e-01,2.506628376761125265e-01,3.475914774437928734e-01,1.504908775980201008e-01,-8.179670103674453741e-02,2.396961740269311636e-01,1.902195294465091613e-01,1.894438532887975646e-01,1.224517840261812179e-01,2.143703600899505568e-01,3.053878997602421565e-03,1.265009896134411116e-01,2.449903005256127420e-01,-1.047259933935063071e-05,5.446930524435279752e-02,3.086697759209787173e-01,1.296222810860634955e-01,-5.866985881021850868e-02,4.178304056189752202e-02,7.613492563832004179e-02,-1.599142061335559473e-01,1.639188969525616144e-02,1.476277333514064150e-01,-4.170707401735947867e-02,1.831974892080949838e-02,3.703816441927247627e-02,-4.847854390020596427e-02,-5.236565705678721677e-02,-1.722428057005037649e-01,7.106339723501775563e-02,-1.195210684127948897e-01,-3.114684405578154736e-01,2.145972315757525561e-01,1.634743144409514515e-02,-9.868381980596487024e-02,-3.683760525767530991e-01,-1.989945453150771676e-02,-1.613399086561887741e-01,-1.361729147066652879e-01,-2.259584786723018435e-01,5.508660665124940486e-02,-1.461206807382442185e-01,-2.575518039246775803e-01,-1.579426603652327454e-01,-2.106928317012666807e-01,-2.358106114906183826e-01,-3.069682314560203684e-01,-3.420181673522642019e-01,-1.979523592778536512e-01,-2.126112563103912945e-01,-1.809610225010820361e-01,-2.922087652499537058e-01,-1.793732976961337766e-01,-3.020177705109450272e-01,-5.121475529575217900e-01
2.594761621565223608e-01,3.068209647253480332e-01,2.041063484789900073e-01,2.561760252853187980e-01,1.640032576221442939e-01,2.708709064737280237e-01,3.377265885647101618e-01,8.698498878637887788e-02,1.182476139488782552e-01,1.836523984780565888e-01,4.243826813938531006e-01,5.207709127371758229e-02,2.198355774315821076e-01,2.422036253704365760e-01,-5.520579240963700840e-02,6.873108840537453523e-02,7.194782315379771864e-02,1.779953589999370145e-01,8.755839765377720907e-02,8.434081318058858634e-02,1.438012072697502641e-01,2.244303857030260918e-01,1.756790432991156004e-01,6.952016611527551959e-02,1.874046350610486800e-01,-1.217450564319571271e-01,-1.485222983003716413e-01,1.254125620018495257e-01,-1.103685772848405355e-01,-1.940405339062192813e-01,-2.633777629370307599e-02,-1.935859300267501679e-02,5.224540534234633701e-03,-1.616531005555268408e-01,-1.437135515268349040e-01,-2.437804604920559837e-01,-1.360704945994649084e-01,-1.168951170480355684e-01,-4.998997700601361949e-01,-3.561039981145305289e-01,4.070237788887662300e-02,-8.506880938500729905e-02,-9.177264048920932837e-02,-2.166956766715061600e-01,-2.786327476133669823e-01,-8.730373513184012946e-02,-2.844391203939321544e-01,-1.270241379171373752e-01,-2.624776370066823072e-01,2.034648647225246673e-02,-1.327191255562159555e-01,-3.903081634606689332e-01,-1.685680553605731768e-01,-2.122399425273293616e-01,-1.513154768420192642e-01,-1.770538755264372544e-01,1.253142826373219651e-02,-3.297634194053614687e-01,-6.419350590553848934e-02,-1.556065499231330806e-01
3.517391761192733002e-01,2.084208377565858750e-01,2.218736746560603934e-01,2.080147601244083100e-01,2.584988326371341905e-01,2.691559300552819334e-01,6.780269764391909371e-02,2.605333746166669795e-01,3.889556901791577093e-01,3.265503477945178590e-01,9.908502928347576177e-02,2.494217690877706117e-01,8.888697203953706272e-02,9.129062619775893395e-02,1.571458249955600961e-01,3.956036757495288297e-02,2.895455931956391615e-01,1.027780902281860975e-01,3.219579440481794008e-01,1.339142133157271708e-01,-6.697468081090013348e-02,2.143015090811683510e-01,-3.325894554203515791e-02,3.333270678036089896e-01,4.667531345664371889e-02,6.181342683894395368e-02,1.489473901114556631e-01,-2.083707282752647882e-01,-3.394189423191885935e-02,4.238676683610166640e-02,-6.163369260887933965e-02,5.641860521872506251e-02,3.264430395796667078e-02,-1.618116073212909345e-01,-2.168376510723199202e-01,-7.538865904565943132e-02,-2.654028853876180816e-01,5.007091900317151012e-02,3.316006936220494607e-03,-1.260214044563354174e-01,-3.090387413760098401e-02,-1.046912756019059837e-01,-1.140170713031479766e-01,-6.117630503133204833e-02,-8.074217486825704948e-02,-9.699198143343085166e-02,-3.520523880824862895e-01,-1.639279397257190352e-01,-1.284551596244757621e-01,-3.335241152216560367e-01,5.170827837601639498e-02,-2.139307085970441891e-01,-2.208935955480807733e-01,-3.096093866144814521e-01,-1.089109057999258362e-01,-2.195387001699757035e-01,-1.487178056887248911e-01,-2.297081287666959404e-01,-2.574453532261953836e-01,-3.445557834157497168e-01
3.930057440611648412e-01,3.739701192485627712e-01,2.168165623658463714e-01,2.592957444607232875e-01,2.006491193650528915e-01,2.801269746442439090e-01,2.212146230405957203e-01,1.575049181150621480e-01,8.348085485736057854e-02,3.236230561809173567e-01,3.792938212140578580e-01,2.062713723207258154e-01,2.535840444052194290e-02,2.722629752662915001e-02,1.475805239473917396e-01,4.325848847511671452e-02,1.509363134534477402e-01,2.285390258199056501e-01,5.120069642853834757e-02,3.029784860824508153e-02,1.190216293084827015e-01,5.903424117438310637e-02,2.160545422612468458e-01,2.030251673525180212e-01,2.781526709404903361e-02,-7.882384014362051050e-02,2.675583124163178825e-02,-9.703665983110440485e-02,-9.566400357176844949e-02,-9.883399466190176397e-02,-7.377079473141057511e-03,-2.320563778863740934e-01,-8.397394980857222913e-02,-1.607570254592309289e-01,-1.495708773442664952e-01,2.342356444831522333e-01,9.645976235390055220e-03,-4.145217500908704444e-02,4.875317513031230017e-03,5.541490677330476039e-02,2.649587418212482892e-01,-2.404437105932780983e-01,-2.851516544195362712e-01,-6.266009379137627011e-02,-1.132136055312241707e-01,9.514803561595638892e-02,-1.916858899636598723e-01,-1.893908023414491992e-01,-9.845825516581941175e-03,-1.389095875944006409e-01,-8.085557269847232220e-02,-2.585228137047549390e-01,-2.561487829253505377e-01,-2.162935635762261999e-01,-1.572286475106519643e-01,-1.232599009786765620e-01,-3.846644594352542912e-01,-3.183622638805109761e-01,-3.258963784631284666e-01,-4.045761207922461966e-01
2.825235083682844373e-01,3.444067771387204213e-01,2.633761206611243133e-01,8.179427146021900352e-02,3.475568006122210507e-01,1.818738834172138608e-01,1.510151667320731028e-01,1.624933825894086803e-01,3.339943313297530358e-01,-3.793781047740821949e-02,2.178727987167684288e-01,3.492083296351898847e-01,2.419781945850132954e-01,1.317822946718216204e-01,2.240825694532350837e-02,2.099740390378554422e-01,1.462338512362013065e-01,2.813900970702923887e-01,1.726015863308618115e-01,-2.389481241266668693e-02,7.316962991614814338e-02,2.466712315216244567e-01,-1.194961816129716699e-02,-2.466080883110519095e-01,2.707884858586436655e-02,-4.059332763763604662e-02,-7.590232324551618448e-02,1.205264929706592325e-01,-2.334175776745133213e-01,-2.017485450861290219e-01,-1.212307329504826309e-01,-3.825984327664544438e-02,1.268911251210305680e-01,-1.449660729834874873e-01,-8.510516744782829768e-02,1.607491850197796321e-02,-2.993340367811939684e-01,1.933503550890088574e-01,-4.010568613701581686e-02,-2.769346050764862066e-01,-1.344191546677481752e-01,-6.776868682102666144e-03,-1.276193711394287278e-01,8.552555144511321539e-02,-1.938813989619873335e-01,-1.523288476594858720e-01,-1.130403961854757472e-01,-3.939628585880952105e-01,-1.425455402477159850e-01,-4.950688216176810791e-02,-2.255366034339078285e-01,-2.776652747474137595e-01,-2.991461228479859180e-01,-1.604339960273811205e-01,-1.987409606468706347e-01,-2.007337079570762073e-01,-2.396724252925717946e-01,-3.086023402320263176e-01,-2.307073667047435106e-01,-4.089734244496853743e-01
1.416696030641362014e-01,3.095394935832499472e-01,3.509835631145860613e-01,2.106179280325039538e-01,2.996118867997781265e-01,2.139513985860524437e-01,3.426702080100894610e-01,2.630376410143225874e-01,3.233345899797643863e-01,2.989704087410391398e-01,2.935226766676490850e-01,3.163689004361679435e-01,1.073723178796702135e-02,1.726311595881667715e-01,2.214436050820325352e-01,2.485413627227783806e-01,-6.228089824932109622e-03,2.982172944412079252e-01,2.802748031101620629e-02,-1.039002522537007672e-01,3.809782265697611026e-01,6.725163847505413739e-02,1.279638422797666486e-01,-1.393376450462734673e-01,-1.656861782675293215e-01,3.886371322916298277e-01,-2.495550082701600003e-01,6.645567979362640432e-02,2.316692950454024569e-01,-7.165156146901537071e-02,-6.485217477288111876e-02,1.535359513975537993e-01,-3.570661152627989388e-02,5.322929712764958021e-02,4.649841294962868410e-02,-9.130820585732199457e-02,1.495140157872940079e-01,-3.289061075751490426e-01,-1.768107043018282420e-01,8.265614102536672503e-02,-1.796121915049667395e-01,1.567855162524491031e-01,-1.308916755844181101e-01,-1.954199642850884544e-01,-1.653831891094886541e-01,-5.949495999947840286e-02,-1.546146858388904310e-01,-1.237656316096615028e-01,5.518707487314197108e-02,-1.784522540177437555e-01,-4.422038604796186267e-01,-1.885175461335154845e-01,-1.031545806511893204e-01,-2.283334799457518438e-01,-1.237185010431564314e-01,-1.389044704931732821e-01,-1.899834504046880035e-01,-2.877629655846350998e-01,-3.014637157134040235e-01,-3.954824697265654221e-01
3.134466544897400730e-01,2.131546585872304556e-01,3.715163363959945730e-01,-1.829393613712082143e-03,1.422635154104899824e-01,2.299578618569886324e-01,4.210555011546857074e-01,2.588653396178725030e-01,1.551877873105347860e-01,2.725911242027626580e-01,2.985667351663720548e-01,3.988394171729257032e-01,1.958079591471803549e-01,5.479524319408288907e-02,4.078469564649565560e-01,1.019697612437947959e-01,-4.672917742961393839e-02,2.979400153454744293e-01,4.366329869624094306e-02,-5.327490338789590135e-02,1.759062966659847016e-01,8.248836094152803278e-02,1.888149427386165424e-01,1.127373347906975437e-01,8.648095364441779620e-02,9.981112757264852531e-02,1.492551471846985944e-01,1.011253683914835333e-01,-6.505776845607016967e-02,-6.779372136532424431e-02,1.318758579779643614e-01,-1.490204618772761891e-01,1.895059871729475320e-01,-2.049917050045427236e-01,-2.174084171727580228e-01,-2.991437342782751196e-01,2.386605312179644334e-01,1.290734501545989787e-01,-2.489333554384509650e-01,-1.465554123610562365e-01,-3.293445389944756330e-01,9.877652043838647256e-02,-2.072718441439725667e-01,-5.383890809899497670e-02,-2.123789726591733817e-01,-3.936701275991862925e-01,-6.733734330831539494e-02,-2.634093024682195305e-01,-1.886962548506180837e-01,-4.402109582583835223e-02,-2.588273067034070896e-01,-4.799597184496177116e-01,-3.353781508297543068e-01,-3.186365960258446400e-02,-2.129615557237125034e-01,-3.043373683648175065e-01,-1.743300499246079049e-01,-2.368831900742329744e-01,-1.822633167869620596e-01,-1.444095196353918920e-01
3.260921544512756509e-01,8.251213855416991705e-02,1.233555798967709977e-01,2.182425451671336225e-01,2.712127324282400664e-01,7.995917722972696595e-02,2.628576397916060903e-01,1.044099316781791770e-01,3.124702740640855625e-01,2.132919754847422134e-01,1.210180127382919427e-02,-1.356043462945633604e-01,5.022213635665752074e-01,1.950323732241891206e-01,1.133203888921398700e-01,-1.630695828770149514e-01,2.582269429665819405e-01,4.354766394197073093e-02,2.406566313269734303e-01,1.380832421152236866e-01,-2.018306880246188428e-01,-1.318905533859522916e-01,5.907629319910867594e-02,-8.640216630913090390e-02,2.011302767118000323e-01,-5.857652312076064988e-02,-1.219057497284777858e-01,5.898990106301591624e-02,-3.077261731438871162e-01,8.769751314463879177e-02,1.184880254539447293e-02,5.011264754188580334e-02,-1.477708994646733942e-01,-8.137944622354861823e-02,1.729599175666998445e-01,-8.269104798357400365e-02,1.478107789437982933e-01,-1.815922299530608325e-02,2.273530394108400077e-01,-5.185035275370786234e-01,7.078655759762866873e-02,-1.127620760294445884e-01,-1.071821629214153859e-01,-1.057098910510892303e-01,-1.541813598626743942e-01,-1.111544799116745280e-01,-3.415739120586034350e-01,-2.749827710975695227e-01,-2.306642707563002354e-02,-2.462893224538929005e-01,-2.235495689435013367e-01,-2.981725063628326566e-01,-2.990496312435662607e-01,-4.643673886377880367e-01,-3.984239960417835791e-01,-1.782985182492407006e-01,-1.025752546424202050e-01,-1.056927915169136173e-01,-1.976859655683060046e-01,-3.273418861797531276e-01
1.064623444250360762e-01,1.626500893487903832e-01,2.769630179523455138e-01,2.349492534163978019e-01,6.614184108588366806e-02,3.360314443921276206e-01,6.876922057160765600e-02,8.535512316742902006e-02,1.723217500937573310e-01,2.895108582474916759e-01,2.021265073969693571e-01,1.912185110721915382e-01,1.219667777452491525e-01,2.204726635515578681e-01,-8.299453994545515079e-02,5.597837034125349026e-02,4.450063933578191078e-01,2.205802718630632264e-01,2.656752591909986583e-01,-7.453287887724964478e-02,2.851932415521701292e-01,2.282944219285159768e-02,-3.580359345880775035e-02,-7.414259408704843013e-02,3.588665045832056810e-01,1.476965544453774926e-01,2.678978737184395387e-01,8.617353882968553647e-02,1.609978284227587264e-01,-1.636820814063456864e-01,-4.403079168413926575e-02,-3.930794154710997440e-02,7.871898720528164306e-02,1.024081095042647521e-01,-1.543916849546463355e-01,1.771787713692753174e-02,-2.742460025821709113e-01,-5.003939768604685062e-02,-4.728941325767203885e-02,-2.013474361527095302e-01,-1.453031895692027953e-01,-4.156780810958607408e-02,-2.991356745918172418e-03,4.499870226164805198e-02,-1.171803421817583929e-01,-6.688629954038774472e-02,-1.965207400581557573e-01,-3.713730325033314794e-01,-2.887960498034345402e-01,-1.267138743075953977e-01,-1.439793797768191275e-01,-3.978098788298483068e-01,-2.328312820314467069e-01,-6.156451801323048478e-02,4.328622682174215405e-03,-3.397962273290744961e-01,-2.799138426440951899e-01,-3.294005404718081675e-01,-3.484805717819597914e-01,-2.459704750050404898e-01
2.417707891833456024e-01,2.670245028322702496e-01,2.479055130636290127e-01,6.472858167068844260e-02,1.889664577691624603e-01,2.739564386528634543e-01,1.703526251888350940e-01,1.592058242522246814e-01,4.396125402427795287e-02,2.359069257935576813e-01,1.415838653055571383e-01,3.020413115413220217e-01,2.703511723512749820e-01,2.390913160726209907e-01,8.252090413486176668e-02,3.518324011262281559e-01,1.236359345236510976e-01,1.303577568942791351e-02,9.949507176024076360e-02,4.339864109288866234e-01,-6.134893935671346249e-02,1.371165702112930318e-01,2.610836988653992274e-01,6.930876069494518524e-03,-2.027188534994880109e-01,1.601989487190654260e-01,1.881611380656994792e-01,-1.734000700518456561e-01,5.698001956714780075e-02,2.449928810811654034e-01,-1.260302838258972602e-01,-1.548482413247645739e-01,1.331474613629148318e-01,-2.415879979270008915e-01,-4.065940328162622741e-01,3.584804878499898984e-02,1.331681016648164628e-01,-2.217914490625874924e-01,-4.876745189155511084e-02,7.792470366090648026e-02,5.531026980730210235e-02,-1.756046278804716809e-01,-2.368985709452647859e-02,-6.805535874253975780e-04,1.514837741164794527e-01,-1.259806807990486166e-01,-8.868935317591711276e-02,2.729112647590754143e-02,-1.312424282437026635e-01,-1.335612877311009306e-01,-1.226743816572959389e-01,-2.972813654711918274e-01,-2.006423795416790445e-01,-1.959415100601500925e-01,-2.311587225068145179e-01,-2.466627233140448183e-01,-2.445525367990157295e-01,-1.892768305731381273e-01,-4.834647439096363686e-02,-2.931316064587074499e-01
1.552177196190747399e-01,4.188252040800490017e-02,2.695658371637105755e-01,2.930082132909355708e-01,1.773221947059077097e-01,2.142904226573668913e-01,2.055328521946958031e-01,-6.699009528885804636e-03,2.120429258144241325e-01,1.576926218592080431e-01,1.905107630088075932e-01,1.777302866052462016e-01,3.745372172324848981e-01,-5.245353567122507284e-03,6.129994612590923542e-02,1.408029199576378288e-01,-1.728616415797173955e-02,1.630108979246748524e-01,1.542927052353197381e-01,-1.423395916669478733e-02,8.189706909401694990e-02,7.419161243714475495e-02,5.238475979511301311e-02,8.443285544868270320e-02,-2.808036967450389110e-02,1.592848090951811402e-01,-4.966152078509498968e-02,1.381287757365453651e-02,1.602372399806431535e-01,8.987188680463329901e-03,-9.156219649617187983e-02,2.587994371747939087e-02,1.557555456767658816e-02,1.035602593805982768e-01,-1.308878277748901642e-01,-1.352322539019648051e-01,1.688047955567300584e-01,-1.102609467037265201e-01,-3.230116129640679401e-01,-3.058989994003148416e-01,4.617311208623157276e-02,-1.485585618908112915e-01,-1.417534925108465127e-01,-1.815181134565930221e-01,-2.477774309765587157e-01,-9.282008328502644456e-02,-1.604956130142058401e-01,-4.671717429838866120e-02,-2.690748479789814018e-01,-2.550181149034108641e-01,-3.218406558025669328e-01,-1.404689821464422117e-01,-3.460539129356704491e-01,-4.606904531874649322e-01,-4.370537124529456641e-01,-3.285769706212467445e-01,-2.185515299020423241e-01,-1.044751034415485058e-01,-4.956992110607150864e-02,-4.938304320483877241e-01
2.037403365902267782e-01,1.706127837164026773e-01,3.063658351654320322e-01,2.183372909468126455e-01,2.746897317602117750e-01,2.216402389750984220e-02,8.746740626982967004e-02,4.494791046476168672e-01,6.236413300650379965e-02,1.966364798097954836e-01,9.016223449667140621e-02,2.883392058541961456e-01,2.319614203242792994e-01,3.534936340139539501e-01,4.894932906683790996e-02,2.047766517501706518e-01,1.697533898238058891e-01,2.061875570346554665e-01,2.592827822633345103e-02,-1.203972572714778061e-02,7.040487884207498326e-02,2.262557644011632119e-01,1.673054388810709947e-01,-5.852995757699815116e-02,-9.198676341792055844e-03,-5.229519038329297383e-03,-2.196168946429341295e-01,1.285810100003079715e-01,-1.062870286337628534e-01,7.841932886054274465e-02,1.696522891764315477e-01,7.805877497072497007e-02,1.798544719102982969e-01,2.254683147293873591e-01,-1.711093926447589675e-01,1.547837749289072973e-01,-2.043272736194129968e-01,-8.954815928003155567e-02,-3.429189638459542722e-01,-9.706604994977290068e-02,-2.726873748903372863e-01,-2.322151016689436853e-01,1.436104710679823003e-02,4.133017684376781575e-02,-3.809366345881393112e-02,-2.505529780089312264e-01,-2.301736888217485733e-01,6.528119547449505455e-02,1.071712784520862695e-02,-2.865658237359051119e-01,-1.633220454350218231e-01,-1.992721299915648780e-01,-8.704968852610173169e-02,-3.753109690210425925e-02,-2.402460816365391272e-01,-2.299118023805934996e-01,-1.313974193341202988e-02,-3.465609194953215844e-01,-3.220334240894872080e-01,-9.384238595564996233e-02
2.807044052863592043e-01,1.062122111397081348e-01,2.713067222044046600e-01,8.169859522734787549e-02,1.671786692100892258e-01,1.045265278761053074e-01,1.502985848438351812e-01,4.395511188455676899e-01,1.715673948688783701e-01,5.416205136464095210e-02,2.876976977596791829e-01,1.936952334131711306e-01,-2.446555382870783252e-02,3.451877641693737453e-01,7.563984385307451208e-02,2.487716230446234689e-01,3.510042973488711887e-02,-1.809953224815205319e-01,-5.127610953293217783e-02,7.297462583326061458e-02,1.067798152057447825e-01,2.047774019924797906e-01,3.192514900827992941e-01,-2.721884200904187753e-03,3.132879164843874881e-02,-6.525097021005329956e-02,6.363528614106903070e-02,-5.712759411759377182e-02,-3.166637501515597031e-02,-1.959024048347144109e-01,1.837221321831667420e-01,-9.215436080221182935e-02,-1.402999875046400668e-01,1.642848422401550212e-01,-1.361970622515392415e-01,-1.281059941221484033e-01,2.383316799560731419e-02,2.703345032963692246e-02,-3.778797691424458371e-02,-1.848998163134864814e-01,7.717176817436893765e-02,-1.043660691947485147e-01,-1.411304567234596408e-01,-8.993816163930415386e-02,-8.890715697716247701e-02,-8.834137775460082498e-02,-1.051542190407487309e-01,-2.919008358761748245e-01,-4.709468037123283601e-02,-1.863706591205986363e-01,2.816822855924843230e-02,-7.115253225194452524e-02,-1.215179127221797384e-01,-3.214948899564427642e-01,-2.242997917369108085e-01,-3.093677806380281670e-01,-3.187893708458806596e-01,-2.540817169711406809e-01,-3.014594612585270172e-01,-1.662988257378303358e-01
2.710796595340471127e-01,8.210159524521501440e-02,3.814086350415329951e-01,1.880361543241172995e-01,1.408730072779950937e-01,5.863258648280108426e-02,1.020074428601708549e-01,2.684320003783982611e-02,2.533036153951630509e-01,1.647554386205504207e-01,1.582476931048195645e-01,2.655750630455125383e-01,2.437769325953926813e-01,1.171283088419405871e-01,2.704396430358903536e-01,-2.538388990855180299e-02,1.976704105250945143e-01,2.472667151742288516e-01,9.848151998100194982e-02,-1.414407902222057922e-01,2.324339650043307226e-01,-2.875563794234188286e-01,7.096195915674656518e-02,-1.158652845571599421e-01,-5.764623396319938642e-02,-1.783011514795270203e-01,-1.457679835965516035e-01,1.108638463880805280e-01,-7.321068722355890401e-02,-1.317588740767485778e-01,-1.933416290233648527e-01,9.705184625410612220e-02,-1.713998670804076641e-01,-3.226886121790949191e-02,-2.815397899878051002e-01,-6.470364461963028224e-02,-1.906347572194110399e-02,-2.169863652696705503e-01,-1.547642176348874299e-01,-1.663851667419329883e-01,-2.347479389403608341e-01,-1.500771310294046670e-03,-6.001601934346562084e-02,-2.822297274465384587e-01,-8.793387625939319552e-02,-5.853262841415467210e-02,-3.068880793058144096e-01,-5.319586086947419856e-01,-8.389249698749658146e-02,-8.926072102989283941e-02,-1.122321447130872202e-01,-3.781641527710416506e-01,-2.173428704346163087e-01,-3.615186168246112830e-01,-1.303321631854200205e-02,-8.984331698966849244e-02,-3.126895348183339474e-01,-1.676757944181931081e-01,-1.207186675301484546e-01,-2.013098516042674258e-01
3.039249605579606439e-01,2.807056446148714635e-01,-2.123141228865475100e-02,3.743260254120253094e-01,2.016018700659461538e-01,1.578298059919405472e-01,1.469109136060197662e-01,1.292464878382365290e-01,7.557241014727048012e-02,2.146740703230001213e-01,1.751743279961655297e-01,9.263130226860891159e-02,2.216833610286069248e-02,2.085166018379489006e-01,3.543337852342793304e-01,1.414949947119103491e-01,1.282036023114627166e-01,1.415514582421677561e-02,1.817846132504710721e-01,-2.267649010332886683e-02,-4.476509401031292246e-02,-5.213441802536757097e-02,7.878444373329204775e-02,2.340886851437162797e-01,9.714760812112895050e-02,1.568572738702264657e-01,-6.329122363481462510e-02,3.510511435107599443e-02,4.646305855330490342e-03,4.983735661540516365e-02,-1.645074216208051998e-01,1.664096091755732920e-01,-4.799684725193621715e-02,-1.076746064325366514e-01,-1.963897861552353907e-01,-7.545706572694632630e-02,6.628272586195259330e-02,-8.141564042101770426e-02,-1.159363744056700340e-01,-1.110585761030372055e-03,-2.584048649217380866e-01,-1.377361730313296229e-01,-1.559095297915399914e-01,-1.257807793572554844e-01,-6.959428886984575513e-02,4.194248632701126633e-02,-1.965816724858799325e-01,-3.498291464493811787e-01,-2.405699879506786321e-01,-9.616907318843756491e-02,-2.208227713287262972e-01,-2.795914602939277294e-01,-2.310075327008035972e-01,-2.406828278347936667e-01,-2.934504676428016309e-02,1.976021425496331946e-02,-2.578712125866212124e-01,-1.537982011096120649e-01,-1.168976031463863363e-01,-2.715145878049065598e-01
1.416522965543507429e-01,7.890006049936930388e-02,1.049754721904727212e-01,6.505154263252346802e-02,3.772233330605220258e-01,2.543690112449939478e-01,1.224524432765708298e-01,2.587685422648418054e-01,3.390977411792416712e-02,3.897167476472564174e-02,2.228552795420182114e-02,8.941562185722452816e-02,8.109307542020748050e-02,1.723432976392317850e-01,2.877827601598422214e-01,1.192262153864470930e-01,1.604809433150816422e-01,5.964101831977700746e-02,1.270034474994098939e-01,-7.715478185429959501e-02,5.253662057169784794e-02,-1.759372056743741530e-01,1.495709029929419009e-01,6.353906381269006087e-02,3.125411139769794511e-02,7.652927322895994311e-02,-5.769923756462147849e-03,1.647488597803445920e-01,2.650385678718922833e-01,-2.663588542082393484e-01,1.294246264937700119e-01,1.152538424957203073e-01,2.543574072935799180e-01,4.100400163366384881e-02,9.319460315833710817e-02,8.036443858538608320e-02,-2.299969640497857848e-01,-1.654088599459296038e-01,-1.020217120089644824e-01,1.482938123684410525e-01,5.270736133214175279e-02,8.640665531172786809e-03,-1.896494100535506822e-01,-1.605810826120432355e-01,-1.401688505237152528e-02,-2.096082498621634760e-01,-1.105685703957139665e-01,-9.841229614922417102e-02,-1.828212383356855181e-02,-1.261668683223169940e-01,3.716785052057854088e-02,-7.620618185522906596e-02,-1.436601722183184771e-01,-2.097512717893941780e-01,-1.552285460002079086e-02,-1.509813744736935581e-01,-3.124255529323342606e-01,-2.743202979542161413e-01,-4.214045459081542377e-01,-3.925131256489064469e-01
1.968779808412645660e-01,2.957356805384627196e-01,1.637637693515133497e-01,-1.571739130242443688e-02,2.153509685394784101e-01,1.943983277239217100e-01,2.033847911891232818e-01,1.921080439175694432e-01,1.228481704274568126e-01,1.341687774568880720e-01,1.828807310758607252e-01,1.854429068425888782e-01,-4.614606621510981832e-02,7.002426585532789405e-02,7.575633288973773749e-02,8.124789158924114463e-02,1.377353171995145953e-01,1.110940035249936286e-01,2.080340580237779735e-01,2.403906242910219260e-01,-1.416705759953059904e-02,-3.974190769052187572e-02,1.272107240955858420e-01,2.079846680982736229e-01,2.959507627366723612e-02,1.262486326664510605e-01,1.710694339904668682e-01,2.454322378058819698e-01,-8.443250978989469413e-02,-8.809573751966422173e-02,-2.629687866051058642e-02,2.641560418903111593e-02,-1.118391806182420789e-01,-7.103679781333331611e-02,-8.102384471670225075e-02,-3.611547809202266673e-02,2.001602389747964283e-01,-3.677257260734743960e-02,1.310046864476807627e-01,-1.575703578791285975e-01,-1.206059316436606244e-01,-2.571249522641597118e-01,-1.758448600137787199e-01,-1.326632617125567126e-01,-1.332562570611345032e-01,-2.142317106668210069e-01,6.818440966091356137e-02,1.960633996195786932e-01,-1.382739468023834184e-01,-1.655530684067526848e-01,-7.593127679344283121e-02,-3.381258208641100826e-01,-1.164747475881677541e-01,-3.443051527504537024e-01,-2.699167176186957340e-01,-4.724896484030118304e-01,-2.925197387059548793e-01,-3.316879398654019873e-02,-3.252695257560070941e-01,-3.590039312377835135e-01
3.032118636467130424e-01,2.910967747816228801e-01,1.950857354525938336e-01,2.251825886683650746e-01,2.571423305285345795e-01,3.352070276362703605e-01,1.918552328228076420e-01,3.076968032620639448e-01,9.514705935514239377e-02,2.871060425650854286e-01,1.523530574241280244e-01,8.356885449892242912e-02,3.215965529911004595e-01,1.356003033751889686e-01,3.624213137348882702e-02,1.021665715898314869e-01,1.189268802120038160e-01,8.289555275529519873e-03,1.638596273361769828e-01,3.334167426619442653e-01,2.459673709847304823e-01,2.350543133899118259e-02,2.314695958805209342e-01,3.209812967019130131e-02,6.619694120545929761e-02,6.378830763276069349e-02,1.395506168598670826e-01,5.385647052007850460e-02,-9.030269094269127717e-02,1.987669291796717030e-01,-2.168260265491378236e-01,6.276867131206788353e-02,-8.745379496626412563e-02,3.445699797795193087e-02,5.059637187533461145e-02,-7.955603159953450118e-03,-1.327355148017226316e-01,7.560582625400427692e-02,-1.382523077996033745e-01,-2.911977416548350121e-03,2.221159685984598897e-01,-1.124540632681718388e-01,-3.671370948437285842e-01,-6.992562228857249207e-02,1.179915590194605957e-01,-1.993422075286156170e-01,-1.563112207104472851e-01,-8.533871211892625486e-02,-2.213259857148493770e-01,-1.523125086661738237e-01,-1.556334616123347669e-01,-8.570616131038030772e-02,6.294771903523383935e-03,-1.465840106603242265e-01,-2.731366219095897607e-01,-1.088649932138307658e-01,-1.194802702131385341e-01,-2.872078088376027738e-01,-2.365243409995545013e-02,-1.372148913872468512e-01
2.574683183509606232e-01,2.745642755202094554e-01,3.985485382208380778e-01,5.133286847121076857e-02,1.224895125975394156e-01,4.309868109306399520e-01,1.846243102485703447e-01,1.761572206916722505e-01,1.192412115281003687e-01,8.589396649824353192e-02,-4.280308592505353837e-02,9.983974637178563705e-02,-1.160936356284731838e-02,2.202078659924830151e-01,3.273196298177310365e-02,1.012637076596678287e-01,3.569583099424739614e-01,1.934855555042213071e-01,2.287447864081920135e-01,2.777546842995044507e-01,-6.218212951438290004e-02,-9.687052895415015907e-02,-2.525991717265564374e-01,-6.342477695040527053e-02,4.607393538654489668e-02,2.989263750770699418e-02,-2.317252543976890469e-02,1.094647697765469968e-01,-1.582127212817481809e-01,-1.053353282122391175e-02,5.808157782290013227e-02,6.963119827331512579e-02,-1.442022846477463704e-01,-4.191326489852971460e-02,6.522487990749763209e-02,-2.209707202621499778e-01,1.498802547817504049e-01,-8.432174888504835597e-02,-1.060998295691082394e-01,-2.965823547522665748e-01,-3.027876232130673542e-02,-1.963308173969535719e-02,-3.487086129952781111e-01,-3.247144413776009708e-01,-7.871142128688038420e-02,-8.449530114159722882e-02,-2.441729488809634974e-01,-2.698191140882574834e-01,-6.662004134495450036e-02,1.213263622430517524e-01,-1.181889573683131828e-01,-1.942537398671472793e-01,-7.866106206660523903e-02,-2.024243445939538921e-01,-3.852664130818676813e-02,-3.655621940701624384e-01,-3.640369488405782450e-01,-2.503671846611165708e-01,-2.037709119777816880e-01,-2.701768354009899675e-01
1.462230790283595705e-01,1.288602155737489374e-01,1.788052381353684717e-01,-6.263110553386261325e-02,1.347009213684003115e-01,1.643518379327511547e-01,3.206064176674802146e-01,3.594596342431646274e-01,3.272923817915581179e-01,2.167948982791338408e-01,4.429159131963140983e-02,2.947269969206073315e-01,-4.304634057196600472e-02,-9.176864072134946482e-02,7.036647014197576488e-02,-5.374408575521098796e-02,1.879843928779845186e-01,2.568694955753413334e-01,2.731193773114762857e-01,1.572619121354732613e-02,-2.602857507193445750e-03,1.195844486269099366e-01,-1.379795596787730949e-01,2.373961606436982841e-01,3.239826893373790595e-01,-1.566917904489267821e-01,1.380104575804962930e-01,1.698348324068710367e-03,-1.124222513904155896e-01,1.503979953459081975e-01,3.337264296971321764e-01,1.229174739491862151e-01,-3.120733448245350261e-01,6.783301987436611558e-02,-5.483262097292980475e-02,3.324097191364810966e-02,2.733094819528161107e-02,-4.303658360955765760e-02,-7.305385643874806947e-03,2.905093845335203831e-02,-3.869863448052744404e-01,1.469053015465684488e-02,-4.009067731421528391e-02,-6.282820897294302820e-02,-1.320800366491350908e-02,-2.787013149161528536e-01,-1.490205397309854463e-01,-1.237618161414925783e-01,-1.702064011722634329e-01,-8.761908644570150229e-02,-2.360313003459528214e-01,-2.444044436009903259e-02,5.138232718191798956e-03,-3.240344666137509599e-01,-2.040120372551742223e-01,-1.844824696171993572e-01,-5.356859756403629935e-02,-1.065941937113570048e-01,-1.314270976353957843e-01,-3.843281004850002125e-01
2.409891691440665951e-01,3.511671598624156454e-01,1.803371850117951036e-01,1.174996233128078049e-01,1.680052665235225173e-01,3.480030900140517192e-01,1.661459324060646225e-01,1.128888812316837936e-01,8.415459147200436696e-02,1.702577658778759162e-01,2.345997915112999765e-01,2.222770858649836812e-01,1.262154225964706999e-01,1.224701931576803321e-01,2.529009441779883072e-01,2.706244925923901451e-02,-2.565614752338925969e-02,1.068974200953912435e-01,-8.863802887904137506e-02,3.546476539632779645e-01,6.273825829478547889e-02,-5.614043841955773662e-02,-1.415419518037892010e-01,-1.087707630325479569e-01,1.145756778531785980e-01,-2.087152038085069994e-01,-2.644530397854413240e-01,-1.016481524948919246e-01,4.293007560284005375e-02,1.677554381856005972e-01,5.028963685649338183e-02,3.732696669317361188e-02,-1.968833050190449963e-01,2.180233531079838263e-02,-8.988490644999928836e-02,2.167163921381584646e-01,-1.658302538736641518e-01,4.956715791991733906e-03,1.093480883618194177e-01,1.824654570030699863e-01,-2.689343182551233724e-01,-4.664895178802315467e-02,-2.288091658481146706e-01,1.129915189344864734e-01,-2.198016535124674709e-01,-4.492245792170207475e-01,-2.562439502687830495e-01,1.543609484592012027e-01,-5.204493326112329121e-02,-7.175828206064459314e-02,-3.424731721753332403e-01,-2.359096548549039218e-01,-2.598717770455734599e-01,-2.922777986161772534e-01,-2.272566488331820289e-01,-3.602885284598723037e-01,-6.285451969209511491e-02,-1.112822492080198372e-01,-2.019953245410099352e-01,-2.496437499503987856e-01
2.148680014788310610e-01,5.195140315910677653e-02,2.241192307531652828e-01,2.025582598120835576e-01,3.890875720294072471e-01,7.351522515946737335e-02,2.658153655864968767e-01,3.647004723288766459e-01,4.767735225607470581e-03,5.023232741430673498e-02,7.058480472022125862e-02,9.361300586412844849e-02,4.179063051463152711e-02,1.411262629639371269e-01,-1.516588286891463744e-01,1.231260573029134830e-01,1.059526028556602439e-01,-2.456916059524320850e-02,-1.984931920402729921e-01,-7.025460061688450220e-02,1.760152150322745190e-01,1.130025827969238089e-01,1.524378680706831024e-01,-1.143758678662824685e-01,1.179160636822857572e-01,-1.139662555087156692e-01,1.302862628108753529e-01,-1.554140630469373063e-01,-1.578069551846743024e-01,-4.663189054546106049e-02,1.367286461868085501e-01,1.127002515911664088e-01,5.719286472135998167e-02,-1.205724871555083205e-01,-3.032604406683274759e-02,-1.151828233012528041e-01,-2.302250324305779583e-01,2.378357508741256177e-01,-6.818491087850915566e-02,-2.565467652017560662e-01,-1.816408661711317318e-01,3.235292058106249702e-02,1.693140423458181221e-01,-5.982115209867450330e-03,4.002841819219956493e-02,8.480713508478750218e-02,-2.224003898320626449e-01,-1.134819561843048163e-01,8.194870863115545634e-02,-4.393300129235024748e-02,-1.523062506546327410e-01,1.024674915012733500e-01,1.234968425195174246e-01,-8.766215594793833055e-02,-2.374275361191378053e-01,-1.578551741472093706e-01,-1.987407355783398777e-01,-2.097418333150835035e-01,-6.056621545939751966e-02,-6.626647703746638141e-02
3.334088951301493742e-01,1.847607100171813344e-01,2.621358036433529826e-01,1.821988911235320474e-01,4.447138427775078340e-02,-7.791452015308166987e-03,3.886220467171237758e-02,5.009224662172621911e-02,-5.440631447343328639e-03,2.498607598490577009e-01,4.601503037803757884e-02,2.521940338021744221e-02,3.948229826319394897e-01,6.146487298987586556e-02,-5.043016709507248951e-02,-1.122707816808235781e-01,3.323484899279867122e-01,4.795137555731172618e-01,1.300620850640241133e-01,1.179920360978232441e-01,-4.777367982813811309e-02,-1.083391567434186104e-01,-3.615482409746047926e-02,-9.922261316106954776e-02,-8.364961215235752756e-02,5.668991319054304118e-02,-1.566260610582046464e-01,2.846104515489040337e-02,-3.700720218755610552e-02,-3.752079703466951102e-03,1.956035494864844515e-01,-9.259525969362880984e-03,-2.501300050633128297e-02,-1.312673708165093545e-01,-1.296317147536551941e-03,-2.531663642468707787e-01,-8.953854904788235980e-02,3.292670485697568594e-01,-2.500294867306407376e-01,1.985713554499637934e-02,-1.018385326169021499e-01,-6.048236386979269179e-03,9.306965166605365991e-02,4.757288807447026396e-02,-3.280012924738491820e-01,-5.761942626736972495e-02,-1.647218168484316791e-01,-7.234965023157338693e-02,-1.750467713566996875e-01,-3.887726711191039769e-02,-9.988417612865244100e-02,-1.029253983419950724e-01,-1.184018025804300933e-01,-1.943749459135298840e-01,2.074960956285066410e-02,-2.074525113677539723e-01,-7.373993870708746290e-02,-3.360190196964620291e-01,-3.711782753021379833e-01,-2.443674418854981101e-01
