1.425470288680444064e-01,-3.114042422232372528e-02,2.066158501560972083e-01,1.183490786913395237e-01,3.853580994347433064e-03,-3.824533546539759521e-01,8.554386722349635597e-02,7.955267730554924088e-02,8.281390598107578327e-02,-2.290755397335862698e-01,-7.342660869496417386e-02,-1.516966092504988539e-01,-5.961288401445652418e-01,1.813316360093103138e-02,-3.169167103924604156e-02,-2.915610102698374881e-02,1.896856467115368150e-01,1.207314066020664101e-01,-4.748555531985583500e-02,-2.800435033790277944e-02,-2.822381578626019863e-02,2.020460824476968953e-02,-5.261141051316663153e-02,-2.104937094792064534e-01,-3.437829680620740902e-01
-1.817303679649540094e-01,-2.348215826084954286e-02,-9.295815641884123959e-02,-2.744582661563900183e-01,6.410542526031024271e-03,-1.566255611569864481e-01,1.785850066598417551e-01,-4.026388075601904371e-01,-8.730641706052774675e-02,-1.896573202611332720e-01,-1.060958063162726478e-01,-5.565404073399183860e-01,-6.685638614587938733e-01,-4.830734263704711262e-01,-2.562313852110295054e-01,-3.056218785241738289e-01,-1.290062073941896092e-01,1.629459043747124442e-02,-2.606290886826395647e-01,-9.964679780746998894e-02,-4.067926709780962657e-02,-5.159314009407194035e-02,-1.551201727182115742e-01,-1.188876452938042866e-01,-2.408111524331247311e-01
-1.852189581267775498e-01,5.508351026699622593e-02,-2.466784813576237134e-01,-3.069295493876183015e-02,-8.770746273881177557e-02,-1.563292161795876434e-01,2.525931969178417738e-02,3.836077953198757575e-03,-7.064961005672518168e-02,-2.491207265404068172e-01,-2.862668296882696639e-01,-6.215123192135012520e-01,-5.978644312774779035e-01,-3.589343320350312783e-01,-5.008678631610850029e-01,-2.263293212107312657e-01,-1.197931854165970311e-01,-1.617623309680819577e-01,9.798672457008151399e-03,-2.647566413092858340e-01,-2.076098849268749602e-01,1.478171592103157683e-01,2.204617839697152817e-02,-1.198928042307378927e-01,8.559664703862182589e-02
-4.260420155878253019e-03,-5.428792613352863977e-02,7.632202790795908354e-02,-1.911184588242691995e-01,-5.710429002706320090e-02,-1.462400295701321851e-01,-2.223860116529981501e-01,-1.484462884080936240e-01,-2.752570318593399179e-01,-5.672434032894443368e-01,-4.735421795747555285e-01,-7.898209339190105371e-01,-6.635117494192191989e-01,-5.994457292176336161e-01,-5.773928236017947802e-01,-2.837610932474959879e-01,-2.047765417975522806e-01,-4.265393090947231514e-01,-2.302822919333291085e-01,-2.469300669311598750e-01,-3.439356182656377325e-01,-1.794193316078170758e-02,-1.413853561117637547e-01,-8.382295354604121784e-02,-3.105895072472564800e-01
-1.046590024092301230e-01,-3.024163208735960451e-01,-1.058277393128611299e-01,-2.890305493868973175e-01,-3.194794323150539073e-02,-3.113198419514274784e-01,-2.173496768839087157e-01,-2.161675838109410053e-01,-3.354494387289863044e-01,-4.145296917845923135e-01,-7.243450365601302732e-01,-7.878841075815914419e-01,-6.998414408672013476e-01,-5.682539050337144237e-01,-7.325404542489616366e-01,-4.774859217613579565e-01,-2.185903021768562660e-01,-4.637986737667935955e-02,-7.391022285657482260e-02,-3.931426172427137655e-01,-9.598898369728835200e-02,-1.717869598737224723e-01,-1.064289659741051580e-01,-1.476990795462441164e-01,3.053138965787534076e-01
-1.645337863293694081e-01,-5.752490710830558684e-02,-1.279463570434206110e-01,-3.570244513682759857e-01,-9.688546946651777070e-02,-3.372554775388728610e-01,-3.506294274435987623e-01,-3.600742975277109736e-01,-5.624354027607448847e-01,-6.220832389052286526e-01,-6.841254996693748591e-01,-5.188821644604558747e-01,-6.896237435332562837e-01,-7.246566402960054054e-01,-7.538060469381684392e-01,-6.194935068816722623e-01,-5.717401553146225224e-01,-2.890738283939395248e-01,-1.300700801920354199e-01,-8.546114501087499760e-02,-2.125723211809710522e-01,-1.479157076022495909e-01,-1.630349403680170783e-01,-5.319287193594642721e-02,9.874750674188212396e-02
3.153757194809304193e-02,-2.051670709876126375e-01,-1.672171353451448184e-01,-3.076401631793849178e-01,-1.771841839668359952e-01,-3.893782964831996596e-01,-5.084082533901541634e-01,-4.249514472932280351e-01,-5.550059901317807576e-01,-4.440907742218059839e-01,-7.561636349282854219e-01,-5.743771409797200356e-01,-7.095594884288378701e-01,-7.795960931690333329e-01,-7.444713266530011975e-01,-6.647232224138946988e-01,-5.982931843435022046e-01,-4.550577538744966510e-01,-7.637268320270304556e-02,6.938071796331793384e-02,-1.387272001726600756e-01,-4.226705104525411982e-02,-2.258861113179663760e-01,-3.622836278249089714e-01,-3.642908938837905453e-01
-2.788294914531787572e-01,-2.705717543523417090e-01,-9.787373276845570680e-02,2.051151848701202041e-01,-5.771378820851634506e-02,-4.403191821950215301e-01,-4.055312017659571389e-01,-5.680219138196480611e-01,-6.540847319878865251e-01,-7.688007279172149877e-01,-6.077476103309225053e-01,-5.692233393665169228e-01,-7.612078994921011033e-01,-7.732278645752785895e-01,-5.914060809171124422e-01,-5.562004287715207607e-01,-5.394156893829349375e-01,-6.181956487673234690e-01,-3.359678893582681014e-01,-3.649777929100593843e-01,-1.098907119091951518e-01,-1.453511101322641219e-01,-1.916404374101457475e-01,-5.307299238180900047e-02,-8.241095071780665804e-02
-6.929555751883811898e-02,-4.034194643739218433e-01,-2.705364498335732781e-01,-2.628851140828326050e-01,-3.280803134976652546e-01,-3.499741980747680392e-01,-4.180434390525323285e-01,-6.258541877170965551e-01,-6.896004446257034681e-01,-6.284076522778023755e-01,-7.587791281999027859e-01,-5.350371269155120846e-01,-7.634184029437683927e-01,-6.823106758675379080e-01,-5.712644487465414755e-01,-6.879587825463640005e-01,-6.351589256054201993e-01,-5.267009564047080428e-01,-4.566720986194571230e-01,-2.670998596580278495e-01,-3.568521538478038879e-01,-2.404998244672815200e-01,-2.400682419960463165e-01,-5.901327677596609339e-02,-5.961190001810079409e-02
-1.120668756486212503e-01,-2.172827696966851130e-01,-2.867443283588280711e-01,-3.025718242011202763e-01,-2.491931477914232640e-01,-1.251790943269744938e-01,-6.482626563311899570e-01,-6.414001388094263678e-01,-5.628664912382302932e-01,-6.167045424556721889e-01,-7.456284476573755704e-01,-7.681069175767623047e-01,-6.141615455799351864e-01,-4.538615775698583432e-01,-4.882653686288633277e-01,-6.169886075489625643e-01,-6.594461109128996190e-01,-6.040597783347227967e-01,-3.755565718502986705e-01,-5.405525096116081674e-01,-2.017353318512151161e-01,-2.933066885639651900e-01,-1.897552185889921361e-01,-2.073300364600808021e-01,-2.094362480678463589e-01
-2.765904463817688286e-01,-1.323324506475193341e-01,-2.273764448586836906e-01,-1.628867047950789682e-01,-4.694289376094401556e-01,-2.899699033379102842e-01,-6.386302370863810030e-01,-6.182920650095233839e-01,-6.391241274376240344e-01,-6.608442021229540275e-01,-6.565219335764377329e-01,-7.140523370786435731e-01,-7.138010849160278948e-01,-6.129532991775686890e-01,-4.733737296950050744e-01,-8.660583468737559354e-01,-5.200546955780905867e-01,-6.214047144426824154e-01,-6.147940619898828452e-01,-4.868977858583590779e-01,-4.826888892182664703e-01,-4.497606453869575915e-01,-1.684481542201385351e-01,-4.894951837163384889e-01,-1.737979166809971721e-01
-2.664232724722659373e-01,-1.734920559978067878e-01,-4.599227939322341752e-01,-3.601196024874185886e-01,-4.741003518750687151e-01,-5.148917406948105846e-01,-5.203015513838282757e-01,-4.198905956181532839e-01,-6.427469958224099056e-01,-7.224229397525002705e-01,-7.455523520454098163e-01,-6.906417787102878680e-01,-6.911207169537350037e-01,-7.720135259581878406e-01,-6.411666737562157214e-01,-6.222315305135029950e-01,-6.220682273865154599e-01,-7.408848508909533503e-01,-5.982004641422697944e-01,-5.247228604997742352e-01,-6.499703854888823074e-01,-4.542575694624972904e-01,-2.434584474179974367e-01,-5.345847788469663131e-01,-1.313857391742249414e-01
-3.635841939693860714e-01,-1.836841567714716794e-01,-2.713178545907534156e-01,-3.534965125088754268e-01,-6.197300744616338619e-01,-6.675729049578420504e-01,-4.693704461572155706e-01,-6.663373328005682827e-01,-5.886413077458908516e-01,-4.522790933343008857e-01,-6.983239006856060138e-01,-6.662343216088884024e-01,-7.534666108666108197e-01,-7.049045201599734023e-01,-7.047505624442547134e-01,-5.769700525306441508e-01,-6.765311007035699209e-01,-7.426433748650567157e-01,-5.300490477766204300e-01,-4.528033590432928301e-01,-6.021543880836992546e-01,-5.035033010933741560e-01,-3.505146398930954477e-01,-4.621985762225082617e-01,-2.027430639299442061e-01
-3.819623497568752635e-01,-4.951659913396210255e-01,-4.875563552449447835e-01,-5.957521581637863495e-01,-6.034560760940947954e-01,-6.757048794239232103e-01,-7.129823616715861290e-01,-5.814030457027963283e-01,-4.929709363273574452e-01,-5.516709242100447108e-01,-6.982178126429900988e-01,-6.950083557350374974e-01,-7.029044334306692177e-01,-7.811691374909901509e-01,-6.730425569267839414e-01,-6.549373554669177810e-01,-5.827965106398136363e-01,-7.647678739343868326e-01,-6.464492496083047435e-01,-5.567896079413959809e-01,-5.114291620187448872e-01,-5.109771327794225826e-01,-5.701816940581854176e-01,-4.079331613062179285e-01,-2.994748598617433810e-01
-4.447501926699389263e-01,-4.114887851284486642e-01,-3.756532739795795384e-01,-5.329256964910893402e-01,-6.294919918813215443e-01,-5.560577257025653974e-01,-5.510855457366761190e-01,-8.352265936212447395e-01,-4.862300081916003380e-01,-6.759085163579910960e-01,-8.638208404980195487e-01,-6.552641576577025173e-01,-6.114278398174153306e-01,-7.404623774607511644e-01,-7.239077767302409816e-01,-7.059623777307078019e-01,-8.243275678449528687e-01,-6.614187502919832706e-01,-6.477439888400785550e-01,-4.881858284398363779e-01,-5.071054841970428217e-01,-3.758451877663674945e-01,-4.695807304071498156e-01,-3.834786195569213074e-01,-5.013333481048751761e-01
-5.928178560221307736e-01,-4.310601160362077522e-01,-5.336466657383296397e-01,-4.919449834759528351e-01,-6.442101962979079888e-01,-6.524345633216344087e-01,-6.008992256043383939e-01,-6.393677481292764364e-01,-8.411405573926892254e-01,-6.756515821531334787e-01,-7.442435678516334807e-01,-5.180132273535271725e-01,-6.351308681764404884e-01,-7.143706017794382301e-01,-8.002448006095228550e-01,-6.977067584592242522e-01,-6.927182478216793449e-01,-5.145324377822888540e-01,-6.470385979807391497e-01,-6.479807852398458135e-01,-5.914532498735077803e-01,-3.735993121089495883e-01,-6.434920795586248632e-01,-3.676151170530406187e-01,-4.099052095848626509e-01
-3.579548015307085218e-01,-5.173037054322839889e-01,-4.418829025737506244e-01,-6.623474557510095062e-01,-5.480278942197204239e-01,-6.664620644463961074e-01,-5.798076084806619290e-01,-8.417917748954979462e-01,-6.913555273297643522e-01,-7.976986249611323077e-01,-7.330434670076273473e-01,-7.224238365160197128e-01,-7.213226355237422061e-01,-7.715716242720918050e-01,-4.651091312387106713e-01,-8.292931912500351999e-01,-7.198896758579416133e-01,-7.406728918140086382e-01,-8.025810857782593732e-01,-7.410207392635170809e-01,-7.385094228269564187e-01,-4.337438005239203642e-01,-4.948080088771606988e-01,-5.360324142240939782e-01,-4.626363537973355866e-01
-5.470342482084334934e-01,-6.528648206935780962e-01,-6.666223104543762545e-01,-5.114140460732391480e-01,-5.195463211868910358e-01,-6.423872564071473334e-01,-4.808839119102422122e-01,-8.007525013029861416e-01,-6.578170310079264338e-01,-7.471259099862901376e-01,-6.393111459198091984e-01,-6.921836970554317015e-01,-6.785854569303614303e-01,-6.159970231981584110e-01,-6.222374191958195411e-01,-8.159113574717080652e-01,-7.502582386443159557e-01,-6.703368970338340338e-01,-6.447148510286359047e-01,-6.803873046875987818e-01,-6.058861476710354355e-01,-5.606430829017674533e-01,-5.780298894300258672e-01,-4.374468401403729390e-01,-3.853739075697429350e-01
-5.235092001784537041e-01,-6.582478481610134491e-01,-5.075418626581917891e-01,-7.441207742218222121e-01,-7.189762555920701237e-01,-6.814466458594374831e-01,-7.958183598249423119e-01,-6.411061928913937003e-01,-5.602981001919727921e-01,-5.380508913805788218e-01,-7.209289908114010492e-01,-6.423699130237148225e-01,-5.963662317662583590e-01,-6.465175265169454955e-01,-6.104261267053602280e-01,-6.898867417113108136e-01,-7.211384519686949712e-01,-7.420945320578218318e-01,-6.481822532580245877e-01,-5.097051073956901934e-01,-5.241743425812915858e-01,-6.673716163145805291e-01,-5.923925177289043331e-01,-7.342486457781097764e-01,-5.515334651670079635e-01
-4.339499021633999587e-01,-4.299830964006129408e-01,-6.228559759556254738e-01,-5.678326387761634120e-01,-4.642752076223936042e-01,-5.884550440082354505e-01,-6.321269952230155198e-01,-8.022252751062293186e-01,-5.821134803527450163e-01,-7.493539506922261006e-01,-6.767437340566531123e-01,-8.008641575915957933e-01,-6.302888612083545894e-01,-6.636296438215159021e-01,-5.404198258145266331e-01,-6.400340396948640542e-01,-5.416722104385840453e-01,-6.563747960251447022e-01,-6.093727428165800486e-01,-4.796742691911498047e-01,-6.277101479788971261e-01,-7.093996026499127527e-01,-5.454985288419098577e-01,-5.087662295023149817e-01,-5.712006307858459309e-01
-5.843772227016932330e-01,-6.306812498868110684e-01,-4.985638267323059258e-01,-4.923898824142733943e-01,-5.511122167887613221e-01,-6.465021279119987918e-01,-6.787564808538431027e-01,-5.633550929789523654e-01,-8.173949638352384639e-01,-6.412981381425986172e-01,-6.252020900477167631e-01,-5.778574859568123001e-01,-7.017905464797319359e-01,-7.394413842985889662e-01,-7.373791223598344935e-01,-4.855169389724650619e-01,-8.131497364972801734e-01,-5.603379420723867410e-01,-5.760433387825150131e-01,-6.926990177041253416e-01,-5.717426336262274589e-01,-6.459290839003094531e-01,-5.092159471209160015e-01,-7.140426772824494117e-01,-5.874232604801620239e-01
-5.785014954163306689e-01,-4.696331791778970977e-01,-4.843562614298065339e-01,-7.511095218152024078e-01,-7.163405399663668183e-01,-7.156553309047000155e-01,-6.890823298630370797e-01,-7.340571919902915132e-01,-5.140853631946826763e-01,-7.437119445634925441e-01,-7.137750237418771793e-01,-6.276323577291054168e-01,-7.091890098126121256e-01,-7.098304910168360404e-01,-7.321174523935400913e-01,-7.265411463180949658e-01,-6.344633617346862042e-01,-6.799756958653007111e-01,-7.260839628495341369e-01,-6.453075144553965803e-01,-6.967599534257442606e-01,-5.786091382185459819e-01,-3.558876148954785434e-01,-6.610222515729973214e-01,-7.166782709393151318e-01
-4.295322193905667940e-01,-6.313561583152246248e-01,-5.607417746299319106e-01,-4.951055505741178697e-01,-4.793575104698147848e-01,-7.442516051169365543e-01,-6.642493323226170698e-01,-5.889513094918988889e-01,-6.677503426604113335e-01,-6.175533026655045665e-01,-7.489895912997663885e-01,-7.189056854404103358e-01,-6.424408116362992915e-01,-7.822087578694593146e-01,-5.411669479300030838e-01,-6.405604638009074758e-01,-6.958973172822108255e-01,-5.727263547482327466e-01,-5.004041815244673064e-01,-6.933710528607310852e-01,-6.457586560732246905e-01,-5.990293073250464451e-01,-6.066034628305285725e-01,-7.394313419814547705e-01,-4.149138247950197034e-01
-5.528995254896733602e-01,-7.034538272120304248e-01,-4.815971874279668663e-01,-7.110212142084287867e-01,-5.122307137476651562e-01,-7.019158297965953919e-01,-6.694607001013024306e-01,-6.073992304688362598e-01,-6.809360186481943078e-01,-5.533022612621906200e-01,-6.468976074488724803e-01,-5.827628821945886051e-01,-7.514923032867933950e-01,-5.891080786798965629e-01,-8.031534545482772458e-01,-5.711029004624270655e-01,-5.509742940863593397e-01,-7.215792398335271196e-01,-5.353260581825305398e-01,-8.342061300050096495e-01,-6.169027595099689787e-01,-6.049161706004430039e-01,-4.420216388478079850e-01,-6.010952249518177748e-01,-6.661377497121081515e-01
-6.117897498358835229e-01,-5.872629118693040162e-01,-7.421869045046600721e-01,-4.219985999146852462e-01,-5.139131725847831955e-01,-5.749350088545366333e-01,-4.506724461815806992e-01,-6.860540647980848394e-01,-6.770881783746114380e-01,-6.452000185760363715e-01,-8.466837157026368965e-01,-5.788401785644441411e-01,-7.101806466826986464e-01,-7.497987065450260058e-01,-6.089311114825268767e-01,-6.170687251656890027e-01,-7.381450561833158286e-01,-6.003979387349994701e-01,-7.444609522000578128e-01,-5.524071378431117951e-01,-5.899137528791692509e-01,-6.871390645916279905e-01,-5.564419523005865731e-01,-5.094085760351634296e-01,-6.463616386822295112e-01
