-5.480329772068708027e-02,-3.272765621166050243e-02,4.857881284444476311e-02,2.842035960892864629e-02,-9.531551615015854129e-02,-1.805960254436110926e-02,-4.827260870155629380e-02,-1.122658845188564819e-01,8.249353353036082206e-03,-3.664617124651337599e-01,-2.186522902626891474e-01,-2.441390894706558790e-01,-6.695966089143932098e-01,-4.578545322970595244e-01,6.777724881874117036e-02,1.351485102826376905e-01,-2.176123219908839279e-01,8.833496194877022215e-03,7.552170448007988757e-03,-1.333228960088610748e-01,9.334567095069123965e-02,5.241950518328414299e-02,-1.576680820104655462e-02,2.151627624779529901e-02,1.585726928975918493e-01
-2.482378478830305490e-01,-4.979158000987080751e-02,-2.777142911090447752e-01,-2.740408992789075127e-01,-1.731611296920311516e-01,-1.751404662308088042e-02,4.991198066767105201e-02,-2.245232219357970183e-01,-2.836273001583712317e-01,-4.540120820175877481e-01,-9.063496115846135515e-02,9.842825999956934802e-02,-6.578648764182606357e-01,-1.813158512398784228e-01,-3.418328170939999855e-01,-4.221906463781966434e-01,-4.458471556209410158e-01,-2.498212925414867447e-01,-5.093638679645997452e-02,-3.169090004362846158e-01,-1.559214762934607867e-01,-1.139180812023933703e-01,-5.420992493583469407e-02,-3.204390959109119641e-01,-8.952717471483002953e-02
-1.049988815675258619e-01,1.421360550712586455e-02,-1.895669792578786317e-01,-5.101875576095864506e-01,-3.020477619649963308e-01,-4.458618720854387041e-01,-3.942964291284110634e-01,-4.841144539057240515e-01,-3.880704208838565705e-01,-5.907606233413434937e-01,-3.193450861646192074e-01,-1.884036101115169337e-01,-7.388740932904656056e-01,-4.853797248825307276e-01,-1.139638513134605680e-01,-5.217519149391500743e-01,-2.293193159908153977e-01,-4.182216010292174602e-01,-3.244036746549534000e-01,-9.290661285743484488e-02,-6.938984357891937738e-02,-2.156693412493177475e-01,-2.958404059939542252e-01,-2.676882335976181748e-01,-1.587326304422916057e-01
-1.184195342467489753e-01,-1.623393958300967943e-01,-4.585950828846435678e-01,-5.938502501877784834e-01,-2.056197419032868012e-01,-1.056533581185259002e-01,-4.574315783679017144e-01,-2.502225957356570274e-01,-3.594025420684175964e-01,-4.415849802134549362e-01,-8.521746948541816802e-02,-4.574148321270231077e-01,-7.257018662348461158e-01,-6.546039869784028298e-01,-2.895301213320752298e-01,-3.225559795510788419e-01,-4.874190481617435289e-01,-1.919792181132492503e-01,-2.412631414893608439e-01,-2.345335359888212068e-01,-2.507119700521461270e-01,-9.900370327107513302e-02,-2.281393868670431035e-01,-2.499667384292518224e-01,-9.197955629535284339e-02
-1.137588409462289007e-01,-3.814392357213783891e-01,-3.729482638253901472e-01,-3.359261837005854678e-01,-1.937433946501723736e-01,-4.598596852305811278e-01,-2.933151575573301750e-01,-3.829024960619267226e-01,-3.696301881887688601e-01,-1.657514496581458108e-01,-4.228189877754401360e-01,-5.555816046824906262e-01,-7.126464950278842414e-01,-5.662040237445232771e-01,-2.117368698671358018e-01,-2.033598765835204214e-01,-4.458461261738461134e-01,-6.426239129927597826e-01,-6.386060631634961071e-01,-5.692229489144331467e-01,-3.563779180171772754e-01,-3.669356575080030547e-01,-3.832214923893629277e-01,-2.006715842601574096e-01,-2.464636404589735097e-01
-6.186198364572801367e-01,-4.776188063589666410e-01,-1.690573965545421609e-01,-2.843512878877036965e-01,-5.626678378066853892e-01,-5.063687004811430192e-01,-4.369465421207848754e-01,-3.005228265481612038e-01,-2.071226330450891620e-02,-4.012436435062901596e-01,-4.308411686918230954e-01,-7.066698097125609923e-01,-7.721250387843898721e-01,-7.056195941726977061e-01,-4.407835959116863656e-01,-3.263595626409637740e-01,5.612202696459589468e-02,-2.991287145954120708e-01,-1.809466985192307309e-01,-4.206760846751517735e-01,-3.738716083947182245e-01,-4.325246354025299445e-01,-5.231324259136824750e-01,-3.229885201075859413e-01,8.547913695208589346e-02
-2.358173126250837637e-01,-3.967557804560041257e-01,-4.716724504705044341e-01,-5.281964098083966608e-01,-2.493001685519839195e-01,-4.812520786896500868e-01,-3.368585220680485603e-01,-2.636056026534397967e-01,-2.395982417628003680e-01,3.105837010278077528e-02,-7.139644194858668635e-01,-5.720119906138078081e-01,-7.604799228344234496e-01,-7.056897161022606113e-01,-5.858587220492255110e-01,-2.942282929232682420e-01,-2.776265407065622304e-01,-3.182433851560403371e-01,-3.130600299130243402e-01,-5.834319449338287722e-01,-4.460236320866791671e-01,-4.101870424128900017e-01,-3.623765335210886729e-01,-2.778100936873852400e-01,-6.196122773052245352e-04
-2.988742217108439347e-01,-2.236063551359721568e-01,-1.664602723861164368e-01,-2.709997705281820268e-01,-4.712707361636342407e-01,-6.038203638096175663e-01,-1.379164745078305943e-01,-1.264669385825965484e-02,3.495383773908157243e-01,-4.545467308243657523e-01,-3.781388943491370003e-01,-6.632941301959172087e-01,-6.443284209376323179e-01,-7.146328696664883129e-01,-7.461173143281738529e-01,-6.367364117965643722e-01,3.481874672863285447e-01,-1.067808933523981818e-01,4.896747873822093755e-02,-5.073349253064983744e-01,-1.703295836969971333e-01,-4.383641250117915611e-01,-3.748218586656070217e-01,-1.727126381237782393e-01,-5.010816989746201822e-01
-2.143471982418881372e-01,-5.678027546154497118e-01,-4.218477031387459775e-01,-3.961072624026915068e-01,-4.651262517547127828e-01,-2.095790163027999586e-01,-1.289103727574710534e-01,-2.100983015710283230e-01,-2.983582859797297981e-01,-2.202181070261909901e-01,-5.497483251455795861e-01,-5.895489771098323395e-01,-6.917481360656583256e-01,-7.469237961845942575e-01,-5.751860903498557942e-01,-4.556028497146196732e-01,-2.914571744652786345e-01,4.318200754908498029e-02,1.455890730697949331e-01,-1.688026743568154520e-01,-2.338312311854580661e-01,-3.593371267851589446e-01,-5.122551646494392097e-01,-1.717488493048934806e-01,-2.505358851037712276e-01
-4.610225787528355879e-01,-4.488116491314689815e-01,-3.842362170734734961e-01,-4.454165945522562398e-01,-6.144297585402143103e-01,-5.269879561430902415e-01,7.767762122105185962e-02,5.383666107955169255e-02,-1.957287992201367788e-01,-3.776741597121988647e-01,-5.814001472491693301e-01,-7.130356079167090577e-01,-7.323694099343525110e-01,-7.033986147833208857e-01,-6.466021253987834783e-01,-5.968115479540454515e-01,-2.484694664380218687e-01,9.368763086694018027e-02,-7.434122495174816381e-02,-1.916853868869217992e-01,-3.333672107806061602e-01,-3.249973876842120468e-01,-4.067985924203219028e-01,-4.549972938546719692e-01,-2.209715490229779977e-01
-3.122536283386514455e-01,-3.749506934986983064e-01,-3.590214425029721323e-01,-1.806146453300284394e-01,-1.741301236898955829e-01,9.181840416819202211e-02,2.704746797471314079e-01,1.856633682683550557e-02,-1.432197792037311346e-01,-4.037908238823215146e-01,-4.433394237549769246e-01,-7.531943993764316225e-01,-7.245117980976799599e-01,-5.541332723613769939e-01,-5.479363751450823106e-01,-5.754599044569681521e-01,-3.743386228342667765e-01,9.109293227599223053e-02,-4.475306489768782758e-01,2.314972893984738600e-01,-1.552257302369452197e-01,6.289901738163956868e-02,-3.863832104281747504e-01,-2.773034375682744690e-01,-5.091208652795282674e-01
-2.802737835476136197e-01,-4.631776066766137845e-01,-4.471939817405147233e-01,-4.054722850374149479e-01,-8.932713222563666566e-02,-8.154948566198852444e-02,1.569391618909317665e-01,5.709894761701610200e-02,-1.560857361184292691e-01,-6.941872811016303046e-01,-4.077900955490518231e-01,-6.926539707743372132e-01,-7.289568347649117985e-01,-6.269859575867687829e-01,-7.702797110142841630e-01,-5.232890076669030055e-01,-4.808556476116321865e-01,-1.985881176184072505e-01,-2.382325305694668882e-01,3.372781655645231552e-02,-9.978447180297836394e-02,-6.907292628573018511e-01,-4.210308589977203586e-01,-4.468682339537153325e-01,-4.513143301895052306e-01
-5.179338911969881831e-01,-5.500470727126123283e-01,-2.816747835872754346e-01,-3.724656544642762634e-01,1.842736281638030771e-01,-2.414316865877255691e-01,1.040557095549351010e-02,-4.584156146643786900e-01,-5.441225587358402560e-01,-4.762083475771152763e-01,-6.662775576060367966e-01,-5.700060314827560815e-01,-6.506054742501212740e-01,-7.199725073088385496e-01,-6.763270003479541215e-01,-4.852761351210165275e-01,-5.119001525179135426e-01,-4.491218744151069808e-01,-2.458439306627835386e-01,1.614193144090939891e-01,-7.550838068778518986e-02,-2.468220653626366778e-01,-3.039695858152246521e-01,-5.216055743906651276e-01,-2.985311100276958340e-01
-6.742353312063131821e-01,-5.056672840038808348e-01,-9.219881879062422070e-02,-1.275084215799172915e-01,-2.363605482437646788e-01,-7.549285301812135029e-02,-3.346806691248047638e-01,-3.332059884598568833e-01,-4.807735188212782229e-01,-5.705091790110345951e-01,-5.551199235421753198e-01,-7.122543200324222834e-01,-6.868067474253273241e-01,-6.415314633624267238e-01,-6.049941785732164679e-01,-6.179398185071204308e-01,-4.367755219944916556e-01,-3.142206525711405685e-01,-2.904851080289294618e-01,-5.012100814387125680e-02,-2.181068087614099760e-01,2.951610791982193713e-02,-5.747596866896841350e-01,-2.891877851235614694e-01,-5.577158698465324305e-01
-6.308326725332986662e-01,-1.909773555033171810e-01,-1.871273276224200100e-03,1.077946182560356458e-01,-3.194692475975173251e-01,-5.118705766550004643e-01,-3.845247493126000005e-01,-4.429058543491267708e-01,-4.849040975790409602e-01,-5.535608889277289224e-01,-4.914772388643143808e-01,-6.700322506149801738e-01,-6.449346273176030930e-01,-6.247220349297987196e-01,-5.852452701062419438e-01,-5.127628920767478560e-01,-3.448077016432120057e-01,-4.144725282260195987e-01,-2.723302290857305685e-01,-1.026293561400386245e-02,-1.367559842812131055e-01,3.794626359125936599e-01,1.146044967267397796e-01,-2.628889352473017804e-01,-2.897155370709803002e-01
-2.890232555822277449e-01,4.662147724301718421e-01,-2.573785765417395122e-01,3.740389136339265508e-01,2.346092617395690791e-02,-1.720570135137508561e-01,-3.979287393398665551e-01,-2.796098145806542590e-01,-4.580277623384452212e-01,-4.232308576461428773e-01,-7.956782291746320457e-01,-6.821165915371329991e-01,-7.293105559191236376e-01,-5.828992589452730577e-01,-6.415312357627799278e-01,-5.439470314886729607e-01,-4.219814417091958814e-01,-2.483862126162950934e-01,-3.822021003237291437e-01,-1.558663830934289563e-01,-2.663076470678197860e-01,-3.321987977448961904e-01,-3.515156793207855346e-01,-2.080867746267778817e-01,-1.865795793692165971e-01
-3.275199912252393930e-01,-2.602873029276262518e-01,1.425258889267876916e-01,-5.773666703237858439e-02,-2.304676786786704346e-01,-4.880474954082150013e-02,-4.527777356153012134e-01,-2.937054069471964346e-01,-4.321918510143429870e-01,-5.491201191253293201e-01,-5.764015017412456032e-01,-6.923669762293599428e-01,-7.163297782901163480e-01,-6.668319680725600662e-01,-6.566054484801207014e-01,-6.249075582112001426e-01,-6.443026023174931449e-01,-4.132407878075540220e-01,-1.162894686699387642e-01,-1.569925304744169969e-01,-8.868065677915305811e-02,-1.096433647535278999e-01,-1.887303785723075111e-01,-3.313677275212503770e-02,-3.486364556220611921e-01
-1.319646347232917849e-01,-1.810063328461422871e-01,-3.527567118538992019e-02,-3.238168062590146001e-01,-4.175333408875040453e-01,-1.701095855425051317e-01,-3.489299609375813849e-01,-4.508870840472323782e-01,-3.271777007902856305e-01,-6.561575864366978594e-01,-6.405551678125311899e-01,-5.512651656080180818e-01,-7.675555969865830441e-01,-6.626461399864581603e-01,-5.142462687845281710e-01,-6.611100127080982158e-01,-4.571738641191631092e-01,-6.583819505669186167e-01,-5.383305082721341339e-01,-4.220177745182665530e-01,-3.766396350265860393e-01,9.831785035647279403e-02,-1.468957934941353405e-01,-4.166532496969214128e-01,-1.956472831417029323e-01
-1.426060173930172037e-01,-1.827141478789664347e-02,-2.595707294096935569e-01,-3.933679502361733249e-01,-2.546748858078240474e-01,-4.201598874415905516e-01,-4.412952914380297575e-01,-5.274364477374589022e-01,-4.143881570915798340e-01,-6.448252595893916306e-01,-6.217679165166783983e-01,-7.664383674713631800e-01,-8.005480007461558412e-01,-6.982667223420817582e-01,-6.912835932290094521e-01,-6.124227345158070879e-01,-4.445829486574074951e-01,-5.563865042872411237e-01,-6.255913138852734479e-01,-4.174097436452504084e-01,-1.821359266083556472e-01,-1.873864616331009647e-01,1.145619742898494886e-01,-2.015875047599577363e-01,1.511648335180427669e-02
-2.393932519204879095e-01,-2.161500261983348992e-01,-1.405905658470914810e-01,-1.322851634320134639e-01,-2.304337563654296761e-01,-5.747541259566796290e-01,-3.777472674645099282e-01,-6.031208562836936071e-01,-5.076903687662730480e-01,-5.859425070380968048e-01,-7.338657134323596232e-01,-5.962763055598397921e-01,-6.938818610794952324e-01,-7.249999103770352615e-01,-7.371523931451708922e-01,-5.968863256810509332e-01,-5.136099470562032199e-01,-4.497881724449226404e-01,-3.881989310705096230e-01,-1.653327248401815219e-01,-2.274614323027360219e-01,-4.907501932249225263e-02,5.001748011592180992e-02,-3.330645142038882733e-01,1.969337219720839263e-02
1.106443074665801329e-01,2.876399463009465807e-01,-5.700522170714472647e-02,-4.155130172864582860e-01,-3.207799120585480002e-01,-3.840721521347004175e-01,-3.656845219334990960e-01,-7.448521865645687523e-01,-5.804084548014054601e-01,-6.639267326144289161e-01,-6.450496842256365770e-01,-6.301050532942041871e-01,-6.804751321620570170e-01,-7.096218571641028650e-01,-5.026017681835333040e-01,-6.365301953057712625e-01,-7.346399054699426223e-01,-4.967601909817911943e-01,-3.318162708441984021e-01,-4.726673102045600428e-01,-1.624378391771058583e-01,-4.619761652314592904e-01,-2.143355137087671614e-01,-1.390901323346147300e-01,-1.305378830678311508e-01
2.153113663239254461e-01,-8.603837411784780176e-02,-1.593427033034612306e-01,-4.376253969299019886e-01,-3.909300922696665181e-01,-3.911319425054423093e-01,-5.803388735214964900e-01,-5.972502415799285647e-01,-4.833428240815445531e-01,-6.403991120886527444e-01,-7.097304205315710934e-01,-7.409993733559366857e-01,-6.899726410753478367e-01,-7.460193387145970245e-01,-7.618929988344805837e-01,-6.718954788230929731e-01,-5.584890189292923690e-01,-6.194716639046282669e-01,-3.524838258919486544e-01,-6.062440934050946639e-01,-4.151813658320617217e-01,-3.474826588139255934e-01,-3.770601804268554069e-01,-3.142995700652395086e-01,-3.692520743386918936e-01
2.801762864925814306e-02,-1.790116376102464102e-01,-3.218361630939977625e-01,-2.234560139491673092e-01,-3.615727681977605745e-01,-4.463723263930846064e-01,-4.601809444113190151e-01,-4.387099757966305691e-01,-6.420681676172137475e-01,-3.903496139668736764e-01,-6.886769366280387494e-01,-6.905721817209293789e-01,-6.255907703628250660e-01,-6.328986209092363202e-01,-7.047559910686084228e-01,-7.793524335904987721e-01,-5.472693692224520623e-01,-4.489659796609733466e-01,-4.018982041391486737e-01,-5.607122506614322655e-01,-4.362803905454325504e-01,-2.373544626674067570e-01,-2.850874943602926814e-01,-1.984057680999815054e-01,-1.766485036801809239e-01
-3.990013744429831560e-02,-2.912003660708050168e-01,-1.637027051100654607e-01,-4.664682435644024738e-01,-6.734604832874807601e-01,-4.638440727194085289e-01,-4.909924039584376843e-01,-5.083393807885372429e-01,-7.174937896233598567e-01,-6.252648345649365336e-01,-7.852634904951194539e-01,-6.851856543202202721e-01,-6.822394847719943645e-01,-6.734994579050095354e-01,-7.419157736129521341e-01,-7.005978625578839214e-01,-7.287624781943035090e-01,-5.847116031014378823e-01,-4.878703482727345109e-01,-4.681592739324768604e-01,-4.499037911225406416e-01,-6.054222178466639459e-01,-5.196098402143823902e-01,-2.389786125861320387e-01,1.138828957708009071e-01
-1.036275925209168419e-01,-1.876632915600926488e-01,-3.025481743016601999e-01,-2.003793008837306822e-01,-3.325877963036317775e-01,-7.172922792236861023e-01,-4.666471287526382516e-01,-5.870198588216097857e-01,-4.721498975745069826e-01,-6.378837408581864432e-01,-7.152176990479275354e-01,-5.915478106806659753e-01,-7.399689386259341584e-01,-6.658037664120192156e-01,-7.309262899589318296e-01,-6.333246075816388876e-01,-5.735781450140360338e-01,-5.862894092774380006e-01,-5.506510285927609383e-01,-2.915393575545296434e-01,-6.414613783501367239e-01,-3.951464008785842141e-01,-2.000417826558678891e-01,-2.909344580857980422e-01,-3.797234597621838015e-01
