6.934386159136176619e-01,7.043999079956433373e-01,6.792822085677296950e-01,6.870000310594526205e-01,6.465540245657230845e-01,6.764725148447874314e-01,7.045616127758778102e-01,7.943872551515032132e-01,6.118900217390883522e-01,6.400933013112928283e-01,7.657958562901889810e-01,6.986648141110999299e-01,7.835157850712743954e-01,7.905688085599453796e-01,6.448430756026258814e-01,8.056607898730459016e-01,7.428844482082785916e-01,6.924181895078953541e-01,6.384574493599195488e-01,7.103470024624948254e-01,7.210876105033839911e-01,7.499653570854861728e-01,6.482676439668400015e-01,7.221283754433740487e-01,6.301125820345896411e-01,7.004932059328198291e-01,7.169938208703657834e-01,6.629319144381239370e-01,6.121070785964748406e-01,1.587566584883995380e-01,-6.036416021919053243e-01,-6.837180506706779237e-01,-7.596775996753191151e-01,-6.900611738103097359e-01,-7.121451555908475672e-01,-7.274260564736727552e-01,-7.173217963480883475e-01,-6.153172998415312733e-01,-7.011453487679352170e-01,-7.580080032491534059e-01,-7.602624323889233260e-01,-7.484786434513207576e-01,-6.964843315188598005e-01,-7.336360722438962645e-01,-7.097456958368477675e-01,-7.048477938111997743e-01,-7.740248393288129414e-01,-8.204260182756154540e-01,-6.032762961638348242e-01,-5.964270500650201701e-01,-7.203134116260431208e-01,-6.662286039251817948e-01,-7.392625356390472025e-01,-6.993634893775098060e-01,-7.131785134430395079e-01,-6.759717628553084667e-01,-7.919663709691856512e-01,-7.228891365359018106e-01,-7.202249490510616026e-01,-7.050452948743127779e-01
7.215643172604297995e-01,6.339130727565874812e-01,6.700397006847593762e-01,7.033163600874088317e-01,6.428378433315138363e-01,5.812643064908920021e-01,6.599364656642190408e-01,8.191657793966008461e-01,6.152062637042003956e-01,7.380938640814370677e-01,7.434193732415843581e-01,6.385884882775043625e-01,7.684995008806758676e-01,7.468526005936332313e-01,6.911159671083566547e-01,6.719530345400450688e-01,6.717693004102339716e-01,6.501493542906449097e-01,7.159546171462304320e-01,7.410895934781538408e-01,6.237519300023229851e-01,7.480314266517669175e-01,6.663826012133569066e-01,7.225508653212405763e-01,7.839541544568854325e-01,6.591768726252716926e-01,7.235122816475638707e-01,7.836093302635330771e-01,5.174253565695339230e-01,2.276647709129182573e-01,-1.770723835618742414e-01,-4.722936786685150712e-01,-6.252525190714116610e-01,-7.451313586580241566e-01,-6.505194675262799819e-01,-7.019178871517304241e-01,-5.682687611986620979e-01,-7.087456990770089060e-01,-8.130477276595501346e-01,-6.848775864179057482e-01,-6.273423121421800586e-01,-7.726982018719309453e-01,-6.680122023655137298e-01,-6.601609109540589326e-01,-6.796417078224415986e-01,-7.262031991374751083e-01,-6.269398156033860747e-01,-6.170331690513386480e-01,-6.808648429186570095e-01,-7.220476769247387017e-01,-7.000545688832926494e-01,-7.306000776074892400e-01,-6.857592528912921370e-01,-6.566847439296376043e-01,-7.029135485393114280e-01,-7.751967577389797803e-01,-7.202708394664995017e-01,-7.646832980952055214e-01,-7.132851657569367898e-01,-7.688561260700288447e-01
6.995533996699390134e-01,7.345203712483865388e-01,6.606095276538147543e-01,6.670421377871764701e-01,7.319202492676618599e-01,6.495583500146064893e-01,7.654830762484768902e-01,7.848557723654820961e-01,7.993295800263877648e-01,7.355602165366901257e-01,6.680046340277872030e-01,6.596254185614321974e-01,7.257767578647782436e-01,7.191248350553968161e-01,6.968653421561452621e-01,6.966092766693170457e-01,7.484206087056098911e-01,6.719293030946016376e-01,6.890138761808597412e-01,7.216192161524934701e-01,6.206066548762193547e-01,6.888925567460928434e-01,7.429829948586270660e-01,6.454743295626554911e-01,6.673960031575096874e-01,6.216280095312475273e-01,7.730206959330068184e-01,7.121918513605767220e-01,3.967631738210748438e-01,3.733106282741430748e-01,-1.182564091391235667e-01,-4.152010883619644543e-01,-5.786148429235904445e-01,-6.684584808380680254e-01,-7.302876888147113998e-01,-5.696179257515844307e-01,-7.085938211083743221e-01,-7.247658277356068268e-01,-7.028953451791150053e-01,-6.730050011251853537e-01,-6.880042382492163044e-01,-6.702790388034125524e-01,-7.382253120567237037e-01,-6.415944913967965846e-01,-7.629400614078054588e-01,-6.039313405372722654e-01,-7.124784430325107332e-01,-6.534667149307636924e-01,-7.382289267411951128e-01,-6.397223170263340863e-01,-7.590646618427000503e-01,-7.175255036544319065e-01,-7.374277622241410812e-01,-7.927161342448861836e-01,-6.007928529699984033e-01,-7.231955462510951671e-01,-7.133203741349170013e-01,-7.783101546713078189e-01,-7.224570483023118328e-01,-7.143902286757176645e-01
7.252961285037812234e-01,7.484237619750283566e-01,6.173362937841451181e-01,6.303750518805245617e-01,7.276461931719084841e-01,7.660296758854157062e-01,7.508420548369758585e-01,5.978301351098280758e-01,7.009832070112997915e-01,6.187392772624071835e-01,6.707224945525186444e-01,7.133698950295388475e-01,6.145295527477510067e-01,6.602906679509581434e-01,7.228574250532140422e-01,7.857121429555561365e-01,6.794493387562370312e-01,7.297702628625700738e-01,7.900913667120257333e-01,6.631438991370052216e-01,5.778214674438468812e-01,8.245706248885127376e-01,7.505630830030355360e-01,7.286596033519879834e-01,6.565597925411683633e-01,6.994460602916238168e-01,5.219255580336141787e-01,5.756746730594015649e-01,5.376347465566000405e-01,2.776307697683127462e-01,-1.006647346180236935e-01,-7.195826321501432865e-01,-3.949583246852846341e-01,-7.220709945116419171e-01,-6.551082511993331359e-01,-7.118037177383348402e-01,-7.471452090089185649e-01,-7.125600857352433204e-01,-6.895856375863554932e-01,-6.915679790478520550e-01,-6.908042303868116019e-01,-5.783926144641982070e-01,-7.166785417653869228e-01,-5.697868598621086411e-01,-5.938610350430650886e-01,-7.287654317054977904e-01,-7.412447817660096083e-01,-7.319869872821311851e-01,-6.760683115472918558e-01,-7.903141039043839466e-01,-6.927537962339516131e-01,-6.887674826423639818e-01,-7.825570336186044029e-01,-7.972319164597966301e-01,-7.512730602626638277e-01,-6.997018071380959325e-01,-6.070714959014640311e-01,-7.238298155030838954e-01,-7.128460758103746242e-01,-7.802719232921311310e-01
7.207660334433271254e-01,6.732901094447649726e-01,6.275607295779590533e-01,7.015512270229027347e-01,7.536239820619089480e-01,7.232451438491646067e-01,6.626197262247104369e-01,6.679361328300112977e-01,6.483025974179752460e-01,7.075508526855561753e-01,7.811986119533392836e-01,7.437958878162818088e-01,6.761789529828916567e-01,6.574168552276065114e-01,6.449890257299315532e-01,6.914520231153100660e-01,7.634231319492490453e-01,7.603076175078709031e-01,5.855497453271648611e-01,7.052624142669637886e-01,6.914610742135696153e-01,7.515892442055758238e-01,7.574249547097986479e-01,5.078905121382739640e-01,7.851528223035061371e-01,5.281048181790582996e-01,5.984177849323727427e-01,4.366611385408247226e-01,1.488640818335427718e-01,3.590240114136580285e-01,-1.193030658473282629e-01,-5.495299066938439392e-01,-5.873492974122178634e-01,-6.294963422159741695e-01,-6.385673683410131307e-01,-7.600706498636849995e-01,-5.852379152679759722e-01,-7.374498418991830562e-01,-6.845605444555965535e-01,-6.306480329256688444e-01,-6.394753858299661031e-01,-7.661534798429718851e-01,-6.229669234979838821e-01,-7.042396107105159953e-01,-7.832248994080280857e-01,-6.667339057007630743e-01,-6.529563285227319991e-01,-7.745050542987165221e-01,-6.904348523181562669e-01,-7.955481303870455267e-01,-7.186698179514982021e-01,-7.427989386291019569e-01,-7.058675151472891818e-01,-6.484404821258801244e-01,-6.688805500214237698e-01,-7.052210450569750266e-01,-7.208182902008652970e-01,-8.057787462519691024e-01,-6.450344507690592977e-01,-7.357429313034234974e-01
7.707801729456926765e-01,7.203132400758945897e-01,7.080812575548185439e-01,7.183040316765492150e-01,7.126176273943067851e-01,5.577681001131894467e-01,7.336309636308008253e-01,7.713272154319728013e-01,7.789620437210322823e-01,6.844080767644723506e-01,7.169198606044219213e-01,8.282198540442882173e-01,6.802388880982098707e-01,6.941691716324958072e-01,5.812985281636819934e-01,7.593295747530551809e-01,6.827386301341060726e-01,7.930691614661218303e-01,6.925378875920841226e-01,7.801356397403691467e-01,5.870071450994215345e-01,4.988996984135078416e-01,5.207980266729992369e-01,5.793213858702862540e-01,4.867924542562400703e-01,6.858214370907533830e-01,4.223903027939622246e-01,4.026616544619982530e-01,4.875607209501808259e-01,2.510501225641265655e-01,2.076884922223240504e-01,-3.979588716398217985e-01,-2.506806395584508795e-01,-7.126694128883154233e-01,-2.958391459097159393e-01,-5.945894933206876676e-01,-5.618395977749675030e-01,-6.637499146106496939e-01,-7.781112058276983268e-01,-7.605484189218753022e-01,-7.168932960871198246e-01,-6.983425730722159219e-01,-7.478806862005783485e-01,-7.940145734093267960e-01,-7.128491649839718836e-01,-7.396006108791126632e-01,-6.420729660390117610e-01,-7.145629805018324232e-01,-6.279331877164491260e-01,-6.523225325465821234e-01,-7.661584453918935944e-01,-6.829078127643904983e-01,-7.560642362062951483e-01,-8.041703509585372833e-01,-7.824503311266381989e-01,-7.445617669005312189e-01,-7.098385679330945219e-01,-6.535160642071300430e-01,-7.527194493605379177e-01,-7.636767773880901444e-01
7.797515855751824265e-01,7.732118253519181250e-01,7.096635251824510160e-01,7.426274625851519984e-01,7.873914322205269878e-01,7.664914036944707743e-01,6.845633255885750224e-01,6.464808936571986298e-01,6.858186640228433051e-01,7.356642697577415735e-01,6.663781977126729261e-01,6.860508172660548798e-01,6.609436098778498359e-01,7.243325087216225810e-01,6.526264885156105588e-01,8.409051401784852775e-01,6.033072670929773285e-01,5.401541392098916372e-01,6.676361056290370799e-01,5.356066201358400392e-01,5.191993482666340531e-01,5.832267032875889656e-01,6.310804203816220426e-01,7.851358824678289494e-01,5.958184656678958691e-01,4.351513342666968320e-01,5.827308477164372391e-01,4.998680508720614313e-01,2.991600825721099643e-01,6.131882267585288954e-02,-2.512565888612904308e-01,-2.163067952298104168e-01,-3.887063077167742797e-01,-2.600517195452050068e-01,-5.081465014081506526e-01,-6.718468297079722706e-01,-6.674981928573864298e-01,-6.928594880774506803e-01,-6.849368462762590593e-01,-6.600474415529615779e-01,-7.561245269174043937e-01,-7.693096106747926433e-01,-6.287231590353237198e-01,-5.857562372804367978e-01,-6.773930726469824526e-01,-7.273929310843786356e-01,-7.872818769956172469e-01,-6.993896573476261480e-01,-6.481885194970049557e-01,-7.876325043836439610e-01,-7.279273219946754692e-01,-7.779226493323859737e-01,-7.270380345711975334e-01,-7.106043417063758749e-01,-6.853228874725815212e-01,-7.104194940830919069e-01,-6.622129777552058227e-01,-5.751461935172440532e-01,-7.444756691282187200e-01,-6.047346833193930626e-01
7.661702010800990337e-01,6.637166106703789037e-01,7.181711258010193832e-01,6.461208564004674582e-01,6.173174257818926369e-01,6.956817425077723716e-01,7.015142299181305052e-01,7.279053024191860510e-01,6.950284119484677614e-01,6.260680707949233259e-01,7.455938775483123004e-01,6.278357897645446828e-01,6.247230685598634814e-01,7.006555707496329166e-01,7.221452956256207978e-01,6.944776404333798947e-01,8.026659477931785691e-01,5.526297852370765096e-01,7.792347201450536831e-01,6.321166388096430833e-01,6.634566857322724553e-01,7.206634550583045362e-01,4.789824675345117910e-01,5.397532645689632202e-01,5.400199416419828591e-01,4.537375896449677981e-01,6.266113755352592518e-01,4.791005003808403440e-01,2.798058897781708909e-01,1.555273113139563589e-02,-1.784635877779994109e-04,-1.539579538387326196e-01,-4.196238460703047291e-01,-5.723231859949782230e-01,-5.750136427398599981e-01,-7.192226796883747220e-01,-5.162902899847404692e-01,-6.233060272249598688e-01,-5.992080469225805617e-01,-5.478767822628511919e-01,-7.682001440635002343e-01,-7.219397939660903152e-01,-6.606920365582157340e-01,-7.316091360704024549e-01,-5.547321744067951199e-01,-7.066706309329847668e-01,-6.498697508477657703e-01,-7.421395944715314386e-01,-7.481042035675560253e-01,-6.934681637606950888e-01,-6.213111892784896062e-01,-6.397005693267935333e-01,-7.386085308785396153e-01,-5.944942567843604087e-01,-7.450764184357996367e-01,-6.484369632676834083e-01,-7.003717489173373334e-01,-7.505620820189263798e-01,-7.124625876747898712e-01,-7.810981236543431683e-01
7.329986583748403506e-01,7.510480307460160043e-01,6.736346110570079482e-01,7.884971238626378165e-01,7.236215984644712718e-01,6.813080605259924649e-01,7.869799554904133299e-01,5.920291278708252891e-01,5.649911564409044740e-01,6.728756690775187232e-01,5.197891410871207096e-01,6.806383809326088663e-01,5.685419403328908494e-01,7.172618972876106946e-01,6.065215716861527273e-01,5.880260473713623259e-01,6.633235874020340095e-01,5.893504337093877776e-01,6.720508460072525114e-01,5.733683558205923125e-01,6.183032763939817489e-01,6.393402665216169067e-01,5.056961636088188605e-01,6.186910827900701237e-01,6.158304169903757730e-01,6.174767064984069131e-01,2.076194018676447706e-01,2.082160175823673798e-01,2.254421840292066270e-01,4.606544176490441622e-02,7.885913813705028308e-02,-2.067637205128118882e-01,-4.106657949012250119e-01,-4.620173539222941494e-01,-6.330867124087458109e-01,-4.668364442081578969e-01,-6.563463539676956948e-01,-7.559449614927354899e-01,-6.086880677566716136e-01,-6.750627796799155700e-01,-6.047983418148871193e-01,-6.218618541238024600e-01,-6.420233491925509961e-01,-7.734750784845620952e-01,-6.406464146204470245e-01,-6.735651899390020514e-01,-6.456081453391897540e-01,-7.048104257154690355e-01,-6.489292943733631081e-01,-6.727802801805812249e-01,-6.224299486600403108e-01,-6.331825820736088906e-01,-7.355982685335280546e-01,-6.360492253666818474e-01,-7.585709302268728305e-01,-7.564697524382026916e-01,-6.565309191208201778e-01,-7.639217495524917023e-01,-6.538408825956851800e-01,-7.074916904828828512e-01
6.193735534892870209e-01,6.890989371565658939e-01,6.195374087624334614e-01,6.766883886075718557e-01,7.110357164583286371e-01,8.107190921355156288e-01,7.270967853715090135e-01,7.280433495384968090e-01,5.949576939498906203e-01,6.367507413008640649e-01,7.222866668509366761e-01,5.947135331291811822e-01,6.543894770680800388e-01,7.725811278475608335e-01,5.871453352350599619e-01,4.297503581218616864e-01,7.064968191804735786e-01,4.451948744314037087e-01,5.801701591606993613e-01,7.060073622083797851e-01,6.155170311108213443e-01,5.152590389534996707e-01,6.324717998808530028e-01,5.741512052786366116e-01,5.107688845723502569e-01,3.483066165070743403e-01,3.051587840614342073e-01,3.090921832858937734e-01,2.221954489360389862e-01,8.886626241977586826e-02,-1.093059049939927030e-01,-1.742940693908449634e-01,-4.012194865318761683e-01,-6.462845219265190844e-01,-4.521417784520553873e-01,-6.772944143052925803e-01,-4.997217646753878140e-01,-6.014234567942817744e-01,-7.467597478782284082e-01,-6.402480778100653191e-01,-5.400591372029426296e-01,-5.485964797816050842e-01,-6.667783421776217745e-01,-6.485283550962968047e-01,-6.949481821441957363e-01,-7.584555390029048549e-01,-7.127002209461242854e-01,-7.899959627132099316e-01,-6.541971886809416770e-01,-5.316853726078675235e-01,-8.082680223367004757e-01,-7.638791203932632223e-01,-6.422194641885605737e-01,-6.450440883744537057e-01,-6.799480171982663634e-01,-7.074024980195864343e-01,-6.948318414369891727e-01,-7.159795274799959364e-01,-6.802471008674355613e-01,-6.284309494383502059e-01
6.836817653853994869e-01,7.628417689482149822e-01,6.628145728691670069e-01,6.524443506649783009e-01,7.652101131230713005e-01,7.155654656901658806e-01,6.524663660090406214e-01,6.242365388710957586e-01,7.006265155842466008e-01,7.498061653198663246e-01,6.905377353866435364e-01,6.362206586582297430e-01,6.988120955421968095e-01,7.832933456600666977e-01,5.766539875991401054e-01,6.468171998445335635e-01,6.526534368381327056e-01,6.650942197876644757e-01,7.102246660649521592e-01,7.345373868471303247e-01,5.372242195404373089e-01,6.381302458891024987e-01,4.340521559752423819e-01,5.034793377953256099e-01,1.907719877489426064e-01,3.611551806914661822e-01,5.982785040316602743e-01,2.518013614270205869e-01,3.820224146615874283e-01,2.044114726641144686e-01,-5.256019651253647507e-02,-1.940999693577559471e-01,-1.514959915866007645e-01,-3.881803315549379740e-01,-3.972206411127386927e-01,-4.899699338822143813e-01,-5.440961335644874941e-01,-3.386216620232025964e-01,-6.760679683169938947e-01,-5.713180814182605705e-01,-6.104265594676008266e-01,-7.348424784256405440e-01,-6.780380045096037200e-01,-7.007373834835297632e-01,-7.981484801028936316e-01,-6.134949807816443279e-01,-6.345893202553232193e-01,-6.341941905895362996e-01,-6.179171187785954533e-01,-6.040491539622917516e-01,-8.037001055995341980e-01,-7.888346049811484351e-01,-7.099703544580684422e-01,-7.517688586529172046e-01,-6.305721086669208164e-01,-6.024309141175798743e-01,-7.185168193345788934e-01,-7.218278106521818227e-01,-7.815219596296786309e-01,-5.208485933068305318e-01
6.826792756970633258e-01,6.236885460422973981e-01,5.285384487931145125e-01,6.371883348813112136e-01,7.587432458317102668e-01,6.654345530610197290e-01,6.406585094035623928e-01,6.250330942122992450e-01,6.974170181064625051e-01,7.604311703616024598e-01,6.943000942963314381e-01,5.192649916553461198e-01,6.649351047393635694e-01,5.531016274811392242e-01,7.679354448088984153e-01,7.271591696324108955e-01,7.089032793788982989e-01,6.958067389907239830e-01,5.627947689658154840e-01,6.567223698101409823e-01,7.203934489890791992e-01,4.981772044465196947e-01,6.284127988391560171e-01,3.215413576440532273e-01,4.829508244557094154e-01,4.817197773400533900e-01,3.449812167994789625e-01,5.973238574595356454e-01,-3.817404622519732227e-02,2.074770131090774294e-01,1.517991080581523600e-01,-9.575435197303590329e-02,-3.681587697071561083e-01,-1.845703421670811806e-01,-4.286954353306146048e-01,-4.112662652070021574e-01,-4.874628454360295793e-01,-5.399234303434775617e-01,-5.989756494339248949e-01,-5.785649040438697321e-01,-5.456453051697910395e-01,-5.149322206738362606e-01,-5.937683212090625329e-01,-6.343022978082756280e-01,-7.381796879779587428e-01,-7.020714480938707869e-01,-6.810894521919548250e-01,-8.020608683932645144e-01,-6.879553864455165701e-01,-5.789599758516781325e-01,-6.320694766292160871e-01,-7.223032636463819767e-01,-6.929773651556268010e-01,-6.221234091076173200e-01,-7.498757385296764832e-01,-6.904543274376097051e-01,-7.231121707716661184e-01,-7.720881764054776664e-01,-7.310712302755858483e-01,-6.215402681280555175e-01
7.309393523759553091e-01,6.516250976814038642e-01,6.856194530782100394e-01,6.013441083750060701e-01,7.278232630719926322e-01,4.929581223298874493e-01,7.632366380313809762e-01,5.857535369363467970e-01,6.979362754791015311e-01,6.932961935823437338e-01,5.468879951134872908e-01,7.362697263511401857e-01,5.747729956893169456e-01,6.047300871177215820e-01,6.659965140756597402e-01,7.203827479627533670e-01,7.149844387175783300e-01,6.213920970829491797e-01,5.480645038811247094e-01,6.967821515703970237e-01,5.419723909589693189e-01,5.208006231292474641e-01,6.462145206969474032e-01,4.970234332258595122e-01,5.621626164948073656e-01,3.563309114875969352e-01,4.090415078510583058e-01,2.043383311913731792e-01,1.843928730323779186e-01,-9.097889844223272082e-04,-2.826504448893324417e-01,-1.633815456805320088e-01,-1.348577411417987426e-01,-2.658889888282189307e-01,-5.292029397450495054e-01,-5.301294579563942122e-01,-5.742166565473312279e-01,-6.679796291382109619e-01,-7.170212073212839377e-01,-5.139562194848272814e-01,-5.386473337138772965e-01,-5.098900767659158006e-01,-6.928984225970920008e-01,-4.912310105027131724e-01,-6.844579504600094566e-01,-6.344469305967936901e-01,-5.806511030505949744e-01,-6.273130004167593032e-01,-7.305420048713457959e-01,-6.589251406189087223e-01,-6.467372106718791702e-01,-6.436734464946132217e-01,-7.566682536806264014e-01,-5.961366655246242985e-01,-6.608958722436785171e-01,-6.894128643447804405e-01,-6.496904898973021592e-01,-6.488526533531303597e-01,-5.917857225856207881e-01,-6.692429717421864988e-01
6.263052614365941517e-01,7.002563664406838972e-01,7.055517799952957247e-01,8.074938522207908420e-01,4.837126309182910866e-01,6.483981356940006213e-01,5.737724936279814392e-01,5.721599962890702162e-01,7.331961199861761758e-01,6.863495743657884729e-01,6.120729270095366381e-01,6.520750258552909795e-01,5.767280403644579057e-01,5.718374958649459217e-01,5.592297113757112026e-01,6.522612060436694392e-01,6.062222617944267311e-01,6.002958409532034301e-01,4.804566251153160605e-01,5.325489519367818669e-01,4.823286325321787804e-01,5.953772486112203222e-01,6.808618668750947567e-01,3.407195426612982248e-01,4.109305533132175947e-01,3.092827050327161542e-01,1.471433540176566024e-01,7.911755275889713335e-02,-5.394215952217049775e-02,-2.367089476685838717e-02,1.529197700907804491e-01,-2.019369808867600979e-01,7.880872598137170226e-02,-1.634376749195648182e-01,-3.302512407248933135e-01,-3.385948897964074500e-01,-2.817748181876183478e-01,-5.482477319436414032e-01,-4.348890715553028197e-01,-5.633342305970853170e-01,-6.475676499993141544e-01,-6.339191262288175199e-01,-6.724477675226524509e-01,-5.883441584533650737e-01,-6.025480900862009159e-01,-5.608096264206088311e-01,-7.053483111299132524e-01,-5.819293167057006944e-01,-6.348877996435511317e-01,-5.973746195356962607e-01,-6.947240177743096989e-01,-6.454256919314295127e-01,-6.469687506458768889e-01,-7.925960028232001964e-01,-6.593938625314079705e-01,-7.056271366425141967e-01,-8.108084011624155929e-01,-7.667725325376163470e-01,-6.701256736518523827e-01,-6.897627161836548115e-01
6.887981350640869360e-01,7.544841158742769949e-01,8.010950729569984441e-01,6.646887764111364394e-01,6.249355050768066189e-01,6.405105855820324434e-01,6.075101882750220117e-01,7.531445471231519306e-01,7.187234056274949268e-01,5.334573763678525093e-01,7.410157968788317895e-01,6.193017304622641106e-01,6.874794113751444558e-01,6.906066730232895967e-01,6.343844648628962357e-01,5.485412311818247399e-01,6.231346771961842057e-01,5.650253263259819025e-01,5.846730297479908467e-01,5.353187930805868300e-01,5.610187968609073872e-01,5.524752578178527829e-01,4.802260497514511117e-01,2.848805731954129339e-01,2.378223201552092658e-01,2.497651777604041889e-01,3.504639901786941736e-01,2.827954891352988942e-01,9.526649210754474517e-02,4.294139012829152335e-01,4.501889623005309732e-02,-1.649234019384746563e-01,-2.957894600864415802e-01,-4.989143601058382838e-01,-4.023354861661353477e-01,-6.098699202770614392e-01,-6.192881761398167928e-01,-4.523668834226207691e-01,-7.011833738703290297e-01,-6.571979409414783202e-01,-5.613927583452117398e-01,-5.550558699637295756e-01,-5.687411912172426476e-01,-6.109884114569024138e-01,-5.723445731176890483e-01,-5.251118466274228291e-01,-6.498359224617228369e-01,-5.661354469909927190e-01,-6.171056504253854547e-01,-6.910534513919703858e-01,-6.385897303938123937e-01,-6.071562290783314442e-01,-7.399730153886238115e-01,-5.934038687185707595e-01,-6.780255585349725944e-01,-6.084555491909691138e-01,-7.146879637560814569e-01,-6.103175554142786785e-01,-7.382800196821979188e-01,-6.264888874195014834e-01
7.073147955980335633e-01,6.518486067495161684e-01,7.715009940623531737e-01,6.595022427043361057e-01,6.349563469106638269e-01,7.527146821557881839e-01,6.833503853866076394e-01,6.492195857815434845e-01,7.214194616130511495e-01,6.401942435128837872e-01,5.864986073135406430e-01,6.267562147294237773e-01,7.213399652215816138e-01,6.322563363519788648e-01,6.123202547588867395e-01,4.498318383677976651e-01,7.141079195037185467e-01,6.137024842694664972e-01,6.651100403768005487e-01,6.768735859375716313e-01,3.640413879020855115e-01,5.700607099581675996e-01,3.034454337948955249e-01,3.332400529610841655e-01,4.375963532340020334e-01,3.212307633015394903e-01,3.265095856771916272e-01,1.074770740332564312e-01,3.163220573930867197e-01,2.360364503238819300e-01,2.545356732389806309e-01,-3.013525676493176708e-01,1.880009877846676794e-02,-3.337138958839654390e-01,-4.418947527899907968e-01,-2.393578911456622771e-01,-2.565495471741520150e-01,-5.373853533523287318e-01,-5.550894671681547710e-01,-7.159295041106715773e-01,-5.844183898151107392e-01,-7.409860577478462051e-01,-6.133186778902062208e-01,-5.799267161559846784e-01,-7.734367854422748989e-01,-5.874751720515725140e-01,-5.479773692181710842e-01,-6.623937400165530454e-01,-6.276179896667145597e-01,-6.505839397747046338e-01,-6.318613909126151729e-01,-6.146578731740215407e-01,-5.493988370246771780e-01,-6.472043903926216757e-01,-7.927192460535077423e-01,-6.465552497493054496e-01,-6.844683457974483076e-01,-6.951031437323611506e-01,-7.684351707394304620e-01,-5.809215497306413623e-01
5.574201859616330079e-01,6.333165180724357191e-01,7.063562137060099833e-01,6.941721010537037495e-01,5.841959330317575416e-01,7.337350001519288289e-01,7.459798120644733910e-01,6.612969058062854177e-01,5.341057035340286419e-01,5.361945096180147363e-01,5.555905596531868218e-01,5.748094009191883069e-01,6.255273567828532055e-01,5.482556070298063577e-01,6.696394381849637423e-01,6.004770384235905700e-01,5.930139162081838888e-01,4.794768925137105064e-01,5.492203447360332058e-01,5.009116898570764587e-01,5.860790065571965801e-01,2.521091977893263891e-01,5.903689642481027011e-01,3.915380346551141089e-01,5.039530814378011536e-01,2.686576797741189737e-01,1.522509098160027829e-01,-1.397025982047888082e-01,1.937288511541279401e-01,1.395320047667662211e-01,1.383675382259767217e-01,-4.593144177198319605e-02,-3.644316235857057440e-01,-2.844047075411175185e-01,-5.509648598129223140e-01,-2.587361536941151230e-01,-3.775045184369021367e-01,-6.305001616923668895e-01,-2.626046311411391887e-01,-3.920857355979057157e-01,-4.548429896983140486e-01,-7.430441373193723553e-01,-7.056283254962325557e-01,-5.232762817020873980e-01,-5.047680503923006601e-01,-4.513006296400587369e-01,-7.921647692439701682e-01,-5.701393379725429034e-01,-6.074557882306479417e-01,-6.305822939718618292e-01,-6.647093872836183914e-01,-7.438582700984075480e-01,-7.586715004809837515e-01,-6.840894087409405966e-01,-6.383163770380886337e-01,-6.741902332626468208e-01,-6.871584723338876044e-01,-7.651377233439372594e-01,-5.290403518330569765e-01,-6.784903175192418257e-01
6.459919462475816054e-01,5.272723778862159483e-01,6.948396169407787815e-01,7.166987189624806076e-01,6.733334606280119150e-01,4.544985007675201305e-01,6.790575803295064716e-01,7.260073603310130963e-01,5.377702455882570343e-01,7.342387133568548663e-01,7.177519947897909036e-01,6.636686455242146732e-01,6.558455725732676989e-01,6.554429006472968222e-01,5.793074381957272756e-01,5.186404791015235549e-01,7.246192055221705175e-01,4.085093749715186240e-01,4.820703506535324867e-01,6.262004989198798333e-01,5.523434335650007077e-01,6.013274740100740257e-01,5.518493412077407623e-01,6.278165815177929598e-01,3.840301645485426629e-01,4.941112625577563366e-01,3.387981180349785015e-01,5.922943862175610030e-02,2.558793783547652079e-01,-6.341655457762002124e-02,-6.181524072898305494e-02,-2.938907888534680185e-02,-2.106706755429804123e-01,-4.390914333143604020e-01,-2.317819544862565473e-01,-5.773444338136088927e-01,-3.912338239864682210e-01,-3.015735328366809798e-01,-6.481403777407309663e-01,-4.817943103926579651e-01,-6.659554284688390391e-01,-6.783330236377361766e-01,-5.115349979178965834e-01,-4.873106816110771566e-01,-8.020896884773636160e-01,-7.523113842012352226e-01,-5.834212948393243670e-01,-5.700532050205221468e-01,-7.196680922438596362e-01,-6.538270970324832065e-01,-6.898628155689764396e-01,-6.026255538483440422e-01,-6.696834004912244342e-01,-7.654743602225567711e-01,-6.252257187517807902e-01,-6.579350586652326083e-01,-5.634383468836654529e-01,-6.365490303644613101e-01,-6.549808109396565436e-01,-6.535599332722513699e-01
6.770072729678309198e-01,6.073203429230062955e-01,7.511779273495174936e-01,7.207369606777082049e-01,5.730450362048655766e-01,7.839137998774006189e-01,5.346524707641416851e-01,7.307589333981241442e-01,5.773846515143825631e-01,5.325696988612479421e-01,6.790752799617616464e-01,6.124825012778923883e-01,6.131977390736190747e-01,4.268705452272641976e-01,5.402027594810789868e-01,7.164861415832037839e-01,7.611631101119044063e-01,6.091156441326572857e-01,6.489779080509671116e-01,4.215516058049343373e-01,3.525275410818783373e-01,5.544639680273384386e-01,5.516520755615594851e-01,3.660278791448397517e-01,4.886181021156305593e-01,2.186287096947310271e-01,2.729933547930529780e-01,8.606171317440819424e-02,3.355928981326250504e-03,8.256607921144916429e-02,2.450485159750417918e-01,1.098287805954433205e-01,2.257398199615435683e-02,2.801396217867462707e-02,-3.484243627308706293e-01,-2.306693457117678370e-01,-5.257167365341807175e-01,-4.728294713505402092e-01,-4.192467551071327736e-01,-7.001916726537853464e-01,-5.351342684213490353e-01,-4.632322144489027238e-01,-4.767293112498084962e-01,-5.509304019359515525e-01,-7.816763618924797985e-01,-6.653954031437931960e-01,-7.014889429431948598e-01,-7.808232841966294968e-01,-6.406549615968797351e-01,-6.516796079111489837e-01,-6.424080539724184025e-01,-7.651128084440785848e-01,-7.058758513288310166e-01,-6.600924497596172280e-01,-6.360048767255184199e-01,-5.112077174966207505e-01,-8.296567131302865494e-01,-4.334746296004649002e-01,-6.280626664165921413e-01,-6.023364162651987375e-01
5.842061653594587955e-01,6.476900454916294514e-01,6.921479711346988362e-01,6.014073107741693125e-01,6.449739157546607871e-01,4.834033137185675955e-01,6.403625029029862414e-01,5.266513988998828832e-01,5.724953445472583669e-01,4.728622548298863082e-01,8.035262633102513430e-01,6.241874667686795330e-01,6.965105948356868915e-01,4.870611339121890815e-01,7.760750454239933038e-01,6.884865138647043858e-01,6.683097289061843416e-01,7.009733998769587249e-01,6.323100925954066032e-01,5.466966798274137673e-01,4.718074300055777881e-01,4.139365367255661288e-01,3.478875699542282041e-01,2.848375997317307839e-01,3.824760608709987242e-01,2.752599491105130469e-01,7.094543508118129893e-02,-8.183229082935708498e-02,-7.744482777968557385e-02,1.996349724530637748e-01,-1.621297760661155329e-01,-1.805956702598960351e-01,-4.049572244294684653e-01,-6.308418078642458182e-02,-1.380401934002912501e-01,-3.409874886157939211e-01,-4.830956748657975197e-01,-5.190009357405377388e-01,-5.204765515269675902e-01,-7.501219814066835134e-01,-2.120751395421186791e-01,-6.110448253884600556e-01,-5.797648385831480899e-01,-6.177867260107954284e-01,-5.667212838558584043e-01,-7.160184949545921329e-01,-5.904150581488476490e-01,-5.618616372887870192e-01,-5.928913324151678932e-01,-7.017809873489235795e-01,-7.860774515374771010e-01,-6.833364829965298259e-01,-4.875050305627750546e-01,-5.315470472626323550e-01,-4.977708340142290022e-01,-7.121778058780309228e-01,-5.732766659207645388e-01,-6.891902125727872308e-01,-7.796707509003975023e-01,-7.645485348424012617e-01
6.799938819209172536e-01,7.494680678742799973e-01,8.282345681315412822e-01,7.811283589362183477e-01,6.487090445578439502e-01,6.570862574352412944e-01,7.635398640069557263e-01,4.545763259322589400e-01,5.389430236829095833e-01,6.209842824490963142e-01,5.306391319706298404e-01,7.178641078483831706e-01,4.687124473037867500e-01,5.826304536733685202e-01,5.324851518125278682e-01,5.625708221769979422e-01,7.165499336844236566e-01,4.453231574898115497e-01,4.448962410465867601e-01,6.059301052055668935e-01,6.494567040818107762e-01,5.118913588751105026e-01,3.635621157584345564e-01,4.758127246395619236e-01,4.239114713088177888e-01,3.434962648520765160e-01,6.599263043239941839e-02,3.339173042315246587e-01,2.469947208624997947e-01,1.615303793059533199e-01,1.370567716911203458e-02,-1.193171403111915885e-01,-6.890137293669311436e-02,-2.508419195737018881e-01,-2.171860902954899086e-01,-6.684549336588510027e-01,-4.457282956092393222e-01,-3.524740290884976757e-01,-4.605452805975825403e-01,-3.097665246795995864e-01,-4.259528602046864232e-01,-7.159439775572332687e-01,-5.487128396500038363e-01,-4.507638673077815072e-01,-7.512638054866958015e-01,-7.272869733932338931e-01,-7.589736893319947164e-01,-6.051216815814510763e-01,-5.791843522373015807e-01,-6.031778135476266733e-01,-6.997438479412396717e-01,-6.170220373471225761e-01,-6.654475243760982206e-01,-5.776420554219294790e-01,-7.981237816639122906e-01,-5.727970681059140201e-01,-7.165410970035498428e-01,-6.542664605499659558e-01,-6.269349982042602409e-01,-4.206180087408035173e-01
6.997281619260393715e-01,5.850188240268023865e-01,6.798657160715945169e-01,7.842169162379785119e-01,7.381896055570578152e-01,5.268345900968742779e-01,7.006617210818048003e-01,7.251341307391614421e-01,5.453691280317809476e-01,7.366402641417246766e-01,6.404125001105529513e-01,7.016485829298542143e-01,7.108015876755352513e-01,6.319503159413646376e-01,5.866353649301397910e-01,3.569293235724179114e-01,4.735065896475726399e-01,4.915346464284534589e-01,4.630104713563025776e-01,5.548869331643463410e-01,4.190424421389408738e-01,3.074714812425018984e-01,3.464031766053138339e-01,2.852773830123335741e-01,2.503050505913290147e-01,3.499934890892839046e-01,2.408094018301855654e-01,2.191952266588174658e-01,-3.892910589605889926e-02,-3.175623946904330974e-02,2.144366903676609426e-01,-4.338628027667318920e-01,-2.694453653905647394e-01,-1.692613533292727235e-01,-3.019980831062354376e-01,-1.543617685998534272e-01,-2.019770572567057276e-01,-4.549622265738380023e-01,-4.486647877288391095e-01,-5.798395462929096800e-01,-2.571422387579591629e-01,-3.307674602186236323e-01,-6.128870906814662955e-01,-4.463633352450528946e-01,-5.939482103718645156e-01,-5.763389713319215790e-01,-6.447525859532721171e-01,-5.782467254645845545e-01,-5.580387668191740813e-01,-5.790059880688631644e-01,-6.543235601560899450e-01,-6.028443306991329020e-01,-5.575919677638474514e-01,-7.870904121874624515e-01,-6.799912999408502801e-01,-7.145650988130188841e-01,-5.116641473597198786e-01,-7.444222117819428997e-01,-6.787705782480794037e-01,-6.172594980574614976e-01
6.146423513526380056e-01,7.424412820284663761e-01,6.055355243396740583e-01,5.258361643708221456e-01,7.892909389679485521e-01,7.813300514972751909e-01,5.919442231895098994e-01,5.568979496803544427e-01,4.693332339414706955e-01,6.164886396146682657e-01,6.018600588401648022e-01,6.730571913243867943e-01,5.582921579685519164e-01,5.231796690339646227e-01,6.069474675175150491e-01,6.412122617678921443e-01,5.319520277555667143e-01,4.137360242930497312e-01,5.245757846701212257e-01,2.371557296706439111e-01,7.781039526856772248e-01,5.543780505887061505e-01,4.835375007803544567e-01,5.422600540522579671e-01,3.203862889811910919e-01,3.217612217027655541e-01,3.475604454911584984e-01,-9.137706117863922395e-02,-6.423337542023936642e-02,4.667646752776206942e-02,-4.279606142926969392e-01,-2.744189632772987553e-01,-1.989168775644347686e-01,-2.198490364652775919e-01,-4.697682358496526045e-01,-3.973841348020933362e-01,-3.943305735225665631e-01,-4.669712468701613939e-01,-4.580910907197074944e-01,-6.932642599722596000e-01,-3.271833143860839455e-01,-3.398279959310853693e-01,-2.775344391895366858e-01,-3.984735280353927100e-01,-4.905199461337750866e-01,-4.416851997515027217e-01,-7.693434776412609866e-01,-5.255115643224668176e-01,-3.673019770994640498e-01,-6.486412980345683810e-01,-6.718750602498985147e-01,-6.907077989832438591e-01,-7.441554304333554137e-01,-6.848413484236685056e-01,-7.031996988967719187e-01,-6.470405689987269726e-01,-6.424350115237194014e-01,-6.948911172791257806e-01,-6.697911097284781068e-01,-5.906459271683778267e-01
6.267186993768600889e-01,5.976794165000033354e-01,6.061290926919814526e-01,6.134798863138224423e-01,5.839226134729453843e-01,5.343038889456199758e-01,7.162842240531763771e-01,6.555723771012313961e-01,6.176540975798753275e-01,4.076786718880858196e-01,5.669064451275475092e-01,6.458177472395620899e-01,6.658637469635948491e-01,6.335758216272171506e-01,4.030862076162486929e-01,5.574029748472041357e-01,6.226646337148461496e-01,5.631155220001231587e-01,3.579877039893322732e-01,4.693095398743282187e-01,5.519043521042780176e-01,2.393781157887165667e-01,4.673632413737872082e-01,5.474670906311642771e-01,4.088892694572561770e-01,4.506625066680743363e-01,1.551133415279681294e-01,3.846041453566512169e-01,6.372121083876450265e-02,1.364904148583475085e-01,-7.412448233216520355e-02,-3.006874374573302242e-02,-2.651289647097357371e-01,-5.003510781587728884e-01,1.833601904699606530e-02,-1.701880337802876286e-01,-2.513201329724268906e-01,-4.108019655542652915e-01,-5.138854298770272333e-01,-3.878416479604390732e-01,-5.235841942603196575e-01,-5.308640188222005785e-01,-5.084742805369487639e-01,-7.777961991744358761e-01,-4.327869716417049872e-01,-6.637038581707803697e-01,-7.026468437694604052e-01,-6.011317623373745311e-01,-5.844356182584016235e-01,-6.173367906178033326e-01,-5.853307842187265297e-01,-4.802831662822439895e-01,-7.840629994085286381e-01,-7.731548049806471479e-01,-7.844268270034966406e-01,-6.905494503034373954e-01,-6.248014286891552249e-01,-5.496839579177461577e-01,-6.932711168545616642e-01,-5.776356639752667776e-01
7.312414858835876164e-01,5.594885617808565970e-01,7.243241546008579723e-01,6.978590746232166131e-01,6.366692336364330185e-01,5.028752012603747712e-01,6.425588128819039735e-01,7.874169252478175896e-01,5.023070486503713461e-01,7.312408455569252563e-01,5.406089848760891048e-01,5.981979996456290305e-01,3.648962229999440088e-01,5.943369036514679626e-01,3.729584010297206653e-01,7.310106580134630994e-01,5.607459654912172464e-01,2.183578734724387349e-01,4.310365647821575719e-01,5.175955339225396523e-01,2.250498734025905279e-01,2.709285309014799470e-01,2.758906403515594130e-01,5.298115187710804586e-01,4.145701714643269531e-01,2.386649517935613418e-01,2.455188115441229724e-01,7.691539335982683356e-02,1.307240929835397913e-01,-1.546531236512514451e-01,2.072457332050240894e-02,-1.410715417364511171e-01,1.643564648747958823e-01,-4.523269425870523053e-01,-3.870368151621461639e-01,-1.656465153532548085e-01,-1.344090231118429957e-01,-5.511632738142130394e-01,-4.664078544858442088e-01,-3.438884063876241348e-01,-5.532455451113862388e-01,-3.787150572086812050e-01,-5.473701147482386009e-01,-4.150268586237130242e-01,-6.740964463117649075e-01,-4.864498555812839520e-01,-6.118859447903811644e-01,-5.676943333232051803e-01,-5.689867831287486188e-01,-6.004399876645187817e-01,-6.641353494118710232e-01,-7.417241489159207557e-01,-5.822270941475500283e-01,-4.307464482411556550e-01,-5.847084691745297880e-01,-5.840953438396295772e-01,-5.835926603537584523e-01,-6.094779469252624704e-01,-7.134669744789389201e-01,-6.246992702422955457e-01
7.036126451249554714e-01,7.281074995507207381e-01,6.607577082886044728e-01,7.147753308595126143e-01,6.654842149016364505e-01,5.567868609586497097e-01,7.305731508401648311e-01,6.117019625890549595e-01,8.121730053914266723e-01,5.415943363900058705e-01,6.847751430212192236e-01,6.624728735846246996e-01,6.166227551875728130e-01,5.912700668762109757e-01,3.685804780993140461e-01,3.093421347638228847e-01,5.355062150394888087e-01,5.282891128995251817e-01,5.761485843537189622e-01,3.823964293038187301e-01,3.646682093008620229e-01,1.188128204926463816e-01,3.533668328976505846e-01,2.699856442448863580e-01,3.899829453806571422e-01,2.200428001460750238e-01,1.459069802103167002e-01,2.134565794357998897e-02,1.306133115900532868e-02,-5.097595954155661330e-02,1.793144613150561284e-01,4.271512117164171646e-02,3.362333122030618932e-02,-4.398788180318867758e-01,-2.231496241489731303e-01,-3.503721629841010654e-01,-2.917684422588046056e-01,-1.483236593421914662e-01,-6.034896977552273167e-01,-5.082614786943182583e-01,-3.703900566837768915e-01,-7.072408192550382333e-01,-2.388489835604539757e-01,-4.811645506522232441e-01,-3.015495594585554939e-01,-5.345084108807491852e-01,-5.674410100596564144e-01,-5.837334217894569743e-01,-7.594191372302301346e-01,-6.926779339543254199e-01,-6.043954387975871700e-01,-5.435366339023104398e-01,-5.264571059880694959e-01,-5.990713881625705506e-01,-4.359449208123507558e-01,-6.207658405212694852e-01,-5.814601114383650682e-01,-6.871718770637078588e-01,-7.092966787004184592e-01,-6.579089075619810600e-01
6.499805071948705493e-01,6.181170627947343288e-01,6.590791736369837617e-01,5.782195945957221417e-01,5.518111284632806202e-01,5.750799353530714475e-01,6.411185871045694817e-01,5.369052483327602099e-01,7.514970684820732050e-01,4.430477555806483503e-01,5.030511692323365036e-01,5.314422310748947442e-01,4.903592080386481311e-01,8.033920249289387971e-01,5.504584975471431552e-01,6.244267472188826940e-01,5.611402776804151893e-01,4.823676104156661704e-01,4.010976479361298419e-01,2.715731930066892508e-01,3.804645090342124725e-01,2.442849962364926630e-01,3.797724587479499592e-01,4.768404315964104301e-01,-2.087658281878167904e-02,-4.072170232067549855e-02,2.206223224087865697e-01,2.934423924414812368e-01,2.041072294852819269e-02,2.450428368859699224e-01,-1.247507122933471935e-01,-8.500647354948824563e-02,-3.362628935571007616e-01,-1.833166624522440669e-01,-3.674165137036205508e-01,-3.678044650157700213e-01,-5.069563198981484886e-01,-2.288807860072426814e-01,-3.322892146449087925e-01,-6.663030250931594178e-01,-3.466952513834258842e-01,-5.022026290842306340e-01,-1.602680566471590407e-01,-4.917458827127447196e-01,-4.287812881437803592e-01,-4.453750965047862387e-01,-5.055249111899021708e-01,-4.847107884300304592e-01,-3.150178150573405000e-01,-4.080633633128467608e-01,-7.246736147272293538e-01,-5.171624621087134166e-01,-5.851866642818276398e-01,-5.842042650169496643e-01,-3.745293886167225805e-01,-7.368227752273830422e-01,-7.084213998674130375e-01,-5.956566508070612054e-01,-5.971912778752095363e-01,-6.181797601381695539e-01
5.671627176313795982e-01,4.197197669835929790e-01,5.892309238215194256e-01,6.441925914954309551e-01,5.383448867238632696e-01,5.946925752361094109e-01,6.762634495860725403e-01,5.691842849589059394e-01,6.858869565632965681e-01,4.299711052140233747e-01,7.004158414270613697e-01,7.373176706789784651e-01,4.731098248418311725e-01,6.902882703271042697e-01,6.464409295057260696e-01,4.550355810427708647e-01,5.065164310423760918e-01,6.355332601266067138e-01,3.665763316640748837e-01,4.471513645106520718e-01,6.810324254447331915e-01,2.818706058955600113e-01,4.562295574223256267e-01,2.456098242856255831e-01,1.206131858880591795e-01,7.236017354953112879e-02,1.886437968188121039e-01,1.462459354275398582e-01,7.464608966033295379e-02,-1.331064603577593042e-01,-2.486517114127351213e-01,-2.798981441420779204e-01,-9.259420577980863321e-02,-3.782912831828750266e-01,-1.368422212346916411e-01,-3.801750090228411261e-01,-2.187889375963710248e-01,-1.624498148129511210e-01,-3.027368050718195480e-01,-4.994270091764820840e-01,-1.330683861799727974e-01,-6.397086116286230251e-01,-5.812716396470947178e-01,-4.558115497345834877e-01,-4.645178114778331091e-01,-4.271319751964822720e-01,-5.300741690299883846e-01,-6.500160354651273176e-01,-6.173562537841237319e-01,-4.646833457147598878e-01,-4.277578595970218944e-01,-6.925691687414637920e-01,-4.809983947219049760e-01,-7.304739886963502737e-01,-7.000329748837000876e-01,-8.422377219987030594e-01,-5.831782159247265174e-01,-5.886666616796821794e-01,-6.428161942407927265e-01,-5.879073317053794545e-01
8.029210558275655663e-01,6.271721176719138313e-01,6.077854261467166008e-01,6.427708255659005943e-01,5.188082571540343357e-01,5.716486095391007938e-01,5.377427536374266293e-01,7.403088592366336984e-01,7.370377469835459605e-01,7.207546248789933330e-01,5.707651051905566764e-01,5.907221428075914993e-01,4.374486690250838916e-01,5.558072343285230810e-01,5.172442273788885325e-01,7.244182977495169373e-01,4.149671113133718281e-01,4.744309515285333734e-01,6.228045263701950107e-01,4.365822407430581253e-01,6.315454643385717270e-01,2.645128829806909776e-01,1.736171402772286321e-01,3.311336524002996828e-01,6.425628909610879846e-01,3.783791584466665858e-01,2.465842708304941677e-01,-3.889389692762311446e-02,-5.357453483271055333e-02,3.857499991555736474e-02,-4.000604774345293407e-02,8.222068678577193045e-04,1.365640725526618693e-01,-2.431863081584206276e-01,-2.875323935231931527e-01,-1.472261591898463562e-01,-2.799637493248999798e-01,-3.362432660153122921e-01,-2.424632796913887278e-01,-4.871174351658164037e-01,-5.199381151232732590e-01,-2.967474000536983736e-01,-4.350553677668134722e-01,-5.282362267653968324e-01,-3.725204710551845433e-01,-5.635600088075153336e-01,-4.928094244422345227e-01,-6.479126164858136638e-01,-6.125623011665842776e-01,-7.091666516068479975e-01,-6.035391862510413041e-01,-6.176284086091825554e-01,-5.367002736306493160e-01,-3.748663565586151103e-01,-4.951257261469066973e-01,-7.439016004429251927e-01,-6.700873394201118938e-01,-7.986909782538952340e-01,-6.831837006228761444e-01,-6.736119872368176997e-01
5.705098060612745492e-01,6.136929680599363390e-01,5.974892626560112108e-01,6.136955462236806103e-01,6.671604708030988151e-01,6.872147546542006769e-01,6.138382181648929237e-01,6.372297740057648596e-01,6.348174881459162089e-01,5.202059061217664260e-01,6.166875039940749037e-01,6.198098751550356056e-01,6.588537730544172799e-01,4.725991004476342572e-01,4.823426007858655495e-01,3.225047589374503976e-01,4.845496361979614863e-01,5.718792990745688032e-01,4.927744638162933621e-01,5.865353360450563658e-01,3.021932220189781360e-01,3.291147820189941897e-01,4.063809041664482313e-01,2.316906389744463335e-01,1.025338072113644028e-01,3.976693296474895223e-01,-2.044402657467329215e-02,8.297171120382343390e-02,8.745369147176948466e-02,4.241492436216687256e-02,1.280907531941541944e-01,9.190162416628414044e-02,2.782293970342986002e-03,-2.207166590342527213e-01,-4.589633108871665756e-01,-3.431353532447425914e-01,-3.359566966422851131e-01,-2.729534946278654450e-01,-3.969617821292615312e-01,-5.982773532608198774e-01,-4.837315200164629125e-01,-4.889562888961145326e-01,-4.754884941957264743e-01,-3.534494358909811007e-01,-4.875180062784782997e-01,-4.991511679993626549e-01,-4.755568962224814844e-01,-4.829640229282854413e-01,-5.538916986786325269e-01,-3.485199888109651867e-01,-6.361165600634940409e-01,-5.912894571601443605e-01,-6.760404106644738453e-01,-3.411878298376308516e-01,-6.104592426984905007e-01,-7.372173698751791626e-01,-6.813659255586113073e-01,-5.939463669336595419e-01,-6.018037330042860233e-01,-8.089011248947961530e-01
6.498650962922998264e-01,4.866027288476626467e-01,5.779465567361221634e-01,6.675840443004162905e-01,4.780024835833020513e-01,5.928938912317484045e-01,4.695821464568264991e-01,6.419613896453035817e-01,6.658430857077999310e-01,5.160658584901601786e-01,5.909141254030619850e-01,4.840838123204603827e-01,4.792338572207924807e-01,4.133041494714814190e-01,3.710942375813188199e-01,3.791963791659006544e-01,4.737352909919432808e-01,3.299389895341828804e-01,4.322924475112602805e-01,3.285470991789049555e-01,5.745674231763299167e-01,5.518659257641240767e-01,4.615148054539969236e-01,3.792742150614473173e-01,2.322649717655254561e-02,3.100595233205872825e-01,3.927066831392610480e-01,1.918525709982045746e-01,-1.772298776025097540e-03,1.351770153768113436e-01,4.550091048569498975e-02,-2.428488631463013997e-02,-2.476503374561780935e-01,-2.456568787910912710e-01,-1.732679534159029255e-01,-2.074347272297271672e-01,-1.708914936987852295e-01,-2.063583122910649104e-01,-3.013553919505254086e-01,-1.442479631575297461e-01,-1.983972996421368984e-01,-4.751239090974516688e-01,-4.485261172379755301e-01,-3.418297749983468803e-01,-5.704722372427866173e-01,-7.719742870741646001e-01,-5.060344020177137692e-01,-5.493602862697430922e-01,-5.154123893520387023e-01,-5.327241680501524357e-01,-4.847455578959100064e-01,-6.577989674567304990e-01,-6.182229545309704255e-01,-6.746264312905216887e-01,-5.538162594350034551e-01,-6.762639185403866993e-01,-6.540757392550806681e-01,-5.449454176197061628e-01,-5.549635902468839088e-01,-5.772582625117220756e-01
7.047928921275877778e-01,5.638454044309985091e-01,5.192747185630992579e-01,5.975869880417529201e-01,6.354501615559686734e-01,5.485548822908243860e-01,5.040086565106032257e-01,5.198965002562625504e-01,6.960472481733884775e-01,2.948277282345678207e-01,4.521360991602990653e-01,5.630933608176768024e-01,5.957427237277046483e-01,6.813806416631237317e-01,4.077733978470097220e-01,4.492135945460081770e-01,6.293196382781683917e-01,3.635839294185629345e-01,5.167323489929261937e-01,6.943013383437300901e-01,3.706137002290094129e-01,6.075059852874676869e-01,4.955117236002855308e-02,1.287682125123051392e-02,4.068109760564076471e-01,3.112273222107842519e-01,-5.780966351359431016e-02,2.564206300673675942e-01,3.850075011004223113e-01,1.151796261597755680e-02,-3.190247171798562542e-01,9.093471826882480735e-02,-3.293649309899805699e-02,-2.248352782931882510e-01,-2.975109053491889477e-01,-4.762575871649841197e-01,-2.185276361525518296e-01,-4.456203152078689333e-01,-1.798729175667067859e-01,-4.620882702399441433e-01,-3.885125027269490383e-01,-3.474537988862979043e-01,-5.859475629468223756e-01,-5.477971081055014180e-01,-4.591223872609308532e-01,-7.486001956449990224e-01,-3.419766513615491998e-01,-4.817518444360003871e-01,-4.938375330858199019e-01,-4.429562942822881655e-01,-5.129464661045184393e-01,-6.160631327848377081e-01,-5.012420953177944005e-01,-4.845939286163279958e-01,-6.873522105895191192e-01,-6.212338222507490793e-01,-5.297890762776470419e-01,-6.667334622607127281e-01,-5.818711146564201631e-01,-6.524773309327149828e-01
6.426810225374181007e-01,5.635349462011641775e-01,6.030605891972176114e-01,5.965889413533496111e-01,7.880170671406064864e-01,6.365702203381788937e-01,3.973413739813557166e-01,5.714455782104759241e-01,5.510901449476920400e-01,6.473887323707503416e-01,5.071543752053411236e-01,3.530581977684206785e-01,6.326285826357456177e-01,4.089733964814718514e-01,5.512919844112313950e-01,5.181055064789126252e-01,1.877596726926400728e-01,2.232059801895227014e-01,3.536277107799271069e-01,5.838810256074229432e-01,2.371686089981122902e-01,3.436457732036674040e-01,4.587199703465015821e-01,1.575497541419724201e-01,4.147878054549086757e-01,2.197158920847493702e-01,2.283954489556717371e-01,1.225468742012274515e-01,1.223518874635964003e-02,1.544540188632563815e-01,1.443525890081370222e-01,-2.145463189468463372e-01,-3.413725475382036190e-01,-1.705884958802180440e-01,-2.195271609782258049e-01,-5.972711666921060036e-02,-2.427159685135976963e-01,-3.242824549416805646e-01,-2.932077301454523721e-01,-3.627590596039410586e-01,-2.821544718552865261e-01,-6.068366714489272784e-01,-4.132287893855367544e-01,-5.138043159722892606e-01,-5.995924168527757558e-01,-4.691639684206301841e-01,-4.646662061859886395e-01,-6.362516892917744471e-01,-5.547618775030196403e-01,-5.936813784862324805e-01,-5.614677023475731499e-01,-6.227821945382940871e-01,-6.722233671704918034e-01,-5.711810763476961039e-01,-6.233194633392685757e-01,-6.755857210478443120e-01,-5.269880833498764572e-01,-5.424352860536686416e-01,-6.146242656376850189e-01,-7.486531612911211386e-01
5.807092698907775352e-01,4.170846922211885466e-01,4.938060728598389626e-01,6.562687875466624021e-01,7.478432336647549139e-01,6.101479729764371918e-01,5.103926867189393368e-01,5.741066363560625163e-01,6.476171966030785931e-01,6.041036177014273978e-01,5.944397361217503839e-01,5.672373425069930919e-01,4.411949324865564459e-01,5.122286270127024421e-01,6.806475222924744939e-01,3.175896112146500139e-01,5.064353031544316375e-01,3.557267129904727598e-01,5.656814566032215552e-01,3.224539498822639461e-01,4.245446391365234051e-01,2.670994582909522741e-01,4.083770687226745966e-01,2.695200323332872516e-01,2.152277677522584920e-02,-6.413924282450388092e-02,1.362131244876819136e-01,9.152592783491690642e-02,1.706052338764553478e-01,1.853616367778449514e-01,2.962145719670372657e-01,-1.214699603647224554e-02,-3.084578647753949410e-01,-1.756604543874009383e-01,-2.604224641183677802e-01,-3.248351578648066562e-01,-2.567173183776816359e-01,-1.551927948679994174e-01,-2.020407959751713278e-01,-2.863058888739975494e-01,-5.659955929312998624e-01,-4.840037453629509878e-01,-3.809327767177224655e-01,-2.856809882438673953e-01,-3.239662790687520832e-01,-6.402079399882547595e-01,-7.288198530634619754e-01,-5.755884803450477261e-01,-6.698447149621672425e-01,-4.869440838803598126e-01,-4.223357386879820763e-01,-4.116698618023074130e-01,-5.315602079707837380e-01,-5.422122377628200152e-01,-7.584090182929368318e-01,-7.974641697829933928e-01,-3.842089738629356210e-01,-4.102870397413153070e-01,-6.819314068916867422e-01,-5.930934841592215845e-01
4.401447974785144268e-01,5.357197938321374142e-01,6.308199565487939697e-01,5.185339903006757067e-01,5.214368686619230697e-01,6.342168043518395804e-01,5.954785714588799461e-01,5.336640226342810323e-01,4.540778199780140523e-01,4.187497721412598572e-01,5.022242888423661400e-01,5.699089204839324907e-01,4.027499639710243606e-01,4.553970475623594361e-01,5.512861219886527886e-01,6.754513705101118370e-01,4.775861618040188050e-01,3.727540980730262299e-01,1.721074634383748525e-01,3.170638868846177294e-01,7.025239769815677660e-01,-2.584067993871885099e-02,1.817832140450373335e-01,3.460955776420722163e-01,3.995965363042396912e-01,1.936354536321992781e-01,-3.238202804007139779e-02,1.816495682235435283e-01,1.150762143350764211e-01,-1.059366857742998630e-01,2.416545421392335413e-01,1.173637590055573304e-01,-9.659427610333184977e-02,-2.895035023444317290e-01,-2.585623431323828547e-01,-3.215974340937215459e-01,-3.733801276015132897e-01,6.633843384226356665e-02,-4.532829099178691257e-01,-1.748854937627389305e-01,-3.502271288565948493e-01,-4.638559588014657953e-01,-5.483266755123149538e-01,-4.581745338605897055e-01,-3.858976035534042448e-01,-3.884581906242835503e-01,-4.849753607856892579e-01,-6.121205679697430124e-01,-5.063517440284950322e-01,-7.479598798202112819e-01,-7.306566172440981388e-01,-6.912949043794329729e-01,-5.732853524199484907e-01,-5.867603301815796923e-01,-5.694151245288383567e-01,-6.328206056348697484e-01,-7.085253599094398780e-01,-6.046283898232613918e-01,-6.969539961701340935e-01,-3.963226907631475227e-01
6.305740115324998118e-01,6.129978132736154661e-01,4.931517210436521803e-01,5.109402680970254185e-01,4.256103562960942277e-01,5.118899283804074773e-01,4.609328922684617358e-01,6.531553924221876750e-01,6.777935237958465642e-01,4.191990191363256235e-01,4.759474269874461316e-01,5.791949935849720621e-01,3.113044898832864615e-01,3.771045376199524957e-01,3.730525213687049813e-01,4.913488987320824286e-01,5.146740862516284709e-01,3.300628449910376072e-01,5.178640637275242486e-01,2.617910842341466537e-01,3.506095918376996301e-01,2.465193701817734728e-01,2.398665309316979494e-02,3.527543162043805247e-01,5.064547722781027606e-01,-5.734920033898518316e-02,1.028811563363453974e-01,1.262650433077544820e-01,4.632903516608695427e-02,-4.027667158469766528e-02,-1.792302910213175449e-01,1.395741419633884650e-01,-2.610658449117757574e-01,-5.477460986771022500e-02,-2.243091759760539594e-01,-3.246723283884198064e-01,-3.028531435316492715e-01,-4.879150077045757428e-01,-2.558950928859182739e-01,-2.472291664053608840e-01,-3.026914921115823054e-01,-4.602820643414150537e-01,-4.424066244216801058e-01,-3.295563092135141980e-01,-4.396205482262516284e-01,-2.953538290242378461e-01,-5.937539022623912199e-01,-4.898905058991506190e-01,-3.867485587716305018e-01,-4.166743052242690704e-01,-5.060714845282626717e-01,-4.754008799421359233e-01,-4.694553379259486792e-01,-6.316017414603743996e-01,-5.813024482441715435e-01,-5.816591748415571583e-01,-6.060058370221109714e-01,-6.166299892028522800e-01,-5.440192357516782096e-01,-5.790831576511649148e-01
7.532356638025550222e-01,5.733253643103820574e-01,5.172773051039583070e-01,4.352779730381273748e-01,5.463241197430248608e-01,6.499778575336698783e-01,5.475457924570630297e-01,4.499467020644210002e-01,4.233530020031446850e-01,4.035501870625863852e-01,4.175721353681001169e-01,5.710184004109779554e-01,3.912414370502527161e-01,4.605804517760804240e-01,4.589856268869126898e-01,4.103581042188822470e-01,4.436675952519291144e-01,5.875639219906690913e-01,2.048508527776491950e-01,9.686665489410903329e-02,3.037092494750909255e-01,3.600290924054047048e-01,3.046285345244716392e-01,3.357817282308627194e-01,5.067306607615057468e-01,1.258032774824688893e-01,5.221872685412798365e-01,2.404914283172484846e-01,-9.309510646003045509e-02,-1.869112101266679621e-02,1.228880324966690266e-02,-2.712417590294164960e-01,-1.164514118930918551e-01,-3.063197902745257856e-02,-1.966046917217149914e-01,-2.480213540182634735e-01,-1.946854069924049691e-01,-3.263916741552562728e-01,-2.703541843208406847e-01,-3.382400297694480029e-01,-5.647742005428060263e-01,-2.852154435875132732e-01,-3.658566418424555877e-01,-1.874920767705881286e-01,-5.433783706964951943e-01,-5.995253316810569277e-01,-3.855276165268911037e-01,-5.867530453899657550e-01,-5.886257637657599240e-01,-4.779702908780417703e-01,-4.031120576657402088e-01,-6.010118314938297512e-01,-5.611250778269892825e-01,-5.106581697145281540e-01,-5.847518725163137754e-01,-6.908471555136886932e-01,-5.650887244973280543e-01,-5.225950736706294064e-01,-4.740667014539090007e-01,-6.297379723405875929e-01
6.223458947878089953e-01,4.331811200242495774e-01,6.776334957377569967e-01,4.840558189715936099e-01,6.215049279201629862e-01,7.207389855002748202e-01,5.968296695211239289e-01,4.231202054544399016e-01,6.450933628012898158e-01,5.272517060629752228e-01,4.524871144111001220e-01,5.106292309275961561e-01,6.181047735393903064e-01,6.636106764404043901e-01,3.601386884201440708e-01,4.213426668899277194e-01,5.173902841983479828e-01,5.070358140750477194e-01,2.522201065303668055e-01,3.135715852800441406e-01,1.900661969555270114e-01,1.681733471622398890e-01,3.558929007666074007e-01,2.355243363774537357e-01,1.228741239551329051e-01,1.788466735692487847e-02,1.561836793087173214e-01,1.298006484354367884e-01,-1.209474818658706763e-02,-1.433550081866532544e-01,-8.472808041998662609e-02,-8.404793523428319424e-02,-1.758361755803438675e-01,-1.966908215482342792e-01,-1.143738809762555181e-01,8.812975012157411164e-03,-2.982761838542352661e-01,-2.599214719793457862e-02,-6.500606208879160519e-01,-2.538106642897911547e-01,-2.463856041585861800e-01,-4.224878574114807606e-01,-5.316373036001521557e-01,-2.869433435292135792e-01,-3.454632255580674660e-01,-3.670329081046084241e-01,-3.662331991822059818e-01,-3.266502161469640453e-01,-6.211208762285669316e-01,-5.114702499060808094e-01,-6.051507819051946679e-01,-4.758340105539838882e-01,-6.109508005960946342e-01,-5.805178777607273854e-01,-4.698650847764806460e-01,-6.035863048090023275e-01,-5.067564630446692586e-01,-5.137481134713139941e-01,-4.365586250105207844e-01,-5.140109255595700644e-01
6.417863951656948007e-01,6.526723255783222211e-01,5.228012379127232601e-01,6.810539444033650858e-01,3.375252043311806061e-01,5.111539914480742741e-01,5.515422521905067876e-01,5.092608109015097639e-01,4.924112772753172496e-01,5.606210831313611642e-01,3.513590895350351406e-01,7.299555312667184159e-01,4.721892337477807122e-01,3.789228204593145799e-01,6.890662676776428963e-01,2.968071823612603022e-01,2.906400030070519502e-01,2.914179606327537697e-01,5.766912219519653160e-01,4.543327166668343908e-01,4.116089412840437944e-01,5.458115678999757303e-02,3.535352682445221384e-01,9.596101938433559964e-02,8.967136252719652700e-02,2.477838892474308330e-01,2.240070098864484494e-01,-5.661187724733575399e-02,9.479254759441528219e-03,-2.541498846459284700e-01,5.844318667544819157e-02,-3.371551724145046419e-02,7.342938583876086611e-02,-3.070594311527031356e-02,-2.083470960368775660e-01,-9.459356752072607677e-02,-4.682255949273849138e-01,-2.018929934328619891e-01,-5.973613372742441197e-01,-2.425309988119113136e-01,-3.856572059489592474e-01,-2.133894425617419155e-01,-3.967614298336152867e-01,-3.230164676698046855e-01,-3.178096919231954698e-01,-3.509613233761160744e-01,-4.377456147597105773e-01,-5.149699333511217336e-01,-2.767200013474655496e-01,-3.819427763583512214e-01,-5.421612591172784157e-01,-5.229227593705969568e-01,-5.955623692865273933e-01,-5.915808213972980623e-01,-6.226624379069962689e-01,-5.396892095116904153e-01,-6.553868663556104979e-01,-4.234862110402069502e-01,-3.493237730330715496e-01,-6.167888006709909554e-01
6.223538604948645192e-01,5.326127188261787770e-01,7.067096150184661862e-01,4.619384724175571444e-01,5.371958018212201758e-01,3.683938636903660302e-01,5.028996301972178395e-01,5.196225438074185687e-01,7.194813106940028957e-01,7.370283869694181922e-01,2.890493981777621513e-01,4.850865575159241661e-01,6.713544764162604483e-01,5.928624310237511352e-01,6.056308157475487342e-01,2.687769285722457768e-01,6.810165922658925064e-01,5.593692840913339070e-01,3.907336031105870244e-01,4.400850239394756835e-01,1.981670868391868234e-01,4.071893561829994512e-01,4.437006092751489272e-01,1.702743530619235113e-01,1.738142727920748976e-01,-1.553197377563463877e-01,1.731997407850988102e-01,3.585773316379912701e-01,4.765022196881981142e-01,3.592509602229864152e-01,-1.289834506302526759e-02,-2.260915031050540480e-01,7.265896447494543664e-02,-2.491414732483604177e-01,-3.093017115965845942e-01,-4.292381077269563422e-04,-1.582716837100316687e-01,-6.072479489668545366e-02,-3.397328742870893703e-01,-4.535171542355768137e-01,-3.369222755511062650e-01,-2.669216646438627438e-01,-1.376548526710257847e-01,-3.749568855060381178e-01,-6.208563856944555870e-02,-6.217045335072926004e-01,-6.850452075449198208e-01,-3.065963875287698870e-01,-5.423300432445270491e-01,-3.826655062318614631e-01,-4.667060455655363538e-01,-4.722451980449567932e-01,-8.199741312446402475e-01,-5.528345749462740821e-01,-5.463177787023976162e-01,-5.046385381470755993e-01,-4.449530898679708857e-01,-5.821593224024155244e-01,-6.753241007931434225e-01,-6.082702109649743560e-01
5.897659060275121101e-01,4.945083856807618305e-01,5.718493022568148509e-01,4.696078394646320819e-01,4.326513575968515823e-01,4.615506388292929252e-01,5.722856382309191581e-01,6.422747425969621560e-01,4.908934490095195891e-01,5.853554364683688505e-01,6.094480397007491224e-01,5.762636804619826192e-01,6.403484310769301802e-01,2.298357267473705168e-01,4.692947620709529977e-01,3.897444156402317672e-01,3.707935158183434110e-01,3.756083821205501438e-01,5.620945947785755958e-01,4.275822599452710482e-01,3.696322632347408543e-01,3.109795541627572990e-01,3.882763419221261225e-01,3.613262294672717201e-02,3.184233611870121439e-01,7.394697234912094019e-02,2.532259245219363186e-01,-8.376562072640737766e-02,2.358650824669506763e-01,-2.238676500954398241e-01,-7.204506268746668426e-03,-1.515044685310319994e-01,-1.485718834285881529e-01,-1.632169830485706019e-01,-1.147999335731580972e-01,-1.984486691466044728e-01,-2.998912532850043222e-01,-1.366798705243318646e-01,-1.796197255354214373e-01,-2.506827045079860761e-01,-4.544248609711765141e-01,-1.723620331194576361e-01,-2.020878635654849431e-01,-4.669515211653060272e-01,-3.857942865021167789e-01,-3.289793979741982288e-01,-5.025494252829070252e-01,-6.610265690038058528e-01,-3.499606969236211951e-01,-6.510155008229268070e-01,-4.261445096338252192e-01,-6.567428174471318103e-01,-4.962308138474095243e-01,-5.914907376761199265e-01,-6.748033366203883832e-01,-3.365511638730067645e-01,-4.727947887224638879e-01,-6.322133096896724869e-01,-4.439310665441230652e-01,-5.882943156540719754e-01
3.865161072929350627e-01,6.098974153645573271e-01,6.870305409249686246e-01,5.488841619483605383e-01,5.402438592411095142e-01,4.738366678577481395e-01,6.575080796362795521e-01,5.969612187793993385e-01,5.301036479167925419e-01,2.462678973089340584e-01,3.910267981146373084e-01,5.251611339193107408e-01,5.480923982823786567e-01,5.329556163503094135e-01,4.644431390842039820e-01,3.054353715062398389e-01,3.332223711599288651e-01,2.542340670475003450e-01,3.200428058140126764e-01,6.616561250235286629e-02,4.206182283689102741e-02,3.580617032731508304e-02,2.976337268490942822e-01,5.947689510728908224e-02,2.006654868914963807e-01,1.873644619752592305e-02,1.216628609218857460e-01,1.964198114882547558e-02,2.070389564727909831e-02,2.175941960454876867e-01,1.826904357249621302e-01,-1.539636169145793265e-01,1.176062443508657795e-01,1.355439808509814326e-01,-5.603631495891579772e-02,-9.019406483986851242e-02,-1.423637370850867057e-01,9.352052312241443399e-02,-2.144614950253350139e-01,-2.744544173735422032e-01,-2.899056492403522256e-01,-3.437732285917392550e-01,-6.840434662267258492e-01,-3.934410400360964233e-01,-4.252960782666004858e-01,-1.078752328785181208e-01,-5.092449951217603576e-01,-4.290515352490966161e-01,-6.624892423130372965e-01,-4.438616295815729917e-01,-4.320443134008569719e-01,-6.281440201766338438e-01,-4.044575975169663051e-01,-5.033652152787078116e-01,-4.810713756175156175e-01,-5.519647650226424673e-01,-6.589301234487219272e-01,-6.511047105596770024e-01,-4.333511846773641096e-01,-4.039703524188336670e-01
4.171385305695105572e-01,6.189741269417392555e-01,6.242153218294028694e-01,4.360690094921288451e-01,6.155536006103552449e-01,5.485453354100850998e-01,4.533056610186295687e-01,5.191917327206754251e-01,6.307631859040727651e-01,3.896296452879773886e-01,3.329337016778918801e-01,3.341333565777474535e-01,2.908958628358777054e-01,5.353534187391735255e-01,9.213694905999958440e-02,3.836917044957480760e-01,3.636543032825040878e-01,3.017113284307063048e-01,3.676280375063859518e-01,2.717534215198318948e-01,4.518821334320845262e-02,3.268355420926020716e-01,1.558130843748069538e-01,1.832211562541579963e-01,3.616281111521608693e-01,2.857332186299325061e-01,-3.123911853293920293e-02,-4.088330882056805116e-02,1.653264759725366073e-01,4.913791993180742501e-02,-1.549481570691416121e-01,-9.696756668030045989e-02,-9.612573726887074094e-03,2.484553464747266960e-01,-2.347513541867526088e-01,-2.000336791249478774e-01,-4.845468662451365982e-01,-1.877509536253925138e-01,-4.636511848499594857e-01,-3.255506492010068476e-01,-3.460484445057724900e-01,-2.037398500188710992e-01,-2.678035517404130372e-01,-2.850488198055771694e-01,-5.427585386158625402e-01,-4.603675165876783271e-01,-4.314399200284169678e-01,-5.944016086014831668e-01,-4.151941946408824191e-01,-1.847962517289793438e-01,-3.488016016473587944e-01,-5.311729691079298821e-01,-5.776323416134662159e-01,-7.314419967361850405e-01,-4.285493523801693350e-01,-5.719236677755776821e-01,-5.805336110470432631e-01,-5.099581836202450313e-01,-5.723570546295819739e-01,-5.143043451765875185e-01
3.324035101524114855e-01,5.185799986851694632e-01,6.812764970281242061e-01,4.190281444000280575e-01,5.582685050545794780e-01,6.666453694479411718e-01,7.132031576874764411e-01,4.797316195012107376e-01,5.118591311561095925e-01,3.242198981128713298e-01,6.401497407239994386e-01,4.677866032058353163e-01,5.496020798393537188e-01,3.258756800343982074e-01,2.977507688347339476e-01,5.447979516786899401e-01,3.772710319654793976e-01,-2.761493001070185888e-02,2.501097403048333501e-01,3.386312187195701373e-01,1.334877647078954732e-01,-8.768495846333512755e-02,1.324580254350301023e-01,2.545550107932524897e-01,7.607956180669905866e-02,1.521957614652334201e-01,1.596064150086788924e-01,-2.107669871141291673e-01,2.130701676052731697e-01,1.019995349945296559e-01,-1.310720330943035417e-01,1.446783426666833350e-01,7.763380579523608549e-02,-8.420656712913845987e-02,-2.120467320499219710e-01,1.706463530561700970e-01,-4.304014189490903280e-02,6.204564605730683580e-02,-4.627433749613726194e-02,-3.531314988908805796e-01,-3.742163670033412659e-01,-3.922995477805883979e-01,-5.598206686525865061e-01,-3.566707057757883548e-01,-1.673147282844347217e-01,-2.404112583416071480e-01,-5.193621162456187879e-01,-2.937989294409328878e-01,-3.750347548868776526e-01,-1.578310407527963033e-01,-5.705156815438833240e-01,-6.506854922712854705e-01,-4.727189864651070161e-01,-4.845227168761101488e-01,-3.709692046137796906e-01,-4.166271003475017776e-01,-5.037732206461869033e-01,-5.244382528444233582e-01,-5.958473070870196064e-01,-6.612895631393975737e-01
5.521263072979392117e-01,6.099147291892785816e-01,3.602846021826308087e-01,4.918947561998548434e-01,4.692984508487715312e-01,4.751945564223176710e-01,7.135846476124295679e-01,7.682160440253420486e-01,2.849437453193855441e-01,4.167075705664147200e-01,4.951004976809949554e-01,5.253611190086889815e-01,4.740744602048674317e-01,5.241528740151946142e-01,6.474249522607860019e-01,4.198951537768446096e-01,3.873379323732777935e-01,3.553945719073048903e-01,4.776118406889103274e-01,1.155773566947207315e-01,1.912062122318893831e-01,3.421587725387872925e-01,-2.765845403119683230e-02,1.404760444641301453e-01,-9.993751060146975618e-02,2.023024429236603208e-02,2.221784443585466118e-01,-6.595284417970170496e-03,2.072863995987331287e-02,-8.344248468190085949e-03,3.314859663943024448e-01,1.071102397980001203e-01,-3.150292440875267497e-01,-3.061570585744105566e-01,-2.024295469873909625e-01,-4.314915276363004426e-01,-5.349459230071793581e-01,-2.838632105501722735e-01,-2.327025206174708205e-01,3.069262684874584160e-02,-4.920441925141283979e-01,-4.064431365864386581e-01,-3.951258253353325811e-01,-5.083141067637464428e-01,-3.256010531375497230e-01,-2.989355310121461495e-01,-4.248218423572355240e-01,-3.656095871093180127e-01,-5.579897287926827154e-01,-4.270568115770680961e-01,-4.279730005795301939e-01,-5.105652587666126285e-01,-5.928153541826695072e-01,-6.005932038669998807e-01,-5.202162986864734551e-01,-6.809601622580523372e-01,-5.717780354938086784e-01,-5.213123891656706865e-01,-7.317582664811022042e-01,-6.806201533637565859e-01
6.726690547169619228e-01,6.086930327785596839e-01,6.280518988658234658e-01,5.063068468308089543e-01,7.065696064443717228e-01,5.532284501439670432e-01,5.121146918802079728e-01,8.250309525639580865e-01,5.552478103378970520e-01,4.660135763935945308e-01,6.818663874758700283e-01,3.769784699607888756e-01,1.667090609030552339e-01,3.541245804659943763e-01,4.796692528066871519e-01,2.183027756524925367e-01,2.618236982082295383e-01,4.974137086867186919e-01,1.506970751020957899e-01,1.269006398087081655e-01,5.049585448635162122e-01,4.959474712796005380e-01,2.421637596735438380e-01,1.986235056130190163e-02,2.506194978418799790e-01,1.864809164964085775e-01,2.992706161975619561e-01,2.496626524214350940e-01,2.980758260740695720e-01,-4.718262962347752332e-02,1.659816164653067916e-01,-1.605803645589567452e-01,2.369441613732068963e-01,1.518769009002957360e-01,-4.739205641894238263e-02,-3.589997707327879928e-01,6.553355753857662003e-02,-1.856307728113101851e-01,-3.330654365938052752e-01,-1.577449214425189206e-01,-5.285609574677794242e-01,-1.637685173393928217e-01,-5.273597860422494232e-01,-4.844220198774187303e-01,-6.291387517104637395e-01,-3.298468475649661835e-01,-3.409684925383185128e-01,-6.869386756728677046e-01,-3.784895087179144801e-01,-3.861951412682645968e-01,-2.459177969263686703e-01,-4.050593823868134935e-01,-5.284385661379615851e-01,-5.644622852564586957e-01,-5.091760379925416302e-01,-4.928311504532135179e-01,-5.994155127154353613e-01,-5.680756173388195052e-01,-6.766506302921946325e-01,-6.331014585517413806e-01
5.316628965794419903e-01,5.648971781874589926e-01,6.433818546297725982e-01,5.263711129086634521e-01,5.600080709236369136e-01,3.494027040548937091e-01,4.089452042113413954e-01,4.301166772561554330e-01,6.769919910215814740e-01,4.275990773598125072e-01,6.521160880706959873e-01,3.028279501864926115e-01,4.608751295814378923e-01,4.255651407937128816e-01,2.868717221222699121e-01,2.838449715925907002e-01,3.154049074364582705e-01,4.607102051659398567e-01,2.388467018222589500e-01,2.538810308102353863e-01,2.502063508171574746e-01,4.007619016291602554e-01,3.514237932253621022e-01,2.720419716512822439e-01,2.458366573204682770e-01,-1.832418959593636876e-01,-8.581317467970030199e-02,9.746404126343240215e-02,4.331981700479008990e-01,-7.859201886223667055e-02,4.299434460459749391e-02,-6.695635987574927173e-02,1.569449284726149862e-01,7.631975122608372630e-02,-5.343893787460245182e-02,-5.714937426733573966e-01,-1.755034699588867153e-01,-9.100461955131025626e-02,-1.462562337466593032e-01,-3.269971973302950308e-01,-3.130652750443226329e-01,-1.377103639552213488e-01,-2.470008067562621257e-01,-6.515166118354163149e-01,-2.345390601889766058e-01,-4.130076153646252135e-01,-5.395649203518197989e-01,-4.491971294505864298e-01,-4.034580267585587410e-01,-5.050207599015542614e-01,-4.541599301994466709e-01,-5.970581231541981504e-01,-3.718172773368145778e-01,-4.304337711289130119e-01,-4.420435782205490161e-01,-5.579943852314308561e-01,-4.093985635959488389e-01,-6.283168861962177276e-01,-5.930622632058752952e-01,-6.970684184689404095e-01
7.239435085761266597e-01,5.199568216083396699e-01,6.103988835402240909e-01,5.413204599767229563e-01,4.834585487701364426e-01,4.511648100829143138e-01,6.044531966819463031e-01,5.725038726833086011e-01,4.104217236470223407e-01,5.543371820718425713e-01,3.970260549892126178e-01,3.764216696053895861e-01,5.385390773793451435e-01,2.240600959342381182e-01,4.633349884753606429e-01,4.793327403305902012e-01,1.577283821607343983e-01,5.593086472720990576e-01,2.192787130018111763e-01,2.834408410021803104e-01,3.793284464425665248e-01,4.157781411366835433e-01,3.869849293154555836e-01,4.614376195518926638e-01,4.272106198708840452e-01,2.292402385642951512e-01,5.558372856371185562e-03,7.004064433688481084e-02,2.203696106514059852e-02,1.238112287897369657e-01,1.174913681474168692e-01,3.270324754209226470e-02,-3.139345931748375174e-01,-1.835896681945842768e-01,-1.234748695040586847e-01,-2.312337179300871792e-01,-2.165008696770779895e-01,-1.735713244844800385e-01,1.311327380329240302e-02,-2.761574962398914979e-01,-2.682923797639545915e-01,-3.165633682791244019e-01,-3.765869379702025399e-01,-1.566646592439452923e-01,-3.009302502387542488e-01,-5.562507553980441388e-01,-4.106589149295646335e-01,-3.061978682636564697e-01,-5.933198505362708985e-01,-2.575813639866549321e-01,-3.883175053060513582e-01,-3.407905372122318477e-01,-6.526095452622237003e-01,-4.242773177412473840e-01,-6.111035184875763804e-01,-4.203926167553695414e-01,-6.101444716153681114e-01,-6.393732601565814688e-01,-4.684711130953521652e-01,-6.534918685036422703e-01
5.148650996309873662e-01,3.304593023064182900e-01,6.400644789299346771e-01,5.277439340960740077e-01,5.860187323116072822e-01,4.403614038778441153e-01,5.174033577415607654e-01,5.085690415795899311e-01,6.863848007870221313e-01,3.483383500643578712e-01,4.681337060191450017e-01,3.194469510555804637e-01,3.341978587637615128e-01,3.143176103074369898e-01,3.151562463134719994e-01,5.334235067897926674e-01,4.406525653329406711e-01,3.879453426858459064e-01,4.897954555815250410e-01,1.441122684232190587e-01,3.236539182809873294e-01,6.255160429721501325e-02,3.087472700275440962e-01,8.658458291665949158e-03,2.772786729008511197e-01,2.772932463526596170e-01,2.951060406122261170e-01,2.014933549623624393e-02,-2.863760493056708434e-01,-2.269444010021950398e-01,-5.627414083453839699e-02,3.295617145127062164e-01,1.037624764651168263e-01,-2.035611979207254674e-01,-2.644760056595329978e-01,-8.984541445721561104e-02,-1.399288447894163623e-01,-3.533349180275373591e-01,-2.791229330818740806e-01,-3.125853314822056861e-01,-2.428547104326320982e-01,-1.260874212334165967e-01,-5.955317386245579936e-01,-4.699183830878953527e-01,-2.775311126590316313e-01,-3.421167214023180803e-01,-3.474123210244184357e-01,-6.097092348611583557e-01,-4.273106139180328222e-01,-5.107062863793083718e-01,-4.557915163157779115e-01,-5.041090535774080950e-01,-5.013676380450242664e-01,-3.514087419028469883e-01,-4.353237883789704554e-01,-7.274262667885349476e-01,-5.909593811397901852e-01,-6.132480464329349568e-01,-6.639930230182933268e-01,-6.480893226813913000e-01
3.381137154944887646e-01,5.393113386539913900e-01,6.535099074779138206e-01,4.964787816920110397e-01,4.707863253339776288e-01,3.754639042924498571e-01,3.300805391492387941e-01,3.058156221386064133e-01,6.657370036751871778e-01,5.480856413580373898e-01,4.831284693782714745e-01,3.739196950410667020e-01,4.094282559718558367e-01,2.710426924290311179e-01,7.841737800623496124e-01,5.262039934278932574e-01,3.405166535091527225e-01,2.472448259804756465e-01,3.909643301958557471e-01,2.278726830184293062e-01,1.935310420209362947e-01,1.406038101250816352e-01,1.167326967877251043e-01,8.165058902504127025e-02,-6.460958156030381649e-02,2.007114256548296061e-01,2.284686849038941037e-01,-5.554409761584026828e-02,2.258122117120354433e-01,3.710654358405904296e-02,5.774248607902335989e-02,7.332443907189412080e-02,3.561934955331833713e-02,-2.778292134319077511e-01,-2.358538020659596834e-01,-1.031193462039164260e-01,-3.645263577242985886e-01,-2.350903593954936643e-01,-2.436146842456775319e-01,-6.699453908665259534e-03,-4.078075256128463333e-01,-4.346858261261565270e-01,-2.506939139071179268e-01,-1.807406853210127284e-01,-3.216330659761461597e-01,-4.388173265047506932e-01,-4.244647829874268474e-01,-5.805469450242851659e-01,-3.352465966004509190e-01,-2.764704584882245464e-01,-4.367226103656733360e-01,-5.799606625452118358e-01,-3.728870924186898916e-01,-7.047099876863229806e-01,-3.663023959313216893e-01,-6.680527341152858734e-01,-3.592418504717532213e-01,-2.280997289094362779e-01,-3.478118198590104404e-01,-6.060996677994416881e-01
5.413235209470718123e-01,4.558583757425648808e-01,4.947312339781723134e-01,5.505595928645604653e-01,5.143205745662345896e-01,3.654366463866224879e-01,7.288219263543587179e-01,5.231830846030103288e-01,2.683858644230667778e-01,3.431832217398343987e-01,3.656088295740029803e-01,4.344343932639921357e-01,4.253237187200671343e-01,2.913311170810790052e-01,4.044434326476619712e-01,3.771371435122058413e-01,1.675197687323023432e-01,2.065929053310514851e-01,1.874796537702966559e-01,2.752508240195762346e-01,7.202033367771809580e-03,1.410175394109438873e-01,4.611295541358585715e-02,-1.786262723836600785e-01,-1.313175526384370018e-01,1.683082684967013576e-01,2.103983320237366450e-01,7.749563053717641037e-02,-3.589485235761126491e-02,-7.053895919955227578e-02,-1.113504691209491887e-01,-1.285533734442328947e-03,-1.643352791583104211e-01,1.098412256257721709e-01,-2.492060878237179478e-01,-2.915603420907865728e-01,1.383019351842834366e-01,-1.381917347087285308e-01,-3.159884366989504367e-01,-3.435319623872297723e-01,-1.942155919079734394e-01,-2.923886129362366360e-01,-6.824793962360903646e-03,-5.349368374853662456e-01,-3.945147246147401310e-01,-4.456131724224212109e-01,-4.471979984061569269e-01,-4.431150888966528534e-01,-3.224438843096391061e-01,-5.793122580448504255e-01,-4.101615719871531951e-01,-3.941590072864781247e-01,-6.034406024663554469e-01,-4.103234509704235533e-01,-5.429066327704370476e-01,-6.354881148466091645e-01,-4.739350838247804454e-01,-6.538009381821240362e-01,-4.743589383347221466e-01,-5.884306306639682793e-01
3.887044346457391719e-01,5.940626673585894801e-01,6.303046027399644702e-01,5.884237892762536060e-01,4.637432623233979645e-01,8.204560869164947423e-01,7.196140102870087762e-01,4.444086595855537003e-01,6.626500852316435930e-01,5.196291718608231358e-01,5.677507864718804864e-01,4.194423922819446870e-01,5.726008060282933299e-01,4.818242318989525153e-01,3.948699176692664348e-01,4.361872080667533735e-01,3.422624124602670070e-01,7.055626623187924440e-02,5.148487778578586527e-01,1.828739038769194858e-02,1.094829598652247993e-01,2.377534929809750341e-01,-3.265536378867452821e-02,2.102780025351281556e-01,1.826213560413558756e-01,2.737052445327864403e-01,-1.088901473113274704e-01,2.226322976691416655e-01,2.581449383631069794e-01,-1.691615891903567592e-01,-1.772229994021653210e-01,-5.569200047401593606e-02,-1.212899157117607041e-01,-8.489794812784248745e-02,-9.018425563387244548e-02,-1.785582869751077550e-01,-9.098212888439891066e-02,-3.073169670454801161e-01,-2.610792333222799466e-01,-1.529804007425003554e-01,-3.896212893618381523e-01,-2.282622236672139093e-01,-6.661533296816464222e-01,-3.699148124988033692e-01,-3.654210141491488484e-01,-3.345326670659352075e-01,-3.836978377529881024e-01,-4.714013052629665301e-01,-2.587702648283875528e-01,-2.406010966392377048e-01,-4.817046032029214109e-01,-3.068766314847917176e-01,-5.812099103876888773e-01,-4.839874704220009649e-01,-5.184430001794571030e-01,-7.080530904885140586e-01,-7.391804477786239058e-01,-5.034854114969502525e-01,-4.088230285356274085e-01,-4.851287652829096575e-01
6.289367291103191704e-01,6.525127371058715431e-01,4.197992270478391741e-01,1.731778040909335292e-01,6.826337382434661816e-01,3.881244742320952290e-01,5.699528820001280582e-01,5.699857522574152124e-01,5.028530199845561155e-01,7.546068344288188179e-01,4.158026409060098239e-01,2.276383831012172565e-01,4.274398985076321433e-01,4.445521515047648475e-01,5.775715001711505536e-01,1.651358503503619624e-01,3.393164658591895089e-01,1.332701229826991074e-01,7.383997249896757931e-02,2.264632343477936127e-01,4.070564919259541670e-01,2.129965482432857604e-01,2.910595539892941730e-01,6.033300059494666190e-01,3.632714554088768977e-01,-2.481184193826087014e-01,3.923632553766515096e-01,1.711520877474314584e-01,7.984754650840933388e-02,-1.494209757486516799e-01,1.401348922177760303e-01,-1.839728939794037788e-01,-1.277095955970876384e-01,-1.180798202483097359e-01,-1.005431349070371044e-01,-4.070134800231574035e-01,-2.874863364043514502e-01,-3.205686689205660134e-01,-7.219349888172268970e-02,-3.261086384509276348e-01,-6.055248624708357147e-02,-3.920510783803958232e-01,-3.217628150329143177e-01,-4.198572702919111110e-01,-6.009463904354026553e-01,-1.511327359336394616e-01,-4.062665114558450807e-01,-3.607010453864063493e-01,-4.485339950135865950e-01,-3.225501167087084231e-01,-5.102143536216670050e-01,-3.900898729820129196e-01,-2.044107961727238687e-01,-3.351687320820485594e-01,-6.249805299972249761e-01,-4.645084454158907583e-01,-6.162988319321416331e-01,-5.837067342907957812e-01,-3.427109750343932393e-01,-3.939534743264905270e-01
5.271951384864230761e-01,4.570518991396546049e-01,4.732605461010419567e-01,2.171036936934120920e-01,2.636516605131642432e-01,4.009890342249388118e-01,6.441505491012212703e-01,4.863845150937374795e-01,5.185852124339802582e-01,5.178999299255980793e-01,4.475016577396017103e-01,5.206022423830493073e-01,3.396855514055364678e-01,1.318588369573318042e-01,1.505273527620229201e-01,2.571904622982477684e-01,4.422687595131056248e-01,1.058131141981363960e-01,3.224309570970868011e-01,2.572415510417234707e-01,5.442921101826615760e-02,1.393120447060167411e-01,-5.791604975266063937e-02,3.831316736361296826e-02,2.974532625964526611e-01,2.106986389676382687e-01,2.876403783970303274e-01,-1.275654714092276376e-01,-1.540201806865101053e-01,6.532367433026642183e-03,-1.654128229737704125e-01,7.346392509402457915e-02,-1.123587763318930344e-01,-7.537651810480397452e-02,-1.767701683551971548e-01,-1.346572744835003166e-01,-2.122388493223153760e-01,5.395277817960316205e-03,-3.522838119179935723e-01,-3.004490834269002986e-01,-1.877935294369307007e-01,-1.984332889523174048e-01,-4.374568808183892932e-01,-3.976812958004840581e-01,-1.533697332881021336e-01,-2.217819454910262278e-01,-4.023659429507940866e-01,-3.674013676416866270e-01,-4.148410436827430492e-01,-5.197482334077003774e-01,-2.981195391844531084e-01,-4.299397600008220133e-01,-4.267177402684693144e-01,-4.664774480015501656e-01,-6.772951786027651133e-01,-4.680953020996353464e-01,-3.906821356535273848e-01,-4.456918547177700640e-01,-6.277251051307130014e-01,-6.843222328826582546e-01
6.247325234136197336e-01,5.211028771174144314e-01,5.664297870561477710e-01,5.015785594365431699e-01,5.390004491699459388e-01,5.754513807804869652e-01,2.604516110097263026e-01,5.101844706617618685e-01,5.136811294843874887e-01,5.315376955584356633e-01,2.991399813393859630e-01,3.538529315260961483e-01,5.228311749488504523e-01,1.558132639518312046e-01,3.447010667638303882e-01,5.498744420222958507e-01,2.058695070063860100e-01,1.541859066277532497e-01,3.815294309561804154e-01,2.092317868594957830e-01,4.123567925462220951e-01,4.785520692534489529e-01,2.039328237424079260e-01,2.257963087449494921e-01,-4.203958305402714923e-02,1.204849225948852742e-01,-7.596726018219565613e-02,-1.124059429654789416e-01,-2.668766315836211822e-01,1.910142558490743325e-01,2.791078540936666255e-02,-2.511920828363964908e-01,-1.723582760559000115e-01,-6.074051819583430045e-02,-2.926093725959452718e-01,-3.365206858843418636e-01,-1.509464019122354617e-01,-2.744002640516388647e-01,-1.645029453543485343e-01,-2.308019651392517052e-02,-8.577352789564765545e-02,-3.867655940893118260e-01,-1.893114269122190829e-01,-5.924157653008779167e-01,-1.631593474542360755e-01,-4.786037234081891856e-01,-3.021310000358371495e-01,-7.112213348662639323e-01,-4.870707773039140709e-01,-4.680596854565727827e-01,-4.376701859986050769e-01,-7.387052080017818545e-01,-5.805864557899823586e-01,-4.937886828903478298e-01,-5.850004890018821735e-01,-5.158218761609590919e-01,-6.595990606433365100e-01,-6.059619473835031744e-01,-3.054634555605292290e-01,-5.235761909466639663e-01
5.188429943742244310e-01,5.098333935331906819e-01,6.379955937646617503e-01,5.953013194250148521e-01,4.548459928340736758e-01,7.043818510631183472e-01,2.286223536557959179e-01,1.744852245959638559e-01,3.985629930128268272e-01,5.403968674211168111e-01,5.452755779363054334e-01,6.222392673687748843e-01,6.815444584401585404e-01,5.976923910774084581e-01,2.645814733395558394e-01,3.672814760883937324e-01,2.465600766606255712e-01,1.411507790196509238e-01,-8.249053407691721296e-02,9.552029588098237545e-02,2.179935408906798489e-01,2.578652231121101451e-02,9.995204679189472613e-03,-4.137142425228237941e-02,4.330100107900629602e-01,-4.531960968914221233e-02,1.107930804304838174e-01,-1.811184971099761842e-01,-3.991560926646930962e-02,-7.595600787237866136e-02,1.334210036246681330e-01,2.857520753838641570e-01,1.754878461591511535e-02,1.700116127885832606e-01,1.874083568147576762e-01,-1.582204373961920152e-01,-1.175275438121105298e-01,-1.352802228343710778e-02,-2.772469073848989329e-01,-3.058585935968899383e-01,-1.954161226770719240e-01,-3.292554719868000523e-01,-3.781949715929580624e-01,-1.913061431874011897e-01,-3.598325635733658490e-01,-2.232324236352576374e-01,-2.585004080213473832e-01,-4.609409452659436468e-01,-4.393717448418540950e-01,-5.784061846609180879e-01,-3.673438461150717593e-01,-2.980658686448259820e-01,-5.484771335215514743e-01,-5.131660090869456514e-01,-3.847445819291724356e-01,-4.250208736672969612e-01,-4.797090012096606459e-01,-4.888183670397433511e-01,-4.552055139970900832e-01,-5.569738341279546479e-01
6.020378066048375221e-01,5.454539674979053121e-01,3.605860578625001978e-01,3.348061445222537125e-01,4.126575360214378985e-01,3.067445978966910070e-01,3.677399965291019979e-01,3.149519629096304563e-01,5.370712101537555849e-01,5.356879814331965139e-01,5.324507010895627168e-01,4.949308543123331350e-01,4.904238134402462146e-01,6.342442553476559386e-01,1.306010141352423604e-01,3.390527200734683722e-01,1.222084468415869096e-01,4.330481988952040728e-01,4.454786126873083174e-01,1.163910497472676608e-01,2.653611225395405282e-01,8.559316294420962756e-02,1.394512784353804657e-01,1.785097915049403405e-01,2.861562145176942407e-01,5.939594789920547152e-02,-1.525589932818764705e-01,5.666966662113406134e-02,-2.064820499878118262e-02,6.394619609187239540e-02,-3.399039003584322094e-01,4.077179815043190103e-02,-8.927681217046909423e-02,-1.644744218070232078e-02,-1.508285930649777562e-02,-2.282386232776878465e-01,-1.354903203643931797e-01,-2.823851522834505690e-01,6.374619266833302100e-02,1.413137149913127055e-01,-5.697805302996352683e-01,-4.983681393480415278e-01,-3.156634671973261308e-01,-2.816129876927509490e-01,-3.267704451486565520e-01,-2.392065605196826428e-01,-3.577231120745300030e-01,-3.006991866488387122e-01,-3.032725211260980380e-01,-3.680260133337788786e-01,-4.581707366359626943e-01,-3.962993746133871009e-01,-4.725050074166788905e-01,-4.910858031052907080e-01,-5.587324582954412699e-01,-4.199253856309945188e-01,-6.745153465710712615e-01,-4.794643728014903461e-01,-5.033084283176934015e-01,-5.596994809042827868e-01
4.256367490577087631e-01,4.656880339321534668e-01,7.774625832108912338e-01,1.940170369445206044e-01,2.878394513927441389e-01,5.060843225021023351e-01,2.464733319756377550e-01,4.644017322985781737e-01,4.866890447310368017e-01,4.699342097678019248e-01,4.854295083514458820e-01,5.115553480572436751e-01,5.120805245680910556e-01,2.453920634665718858e-01,4.134046379486465139e-01,7.035707271857472023e-01,2.953393251026032451e-01,2.940508412890044943e-01,3.216156939327302622e-01,5.014800317960260712e-02,4.057579295229961081e-01,2.565743773457104110e-02,1.983994836869190370e-01,4.678511443685081650e-01,1.068941712721276638e-01,2.240470496960066948e-01,1.462771078713920869e-01,2.000887105677152389e-01,-1.979669570459615113e-01,5.747279761950416926e-02,-7.615538823592679640e-02,-1.045084292029426071e-01,-1.902926611015907099e-01,-8.120371049645112166e-03,-3.289063416687169616e-01,-3.792880500591969128e-01,-3.116597232250434835e-01,-2.379058198027539928e-01,-3.203853241054367973e-01,-1.540739378935605808e-01,-7.801167324983135365e-02,9.117842131870239342e-02,-3.876079154061926046e-01,-1.860729230090139297e-01,-3.822414683757658360e-01,1.333332494292541193e-02,-4.265801464036980128e-01,-3.537649715942834949e-01,-1.972920989206627396e-01,-3.026816356809463038e-01,-5.630086477980604798e-01,-4.944250888408052158e-01,-5.743918621014114656e-01,-4.017980367568219080e-01,-3.160654452740891407e-01,-4.752604668869420124e-01,-6.227678460185072096e-01,-5.757535111240397185e-01,-5.420059707635017654e-01,-6.197577642236130613e-01
5.816445772311775730e-01,5.630126239533193022e-01,7.361908181011816987e-01,3.948875476212662106e-01,4.079223653583960996e-01,4.866688461818699518e-01,6.084444509772646281e-01,4.110838845941168773e-01,5.365099467843583714e-01,2.750698729049599889e-01,2.028374113949125701e-01,3.608212669753554924e-01,3.575879612596101209e-01,5.248090531439151274e-01,3.800529479958691392e-01,4.492131932486377599e-02,3.923987514166510371e-02,1.819762127856640599e-01,2.192139551278743104e-01,1.083618847563369847e-01,2.600192976922817700e-01,2.489820968098585552e-01,2.537988853831036340e-01,9.366540762879096982e-02,1.445895476882012309e-01,1.586922718511399322e-01,2.314032926295856163e-01,1.428735977656020728e-01,5.498269156757176063e-02,-4.066138792287978670e-02,-1.969617795885877237e-02,-4.894018468111847042e-01,1.059869210534244849e-01,1.716563544879648184e-01,-2.824489350649754260e-01,-2.873206975923407458e-01,-4.193783291122621208e-03,1.352201394131220535e-01,-1.821405403830611558e-01,-4.678381673745263258e-01,-4.125451596070407456e-01,-3.413580191118282814e-01,-1.965072731230638192e-01,-1.718032157645202618e-01,-1.425481855079040704e-02,-4.665721239416872335e-01,-2.194097033296417698e-01,-4.607529559735961122e-01,-3.377273029947768235e-01,-3.797067517061183950e-01,-3.090938512723070408e-01,-4.120295067683075740e-01,-4.034210194072931910e-01,-3.518909511280372548e-01,-6.693874624428250986e-01,-6.596004158286474794e-01,-4.488362674162170163e-01,-4.545051419605317666e-01,-5.817306709403147202e-01,-4.600033416144436171e-01
6.774408503163426021e-01,4.299294189848629211e-01,3.221149041133347657e-01,2.764390814537561747e-01,5.485971051464819670e-01,4.365730131817328052e-01,5.702005275610479984e-01,4.646887603576450587e-01,5.564563845011674115e-01,3.745186155220831536e-01,2.749060224745829561e-01,3.908542421822702173e-01,4.398892849393466475e-01,1.188172304784915756e-01,4.044666715254575107e-01,9.591753043901236897e-02,4.890926616811351879e-01,2.646078897817499831e-01,1.615081726914398830e-01,2.803308334569350468e-01,3.331585517189115109e-01,3.511124314172912597e-01,-7.284138301402318105e-02,1.874185915497780519e-01,4.040177469313562808e-01,-7.482086047019417818e-02,1.588901846326244982e-01,-1.005220381399177521e-01,-9.321240119117792100e-02,7.100061400880974642e-03,-5.633393933108323676e-02,-1.433950429097865520e-01,-2.852207066033097815e-01,-1.335022251950059857e-01,-2.463842100076475694e-01,-2.304383053852169377e-02,-7.604647392821270446e-02,-2.387096416081612438e-01,-2.148983477450110841e-02,-2.103524904796826855e-01,-7.359950062594038112e-02,-1.833368069830504932e-01,-9.483163484901070694e-02,-2.531696210663987312e-01,-2.898039982621388733e-01,-2.063054467511190870e-01,-1.719920659270312568e-01,-3.238614793804102110e-01,-2.304478165777707199e-01,-4.264589624873870721e-01,-3.525826349133424076e-01,-3.916515486407571855e-01,-5.334716803901761173e-01,-4.943795929424613655e-01,-2.822236364484109750e-01,-4.473605937598531535e-01,-4.494531856834564354e-01,-2.353538704529761494e-01,-3.922509899132187727e-01,-5.169257997877692024e-01
