1.816303219921341638e-01,-7.552497001633116935e-02,-2.781524589283466131e-01,1.759770849033323870e-01,4.790969272246654032e-01,5.780701885270796980e-01,-2.502910749565495085e-01,2.636335693220996368e-01,6.028598256216665119e-01,3.977635187548245743e-01,-1.998908458746449790e-01,4.007872688639489422e-01,5.240842753016741185e-01,1.923059289000192684e-01,7.678373972399995528e-01,7.790069938991027731e-01,7.419635991991758717e-01,7.369142929797778407e-01,7.388010907154988205e-01,5.847852429844628830e-01,7.674984196772928202e-01,9.119673841088165034e-01,7.923531438786524106e-01,3.933696709166405459e-01,8.214186412085503486e-01,6.807602562190683271e-01,5.021610584357342200e-01,9.610053291338164216e-01,9.731684437330194726e-01,3.386116002423676385e-01,-5.782875352108344247e-01,-7.265840575358617492e-01,-8.161960290052797662e-01,-8.394213602036013633e-01,-7.813963512738006933e-01,-6.064056862259018521e-01,-6.174214680957947898e-01,-8.049333206823993114e-01,-5.429708534755647298e-01,-6.421359655267216970e-01,-5.346848037707268020e-01,-2.466582579471955083e-01,-7.928559405066742949e-01,-7.270168302416929462e-01,-6.949028337797767962e-01,-6.380959975439710608e-01,-5.245199644138129891e-01,-3.651066037516383367e-01,-7.126382980725361194e-02,-1.793010412300080902e-01,-5.383415962075853711e-01,2.776459556801395556e-01,-4.975045608683050236e-01,-3.759137741386511106e-02,7.054092692598401548e-02,-3.481109466055632429e-01,-4.110714733387144104e-02,-7.235751762295766776e-01,-4.860277964603444967e-01,-2.437939830812176634e-01
-3.843408048718938846e-02,1.346521739342109170e-01,3.869939578893901166e-01,5.598705851728724703e-01,5.270076508674451793e-02,1.484305626960240321e-01,-2.799630930526862405e-01,1.297180223674463950e-01,5.330644236185625440e-01,3.472612241182144177e-01,9.376628243057234802e-02,4.328575423579969494e-01,6.121932235601945660e-01,7.577594024186867783e-01,6.817698236739616613e-01,4.366694727005850929e-01,7.311872768624935182e-01,4.259430780581825449e-01,7.795254046809287907e-01,5.518928965428655520e-01,7.557737036210521175e-01,7.742988361350900961e-01,7.642797096543477720e-01,2.486178432431826180e-01,5.172513753123469948e-01,6.993919465119858847e-01,6.095745304750876947e-01,5.499691598135569848e-01,8.060058560663631022e-01,1.989188427115692326e-01,-2.118460396024257342e-01,-8.060370423544310770e-01,-9.533988525804241165e-01,-9.815028388892081956e-01,-7.865025366422598863e-01,-8.093211558696090657e-01,-7.239932164129423420e-01,-5.333962287482258979e-01,-9.165953831380857508e-01,-8.035093969443281026e-01,-7.689738880530336829e-01,-7.476496487424831860e-01,-8.863185038872406496e-01,-5.250439482337321273e-01,-5.736838653552426281e-01,-3.753609633046305905e-01,-5.718044229219637620e-01,-6.159574812539383437e-01,-1.125976286128731879e-01,-6.233942053896036617e-01,7.069523593184361132e-02,-3.291257319494634848e-01,-4.861457920706473423e-01,-7.897841850871548663e-01,-3.184880325768719711e-01,-6.285496557693983632e-01,-3.558170732232792677e-01,4.358600403711163640e-01,-4.970175817840947197e-01,5.592974427395528414e-01
2.361133022376467328e-01,2.812414339737031102e-02,6.586952568673328789e-01,3.790285364359600173e-01,7.807652622770079320e-01,1.710360613100473659e-01,1.291554990323409424e-01,5.160241765016895243e-01,6.116989393796133934e-01,5.224849605762459381e-01,-3.075393260210231294e-01,5.847678168860527270e-01,6.009619698698174250e-01,5.448823196233670840e-01,-1.926279994773682225e-01,5.468480213565464210e-01,8.166029475963029194e-01,7.816828173759245990e-01,8.277698808044919865e-01,6.403818944834701599e-01,7.861822688591330044e-01,3.630967910951866107e-01,9.612406594949692018e-02,6.656916393334317839e-01,5.476841655079210947e-01,7.104189214981997402e-01,6.718031795863739219e-01,8.649950401295347646e-01,5.532302927413477178e-01,2.330320400063410624e-01,-5.813906991659501672e-02,-3.784974861369252430e-01,-8.684982391002490365e-01,-5.541514137599018452e-01,-7.115389283847465274e-01,-6.420722777192610087e-01,-6.744945706538052477e-01,-7.287785020370058930e-01,-3.580689847039397189e-01,-7.675411584292605172e-01,-8.280849617895053028e-01,-7.067037468562968883e-01,-7.369545524537515213e-01,-8.348194027124472560e-01,-6.986526163680357726e-01,-9.308221647033839696e-01,-3.094225866734089947e-01,-5.952942971858519172e-01,-3.280149061871034388e-01,-7.722440910665097080e-01,-6.157170570215388938e-01,-4.144153163326251832e-01,-7.977598738795455002e-02,-5.980130036586525089e-01,-1.718784449238601741e-01,-5.423420767264039988e-01,-4.620091697023631094e-01,6.273490883277565988e-02,3.850951463485433046e-01,-4.139849616516967923e-01
2.248577430421439260e-01,1.101728777253585534e-02,5.867415518372851579e-01,5.456093914794789557e-01,6.403977366554979289e-01,-1.415382707213933867e-02,8.156324459224051360e-02,4.476367245135881578e-01,5.317685508601339706e-01,6.211630186594949699e-01,3.687119797457812376e-01,2.252283842000989689e-01,6.501176117475814253e-01,2.433478239873740900e-01,7.825820799538467654e-01,6.371960987985526570e-01,7.258324662158495144e-01,7.430455336262155042e-01,7.539765703685161746e-01,5.697545578764047214e-01,3.495056213811473245e-01,5.218843727882105377e-01,5.593131929580169581e-01,6.395229702892589740e-01,8.788005146814624746e-01,7.565860609144939852e-01,2.229213700247633378e-01,6.029911932129438101e-01,2.479451651332718332e-01,-1.604248740172697363e-01,-4.467962054871373739e-02,-2.174281135317361058e-01,-7.214429623680116421e-01,-8.563201476211937946e-01,-6.749263101746570959e-01,-6.836520955430930302e-01,-8.253308561178457348e-01,-7.378875569567669990e-01,-8.261818354186251101e-01,-7.557429413828979925e-01,-1.209577131770194908e-01,-8.142143404455283173e-01,-7.895495246920885002e-01,-7.479565160341968832e-01,-5.996835893266421191e-01,-7.797689968940075822e-01,-4.555810965292462211e-01,-3.059330605626462973e-01,-7.307414568216140660e-01,-5.577155460382355878e-01,-7.162366569209183131e-01,3.392298011070837283e-01,-2.162770739135510822e-01,-3.316126318514157068e-01,1.092254920339650638e-02,2.119474531108280491e-01,-1.534353274925712440e-01,-2.469457544267731619e-01,-4.485252421510095844e-01,-6.411630255953768565e-01
-5.741281054030326209e-02,3.536286799998479835e-01,8.431359743096691339e-01,6.147556561018516774e-01,-5.655197275277908942e-01,-1.981643350415191185e-01,-1.118841864386694168e-01,4.034297505509434334e-01,-9.619287357733495580e-02,5.377661169005327757e-01,6.717023446645772333e-01,-3.682078319694288004e-01,8.704036817800915316e-01,5.203289971492462973e-01,7.340618809865544492e-01,7.269431228521541222e-01,4.189886699456697450e-01,7.469809745266001721e-01,3.660519197379771827e-01,3.092931395903993352e-01,6.102563643681826466e-01,6.562495153934067016e-01,4.138148084148309258e-01,3.584912474754584633e-01,1.423426427316259735e-01,7.660806552970337302e-01,7.938420561819525823e-01,4.048310420186130298e-01,5.551370943957242288e-01,-2.604316088824101035e-03,1.957268812854969786e-01,-2.230930213045580202e-01,-5.691769000519538713e-01,-7.938589145949358494e-01,1.897710973330761150e-02,-7.090721108285483743e-01,-7.599010226807089152e-01,-2.333627465060957862e-01,-7.047172899598157514e-01,-5.096434734670758360e-01,-8.826344562569211627e-01,-5.124472431145787876e-01,-7.739226839344820474e-01,-4.897239991794248293e-01,-6.291178570848848794e-01,-3.864836833294744700e-01,-6.140099435210367718e-01,1.472717288550719761e-01,-7.483188725465922397e-01,-4.947790831495637032e-01,-7.427026915143623009e-01,-6.183865125066091428e-01,-2.036388774814933689e-01,-1.356409924039492509e-01,3.276062127453349682e-01,1.939087292359811532e-01,-2.581840645015976432e-01,8.525985344362541074e-02,-3.591746288862391889e-01,-5.603673284935600796e-01
3.562583519322360393e-01,2.325400687656251908e-01,1.387280014302173237e-01,3.576693366238820615e-01,3.093453327813244225e-01,1.645169628165192577e-01,1.007100206770377010e-01,5.637504272515662107e-01,2.064978398789486802e-01,6.855848863034089691e-01,6.052827948503841649e-01,2.824641005047663911e-01,5.064546997291464736e-01,-1.728321177932735653e-01,4.384043449136987292e-01,7.903137493211871423e-01,7.100716573766464590e-01,6.963933135814529551e-01,7.376251093904028222e-01,7.533024825822826065e-01,7.026936705107362791e-01,7.598851831444658478e-01,8.987789635510643471e-01,7.804787100996194438e-01,6.057907311257825222e-01,3.884876853969869148e-01,6.591672463713805774e-01,4.376331996486939602e-01,3.634112569179592245e-01,3.392317130934209835e-01,-6.605852864560431137e-02,-2.373112582619243682e-01,-4.358161318036139487e-01,-6.726728551440627202e-01,-1.347814510151043033e-01,-3.173724118062037913e-01,-9.278189413149732223e-01,-9.328212558727542181e-01,-8.210835155624476300e-01,-5.803346635519368579e-01,-6.901481794205027720e-01,-6.265678752557942710e-01,-9.047665067788751569e-01,-5.092068424645336266e-01,-2.077568304140519351e-01,-5.262629406500222151e-01,-5.549967044503202329e-01,-1.167063836793777454e-01,-4.072634522625815379e-01,-5.084197065492024326e-01,-6.471018407511126835e-02,3.075001464033481624e-01,-4.005851805832205126e-01,6.333462387912126845e-02,-1.812119399854996982e-01,-4.683047342417970271e-01,-3.775354251798541116e-01,-3.021911042910199741e-01,-3.134352293620017438e-01,-4.634779570775875435e-01
4.650565833454441411e-01,3.456418678744712092e-01,1.942915002060292551e-01,1.232918829717053605e-01,3.497235902198922441e-01,3.618924062932908914e-01,7.873920872284504435e-01,-1.763161826293717926e-01,4.657768338744135844e-02,7.249361635087453459e-01,2.926292957621084434e-01,1.873376576106080271e-01,7.120456219825191946e-01,5.299697351176443361e-01,5.490236077026123818e-01,6.573765111667945193e-01,4.793571186007299367e-01,7.199025436001323941e-01,7.249184702214058751e-01,6.286043675217839466e-01,9.566558600608781049e-01,6.091057443365844870e-01,5.136278711703007316e-01,8.830704506383177943e-01,5.856815184375789851e-01,7.411682825841451328e-01,5.763388594414629029e-01,3.224204011635726785e-01,3.149026583644507493e-01,-1.777899387350853344e-01,2.017775136439763431e-02,-4.931567849946491555e-01,-5.578037527558761255e-01,-3.484602702579249756e-01,-7.443574731076726403e-01,-6.549783980836608732e-01,-8.614683753383060028e-01,-6.813930668102097243e-01,-5.835126624764036540e-01,-9.646603789092703662e-01,-3.453111171470017449e-01,-7.532334685371205873e-01,-2.843355052531174598e-01,-6.336097952101445996e-01,-2.266617857834066774e-01,-2.827818409741870709e-01,-2.686176991962928029e-01,-6.155104416885278651e-01,-4.841111086787612261e-01,-1.728192212567554176e-01,-6.785390544500854437e-01,-4.422967765908150106e-01,-4.982967671964327327e-01,8.497018456549650101e-02,-7.253072569290112126e-01,7.074446406578871471e-02,1.613812215254213367e-01,-9.217536569660877976e-02,-9.827439760629080867e-02,7.011587296835966043e-01
2.760345913874458559e-02,-1.058334051913201734e-01,3.308430810628769092e-01,-1.084077653488473986e-01,1.272913369979733478e-02,-3.162302357821430293e-02,3.054462810451343269e-01,1.634978906566471879e-01,1.256185477147946650e-01,4.734159743079094373e-01,3.674643940334480496e-01,4.078244961631264931e-01,-4.293842705014581651e-01,5.125576683845132209e-01,2.402210009310053740e-01,1.943408304647331886e-01,7.878296607847367072e-01,7.775053595727915434e-01,8.237487908594159913e-01,6.046166582460018590e-01,9.043475808997945009e-01,3.810978320354195259e-01,4.348046334206923103e-01,8.546043048385877361e-01,7.738009038740778500e-01,5.667440249159364507e-01,3.438581521566283494e-01,3.494505651294077531e-01,1.360387048995672643e-01,-2.889094658060246609e-02,2.799804562789423024e-01,-8.810919989590508539e-02,-1.174843661527885524e-01,-4.366470759247133571e-01,-6.519799790729140510e-01,-2.935107951873153209e-01,-6.032905882962743549e-01,-6.877347017609758417e-01,-6.756018549636201298e-01,-8.732403535565874675e-01,-8.412022379615567980e-01,-5.568613119578041948e-01,-8.207692115956000123e-01,-2.342677621126474374e-01,-5.743152134640002737e-01,-3.781267657583129993e-01,-3.960823454513468511e-01,-7.701856288727310096e-01,3.660568631029936792e-02,-5.329677223728940261e-01,-2.268924842359959226e-01,-5.380119254222758274e-01,-2.028426573859216653e-01,-1.973521929267951502e-01,-8.588304188821371810e-01,1.299735285083944147e-01,-3.285044819333933774e-01,-1.862382140809196729e-01,-5.253626377223408195e-01,-1.749038246588191514e-01
1.070816026287666062e-01,-3.925223471961360455e-01,7.101068006502946062e-02,4.547505377854355602e-01,5.012765780676106120e-01,2.318417208419686071e-01,6.330700094764952768e-01,4.416941550567310415e-01,3.613697933989281630e-01,5.977313983485695870e-01,8.220789095026556081e-01,3.511151313706009636e-01,5.185280691346121351e-01,4.979004801791521717e-01,-4.372005981066351410e-02,4.618678253221639718e-01,-2.881421649389732109e-01,6.527234760652912415e-01,9.093735239197626719e-01,4.944830407636788827e-01,8.373108346617588182e-01,6.090468962317842072e-01,4.131767015203867133e-01,7.796032682990968743e-01,2.755191810284686738e-01,5.697783567371413893e-01,5.433939710070041507e-01,1.876563786189292815e-01,-2.403722443279783863e-02,-2.951255883825877890e-01,-1.717068767129928675e-01,1.337435599881672543e-01,-2.044259220648118047e-01,-3.943022807854963396e-01,-5.648034952439245915e-01,-6.981992715719966824e-01,9.900155511480034087e-02,-8.749928619511226913e-01,-5.874487999879769440e-01,-5.043288978855650084e-01,-5.053014856056897708e-01,-4.925759068695099718e-01,-7.201886283717054971e-01,-3.471096336296784490e-01,-4.316884804854698721e-01,-6.357938406634345840e-01,-5.443332627661119361e-01,-2.645882573085562850e-01,-5.107240540320927558e-01,-3.802295922636829140e-01,-1.804654503274879251e-01,-1.837759072010111405e-01,-5.865876245798585797e-01,-4.989283503974671352e-01,-2.761528114429415148e-01,-4.041971513653323522e-01,-2.350491511596229932e-01,-4.751277474568291193e-01,9.156908634453671259e-02,-4.702374191054854990e-01
6.457914874049985876e-01,-5.877126253133999750e-02,1.296563165512749360e-01,7.210270002345432472e-01,6.923035188673828388e-01,-3.054246941053530562e-01,-2.918182484615761130e-01,2.188257690055644966e-01,-3.277152457032502658e-02,-2.717657571617030920e-01,1.680314690374791866e-03,3.072048975880195543e-01,9.017211117670288767e-02,4.575735258209769896e-01,6.098466769174636370e-01,4.696375369702521785e-01,2.352234793956846926e-01,4.029589367297248259e-01,7.281983250089224535e-01,2.751507054638305250e-01,2.039927375238654861e-01,8.378153218165428351e-01,8.312317630523905487e-01,5.795558866431403944e-01,6.996937742047913966e-01,5.633497181539078857e-01,4.643683707704811536e-01,2.914250812286264813e-01,4.698410295606307296e-01,1.010369954905380868e-01,1.231699698139159804e-01,-1.883705937997571800e-01,-1.865044543392269105e-01,-1.441161210349878874e-01,-5.809490216081294456e-01,-7.049528029483047575e-01,-2.679488071844662311e-01,-7.923774861450706419e-01,-1.074054236166780002e-01,-2.736854803564655048e-01,-6.576923242823601301e-01,-7.174654119975976130e-01,9.962412003814091754e-02,-2.040466457610219386e-01,-7.484642025162898671e-01,1.814038844156720953e-01,-3.255228067343264864e-01,-8.152689021912133960e-01,-2.177241425786536899e-01,-8.671813634678034177e-02,-1.639022067810481376e-01,-6.427854135947624892e-01,-6.665383188689680827e-01,-5.665852581270042210e-02,-1.821122318473018253e-01,-4.312816526078709356e-01,-6.275036005948327889e-01,-3.664387189581850279e-01,-5.831227556788266542e-01,4.262960453901311060e-04
5.678919880023438616e-01,1.086733025519400764e-01,6.949558060168191664e-01,1.125485098652960342e-01,2.598241523889728288e-01,2.834318905047190640e-01,5.210869876410707535e-01,3.188028342982540120e-01,-3.959988860099012409e-01,8.669902343544351464e-02,1.520229026173684772e-01,4.562047580506348871e-02,3.496738561076985774e-01,3.976811734536160430e-03,3.781102674395559471e-01,5.663618770814882186e-02,3.234522768931522019e-01,3.254193208951329797e-01,3.172723554690096148e-01,7.748402791614502627e-01,8.134964123049540641e-01,-3.313209964694793785e-01,2.397295283985295400e-01,6.791106813290284094e-01,5.650992637339432578e-01,4.102307684069357308e-01,4.867734797478583952e-01,6.386243469229498926e-01,1.637472006192644824e-01,4.463422237758317146e-01,-1.514536518219195271e-01,-4.847558185788898855e-01,-5.632609183688078724e-01,-2.109944038463628935e-01,-4.572016223067127405e-01,-4.639567303505895968e-01,-6.548231036793888959e-01,-7.514363542942059659e-01,5.801815634032558150e-02,-6.712020423087685650e-01,-3.096980731967982070e-01,-5.925056265154126089e-01,-2.145106129125168015e-01,-6.969406055579683290e-01,-4.937283749155725876e-01,-1.981127567751288510e-01,-3.197220099482534494e-01,-3.714616694896735183e-01,-6.344208265111735134e-02,-5.919088974531704350e-01,-5.178673211336108917e-01,-2.091981202284827202e-01,-5.535422104295650847e-01,-4.477225205990588708e-01,1.557633956423437604e-01,-2.785422725289201096e-01,-3.618743759916402958e-01,-1.394553199327152604e-01,-3.291247952409118716e-01,-1.070114333173823734e-01
-5.039461805189294763e-01,-2.204728323250853272e-01,-8.368739078831902711e-01,2.376576198585900468e-01,4.436778522801057001e-01,3.195127422638363579e-01,-2.509293648405732102e-01,6.406180756269615195e-02,5.243107014555997702e-01,5.060635908820346751e-01,1.958214826515550511e-01,4.763071029724820771e-01,1.767215190344999520e-01,1.805306342448174117e-01,4.231554309338006470e-01,-1.583403296440397956e-01,8.032838982285288310e-02,3.477106785132499378e-01,4.407950366936363440e-01,3.643724660368437562e-01,1.480122934980165894e-02,-5.168140551948437363e-03,2.584284239276397055e-01,3.125154296214501665e-02,7.227439340596809592e-01,5.077329671048511628e-01,2.076707665882996101e-01,5.782099539820702988e-02,-3.800287327831750050e-01,-8.724051205777207108e-02,-6.240201098240081290e-01,-3.103030140478213461e-02,1.755874672747337328e-01,-2.592153060277307408e-01,-5.674116496019904199e-01,-6.161516675244543828e-01,1.100544729616753786e-01,5.967964911953810292e-01,-5.395265230820880387e-01,-3.006494714148504888e-01,-8.148602249206405856e-01,-6.807473586184809022e-01,-3.822757241283163965e-01,-5.236217775752530779e-01,-1.931693248737149649e-01,-5.479924081290790117e-01,-6.727990096141455156e-01,-4.828353049746250125e-01,-4.281200621360365388e-01,2.247305087472469542e-01,6.070086871743943929e-02,7.230481219613853205e-02,-4.639839439266307819e-02,-3.714484956124967652e-01,-2.387542102381493281e-01,-5.752413500615171094e-01,-3.707413449343130440e-01,6.259837562552129919e-02,-6.303415791207137575e-01,9.909425580389112642e-02
2.493226598409966910e-01,5.670535394985617428e-01,5.063720557823887525e-01,1.197560604447430316e-01,-3.109172836132515980e-02,1.107853256018943994e-01,-1.251389615522563725e-01,7.077380054274330645e-02,-4.877935666222824040e-01,-4.148054686595163514e-03,3.029314255339137785e-01,3.713729928012521886e-01,1.171063198232341618e-01,3.768295047241854157e-01,5.852587913054698721e-01,-3.632500189755658582e-01,2.185287570264342616e-01,3.431459930526021274e-01,2.309514848666738007e-01,-1.526481848994428424e-02,7.044302063274909820e-01,2.331463872680552551e-01,5.924372110902426103e-01,6.302597060666875750e-01,7.430566152185150708e-01,4.366783661210225098e-01,4.549279508714408338e-01,3.355301952278175182e-01,-6.649541477050695086e-03,4.188015122103323495e-01,-2.587513370199410745e-01,-3.479988489703741972e-01,2.363931587624171493e-01,-9.368560135353147522e-02,-5.367050273426903217e-01,-2.931048001963332261e-01,-2.271432773025701957e-01,-1.629775834309154792e-01,-6.652412175369469827e-01,-7.067006603853078772e-01,-2.115888208475764365e-01,-3.483691030381276810e-01,3.911399199616007877e-02,-2.427045554614954970e-01,-3.037080865800294016e-01,6.394785261363575835e-01,-4.207870998472582613e-01,1.537320909946987557e-02,-6.306958844382873908e-01,-3.223785122424587812e-01,-1.230898896741244863e-01,-4.029846672833030108e-01,-6.604094416676073998e-01,-4.524972027967086863e-01,-4.839875725879674295e-01,1.314292910608316767e-02,-4.726920718940904459e-02,-7.315895982250917307e-01,3.584478279527977818e-02,-8.331221126672559985e-01
-8.731613569771116967e-02,1.606343554218951919e-01,3.764086344649730798e-01,-4.792543884233022022e-02,1.595886149077684057e-01,6.315172457632490799e-01,2.941238401567273786e-01,1.644263169615210393e-02,2.624613150914949511e-01,2.150479509547583989e-01,3.012375512134997727e-02,6.100136872841954716e-02,3.088475395377986432e-01,-5.284410377402313230e-01,-1.759058752677945536e-01,2.271426308010339179e-01,-2.061348923250268805e-01,5.876310523780112760e-01,7.094491068736159811e-02,2.026451976242754360e-01,2.242696911799277881e-01,2.828749610245221979e-01,-2.486249388716189335e-01,6.047221769176497341e-01,2.278225178720638677e-01,2.462123444755577317e-01,3.264884365323805215e-01,2.586541793512670551e-01,4.454941813695641878e-02,-7.699914582502824512e-02,-3.539153046690994286e-01,-2.381216541894188021e-01,-1.260349033827039278e-01,-7.360055663708822138e-01,-5.299160612664219894e-01,-3.558560728813640606e-01,-4.618186221930468682e-01,-2.211754310396001344e-01,-2.980838701388600076e-01,-1.255780529516582200e-01,-6.669037007468903155e-01,-5.839676013246324349e-01,2.650386515344152483e-01,3.109759445898344077e-01,-2.500987388024169533e-01,-4.843666260998435447e-01,-4.342566272760452900e-02,-8.835937408909634583e-02,-3.832322464844737375e-01,-6.101980128887263266e-02,-3.170416860735889020e-01,-4.306637882756989555e-01,3.614725390048024178e-01,-4.628481539500552966e-01,-5.062744268386631941e-01,-1.460434249999719991e-01,1.120764726676728579e-01,-1.672497142535029069e-01,-4.676637494526112437e-01,-2.857612756423009714e-01
4.492014630127167396e-01,-1.224189687630431317e-01,-1.369279809716606178e-01,5.856149224552470445e-01,2.102490771291664340e-01,2.461528794834314249e-01,3.342827393715264717e-01,-1.706707408150983166e-02,5.125803973948643844e-01,3.021184615645209348e-01,5.637492898009480724e-01,5.675627696555052282e-01,3.539998148013696611e-01,1.735228816157134146e-01,2.873464704070387010e-01,-1.868685993888913321e-02,-3.782673934718035896e-02,-1.699874629231158674e-01,1.183362576219221252e-01,8.248523597629997539e-02,-4.454887359629056132e-02,5.301110062464224892e-01,8.548933724757705466e-02,5.764532247693769929e-01,3.952317187275615762e-01,1.609253622367507741e-01,5.469580058843446363e-02,4.559531999387759771e-01,3.383784426978851401e-01,-1.532392729680599752e-01,-2.936762904714321221e-01,1.973115479525504867e-01,1.774909071045920606e-01,-5.944158072842182783e-01,-6.531300940399181743e-01,-7.423006263290957696e-01,-6.469440947696546429e-01,-5.595715034389853182e-01,3.850584796749713656e-01,3.439380578866428895e-01,4.200243149375790797e-01,-6.726333138287795554e-01,-2.064245465193959295e-01,-3.974260791476271759e-01,-3.139116761374714515e-01,-2.934417422180337076e-01,6.062482048413562336e-02,-1.915741243734663257e-01,-1.001933021449303990e-01,-9.758986952861914421e-02,-2.862403386415873219e-01,-5.988836289508477767e-02,1.109796111197794560e-01,-6.202808178470478051e-01,6.051643726404570822e-01,-7.573399552529901380e-01,-4.036829536899733673e-01,6.899354740930063734e-03,-6.455331410598115494e-02,6.332767799814027487e-01
-2.432089192612781614e-01,6.416538897940892161e-01,-4.677304399528752765e-01,9.413237302997475020e-02,4.518055641857679494e-01,7.958483319229466835e-01,4.214754918975571751e-01,3.655724304935870084e-01,1.478904216038643415e-01,-3.049560359634884699e-01,9.265836420091801140e-02,6.486233030032012570e-01,1.398830010391155232e-01,2.768254447440334776e-01,4.849625154703838814e-01,-4.374655942914597584e-01,3.797336930764254603e-01,-7.044719701898648490e-01,3.939700334131568948e-01,-1.354663819979303428e-02,3.124942363001943502e-01,-4.880541926534512354e-02,4.280924685684735498e-01,3.745101702104321473e-01,2.358416521666436561e-01,1.091563399920544297e-01,6.244271162056502789e-01,-1.014466129058224780e-01,4.025487478796652141e-02,-3.440368075743802656e-01,-4.277389681049972858e-01,-3.505563214612257839e-01,1.518334912830947847e-01,-2.870084752558021979e-01,-1.151323317393272844e-01,-3.182618293758868178e-01,-5.532489182379461967e-01,-2.260953874696827182e-01,-4.912066979661234289e-01,-5.226788124451390294e-01,-2.018628408261769758e-01,5.174883626680731874e-01,5.983231673419553420e-02,-1.268755636589980751e-01,-1.499766623032866286e-01,3.785092902925661917e-01,-4.048653220828932753e-01,-7.508742452356260977e-02,3.290708050125317752e-01,3.850371845466122878e-01,-4.622667643131810888e-01,-4.488597138613930060e-01,4.316585673721013983e-01,-3.574945812322850025e-01,-7.217245631801283423e-02,-1.907491698682534376e-01,-2.863385562178976662e-01,-6.595713124562770091e-02,-3.118261921300617412e-01,-6.615973634856828767e-01
2.479193537283869431e-01,4.938548650882779723e-01,1.355905404166611594e-01,-4.301253009995449350e-01,-5.659213912271925384e-01,1.260901134500469201e-01,3.123703104164987643e-01,3.167616818570972992e-01,6.964380538967609446e-01,-6.238135209886519483e-02,3.646302743669967428e-01,8.358070193387345803e-02,-1.528892753018779305e-01,1.521160582379862680e-01,-6.906408394012859830e-02,-3.067616623663079189e-01,-1.429796248633083688e-01,1.015710218091513267e-01,4.187762265260946970e-02,2.075675735639020969e-01,4.779223852014089502e-01,2.522114462677600422e-01,6.196595630160010026e-01,2.885499478114277871e-01,4.944406283042455108e-01,4.156249018071562218e-01,5.161004743677729545e-01,-1.627448209989859618e-02,-4.368257665861959710e-02,-1.129703494488423082e-01,1.898935500578512736e-01,2.520286597050596655e-01,2.199324550067522643e-01,5.417781339941121072e-02,1.180573588122809242e-01,-3.007692217562809023e-01,-5.139538569637007726e-01,-4.663765375559269510e-01,3.044025569462225841e-02,1.268412596735488673e-01,-3.500367027063577829e-01,-1.849476819719499954e-01,2.655060081284506546e-01,8.766340483957298091e-02,-5.217254342101329545e-02,-9.123387349021890858e-01,-1.557914414665399205e-01,-5.339124861242575681e-01,-3.210286116607471429e-01,-1.896201969778459617e-01,-2.639380583159861571e-02,-5.693877220086352997e-01,9.520931092983030142e-02,-2.487894017539827585e-01,-2.648323748371929631e-01,-6.814228710950209766e-01,1.432765458202875097e-01,-5.420622970122533912e-01,3.172463410306669562e-01,1.088530489338632723e-01
2.420322628276303234e-01,1.896917771284925003e-01,4.098227301155283886e-01,2.783575658998253544e-01,7.240530636593206504e-02,6.584069502295309961e-01,6.498919734510238966e-01,5.195665881488018556e-01,1.363851579907451039e-01,-1.214702048816664881e-01,3.627338444161110620e-01,5.614798471742488140e-01,-1.101173874461742752e-01,-3.847202826006690946e-01,-3.672981938500551741e-02,6.743485430997346874e-01,3.940560033955351482e-01,1.264508212962917322e-01,2.022489017809707065e-02,4.112836063935335074e-01,1.562521049015608010e-01,2.790192974392163502e-02,3.495285170271048014e-01,1.444156780890875902e-01,3.730426638381521554e-01,6.515844101275877209e-01,2.632576926903928971e-01,-2.206701883268994899e-02,2.657546420877668347e-01,-2.570289632111888434e-01,-3.243430968008890747e-01,-3.251704522906272987e-01,-2.960765430724471292e-02,-3.621599669453112180e-01,-4.873500121345734210e-02,2.658786144765115655e-02,-4.972670338621907882e-01,1.188721788136747753e-01,-6.735742213022917479e-02,-3.001859892196608315e-01,-2.919059807992591682e-01,7.043765365651734056e-01,-4.952274000229966444e-01,-4.472049036553620849e-01,-4.478133537552849153e-01,1.856115151822630149e-01,-2.434527963252749727e-01,3.907875626428495425e-02,-1.827068470663922584e-01,-3.363769480439022241e-01,2.991565681206881933e-01,6.089975749044240771e-02,6.975014499089936537e-01,1.821125599839646947e-01,3.640567984826790227e-01,-4.997608133499087946e-01,-1.796951774514752298e-01,-6.267802401769803078e-01,7.485600950215364202e-01,-5.121531878543783556e-01
-3.250538142970074706e-01,3.609990062623357754e-01,2.312113959876076208e-01,-2.361676576169519370e-01,4.432919894574296471e-01,2.171858462580880389e-01,2.436247616201142885e-01,4.108936550918920183e-01,-2.732682877264926424e-01,5.684581869151067446e-01,-1.633830245157820785e-02,8.250140930805428541e-01,2.921885737901274149e-01,-4.525699986409258829e-02,-4.056821927648178172e-01,-1.592021845571500727e-02,-3.363622448156977640e-01,-1.337818471710421619e-01,-3.305907964191995285e-01,1.009474134381961735e-01,-5.011471869722252670e-01,1.853857425932191605e-01,4.700643986271895725e-01,9.885315308892526909e-02,4.261090491140090974e-01,2.936620836489380881e-01,4.174716973806950199e-02,7.777460253499311749e-02,-4.177776390178155608e-01,-1.102194349720570926e-01,-5.128228828760897917e-01,-3.404148138069958418e-01,-5.745989319696102188e-02,-3.827648576877278885e-01,-1.476639246252793025e-01,-6.783377425597195698e-01,-1.852415856627513124e-01,-1.316013068362744676e-01,-3.186004065621483305e-01,-3.535687609367930695e-01,5.245178099641576580e-02,5.535491579102685966e-02,3.531130796854580756e-01,3.122268006948129559e-01,-4.806080785672117162e-01,-4.310759661480353944e-01,-1.844267541605141281e-01,4.362105805839474049e-01,-1.487803725044163083e-01,-2.048196065756243966e-01,-2.876572026719876329e-01,-5.792925756936372350e-01,4.996436931400763956e-04,5.705127624373211859e-01,1.288083597972686511e-01,3.250031445928313611e-01,-5.109741433807112321e-01,-3.820163819396280025e-01,-2.932354611819566470e-01,-1.575700132271818932e-01
5.198247703750399351e-01,5.441036445546095779e-01,-7.103757872434988963e-02,2.214685878554525644e-01,-1.586419722284020950e-01,6.882229095138496788e-01,5.646941347891796248e-01,5.855247432887573655e-01,3.476776800131158862e-01,4.260273695271877270e-01,2.392500909476222570e-01,6.308970272980490845e-02,5.811701901043493379e-01,1.015972607312663062e-01,4.211432029294166490e-01,4.448409834395816720e-02,-6.777281558377076243e-01,-1.476760796378365770e-01,-2.499478203564239054e-01,-1.622921631404579748e-02,6.854021974629438858e-03,4.801533776285011879e-01,4.834486515995413680e-01,2.607911285796751799e-01,6.105202518661178024e-01,6.354419704507483502e-01,-9.016967203788038565e-02,4.272497754018255572e-02,-9.295793450540360339e-03,-8.490899045234991116e-02,-6.867392394769588071e-01,2.142303465853331035e-01,-5.092362834638699542e-01,1.304346536514523203e-01,-3.001456076404097062e-01,-4.362679388776793260e-02,-8.757419227351822544e-01,-4.806212603125648020e-02,5.427841624342001348e-01,5.358778124849626900e-01,-1.528585063991592663e-01,3.489229335584456138e-01,-1.098603821664261293e-01,-4.233016549148853613e-01,4.685860652471905419e-01,-1.524635748791142997e-01,3.457661420623783788e-01,-1.993208294698405048e-01,-3.980576832407559107e-01,3.066717724875467899e-01,-2.314003397483596070e-01,-7.517736206357308326e-01,1.035772486867385239e-01,1.530228972131243148e-01,-4.804219945961143989e-01,-7.365505753620166240e-01,-5.722324185294566101e-01,-9.238582688604983495e-02,-2.143760448804522822e-01,-8.301000353653807673e-02
5.369709271110023607e-01,1.519703814700762434e-01,4.744803229908239328e-01,6.642655393643820405e-01,2.920630943942149060e-01,1.562584241404903485e-01,7.751679824613667835e-02,7.403186386469152724e-01,2.386015489115124802e-02,3.807062757856232160e-01,1.309501918588800995e-01,6.359448937562185711e-02,1.901863995385434658e-01,6.479554494017468746e-01,-9.113171272748149532e-01,-2.065168762672584812e-01,-1.650187897694477546e-01,-2.403560933681283054e-02,5.299243204964240034e-02,3.417351809131664031e-01,3.240906220747456490e-01,-5.117971924382797022e-02,1.037980450827118567e-01,-3.485291887691566171e-02,6.678751538413391087e-01,6.002952923854163597e-02,-1.961876897108096873e-01,1.459546265404389719e-02,2.137359007741306272e-01,1.514080814735437597e-01,-5.352878099193917327e-01,-2.704866993986752566e-01,-3.277888255481596347e-01,-5.298697805852329440e-02,-9.665364045198208132e-01,-7.847657242105471331e-01,-4.588123728461688255e-01,4.570896497766651634e-01,2.929207240645083643e-01,-4.482764127124039266e-01,-5.559677229778461904e-02,6.606378249311631867e-01,3.037498690877017959e-01,2.796781308451497597e-02,-2.942498681226090596e-01,7.584441002430247769e-02,-5.662460165409094470e-01,4.696063265063947223e-01,-3.368188542511150740e-01,-5.642253022188822298e-01,-3.223827950544326248e-01,8.935666929558308894e-03,-4.739110369403358725e-01,1.486840031150639396e-01,-1.823484634622938028e-01,-1.256678997934207731e-01,-2.919596964735318156e-01,-5.690053705221156943e-02,3.368051488870837384e-01,-5.078938023268078084e-01
-1.989738000725291001e-01,-1.958582616978467653e-02,2.990980827130928499e-01,3.756912818442368351e-01,2.036697132077756323e-01,2.516272735405166716e-01,2.164256001133571250e-01,1.801824887726052038e-01,7.783521538255812056e-01,3.161744452375909176e-01,-4.687514504891855949e-01,1.513345592700864051e-01,-3.908503492777136157e-01,1.436678861916372285e-01,2.068883693276468427e-01,7.650743444345371735e-02,7.943999753731036118e-03,6.962434995981947594e-02,2.214633007197892856e-01,-3.085859468880507439e-01,6.427706749485957716e-02,-4.423400763626257337e-01,4.167452013593886395e-01,6.746244560926465406e-01,3.075397373416136615e-01,4.484826340334711614e-01,1.722885275810200623e-01,-1.531309397964850660e-01,-1.252180648899267335e-01,6.002167242137774750e-01,-6.868464414292505538e-01,-2.029169023796277838e-01,-3.504647041751917658e-01,3.314834883304980107e-01,-6.096480340031654732e-01,-9.762615375110245131e-02,-3.538657216593770610e-02,-5.965447350605104088e-02,-3.575169482294099921e-01,-4.700155986600668828e-02,-2.416114268535036746e-01,4.699485379776684457e-01,4.660028976528943212e-01,5.579801666579240482e-01,-7.771436957676025603e-02,-8.670308916416540057e-02,1.322249294015276355e-02,-2.240416291729434295e-01,-1.339660441682119785e-01,-5.085000798393820576e-01,-5.442421663324297221e-01,3.158448887533393812e-02,-3.591601534358769832e-01,1.426813754303463411e-01,-6.622451263384121489e-02,-3.859500912744719403e-01,2.264975294391404492e-01,-2.254083119243786293e-01,-9.645289210652489842e-02,-5.046444780187219203e-01
3.660046142555490878e-01,2.888013308425097514e-01,-1.481985257447718529e-01,-3.701450636889280776e-02,6.297828220562619039e-01,5.941571330872982282e-01,-1.148660142866046209e-02,-3.235923251487526908e-01,6.607512101176554742e-01,-2.146937758184352951e-02,3.533359212214408629e-01,-2.953691791616660026e-02,7.381226188483580586e-02,-1.393193600331570081e-01,3.480001101394029628e-01,-2.061624445510127079e-01,1.902335561384133067e-02,-3.465795524561636198e-01,3.624370534522988740e-02,5.218828401335297469e-03,1.852433830266867476e-01,1.352594854824004933e-01,6.367699260442354070e-02,6.128478333641478315e-01,2.742481632888550958e-01,6.368526901463816836e-01,1.607662901426496205e-01,4.208790382265926167e-01,-5.477792965102953188e-02,-2.854726523783814307e-01,1.964949506438758986e-01,4.618666568009844320e-01,-3.384636516754387370e-01,-1.192948742556147607e-01,-1.137457887460382039e-01,7.502492706757142582e-02,1.762543517434761583e-03,9.161508218976799345e-02,1.110220552406918082e-02,-1.066862974406812409e-01,-3.629967173063577413e-01,-2.411988287853313595e-01,-5.894281122375549797e-01,1.753169224527572345e-01,6.066869459591985869e-01,2.732398765334151935e-01,4.567900756055363054e-01,-4.446758642553012564e-01,2.411393508061281110e-01,-2.667645359241487268e-01,-7.391471802070105346e-01,-3.447866692610550565e-01,-6.793864789506041113e-01,-1.933530913496925019e-01,-3.937622012844528285e-01,-2.028359563988340053e-01,6.562712901408457311e-02,4.326623319339007456e-01,-4.876694470275153570e-01,-5.166981438660418931e-03
1.842020249927202660e-02,4.061552357381321698e-01,-1.860216512150568990e-01,2.485602804313135350e-01,1.935399647960129796e-02,2.456402119034641410e-02,4.258387589954848451e-01,1.167163192046318486e-02,-4.127636189371237663e-01,1.607825119929400248e-01,9.195213721805650664e-02,-3.971600985052006760e-01,-1.482351155586991709e-02,-1.731628523762901717e-01,1.443588470475553609e-01,-7.534925082557579305e-03,2.514816982099070120e-01,5.224063414902616748e-02,9.101591710762206577e-02,4.090230008768989123e-01,1.181575208538219041e-01,-3.487696663812585030e-01,1.737014681912371072e-01,2.860344122449669513e-01,6.161839615997073416e-01,1.937831186621732649e-01,-4.707998285459040200e-01,-1.420923305980096620e-02,-6.585587425633272936e-03,3.954348669112110054e-02,-6.456647535790315251e-01,-6.942094922024356629e-01,-5.991456944671450652e-02,-7.347004141061744820e-01,-1.467032173999911482e-01,-9.879552556690239795e-01,-2.936169146986005729e-01,-2.683085564644195897e-01,-2.160496254110695347e-01,-8.601456917956595838e-02,-4.107630203914468953e-02,3.198984797275142289e-01,-2.109194411588022344e-01,-7.979827192907150424e-02,-4.552742895807326134e-02,-2.341149985492498031e-01,2.908268554878354895e-01,-1.096823698053950163e-01,-2.461036070724234859e-01,2.048542864407966180e-01,2.189889084184017121e-01,-6.001140670838052138e-01,-7.233831355985276268e-01,1.427591863631507696e-01,-4.900171452235621561e-01,-5.853702947897229114e-01,4.047607662199923517e-01,-5.288049956658330553e-01,-1.424955804465181941e-01,-1.390557544103360188e-02
2.432346620862796127e-01,4.631661540115436515e-02,-1.581870865407980775e-01,3.837540566570560863e-01,2.927456295358608074e-01,6.348619949887817082e-01,-6.258840699287136766e-02,4.260427344091762270e-01,-6.766594002805097208e-02,-2.020156714755354799e-01,1.315875216436516171e-01,-2.763181301723611760e-01,3.246118755764260677e-01,7.162217045862435960e-02,8.134544424398999773e-02,5.491795256147143783e-02,-2.182212305149727471e-01,3.196653409088638376e-01,-4.799288659340446017e-01,-2.691659489738368327e-01,1.297684353108387867e-01,-1.402331373757395305e-01,-3.284553524626964149e-01,-2.139670360867620413e-01,1.111724212420373975e-01,1.628234298325253737e-01,1.096609256104855851e-01,5.006691015319472138e-01,-3.976645875525925966e-01,-1.843033698478538929e-01,-4.964702704512883868e-01,-1.490122710904739911e-02,3.783510695466196228e-01,-3.909418374930854340e-02,-1.680752374668137428e-01,-5.851634016630078428e-01,1.562271916223386681e-01,-2.774708720261199191e-01,-9.964504429682459474e-02,6.059432808281438598e-01,-2.145328274316826711e-02,1.302710227973310209e-01,-3.692037881677223132e-01,6.075679617747035133e-01,-1.350760200826921498e-01,-8.192420195521977755e-01,-1.867825130746737505e-01,1.084028498190018203e-01,6.828527734311211350e-02,-8.506954448917092293e-02,-2.344478432239827936e-01,-1.728369146880016360e-01,-1.975122183803815490e-01,-7.084643477007501744e-01,-5.684433102958627027e-01,-8.323492150914631182e-02,-4.479391150662415111e-01,4.506058289728804844e-01,-1.267184323961189352e-01,1.631865078291550308e-01
2.696122530716032473e-01,2.000965008004939316e-01,8.230037920952962827e-01,-4.358599926677507175e-01,1.368535975203521993e-01,3.956438371955293132e-01,1.616089595017869140e-01,-1.546493368721846007e-01,-1.887570097681331438e-01,5.424725234422490550e-01,2.987064448155552984e-02,4.406211389431767267e-01,-3.346335439420386471e-01,1.876010403548208361e-01,-1.480895492932498281e-01,7.207780680031433684e-02,5.249046829535616299e-01,6.504063717712048609e-01,1.057245485475333258e-01,-4.047885516146580431e-01,-1.927366025874008848e-01,-5.495974068030674564e-01,-3.673790264100358915e-01,5.805427873149561213e-01,1.566028552890338377e-01,3.731414723640247288e-02,-3.029074386421897191e-01,4.056345701486860911e-01,-4.163613161716868682e-01,2.658969214853011964e-01,6.090826198080295795e-01,1.017131378932148306e-01,5.763698613610399590e-01,3.054785382606547972e-01,1.444129291738072696e-01,1.958294464334681129e-01,-4.440824544806423191e-01,3.617017913571535792e-01,5.898879225376504332e-01,2.524814653667862285e-01,-1.715912342018563637e-03,7.734720717346017793e-02,-2.427417331891847455e-02,-1.221189011319609441e-01,2.735171613663949230e-01,-7.646443975336812693e-02,-3.231791792205728764e-01,9.343264613068473501e-02,-3.897635981170131103e-01,-7.272870343350741618e-02,-4.502029453496452227e-01,4.258279442033788276e-01,-4.757049163027799454e-01,-4.252264873176308524e-01,-3.306748107668521786e-01,4.627981984044303165e-01,-3.362851518263308415e-01,-6.561729325636689314e-02,-4.362073173241137192e-01,-6.261595049398958057e-01
3.221466395362513335e-01,1.519071740280632521e-01,2.810964785590555071e-01,2.386175984715139808e-01,4.522653756213794729e-01,6.628677446805953943e-01,4.360159243184278527e-02,-1.548803000678664887e-01,4.013223065093522446e-01,6.986069078347817429e-01,-7.025712511710917596e-01,-1.283062949838685018e-01,-8.287703879988882472e-01,6.469074029604453546e-01,2.297702984012967020e-01,8.961801810948266667e-02,-2.911090645820909595e-01,-3.877755272919796159e-01,1.047418106751969585e-01,4.353574201120164605e-02,-2.955912243797621519e-01,1.248998257409650869e-01,2.505455297323856967e-01,-1.474206613690640100e-01,-3.451191587998176935e-01,9.704326667693310426e-01,-5.459027826221609647e-01,8.389322197311349649e-02,5.303177131226501917e-01,-2.340434316634698864e-01,3.710951747048381044e-01,-5.274846237032694285e-01,-8.570083154984894369e-01,-4.899757774821825868e-02,-3.689990562725211504e-02,3.258761093975191536e-01,-1.230893454869323861e-01,4.994974358739442261e-02,1.836261005608853802e-01,5.232895610072503256e-01,-6.994593813183572761e-01,-5.045329615388413061e-04,2.940431679269887022e-01,8.600118886277791086e-03,-3.058801836261255680e-01,-3.226797153352753411e-01,-7.570174443077733184e-02,-4.575625787582431880e-01,-3.823565220322073799e-01,2.259872088929019140e-01,6.995833137636782439e-02,-3.210516561115675516e-01,2.181811031546354585e-02,-6.054121716282003796e-01,1.045488845707966963e-01,-5.624167792436524094e-01,-8.205739052620385221e-02,-9.245986928131388893e-04,-6.754049417546493794e-01,-1.147273823441918167e-01
5.202132214773599328e-01,-6.338864764624978498e-01,-3.101627739042445708e-01,3.012072523694742654e-01,4.708572681905289770e-01,-4.556226512999266842e-01,2.564799919735177292e-01,2.277632753410504252e-01,3.556903784794946399e-01,-6.229722024818890036e-01,-3.271945614833408622e-01,5.689759052371282100e-02,1.468432383109121997e-01,3.588649889348179411e-01,1.159442607511181889e-01,-6.021405771009975989e-03,-5.437223701949308596e-01,6.720105042784078886e-02,-7.074612216834408329e-02,3.167448031038159750e-01,-1.099959369056316555e-01,2.717072197625959931e-02,-8.351256616594122939e-02,-3.662680345429163986e-01,4.422691279222922822e-01,6.895307956060882371e-02,3.847988191072186370e-01,5.001963987082284069e-01,3.122363733029043242e-01,-5.604640016882022069e-01,-3.194395027721622093e-01,6.694018587574319668e-01,4.235353284486947367e-01,3.860682618855137416e-01,3.179584866956767786e-01,-5.323138435864210871e-01,-1.218552066988735638e-01,1.748571954709676746e-01,-2.414898321466510678e-01,4.094119903814569805e-01,3.347458104238663634e-01,1.912110098639135947e-01,-1.308282211279236107e-01,4.915815354981913250e-03,-5.283203734285661923e-01,-1.118927135541561979e-01,-2.286509495949986537e-01,-1.662129511624240441e-01,-8.227078161013465230e-02,-2.269783571414303036e-01,3.708381447922897145e-01,2.189938687339481882e-01,-1.582341134105462732e-01,2.533870245476086414e-01,-1.968471742653912226e-01,-2.143670230121926586e-03,-3.312953011789098179e-01,-9.303401640948692763e-02,-3.264025433700301626e-01,2.857474040688077754e-01
-3.039372136217582954e-01,-1.545395825211975105e-01,-3.732960977594339536e-01,2.406186389355556565e-01,5.278875841273110714e-01,-2.514674072165437035e-01,9.119958744268427328e-03,5.795051481511773878e-02,-4.602618380269697940e-01,4.825375106462328340e-02,-1.949355102730461198e-01,6.051968940992096258e-01,3.529243895120662278e-01,1.312663970509249101e-01,2.403839308464246483e-01,2.406523043793773464e-01,-1.374139474462560961e-01,8.509815421433257476e-02,2.430846191109589105e-01,-6.098584887402228732e-02,-4.407686552939857338e-02,-1.404605657372393068e-01,-2.631898627820655201e-01,-1.134669324764385201e-01,5.824434556182744860e-02,2.809314001746979986e-03,-3.079701754575588368e-01,-1.099356877178944703e-01,-2.121985085847720720e-01,-2.047723783720101498e-01,2.382744624738484251e-01,7.149201835694913854e-01,5.900380194154158930e-01,-9.387566800802664702e-01,1.527030331656990293e-02,3.072894522714349486e-01,4.007274578212404736e-01,2.180833966899593801e-02,5.454025001144359175e-01,3.192452923104290626e-03,3.428978954765003473e-01,-1.875229929820972641e-01,1.950837216563673093e-01,-1.320278871689264666e-01,-4.134981526556320564e-01,9.116433692472775130e-01,4.225016289880054177e-01,1.916721376617786798e-01,4.406873374216339727e-03,2.653143274828127507e-01,-3.617358860708271284e-01,-3.879436884239875205e-01,-3.853383749386420365e-01,-3.940790655330464465e-01,-4.767576254041206441e-01,-8.294671883505404242e-02,-1.890558524061236589e-01,-2.596398977489474125e-01,-3.599766548649727116e-01,2.489970990807669760e-01
7.115630092731208001e-02,3.715968510282900428e-01,2.477909999931407758e-01,2.980356891192689206e-01,5.007514975693868470e-02,2.799728153134632969e-01,6.851622556960569321e-01,-2.431369108264632428e-01,6.843728506129256317e-01,-7.834317936408792538e-02,-8.257384737319073409e-04,2.253182240963513550e-01,-6.793305541894047173e-02,-2.669403805737467494e-01,2.809428392464657365e-01,3.967445578158907415e-01,-8.589618503603341226e-02,-3.919679063058718049e-01,-2.244779843033640476e-01,-2.550200056626194534e-01,-3.827839437818321700e-01,-1.293228981612462858e-01,-2.008246202042038853e-01,2.695250616913177355e-01,-1.292224028446468109e-01,-4.286409935254639758e-01,4.113100300149523658e-01,2.574878837388045461e-01,-2.020906880340782863e-01,8.461222499049581014e-02,-6.166685416110805756e-02,-3.838427158263472694e-01,-4.098245036652900519e-01,5.292894737661820587e-02,-4.990567493780975750e-01,-2.138594589505099230e-01,2.384381271927851487e-01,-5.002810250397049519e-01,4.584671890535915728e-01,1.727711105873274422e-01,-7.515634918618794950e-03,3.444904879702643391e-02,5.843344526463781774e-01,9.782910655506103781e-02,-9.885525389234693650e-02,4.396726328434719666e-01,1.782791778347186940e-01,-3.339095650665007131e-01,-1.572061384654029337e-01,3.804644788592644322e-01,-2.134766782039466404e-01,1.963641024340028463e-01,4.362029790832804288e-01,-2.525009088398580404e-01,1.069268328617281605e-01,-3.178424590497313518e-01,-5.541064276321830961e-01,-7.794248096754848865e-01,-4.302321611951869795e-01,-3.657538288213286193e-01
-7.741254625925596544e-01,1.702461254284658443e-01,-2.226742048765288084e-01,6.219092071255801629e-02,1.752830227707877775e-01,-1.889365462766655346e-01,-4.137675818477348777e-02,2.636542502773716115e-02,5.162275549968515787e-01,2.777406371028561249e-01,-1.587931450007356859e-01,6.040373024429389615e-01,6.676094855127097105e-01,6.760139309121383777e-02,5.283307178848586361e-01,7.036618068294996364e-01,3.368289574234239470e-01,7.453922506653887226e-02,2.694234006325060826e-01,-3.966730571204291067e-02,-4.248877524239217524e-02,-5.844707118813408098e-01,1.506526879695034571e-01,-1.138498371497869838e-01,8.634266873309240919e-01,-3.630046355911722977e-01,1.892154631147922872e-01,-3.709378457454197697e-01,2.344129365332064119e-01,7.994274544912957081e-01,1.860186356466255464e-01,6.547362518734653469e-03,-1.698436756557258620e-01,9.262177520501468919e-02,2.985907409367717924e-01,-6.837294436656198016e-02,5.189876458657286529e-01,-4.060062546197391042e-01,2.965287531990590253e-02,3.107005343878442294e-01,2.167721074430420114e-01,2.599901263020455988e-01,6.084976055862157951e-01,-2.267875182524647926e-02,-3.695240912930495281e-01,-2.055719109325650565e-02,-1.738372609823914117e-01,-2.176388507333122321e-02,2.865506493757936576e-02,-2.984566795932135919e-01,4.668438153813642688e-01,2.233427405831948584e-02,8.659970516868011059e-02,-3.377629434257018448e-01,-6.191687926879033688e-01,-1.037868561331394268e-01,3.414744114149919629e-01,-2.570608466837268624e-01,-1.568744180501132068e-01,2.017046587850517547e-01
7.298193279672726685e-02,1.551698493718933480e-01,3.560642904399602959e-01,5.054215420079035542e-02,-1.612288877546572408e-01,7.796734509272177371e-01,2.015574255904513112e-01,-2.352368349627539379e-01,-1.134809440792781121e-01,2.559010451987469570e-01,1.549731478982813437e-01,6.018733361920184377e-01,7.043054064361751188e-01,-4.918386862599854470e-01,-3.609540500859962503e-02,3.504239476838486023e-01,-2.897471806095521241e-01,-1.880709453284600541e-01,1.561262953496407313e-01,-7.221621436682358341e-01,-1.864637029985798111e-01,-1.431510984705602063e-01,6.851683870184377412e-02,-4.197856694779282805e-01,-5.566146824684329308e-01,8.767640597823381787e-01,1.642484254323891071e-02,3.596919422867757565e-01,5.547870770625767944e-01,2.135877876979223877e-01,-2.613834142389111562e-02,-8.460865229116728559e-01,1.214479120478206692e-01,2.734497421495732938e-01,5.373319764131503362e-01,3.811325756090309103e-01,-3.555191868896721563e-01,3.621651336932478205e-01,2.000480611021478172e-02,1.724263322961477884e-01,2.069523825298063835e-01,-5.323972751428178718e-01,-4.600739144434708439e-01,4.093028458866256325e-01,-6.380501904528286528e-02,6.028033355056089393e-02,-4.637736489188655671e-03,-3.302751562293425036e-01,-5.685440082145952756e-01,-1.490156399118650332e-01,-8.028673013120043445e-01,-4.211082311550178869e-01,-7.473650462544645379e-02,-3.155582615381023054e-02,2.867648491053214066e-01,5.437469184205384609e-01,4.815989195630080988e-01,1.932473524650879237e-01,-3.046994836516933036e-01,-5.421441781019263884e-01
-5.081744798655157824e-01,1.508064972616922350e-01,-5.610482885432362954e-01,-5.143605918482281325e-01,1.388820740086502969e-01,1.611066507863981589e-01,-4.956830405145393192e-02,2.827766613759470915e-01,7.427578814913987637e-02,5.123456770667037669e-02,2.400455450931478218e-01,1.645488039984600859e-01,-2.704872388937024641e-01,1.120018129113615757e-01,6.537483594106728857e-01,-2.144932072254697175e-01,8.590867542067757157e-01,-1.053195990641055818e-01,1.258123913195993981e-01,-2.451483021638817539e-01,-2.693221014901288624e-01,2.669163366890348055e-02,-2.089320210526440791e-02,-1.629427815640442367e-01,5.062964579113028891e-03,-3.282621358077305457e-02,5.712120644061594726e-02,8.289488222719988697e-02,3.478887849899254259e-01,-2.405025319322770805e-01,-1.049487554938252770e-01,4.576917493499497724e-01,-6.308543461386800777e-01,3.048508201874656209e-01,4.109911059946576989e-02,-1.944668912873002628e-02,1.292815104256474779e-01,-1.737034648670661777e-02,-1.918151329330906874e-01,1.233253179569948760e-01,1.201405386921890472e-01,-5.055268966010544734e-02,-4.573716921659401469e-01,4.264179494005248539e-01,-6.396688412364800458e-01,-2.036113670802158493e-01,-7.568959743935915752e-02,-1.087363606458464638e-01,2.042335429495532040e-01,-9.425251404967205371e-02,-3.295351252142987297e-01,7.990221617239694207e-02,4.005836661305692964e-02,-7.689951024920521627e-01,4.643103167992987945e-01,-8.198667336343733181e-02,1.076964191185688334e-02,1.696322429848039215e-01,-2.491972480877103768e-01,3.413547981160731659e-01
-4.207875490571447163e-01,1.726246859994278460e-01,4.639960532347556926e-02,-2.426246866141587299e-01,-7.491254009092503108e-02,7.179943397565595291e-03,3.999456164285657978e-01,-1.825078608778559486e-01,2.196033241138896919e-01,1.681821703812930446e-01,3.018891818605806132e-01,5.291572213228136201e-01,-7.274915104444810154e-01,-2.687846224761539227e-01,2.752839975884536772e-01,4.630451056940085297e-01,-3.849973808622318416e-01,2.843941154367354285e-01,4.329191266626493118e-01,-5.466222459342606754e-02,8.785472843476845040e-02,-3.957136927033966245e-01,-3.514828710896467645e-01,-1.292717642702155834e-01,4.563225318891883653e-02,-1.699263576249451513e-01,8.694795049084465266e-02,4.540783640395275600e-01,-2.085166517424176247e-01,-2.752203671670876983e-01,-3.500068683981865658e-01,-8.701974473891399553e-01,3.729548061797546832e-01,1.837321784449356607e-02,4.315100025990912247e-01,-7.791272147523210789e-02,-3.746589110868394079e-01,4.658098945920252643e-01,1.157382564315011381e-01,-7.031125786729912341e-02,1.320244547374048449e-01,1.050984861502929357e-01,3.392690207644475930e-01,1.181910443430886221e-01,4.921164242671278721e-01,2.818951504166411492e-02,-7.194146993838401727e-01,-3.296410328302101789e-01,-3.483091967312761383e-01,-5.311303698791464134e-01,-2.095874888070331232e-01,-3.356653502491776294e-03,-3.574972667138096583e-01,-5.357256212823355845e-01,7.454726766000625560e-01,-7.342721366456467225e-02,1.574751414689563866e-01,2.818981038019606755e-01,-5.629473692311241090e-02,3.100775055961741411e-01
-7.188363152447845017e-02,7.514531212083674916e-03,1.736234813100675511e-01,-1.527055667707819843e-02,3.389961410921666918e-01,2.518898906892269030e-01,7.168099103966504284e-04,7.146215529744648354e-03,-4.498211417808698626e-02,-1.493827315698977864e-01,4.545979968505036162e-01,-1.755882291916931737e-01,-3.601570057789366119e-02,-2.753135734993880646e-01,3.427178251931970454e-01,2.864078235289690411e-01,-4.148856810719077082e-01,3.192603635793420103e-01,-5.337394116535471023e-01,-3.966337578495682248e-01,-1.088821332051661539e-01,3.197626393117634219e-02,-1.573775348708071065e-01,-1.898395478991484267e-02,-4.589704749039746345e-01,-5.064338392463124672e-01,-4.458565512513059659e-01,-5.734683172786304572e-01,6.037970366330780436e-01,-1.613094953643095797e-01,-1.627709642869716242e-02,-4.938747949608504051e-01,3.681632383188880309e-01,-3.384036945233950822e-01,4.749080947672659758e-01,1.916571342310367243e-01,6.236193828928678906e-01,1.687593190501625318e-01,-6.959196914790681809e-01,1.170047199310630393e-01,-5.455045559199939859e-02,-9.796249769206433200e-02,-8.781552471766871371e-01,-1.147499261356841743e-01,-6.644029590499495042e-02,5.089019980864541992e-01,-1.884329215226539789e-01,-1.001977597803860309e-01,-3.496121550057521010e-01,-1.936630491629506290e-01,-7.381567894578436873e-01,-1.537188099007245068e-01,-2.479600733378673760e-01,-4.790149314172487127e-02,-2.604092440924042351e-01,2.384771512223835821e-01,-2.506332804713712892e-01,-2.658514822591469609e-02,2.724293540424461701e-01,-1.144138602624184958e-01
2.163553495533567794e-01,3.920220635965956935e-01,2.769892956232736236e-01,-4.492900428793113465e-01,3.752881772935119931e-01,3.625020660760255864e-01,-7.802507236442979277e-01,2.542029871716663166e-03,3.405812788651546019e-01,-1.635850244874282045e-01,-3.299323018302458554e-01,-7.172467155310345843e-01,2.667387816776999876e-01,-1.698840304054030081e-01,-4.856688822062860122e-01,4.476969231489110607e-02,-1.861333392823111554e-01,-4.697023344462090272e-02,1.871915914605510878e-01,-4.854874607909324680e-01,-7.839423920637725307e-02,-2.306537937708307007e-01,-8.261628107923289777e-02,-1.350690589503487915e-01,-1.395444420570909339e-01,-5.651865925193826357e-01,-6.132804202880074440e-01,-2.897208580005737888e-01,1.119033542956910932e-01,2.736632437874732537e-01,2.601148725245154836e-01,-6.933780591900058632e-02,6.932423446762858710e-01,2.264924399937754407e-01,1.814840136843866025e-01,1.161885494010419517e-01,-3.851337440900045039e-01,7.263314311557649283e-01,2.727178978014689892e-01,-1.836152847066763183e-02,-6.864726578459602324e-01,2.360302949002380524e-01,-2.180706209505347826e-01,-2.717546732003621734e-01,-5.858272615996095167e-01,1.108899403865710176e-01,6.436645304595245420e-02,2.107707793923653261e-01,-4.924952424358788328e-01,1.750166560279405870e-01,-1.667531319279870862e-03,1.396115664929414024e-01,1.883537773604853915e-01,-4.815869681133458369e-01,-7.976511526593307519e-03,-5.148909130163382697e-01,-4.500213159582885231e-02,3.645420381082434963e-02,-3.905843877520938090e-01,-6.504098880508961678e-01
4.343358119534388995e-01,-4.754653528874981938e-01,3.557289917442416072e-01,3.090517581702810768e-01,-1.331111483624709546e-01,4.107585975373121978e-01,-1.447857050878735043e-02,2.904933427030285120e-01,3.550697584102984194e-01,3.824037306009376302e-01,-1.240322836221986608e-01,-5.568740471542527048e-01,8.607388393473265620e-02,5.752563963706148753e-01,1.605056769524322025e-01,-1.791264488095920815e-01,-2.780546597500406225e-01,-2.648772287286323412e-01,4.753630316665493072e-01,-5.416663989583914152e-01,-2.252842968798013379e-01,2.143234287604588173e-01,1.761044714377693332e-01,-1.912352198894617661e-01,-2.875745461530033187e-01,-2.470311677954406537e-01,-1.398958791417712344e-01,-4.310607934804944197e-02,-2.204354251993413116e-01,-5.293867555818647652e-01,2.044684010879452563e-01,5.834031428618370319e-01,-3.455289052671277061e-01,-5.518731173489593855e-01,-1.471939968677490607e-01,-5.329695268369735034e-02,-6.056028801134006878e-01,8.493531591979956719e-02,4.021671384310191999e-01,9.160107858972348083e-02,2.029852631736020208e-01,-3.522644995760926823e-01,-1.068919041586921387e-01,-2.985404919160004611e-01,-4.104807037634641276e-01,1.290209558399524337e-02,-6.314484924646486530e-02,4.775352493394132564e-02,8.421154173664453790e-02,1.918208490456827509e-01,1.459426947450152001e-01,-2.715167160482822584e-01,3.763590905803333442e-01,-8.446500428746861466e-01,8.447547579697419970e-03,7.367475469796454235e-02,6.149322979367924935e-01,-5.428186360624905893e-01,1.701896129146456341e-02,-4.066281074097702342e-01
3.247994989356151607e-01,4.908497369277797784e-01,5.464593324588538081e-01,4.487105582322055142e-01,-6.679293597213389333e-01,4.793029184882487831e-02,4.475896946086577732e-01,-8.365304715863371154e-02,-4.597779729003875215e-01,1.415490433299947115e-01,-3.303123264540711035e-01,2.419193647372491762e-01,-1.705627935618407864e-01,-2.340900563318309979e-01,-6.321449880857267223e-01,1.894365326709985808e-01,-2.440562666040373696e-01,4.847816751131601154e-01,-2.720740833232619393e-01,-1.473351489873103992e-01,-2.378391672436518667e-01,5.328911592540516162e-01,4.221821825009928197e-01,-6.138542401474207377e-01,5.873787111101628211e-01,-4.816671904568067819e-01,-4.792491087374935871e-02,3.062852256326540901e-01,-1.959723628490195324e-02,2.356772247028825207e-01,4.427572660478661798e-02,6.598092410634124327e-01,-1.650671748657314419e-01,-9.162005110542774389e-02,-6.843702802403425212e-01,8.866862082992998939e-02,1.511684428810657066e-01,-3.088649866886578055e-02,-5.326937609921881395e-02,3.793058407747184613e-01,3.368695476640515274e-01,3.064168704493027140e-01,4.336066272967478707e-01,1.831941323884318240e-01,4.105121577448691550e-01,-1.069109979783270381e-01,-9.281770265698970068e-02,6.998436766116609142e-01,-2.281558637332200060e-02,-1.423997338002742363e-01,-5.442013127184581744e-01,-2.886193956637735369e-01,-3.054267126488754425e-01,5.136764014462253947e-01,-2.457014636714084099e-01,1.458485887900138056e-01,-2.923864360380166727e-01,-5.033464005069011593e-01,2.671752812833339541e-01,5.399513850262859238e-01
1.648441661336556008e-01,-2.844936940187056673e-01,-3.821327898908182807e-01,7.450129951708284182e-01,-4.216679841421694941e-01,8.878205363309708831e-02,4.040384528953270826e-01,-3.179772490148686237e-01,-2.173163715903352056e-01,3.318607092160503758e-01,2.432072460875519052e-02,4.323966269389880601e-01,-2.070549218059637708e-01,-2.879575936392568258e-01,4.631800321049739932e-01,1.812912585973545099e-01,2.158993521032322727e-01,-2.945721639282525284e-01,2.819490523686794536e-01,1.962867636821395353e-02,-4.111090166509895893e-01,4.202642037925417573e-01,-5.480279453936445222e-01,-6.726394256613659195e-01,-3.180936349246060724e-02,4.572258267991309855e-01,-1.132747564464621909e-01,-3.854684821146412976e-01,-6.561209912177298764e-02,5.513463457987147209e-02,2.376337542790902813e-01,-2.148357247713394702e-01,5.367017185480698060e-01,1.013852911359451464e-01,1.724868358496851328e-01,2.083097948049178472e-01,-5.064826483481116304e-01,5.171437025858002245e-01,5.028185661331742162e-01,-1.083223047895393171e-01,3.415810268918484938e-01,-2.661658766426149847e-01,1.425839552851496973e-02,-8.119092765128538280e-02,-2.322060667916928667e-01,-1.548484076825659417e-01,1.757715685669669625e-02,2.090969428477045533e-01,-2.930992380906741190e-01,-1.222967585571737431e-01,1.201580215850694550e-01,5.290893409932992952e-01,4.576674637184816041e-01,-1.887624830367857776e-01,2.262669506521581553e-01,-1.372637943220128276e-01,-3.724946939745010788e-03,-7.777316906178980416e-01,5.059218515481115341e-01,-1.184273895714918479e-01
1.566040295543086047e-01,2.471494434834361001e-02,-1.301097079535895595e-02,-1.600201128463650813e-01,-1.422126009582939943e-02,-2.181938484442108306e-01,-2.506679505952866260e-01,1.786608643788788198e-01,-1.131801433975181646e-02,-9.599051224542516636e-02,-2.239070574436196337e-01,7.852671881477828186e-02,-1.941115789014588033e-01,-1.871877676389901435e-01,-3.471729102250127319e-01,7.033991649484146180e-02,5.151526409377059634e-01,2.828395573737352842e-01,-2.457765720664389086e-01,-1.226548005356964260e-01,-1.732549590788324823e-01,3.529405171585592860e-01,3.782835729372061029e-01,6.769502789249216557e-01,-4.017990477999857646e-01,7.769891439468167016e-02,2.523248662328439473e-01,1.059562816401834889e-01,4.435079697711701296e-01,6.682786536169234466e-03,-5.460790367520061972e-01,7.570116817957210642e-02,2.188386188476840188e-02,-5.325152235767151021e-01,4.073595351317534259e-03,-2.150503720291108978e-01,-1.474581362581627586e-01,-3.577388114259070218e-01,2.131787271693151575e-01,-8.761350909005852575e-03,2.687764085826473415e-01,2.150123020309138433e-01,5.818195000055782495e-01,2.034903834501790298e-01,7.213702885262278375e-02,6.834545137170245921e-01,-4.310210805623643782e-01,-2.012297673114067376e-01,8.641344498111543093e-02,-2.790295621284017979e-01,-5.604592432827736337e-01,-6.484261079583596432e-01,3.603073004536994084e-03,3.610137379782376033e-01,3.117654130928719236e-01,-5.875965915426322184e-01,-1.422246248258739465e-01,3.847338480847397046e-01,1.587465684092391471e-01,-3.001589645216097280e-01
-9.526759412023472207e-02,2.492914207174801167e-02,-1.218145453952136220e-01,6.303568461940994849e-01,4.751422657012104867e-01,-3.464780542034587990e-02,4.930359317842409328e-01,-1.678900121267790924e-01,1.008425921078334730e-01,8.810106549281641062e-04,-7.352610155590215690e-01,-6.196542912722646790e-02,-2.361185941245884656e-01,2.910882892139827205e-01,4.596934087280052927e-01,1.347257851863913058e-01,-2.951637724376925398e-01,-7.601210883657934236e-02,1.040539009574890789e-01,9.718023007250703449e-02,-1.467457087596510112e-01,8.233715661206120195e-04,1.490448492129777536e-01,-3.687503060291100893e-02,-1.832507330310969296e-01,7.091402890867293252e-01,-3.647131014222805834e-01,-6.444925028939195721e-01,-4.749299453828997319e-01,3.833918406469331245e-03,-6.033187983270741489e-02,4.938475098248151229e-01,1.871805778878292692e-01,2.247457861461079134e-02,8.903878639664915273e-02,-3.679895351391246350e-01,-6.684755852494608241e-01,-2.257098771590742847e-01,-6.293563565676693061e-01,1.620966374529037302e-01,2.517884414922232361e-01,-3.342778808060877238e-01,-8.804773398338121282e-02,-1.051746839141159545e-01,7.819575933099477683e-02,-7.135451677654285341e-01,-4.900950714040518963e-01,3.568811347474840079e-01,-3.735496923929574470e-02,-3.533853369183264093e-01,2.411169225945733741e-01,-4.197388877977803467e-01,-7.133631052773443948e-02,-2.534888505964186245e-01,4.289203279170434868e-01,5.246155864457313633e-02,2.642688431168809804e-01,4.955435713722844970e-01,-6.428696586310810313e-01,-3.632615380842882380e-01
2.891792974810414307e-01,2.647275257387365355e-01,-4.840866297591975287e-01,1.146668133076382406e-01,-2.309736152123632591e-01,4.786140525862199631e-03,-6.823975815686698920e-02,6.190838771684809005e-01,-4.469795244374186183e-01,-9.565640922525350254e-01,3.584071148263786033e-01,1.023508439035757805e-01,-2.535698023259943534e-01,-1.154713865137033252e-01,5.160342989963146998e-01,-1.098448217209555960e-01,-3.724509980770743245e-01,1.299143200736676829e-01,-1.841666794547600350e-01,-2.814306628550172218e-01,4.768935046498467556e-01,-2.716135225483946591e-01,-5.861199674298576134e-01,-7.693124421877677033e-02,-1.400564381513354772e-01,-5.768925476888320247e-01,-3.240540262137878158e-01,-1.727001832580043195e-01,-7.399651875196689987e-01,-4.950739420031433635e-01,9.436313780120753059e-02,-4.502699935881408072e-02,-2.981170992589493030e-01,-3.584598575135480303e-01,2.218126641557181464e-02,2.142510097198635777e-01,-4.549928446903970802e-01,4.864846090154000824e-01,-1.294268264165243654e-02,-7.519905698260824778e-01,-1.557843358468022632e-01,-3.007464854199271009e-01,-2.233419138803009740e-01,2.466434963580138862e-01,5.744021956722972222e-02,-1.837146200902302906e-01,-4.252780593878929261e-01,-1.117127302012893564e-01,-2.768436906683547361e-01,-5.046202456126179792e-01,4.749480026659149701e-01,-9.602201857510073157e-02,-4.414383932662462873e-01,2.101320989348770263e-01,1.615588640632711626e-01,1.694191071965698292e-01,-2.576589132062299115e-01,-5.503881838480603056e-02,-1.882044018100174562e-02,1.050163447966805247e-01
-2.714516223103480286e-01,-6.200607794872876194e-02,4.460211047711061805e-01,-3.892329802987355980e-01,-2.379955582461975583e-01,6.493410272953412665e-01,-2.366380623742268263e-01,1.846041013519764962e-01,1.609622489114508059e-01,-3.823528606756523840e-01,2.148598119165995579e-01,-2.743530234010376212e-01,-2.976409211035210278e-01,1.898139217798238132e-01,-8.381572254384724030e-02,1.124991989583834506e-01,3.900900854830784414e-01,4.941141410083593200e-01,5.580885346653613466e-01,-3.810597352848546504e-01,-1.408366971259549238e-01,1.860807459803203931e-02,-4.652473197709841024e-01,-8.032897667611489656e-02,-6.892474797478109760e-02,1.564858889284259369e-01,-5.018920746497037566e-01,-3.003617382437660521e-01,-1.482035692592460485e-01,1.711461527844641492e-02,5.957059441971527258e-01,-4.609512890815903874e-01,-7.853338697819191305e-02,4.074775953555751506e-01,1.426350811989499923e-01,-4.926691652507137476e-01,-1.377139063764473426e-01,-2.872933504615277078e-02,-3.412319370663174922e-01,4.312610503198366918e-01,-3.301083947043670364e-01,1.704863938584985916e-01,3.545958859771254912e-01,-2.181998431855583231e-01,-7.088892607704463389e-01,-6.396799011995502049e-02,3.168672435061208326e-01,1.812082041841721336e-01,-3.143080416963222046e-01,-2.791303819388446517e-01,1.178601784318310669e-01,-5.635784896077177253e-01,-7.184907002516989216e-01,-4.632792758668684563e-01,2.149556441097738302e-01,3.459947071468098545e-01,4.876719588284898071e-02,8.348621803024380839e-02,2.955530266585108465e-02,-4.512437680173120857e-01
2.160908930246192572e-01,-4.394470749071202054e-01,4.166287448651588392e-03,1.367210766210087691e-01,2.191554151163088993e-01,-1.240041284636163449e-01,3.517019007026429556e-01,6.752979762668093189e-01,7.291206692558552804e-01,4.175579545546834193e-01,-4.391298825372992876e-01,1.928376752174154884e-01,4.838804773870379883e-01,-4.142222357897916152e-01,-7.634698909898385288e-02,-1.338260195738783243e-01,1.840028592169598021e-01,5.268533023067608623e-01,-1.419701834420481201e-01,-4.410501529185322650e-02,4.516440386210823221e-01,-5.200020469890004327e-01,3.951738059219102595e-01,5.871036758356823482e-01,-5.735027996152893826e-01,-2.170341161395823448e-01,-1.455119503166428796e-01,-6.519055047260950524e-03,-3.432142896313087471e-02,-3.007463573191054285e-01,7.784055303369142864e-01,-2.149642724802504901e-01,8.657341349448209600e-02,1.614616271327560248e-01,-1.696823033361849475e-01,4.530919829274320243e-01,8.301307918464828628e-02,-1.935992603836470816e-01,-2.739481154661096984e-01,2.490349686324797307e-01,-3.682592701454361905e-01,-8.318366644966361523e-02,-1.227859708572737601e-01,-4.990703635962900342e-01,-8.808688583293653451e-01,5.973595503204452983e-01,-2.137790957912468759e-01,-5.185412162028856242e-01,-2.310934308031915296e-01,-1.804365091121824527e-01,3.755772222980270914e-01,3.349218846826764739e-01,-3.462390288412930950e-01,-5.176617958319443824e-01,-1.101638232873863310e-01,6.786540731961758326e-03,1.010228323073237150e-01,-2.626499725941215391e-01,6.884111827223482472e-03,-2.837317965442283721e-02
-9.169465890414695008e-02,4.627651779886155503e-01,3.215112647692515147e-01,1.609190806945098029e-01,-3.116037012931343608e-01,6.892691426824705259e-01,-1.375553701794764161e-01,-5.553041783061892778e-01,1.968832219422802232e-01,-3.131366211069829819e-01,1.576410864939579645e-02,-5.818796370268960461e-01,-5.407315471331083367e-01,-3.274015502695042934e-01,-1.345676400305864939e-01,-7.062973754840842777e-02,1.114349780806485057e-01,1.151958521579121708e-02,-6.922799387971768637e-01,-1.403562201745996996e-01,2.055329656291045651e-02,1.850839575806239312e-01,-2.732422755163144701e-01,3.070625235699682778e-02,6.722919074003917972e-01,4.529616513387850207e-01,-4.019887665794196763e-01,4.504117319901468908e-01,-1.991412142680236697e-01,-2.820192450304716547e-01,-1.284982211574011400e-02,5.499708282544703980e-02,2.791049390206749026e-01,-1.138945723666919679e-01,-2.547647704837477933e-01,9.718057516677068575e-02,-5.543840232491156206e-01,3.187278051596498241e-02,4.876003460374520593e-01,-1.326007895582417273e-01,1.839376819083435033e-01,7.804487417467233235e-02,-3.869408005419437413e-01,-9.899844186178378969e-02,1.826909655740734661e-01,-2.099361838685137871e-01,3.755072261534220246e-01,-3.715013871043639782e-01,-4.547140763465651880e-01,2.543299315576288966e-01,3.303694379565156880e-01,5.292607242309919080e-01,-3.425209179653712077e-01,4.759598186946512044e-01,-2.329454825687085895e-01,-2.348074330742810079e-01,-3.942639547874229877e-01,3.408503974304704087e-01,6.764928891723148707e-01,-1.731822967502820998e-01
8.387547638835964880e-01,1.142317086700394002e-01,5.418586592323624412e-02,3.871885631614820356e-01,-2.277601634464454516e-01,-2.690712742131088353e-01,-5.652288548287114356e-01,2.013697099085014486e-01,-3.161171968682564004e-01,8.984255645634646459e-02,-1.775399102163898457e-01,2.438684174151739825e-01,3.020864502007785668e-01,5.555704730838399025e-02,7.030111733003160390e-01,1.964118547464098474e-01,6.026600973095362912e-01,1.858359692319724588e-01,-4.343218946568414701e-02,1.785999245881324804e-01,2.713324322595826385e-02,-7.667480334887714910e-02,6.540466279356459134e-02,-5.008121791901763986e-01,2.861885134663071928e-01,-1.873999216947775104e-01,1.811225059641914381e-01,-2.207266183464454967e-01,-1.900918429645729602e-01,-1.189025363363510612e-02,-7.364225120056394625e-01,2.098784089244167539e-01,-1.166868380092970919e-01,1.575900467811431060e-01,2.606584029828056814e-01,2.658857357443897840e-01,6.911913433338248147e-01,1.687856541101032948e-01,-4.883289279507008196e-02,-6.097397102875153768e-02,2.466084094298330864e-01,1.455879427129168624e-01,5.252505766069933552e-02,-2.328831144672522668e-01,9.907357806490209307e-02,2.299697906384829960e-01,-6.535011943222731601e-01,9.016486549623521640e-02,1.811449921299887744e-01,-4.849601816537251753e-01,-1.455731631292419559e-01,2.048681369326280921e-01,-1.951859307460760140e-01,-6.224237722700861619e-01,-1.135938136241102098e-01,2.161899897583711636e-02,4.676874362364665666e-02,3.258893642125664791e-01,-2.174091757491404542e-01,3.057576278363366429e-01
2.792264410830105348e-01,-7.774587429209027789e-01,-3.780633013500907941e-02,-3.148835560903304187e-01,3.144077006479414124e-03,4.799786770196909913e-01,-3.778553776350972448e-01,2.349288813282547073e-01,2.264001493251078800e-01,1.677759028837818300e-01,2.237423912104433976e-01,-1.551871763121297765e-01,-4.447067269512839371e-01,1.054291277201528515e-01,2.152371984307912545e-01,1.667807858828303791e-01,-1.619046732222012286e-01,-1.062868334693048283e-01,4.113779363545114892e-02,1.140381435248815079e-01,3.861074970054387823e-01,-1.618898477610740960e-01,-7.542068422881287315e-02,9.156524902586639370e-02,1.172060652796583780e-01,-4.952474736789700960e-01,1.203309808586127544e-01,2.563438625663204129e-01,1.297338926570519302e-01,-3.773230383695017759e-02,-4.647015083373706723e-02,-7.052014955099276117e-01,-1.826715818659666868e-01,1.534425694475384516e-01,1.303771706630261207e-01,-7.672481037550796801e-01,-2.376707546516466582e-02,-3.274275392766555215e-01,1.126284763861312294e-01,1.889008925264294980e-01,-8.179136388325364271e-01,-7.963046106547951031e-02,4.525134283580414807e-01,1.207129750641592336e-01,1.155033192317993090e-01,-1.049149410450725961e-01,1.352400694657980573e-01,8.778422698890391007e-02,4.913664112800721351e-01,2.034611512498190333e-01,-2.174627430086649785e-02,8.900908405043280944e-03,-3.383671065158072033e-01,9.210339962774835012e-04,-2.540992485418769875e-01,-3.727821003208270367e-02,-4.280215520592703382e-01,3.811362720144093608e-01,-2.370008490072289253e-01,-1.602392724385205691e-01
4.656494561967279740e-03,-2.813501397045020669e-02,-5.040037258652360075e-01,1.692030096478245316e-01,4.738282375493643728e-01,2.261951020424274039e-01,2.900895445468376632e-02,5.858643682772104455e-01,-1.511236007776883827e-02,-3.162231794746906410e-01,-3.947650896288985023e-01,3.107413191745660441e-01,7.295063465737655628e-02,-4.473066278527981221e-01,1.727229279584605592e-01,7.173935117543295270e-02,-2.093689886043585344e-02,-3.006783113382191508e-01,6.067005726273051458e-01,2.120607445541714264e-01,-2.081178937921922822e-01,-7.502233517617758196e-02,-5.917610073660207748e-01,-2.579912659601096836e-01,4.475709693287102109e-01,4.690570691235724232e-01,-5.960034348529764658e-01,3.663963288806675322e-01,-1.311816523367666243e-01,9.309141710728644501e-04,-1.758813645807890402e-01,-4.108450744099390595e-01,-3.280017257372452311e-01,-1.008737802405122314e-01,-1.370370292297153070e-01,3.615287549926978206e-01,8.255431550835627685e-02,-9.674843108869031483e-02,-4.315677899936379985e-02,5.726198776554393133e-01,-1.379120867830112840e-01,-6.520004874146696494e-01,2.303733059223500579e-01,8.891430015327494996e-02,2.590403722924541352e-01,2.757231446765142091e-01,-5.681833447660266101e-01,-1.171917706364808270e-01,1.184096327151015621e-01,5.281919830579263073e-04,5.304749423493450994e-02,2.261079902203374792e-01,1.107585952659214355e-02,-7.542611409158640479e-01,8.283648542761447298e-02,-3.465440016267813950e-01,-2.128935939897754481e-01,1.255232735326811400e-01,4.390182875620083358e-01,-1.971225173128161867e-01
4.785092904091541866e-01,-5.037121915449961351e-01,-2.636658027078933597e-01,4.914895081907394436e-02,-4.957160206553809512e-01,2.267832426039592952e-01,-1.498854405747184204e-01,-2.782656509616136462e-02,9.638725778483088480e-02,2.071243583213258355e-01,7.050429491387401326e-02,8.256077962064409803e-01,-4.942499183412236707e-01,-4.532995831766724604e-01,2.236432932374996518e-01,-3.568336467168017195e-02,-4.898358684284068870e-02,-1.578301027722775751e-01,7.772364164932371589e-01,1.938260145811491683e-02,-1.303954521049460191e-01,8.103485427884434822e-01,3.600996676651616046e-01,1.986096498953008049e-01,1.902451052926284747e-01,1.847884916133224753e-01,-3.668781495940460213e-01,-2.551174733511024639e-02,2.251131475694578832e-02,-5.267099111468154238e-01,2.189440062787626207e-01,9.708732858271874877e-03,-1.347825906109671734e-01,-5.452770782277066575e-01,6.566192580143185298e-01,-6.764465615057568826e-01,-5.763322979983367261e-02,1.401369497708663259e-01,-4.611264254269009655e-02,5.087732685806253263e-01,1.080395949466054911e-01,3.318305441174855264e-01,-2.877037452501001180e-01,-7.288738695887917451e-01,2.354795546679055995e-04,-1.816428060365179453e-01,-4.348896477427969809e-01,-4.934454395150125738e-01,-5.174002529473838985e-01,-2.623922575979740768e-01,2.451365961038083630e-01,-5.567787479310791765e-01,3.344688402491271528e-01,-3.624280608992889730e-01,2.721877893383330971e-01,6.326671168799273548e-02,1.363251462256140356e-01,-4.721666086084130298e-01,1.200222559770322411e-01,1.799763362475464701e-01
-9.883544316427329834e-02,9.194663193786331221e-03,2.742774766555971522e-01,1.934774480943900199e-01,-2.328970868376952497e-01,-3.496862345092900948e-01,-1.226257585999274841e-01,-5.053479044238661233e-01,-2.303015092692460020e-01,-3.944309531839028105e-01,6.278985649439391414e-01,-1.115080169055811532e-01,5.304031008592143825e-01,-4.684224415634359873e-01,-8.664149486302180625e-02,-6.688326801051765365e-03,-2.135584635533950282e-01,-3.992986584538344985e-01,-2.574371814147176085e-01,2.089459646750766730e-01,-1.969389651789992327e-02,1.972066532551612905e-01,5.041981480913019231e-01,2.418955847521538638e-01,3.753049576712197966e-01,4.653138915753471383e-01,3.145457573781236804e-01,-3.559459585068180942e-02,-3.851582962664815146e-01,-1.147146699857140573e-01,-1.887653990249420211e-01,2.879477419348190903e-01,5.560658271088115834e-01,4.376391286559426219e-01,8.217160942593117190e-02,1.404091143652430873e-01,-2.302154841705791599e-01,-1.642734045000444620e-01,-6.425654820561300662e-01,5.506372902722644902e-01,-3.363402880249242721e-01,3.328662078875293528e-01,4.926334499212379758e-01,-1.283245788905742202e-01,1.899146687981257686e-01,-9.601870570397101623e-02,2.969763634356002990e-01,1.933234282286594163e-01,-7.426088852425664077e-01,-2.573213787145889886e-01,6.440103634890123052e-01,-1.352381120430411476e-01,4.220026599696171526e-02,1.728408280536900821e-01,-1.322634759446594810e-02,-8.013858247287006242e-02,1.342218577600352847e-01,-1.168269230977319190e-01,4.174830894060976849e-02,2.000402065642998828e-01
4.042397953003009081e-01,4.807313848830408465e-01,-4.673902982148862573e-01,5.103318764385669087e-02,-2.564867993688170200e-01,-2.154035211516482085e-01,-5.979058103707185490e-01,-6.536162456979417723e-02,-7.483608492293747361e-02,-5.373841326917608990e-02,5.120843337201788081e-01,4.444454063335671612e-01,-9.343775601351096693e-02,1.069223305198099272e-01,5.279311260156942069e-03,2.197204974950447143e-01,-5.034351707724780134e-01,-3.512049415726815060e-01,-2.253306517523613051e-01,-2.794096425480930290e-01,-2.889753029477981072e-01,-2.867436660519674940e-01,-5.642283045801569363e-01,5.668242573130031353e-02,1.720679559823109772e-01,2.611168701262437941e-01,-1.564276594043749469e-01,6.349485117626952890e-01,5.604513314576965444e-01,-1.293370778518381226e-01,-9.152202596599808004e-02,-8.147428450745412831e-02,3.512770984593676649e-01,-4.019777397471918090e-01,-1.166954132626897983e-01,-2.375048913260258132e-01,2.650035258951967676e-01,3.721114986799476942e-01,-6.812394750430002255e-02,2.185309680655221909e-01,2.533110027984843415e-01,1.988927956691588506e-01,6.866566737291290856e-02,-2.526425424164259123e-02,1.733121471777852307e-01,-1.964986323030060156e-01,2.149495760182775286e-02,5.270627791126790695e-01,-3.982860552201714088e-01,7.512688408580019128e-02,1.979771471569273175e-02,5.133979486415292115e-01,2.815329782646490142e-01,-4.645460802083287710e-01,9.698900480172648608e-01,-3.140489097699754040e-01,7.634813897014035566e-01,-5.613456831107145328e-01,-3.883544973957197555e-01,-1.042043377623637773e-01
1.147609607736826270e-01,1.188841589228382817e-01,-6.642552552557750012e-01,-4.696813309589494279e-01,-7.951664468065662572e-02,3.902546853306387842e-02,4.765056744544921702e-02,4.208269313603361650e-01,-1.463359658483335581e-02,4.756024245527357142e-02,1.902268315775255125e-01,7.152259347508643783e-01,-2.242437669940449962e-01,-3.768041976060776399e-01,4.478963856938206756e-01,2.586952655210341123e-01,-2.811949421708151986e-01,4.991171365077175515e-01,-1.641017726842361746e-01,1.952990886051475528e-02,-1.288365417841312033e-01,8.711714570519965214e-03,5.090035398474691553e-01,-3.418636027051621257e-02,-3.693625686435695887e-01,1.552836516523489196e-01,-3.685687494703170919e-01,-4.399039564625681353e-01,-2.940588112982370772e-01,2.513229465309224087e-01,-8.695323668567407627e-02,9.208667735136943922e-02,-1.209768537892013246e-01,-6.193500988424781584e-01,-3.857256881280472505e-01,2.714355280170856477e-01,6.199074487527789223e-02,8.098455528833674311e-02,-2.203190546925725968e-01,-1.569739055843379638e-01,3.581534140461196114e-01,-1.848966703862228167e-01,1.573241744337331161e-01,2.052913251912602544e-01,-2.161164547954078363e-01,-3.626707671316684589e-01,-9.427053606633324645e-02,-4.743430244703764065e-01,1.641944786184600102e-01,1.223290543096333532e-01,-1.085481370194255613e-01,2.259677280493025131e-01,3.537518535025456212e-01,-3.268984409779135958e-01,-1.756440326383856831e-01,-1.993011849453829865e-01,2.296442319361835516e-01,-3.707036454883043675e-01,-8.624713862973687473e-02,-3.591310740274584745e-01
7.270124309967096465e-03,-3.013559782396961206e-01,8.585360567464084269e-02,3.669272412445819670e-02,-2.210402959144012469e-01,-1.736396118652893117e-01,-3.652447654019039813e-01,9.327456202820161302e-03,1.574116296724049902e-01,-1.802319595812131026e-01,1.369182729866292025e-01,-3.936902720666830002e-01,7.368394590350553497e-02,-3.198765809005298943e-01,-4.526286643690249356e-01,2.415704067198097202e-02,4.429945439445586719e-01,3.991732749854740026e-01,-1.490082220126221768e-01,-3.029831623602443069e-01,3.243601674381313416e-01,-1.026301345169163409e-01,3.977039361548701524e-01,3.418920681154666852e-01,3.752870642658963085e-01,-9.819278549067657347e-02,5.318253058929678367e-02,7.517193138173754174e-02,-1.078702746429483494e-01,-1.568212221580644605e-01,2.926079429511017627e-01,5.789558328113316721e-01,2.479101747740514450e-01,1.289467645894183112e-01,-5.080255401551784372e-02,-1.428851737264209276e-01,-3.648656574163483546e-02,-6.644456274800278894e-01,-2.872482245497405273e-01,2.357241748136268411e-01,7.383759590032172582e-02,-3.445756795748889378e-01,1.438699803537397404e-01,-7.875484431705334076e-01,2.301947017151321703e-02,4.525386159142207876e-01,1.233327508738518707e-01,1.251867811084274827e-02,5.408290173994402261e-01,6.362712502004580495e-01,8.395206978116383223e-02,5.460183625614148557e-03,3.546784378166735752e-01,5.677746787020073599e-02,5.068427646855547808e-01,-4.600826468092963917e-01,-9.184620832864180684e-02,-3.482605649621037802e-01,2.865324936303382808e-01,2.692318453543827705e-01
-5.124402702067917259e-01,1.188378090079778987e-01,-6.364954858222049427e-02,-5.848595154429000326e-02,-1.990526251216857834e-01,1.492995979912834226e-01,4.574313983410434048e-01,-3.216579905632265673e-02,4.940387989751450770e-01,-7.488746433665326441e-01,8.558752177677668438e-02,-5.002484741136340451e-01,1.904861807542865826e-01,-1.467058161011118855e-01,-4.010023831470500011e-01,-1.160022126842678164e-01,4.008836121800010699e-01,-1.780368262750288422e-01,9.532095153945728538e-02,1.963489932023085860e-01,-6.478476283872958152e-02,7.608254236688760663e-02,-8.226644059501826700e-02,4.135003131680970445e-01,-5.934502852413159335e-01,-3.644367225246019637e-01,1.145746248759202252e-01,-1.898017546936063005e-01,1.409515878116009424e-01,-2.819479735622950137e-02,-1.247473594959772614e-01,-5.060128771748278326e-02,1.552024281840940489e-01,-5.504100293406311017e-01,-5.068543059736506651e-01,1.615228016690982427e-01,-1.937341583228300787e-02,4.131560049038236482e-01,1.901140888989846511e-01,1.936926201323238284e-01,3.085742224921292354e-01,-1.126246233543060499e-01,1.720116886286176261e-01,2.334352179161092167e-02,3.074501876911017728e-02,-2.145278575189216441e-01,6.615714260947809511e-02,7.104120346473266068e-01,-1.505748831140805988e-01,7.203773600247407316e-01,-2.517888763114552522e-02,2.824174769662179951e-01,2.408921013152986734e-01,3.221224233916736845e-01,4.899017237149512205e-01,-6.887298733867649458e-01,6.546776406453246322e-01,1.608513022633963063e-01,-5.412395403873607735e-01,-3.324452295336332575e-01
-2.501601931866809791e-01,2.133872928252340540e-01,1.199969656327227741e-01,-4.513008370752206733e-01,-2.452275300735746455e-01,-3.341920187083119997e-01,-8.785491922753518867e-03,-3.996409067408610571e-01,-2.802866524530879810e-01,-3.880366287064274111e-02,9.918611909208211244e-03,1.793824340399289285e-01,1.902540498551815243e-02,-4.126357213450996819e-01,-2.006795891424457967e-01,-1.627442666223349044e-01,-2.057583117359848834e-01,1.402548168586587873e-01,2.364282112484268339e-01,-9.636986573420745772e-02,-4.113910392977734171e-02,4.793464291339017413e-01,2.633375246812152959e-02,-2.251590827095120151e-01,-5.651496938440619261e-02,-7.616190322795361733e-02,-3.729773875449047260e-01,-5.780242943474228623e-01,2.358713730525390240e-01,4.163983381814309048e-01,3.129611460113152499e-01,-7.462201419674141523e-02,-3.724253665020695880e-01,5.373810713298092789e-01,-2.830870811487998240e-01,-1.819964902414580032e-01,2.773967511229828362e-02,2.660549591567009653e-01,2.041246574586691176e-01,1.772271497383947070e-01,-1.005806097106295566e-01,9.897342107574934322e-02,5.230258103940751413e-01,2.322838714220160916e-01,2.999806358296618902e-01,1.802547910642504359e-01,2.111479817805619330e-01,3.372675979217115150e-01,-5.340560650530722375e-01,1.287587663731799836e-01,-7.023686634622698932e-01,-3.988546852105481766e-01,-1.204307570723042592e-01,-9.894893956943480451e-02,-1.136951730820548595e-01,1.891428913005933909e-01,2.094532669491122601e-01,-5.535635796772114814e-02,-1.392432576334945438e-01,-2.579302482307266886e-01
-3.330479072973608901e-01,1.350668174796731957e-01,4.395414200107717329e-01,-6.622958495267357304e-02,1.079884603406188054e-01,4.223474477768569546e-01,-4.770313365182951570e-01,2.790079825083005560e-01,-1.484272026026763891e-01,7.549040542678024934e-01,-4.245961454770244003e-01,1.656235455416692759e-01,-3.755099124322249238e-01,5.711489788103203402e-01,-4.985942537680482234e-02,-7.446539726575771567e-01,4.818688309889727628e-01,-3.556309000836589962e-01,-4.498238733526517819e-01,-3.203083567954896349e-01,-7.344534046718426135e-02,5.950447897756657722e-01,-1.521744860349004969e-01,3.162647592515224759e-01,3.125774605785699989e-01,7.057775934286363295e-01,6.917565057093215397e-02,9.632827235024077339e-02,2.688305229019808951e-01,-7.491879956911652316e-01,-4.463059297281877225e-01,-9.524532117007834808e-02,-9.124788201353732642e-02,4.530195747812755802e-01,3.733500177248302854e-01,-5.480686716233453687e-02,-4.256428143312854934e-02,1.888265366491819197e-01,-9.572523222601304893e-02,-3.802800975018635118e-03,-5.774856787956597626e-02,-8.667007790772851550e-01,-3.974855491820774439e-02,-6.441749599093644640e-01,-3.252864416488033261e-01,5.636287478044851168e-02,-3.008408691284858993e-01,-2.669542491224524694e-01,-1.716902080580470502e-01,3.676734267080642993e-01,2.297815590158060195e-01,-3.852323441103255308e-01,8.348071035198986189e-01,5.384199800174607059e-02,4.824533666937586007e-02,1.711843785318086508e-01,-1.763067663138865038e-01,-1.054142464150416708e-01,-3.528378551136800989e-01,7.985681907373447241e-02
-2.026794493600699576e-01,4.903775776018765575e-01,1.312937777124201233e-01,-2.473477057604515361e-01,-5.912443984553407139e-01,-2.951383305454315445e-02,-5.794880659655764488e-01,-4.928768488355950161e-01,-1.826010794253637715e-01,-4.917660097326498891e-01,-8.291789602259865000e-02,1.223244146037349572e-01,1.462303003782790267e-01,-2.633024087833721327e-01,-1.520601802952092074e-01,4.041455713438763531e-01,3.453952279068954190e-01,6.839024740651937322e-03,-2.703134833941603365e-01,2.596673355719393839e-01,1.160766079293782706e-02,-2.831080351982658283e-01,2.573411604011404674e-01,-2.455619962190121533e-02,1.765477839857783893e-01,1.128683475610916531e-01,-2.400709597614802959e-02,2.165050638405409955e-01,-9.503561108385900902e-02,-1.187379661998360231e-01,-3.081786862689293582e-01,5.945414370294171968e-02,-2.132915691858355833e-01,-1.949484875082164725e-01,5.227934034101302530e-01,-7.020932419663682422e-01,2.445654589716928784e-01,2.346881546182892075e-01,2.374372538663512000e-01,3.468389666703502461e-01,3.922464215142835164e-01,2.442278669204500652e-01,4.509963950502420826e-01,1.590264276719996206e-01,-3.663881427779169808e-02,-4.391528984176078509e-01,8.608623503094792184e-02,6.447414510334993354e-01,-1.153246996868917407e-03,2.222643437318923831e-01,1.233715015830982448e-01,-5.710778689993475238e-02,-1.478619979598231882e-01,-1.615811341011026692e-01,-1.203708260248113060e-01,-1.203513086656578765e-05,-2.900520632549455358e-01,3.462583838998825603e-01,1.270646504391197140e-01,2.845590714098051865e-01
-2.065078133156739160e-01,-2.723564220385086831e-01,2.267503717792182238e-01,-4.713809859997573626e-01,-3.729521632403027809e-01,2.663205471844473093e-01,2.144292949810111537e-03,1.304945084152246138e-01,-1.895226113313331073e-01,3.083855023807746121e-01,-1.383782106340418483e-01,5.129717022592924502e-01,3.207565052144737971e-01,-1.034645092761547237e-02,-1.141920816515618192e-01,2.342180029413701015e-01,-1.192724685620852459e-01,-4.105846811360009396e-01,-3.402816339497006237e-01,2.938861979296158999e-01,7.362319120782630406e-03,4.153608583763736539e-01,-1.730744873431754038e-01,-5.264580354282006880e-01,-8.272829331803362163e-02,-4.287513326548785669e-02,-4.339642068060311497e-01,9.696274930732046160e-02,2.407446113598492865e-01,-3.494534177264292940e-01,-1.035835369094767061e-01,-9.529043871228092336e-03,6.291710448899254793e-01,9.564365824042704578e-02,3.573065004500732278e-01,-4.843484486911011633e-01,2.847862890303312078e-01,-2.791596001275520877e-01,3.928808357364939503e-03,-1.190215507916555920e-01,-2.244110311044164308e-01,3.308257009419414696e-01,3.351617340212233870e-02,2.751911489159570845e-01,-4.218778054888310813e-01,-3.085762314348814983e-01,-3.252327591869508261e-02,5.253388650311342500e-01,1.969358007936069521e-01,2.798267166214283841e-01,1.020083190948354729e-01,-3.118501093837508509e-01,6.058086526553821960e-01,-3.089784189230930164e-02,-2.180471312134464601e-01,-2.377813718508195728e-01,-3.098439678420034094e-02,5.405725496477283842e-01,2.704747036401992100e-01,6.624297493863110509e-01
-2.177139558186293733e-01,4.803575409937874130e-01,3.142770453841839950e-01,2.668213194295459556e-01,-2.211098816705890646e-01,-6.434448404643515751e-01,1.320911196872699978e-01,6.732838453393320544e-01,-3.656026037950674823e-01,-3.520907136112236269e-01,2.131349872444191496e-01,1.144147826719135175e-01,9.949743099824663595e-02,-4.860750495675447147e-01,-2.045315777150828393e-02,3.928498543407130672e-01,7.431323010283710784e-02,4.803800206182196608e-01,4.436415681891907048e-01,-6.274883667271257126e-01,-2.769777465693119556e-01,6.000230175696907864e-01,4.653167945310063974e-02,2.567432565710158765e-01,1.223531821683985082e-01,-1.539046895309692520e-01,-5.075992341025540450e-02,2.491323052986769426e-01,-2.914066368287849818e-01,2.944294001527732532e-02,-7.687069018359449224e-02,-4.608665098338545207e-01,-5.614080040627426188e-02,-3.106705579215070512e-01,1.824258147789525053e-01,-5.095705669090313389e-02,1.813760225395195380e-01,2.543073855131235406e-01,4.495704489161966855e-02,-1.033740845143568815e-01,-2.710411607846799353e-01,-3.151318374072369782e-02,2.755683885360271090e-01,2.848110225583196931e-01,1.502822045122083894e-01,2.418612697433560402e-02,-3.348723447259208119e-01,3.267789643541248873e-02,6.403421599412858489e-01,9.846167463151649091e-02,1.546448585379132379e-01,-2.570024688439600524e-01,-1.178572999881168232e-01,-1.342160785809694556e-01,-4.428840431019884782e-01,-1.277170880554966137e-01,7.207576579939045658e-02,-2.024376984939972590e-01,-1.940063363757100756e-01,-3.684987678125601351e-01
1.517023526713968395e-01,4.420766096596630557e-01,-7.800537775640241367e-02,-7.120602398762128360e-02,5.274760661189092925e-03,-6.080892296829306654e-01,-2.343840693786598262e-01,3.840575256019104766e-01,-7.165311398835672030e-02,3.184345274239703816e-01,-4.447226204564008190e-01,1.827225186684044989e-01,-6.321778854336996822e-01,4.462113260250141766e-01,-9.992056759694939450e-02,2.713244609257368101e-01,1.565607026520822453e-01,4.816258261906093963e-01,-1.987822344370150096e-01,3.994180781121561274e-01,-2.554694432987880681e-01,2.178565859513971470e-01,1.035764590835011739e-01,-5.619183829602610869e-01,3.626004669851669998e-02,-5.589361618787883623e-01,1.353515491687526939e-01,-3.630452823118031636e-01,3.823535463448127225e-01,-3.959920759351795994e-01,-1.871771585966706952e-01,-3.460438511722794819e-01,-1.190156442688899835e-01,-1.362676873341685524e-01,-2.774724304632176786e-01,-4.197197728102251557e-01,2.758241097339116377e-01,-3.708880938215590728e-01,5.534538017406779309e-01,1.097724627259749203e-01,-1.076740858357164016e-01,-1.621234996441628384e-01,-1.467279506426686086e-01,9.630965722176403065e-02,3.446360693872490555e-01,5.805654818912778931e-02,1.468586668234678483e-01,3.936204575699902009e-01,-3.694426963454402468e-01,-6.461900946539134161e-01,7.076192113872858958e-02,-2.888789856675993972e-02,3.349372358963460528e-01,1.920778114632442080e-01,-4.180331221368112082e-01,-1.093726646661778990e-01,-2.144381061724838222e-01,-4.259364238698790661e-01,-3.317422073487052980e-02,-2.259724639917838618e-02
