4.608880420762518915e-01,4.728126562905628494e-01,3.268724751051078625e-01,4.259935187267297474e-01,5.952511765257341159e-01,3.977640896198222920e-01,4.242084870182926126e-01,5.242825705330650399e-01,4.271544174882883071e-01,4.891036370592697358e-01,4.173304228073836941e-01,2.140204596433535611e-01,3.705973769365135673e-01,5.716437083531527019e-01,4.349852114321859919e-01,2.663004867160278510e-01,5.925150227240097989e-01,6.889537661965949855e-01,6.451990032665346764e-01,7.488862486429800347e-01,6.028151260031487935e-01,8.301440672250601782e-01,8.533575840155224190e-01,6.438725220779197844e-01,6.782646730029608939e-01,7.555091791426168379e-01,5.797811792060275637e-01,6.134910124850605495e-01,5.097660123890932482e-01,3.461898383324941153e-01,-2.812796911367970720e-01,-4.857718064068038410e-01,-6.057440879795870092e-01,-6.613886108261362029e-01,-7.456947390517612018e-01,-8.172808580762354058e-01,-7.550967416210188077e-01,-7.232198776747906788e-01,-6.330646968659190410e-01,-8.916063231372058917e-01,-7.622657303451974009e-01,-6.507810220449005145e-01,-7.707990687750694292e-01,-5.813494098304256008e-01,-5.194557807394251103e-01,-3.626353726426595481e-01,-4.207155567051747980e-01,-6.063045997014482325e-01,-5.550220815788859952e-01,-4.910840680538292036e-01,-5.074362988884151271e-01,-5.477057457863525602e-01,-4.314102058617862445e-01,-3.139979418609593620e-01,-3.716140675844796792e-01,-4.939425149588553277e-01,-5.053448029881146830e-01,-4.750132950153713729e-01,-4.273611294521577619e-01,-5.595195896917034561e-01
4.068256125456785055e-01,3.150971609015950636e-01,4.844688844486126911e-01,5.436111805768752969e-01,2.000330661224870854e-01,4.597639167124806248e-01,4.173115813359503656e-01,3.793038532403289476e-01,5.723197120206272581e-01,6.372020729452279042e-01,3.240068670415052199e-01,6.410143993124166606e-01,5.091469493885728559e-01,6.429949738181921504e-01,5.004700522072977886e-01,6.066698721450355380e-01,7.353788127747026282e-01,7.056036559050804513e-01,7.904043348947367154e-01,7.646386693108022659e-01,9.187341571365458259e-01,8.094978571221359553e-01,7.893120246105149729e-01,5.872551802322598657e-01,7.846946437160015053e-01,6.157591106446280715e-01,5.020247677594663616e-01,4.644086671093356489e-01,2.702451685607447640e-01,4.135375728385730087e-01,-1.321889240561457679e-01,-2.992698961391332957e-01,-4.330699166015506418e-01,-5.826798983733555426e-01,-6.636589979411244844e-01,-6.235122842733165083e-01,-6.568319737605514685e-01,-6.728305371181303451e-01,-6.593687771333562875e-01,-7.254308207651659623e-01,-7.501074487929283441e-01,-7.025699667296789741e-01,-7.475744494943308283e-01,-6.059331822015691094e-01,-4.764448628210766756e-01,-4.273164960160765746e-01,-3.549864879519674110e-01,-3.892195938473024253e-01,-5.157622293984205353e-01,-5.813240940761376097e-01,-6.243413329425012703e-01,-2.965410080196001497e-01,-4.327926439571164186e-01,-4.401595281392342573e-01,-4.716999490455657806e-01,-4.717759643921783375e-01,-4.870195431303059874e-01,-4.733538038306265294e-01,-4.105701728732157330e-01,-3.366373837544265890e-01
3.363191809975709101e-01,5.549362812775733289e-01,4.578360357702407901e-01,6.090825957027280468e-01,4.785436181145127921e-01,4.004205944341532875e-01,5.242772652865735905e-01,5.715619366628281739e-01,6.436526879872841445e-01,5.098339268769224164e-01,4.467479628725328777e-01,6.265649700608337813e-01,5.082269077935798185e-01,4.792501121990035418e-01,6.181059379907336560e-01,6.664710294954727665e-01,6.449219803013243046e-01,6.699532674606417659e-01,7.173493921088837100e-01,7.816323896180124020e-01,7.576381662687439178e-01,7.116107397188847772e-01,7.100445704729418939e-01,6.495125632678580008e-01,6.118659951688958376e-01,5.090943924180212354e-01,4.615429478916798223e-01,3.510146861963007736e-01,3.737320996258252093e-01,1.865813386913209582e-01,-1.397519189460281197e-01,-2.853566190517394796e-01,-3.162190030472309399e-01,-4.126844780809286739e-01,-4.917513287603035299e-01,-5.860658578961206455e-01,-6.199541946450010110e-01,-7.813376137073089200e-01,-3.856760984305001583e-01,-6.865339873745670562e-01,-7.552787331067331023e-01,-8.575243930772549206e-01,-7.334538653041190459e-01,-5.633564883492063746e-01,-5.999908318617900305e-01,-6.314324240319866277e-01,-5.381840614040452886e-01,-5.776172708711815318e-01,-6.135350032133857212e-01,-5.919414367811427491e-01,-5.694147323289293627e-01,-5.243754133255065231e-01,-5.642622704639022047e-01,-5.943817728258913302e-01,-5.136822072871013445e-01,-5.378646232248173176e-01,-4.434278841557576234e-01,-3.753355651294552620e-01,-4.007987642018767116e-01,-3.653646881018831061e-01
5.712735207155138495e-01,5.510888777941664873e-01,5.636991954189320975e-01,6.020830074067193838e-01,4.640617030888748995e-01,5.310309201698151238e-01,4.234632547159792315e-01,5.184385977781962307e-01,5.743808572048321182e-01,6.046867626859083744e-01,6.112460408477290441e-01,5.906179828950544053e-01,5.828498110567436052e-01,5.302992657119136588e-01,6.308681048337699826e-01,5.762290454047841459e-01,6.870663848808944429e-01,5.957133771788406529e-01,7.152882674696469101e-01,7.170253328911451174e-01,7.547686406776455970e-01,6.259728863581964786e-01,7.558115077812248561e-01,6.528710942400226536e-01,4.290181445472457389e-01,5.190235433759020633e-01,4.276738573739868876e-01,5.049350705565622821e-01,3.927683843131796193e-01,1.493225969211405268e-01,3.836361359376575658e-02,-3.581448474027909556e-01,-4.362408310000336908e-01,-4.094236183183618261e-01,-4.177577329373733939e-01,-5.775770006192055828e-01,-6.201524903085183782e-01,-7.562856266490245449e-01,-6.217741453402848562e-01,-7.499978241742596419e-01,-5.371696368880446437e-01,-6.814018711591715016e-01,-7.030984648806088977e-01,-7.078883269888129881e-01,-7.085365585138908573e-01,-4.940748632677690044e-01,-5.642567914397641493e-01,-5.167228692413537994e-01,-6.128840841439580078e-01,-6.456817528119557226e-01,-4.913873051719694907e-01,-5.506388526838543740e-01,-5.778462466043912116e-01,-5.664827645067447293e-01,-5.177169014406330927e-01,-5.481383482451078759e-01,-4.228241434600676918e-01,-5.540367204433487291e-01,-5.817522450900971531e-01,-4.899426182789962669e-01
5.068434733160783745e-01,5.485180781774543490e-01,5.131420815794954793e-01,5.557584892152610534e-01,5.556348099724648382e-01,5.151356224472535272e-01,5.398729164733371277e-01,5.740949512703379387e-01,5.513058306110498741e-01,4.803810985051727434e-01,6.079951925925797251e-01,6.064487283971317089e-01,6.059200961635965443e-01,5.486467234058272080e-01,5.417773064996885823e-01,6.630673160202295024e-01,7.835191076128340537e-01,7.959025478282205635e-01,7.032215844482637701e-01,6.406998705259973059e-01,7.796800942845449889e-01,7.631275912923787264e-01,6.947562277671959219e-01,5.802932337598155632e-01,4.829063249445023631e-01,4.383053621386645560e-01,3.620803502657407025e-01,4.110492784597686855e-01,3.534221839341571969e-01,-9.378164458518116475e-02,1.210826765154151587e-02,-1.875018977906967310e-01,-2.943014700232149949e-01,-3.213590742589421123e-01,-4.209736158847784404e-01,-5.430864977072575872e-01,-5.355088729456103369e-01,-6.522899656186721407e-01,-7.968588032987440339e-01,-7.307262485773829974e-01,-6.857002046926441441e-01,-7.565607491127976925e-01,-6.533620235374760776e-01,-6.247889740156834515e-01,-7.465855331973109132e-01,-6.609171228341728099e-01,-5.098538608831287844e-01,-7.093613525160813449e-01,-5.854794382543661024e-01,-5.927816483227815736e-01,-5.520674620844669978e-01,-6.134845154259394029e-01,-5.416578627652951505e-01,-5.450043827145112374e-01,-5.379328605704472022e-01,-5.635293871267772481e-01,-4.779913000103285792e-01,-5.639300923176348013e-01,-4.867326148568819066e-01,-5.118329108797340377e-01
3.797709560878267387e-01,5.209509246692647366e-01,4.955294973570484873e-01,4.778800069748421753e-01,5.001159609598635480e-01,5.636552882256886665e-01,4.715938827581926951e-01,5.578688970821119586e-01,4.808881738746045298e-01,5.970404335949266450e-01,5.385651364172703293e-01,5.450037795863214019e-01,6.144219812349950294e-01,6.029547717953801511e-01,7.503669812706140752e-01,6.233788433328018019e-01,6.840778073051307917e-01,8.497119833060065019e-01,6.699804214828077864e-01,7.064702568927858639e-01,8.023538585988166938e-01,6.856010900533264785e-01,5.601100988406623182e-01,5.555365213167217098e-01,4.885036857364644658e-01,4.075666894580375899e-01,5.228430394990531971e-01,4.563035991486508181e-01,3.467913641963259463e-01,9.668564633192319735e-02,-1.879927365196865097e-01,-1.141163825310686775e-01,-2.613081649551423080e-01,-4.628376110756661221e-01,-3.646862138613335969e-01,-4.153775686571132830e-01,-2.962522392439559948e-01,-6.896849247821366102e-01,-6.748702135241158029e-01,-7.509411195748578738e-01,-7.413868279148617679e-01,-6.870424397213519274e-01,-7.328976319207948231e-01,-7.459606887186648327e-01,-6.502479214743643876e-01,-6.286644896231989854e-01,-5.984116546853995855e-01,-5.973996291435491601e-01,-6.417481910720135296e-01,-5.899969726881072463e-01,-6.265336051491459113e-01,-5.408078920894195951e-01,-5.064257947028668605e-01,-5.470555747550599479e-01,-4.912184312886271331e-01,-5.805147383764089897e-01,-6.319557513009241845e-01,-5.683790220927998904e-01,-5.513557788047869224e-01,-4.475528428336983389e-01
6.201138289343027798e-01,5.258997360655337516e-01,5.143064386567346435e-01,5.015183696776275291e-01,5.178994356015076406e-01,4.044988625915361125e-01,4.895750559911165034e-01,5.117953521276338291e-01,5.263952440141848044e-01,5.581220174245336008e-01,5.537265883831571367e-01,5.667952710475315792e-01,5.636002123455494672e-01,6.139561460357256806e-01,6.203227382923726108e-01,5.992199069599088990e-01,7.507088624951878675e-01,7.011828445988438352e-01,7.064404908408323802e-01,5.791761532754388098e-01,7.619823869384372284e-01,6.846854770376269439e-01,5.948238684684845623e-01,5.104375384280077643e-01,3.593047343992495368e-01,3.553036735393819145e-01,3.020536831890460183e-01,2.701886100707050486e-01,1.841683641648596548e-01,2.882862007755530587e-01,4.144423617593516462e-02,-1.553172962487127662e-01,-2.130167621152256885e-01,-3.052945160200530861e-01,-3.502527406241557895e-01,-4.469829758479235693e-01,-5.195392305523898191e-01,-5.582698883569261472e-01,-7.472176048776392188e-01,-6.256365279884952280e-01,-7.332659803405325860e-01,-7.357094727107206245e-01,-6.619337780964282825e-01,-7.611027191399767355e-01,-6.312958229431369084e-01,-5.677219103414090640e-01,-5.960969626867556048e-01,-5.694908926314562470e-01,-6.010947597893513406e-01,-5.599718368238206789e-01,-4.903232453827951476e-01,-4.797327620623681455e-01,-5.049357817200570420e-01,-5.589274099366938753e-01,-4.911612519354805473e-01,-5.440771349766373444e-01,-5.282916813609783713e-01,-5.313348496249926667e-01,-5.004327932875902718e-01,-6.714368749466703701e-01
4.951047381189237484e-01,6.491881971925531625e-01,5.576580509537043540e-01,5.867339084776923563e-01,5.649739738449979232e-01,5.589218111972021896e-01,5.248421117331105723e-01,5.839323579916674278e-01,5.685100666279403470e-01,5.920067224076619450e-01,5.446616994808249901e-01,6.174285454706518461e-01,6.216848731408306516e-01,6.752007129560526622e-01,6.462826669216864550e-01,5.410429148172768432e-01,5.983712247281706142e-01,7.812341525655942531e-01,7.091587406699341178e-01,7.038559572841982526e-01,6.806004386845302401e-01,6.848157794219533745e-01,3.484719293818950292e-01,5.268108504680846238e-01,3.867159665573433047e-01,3.090853611569895354e-01,3.638709891726509271e-01,3.866333754312131776e-01,2.464399986897334305e-01,3.039391111065348761e-01,1.319265544302838933e-01,-7.207027980760830066e-02,-2.475483798616028852e-01,-3.003103620024459852e-01,-3.286475374665430160e-01,-3.695767653651352846e-01,-4.152169400708015656e-01,-6.405220372301406728e-01,-7.216132635849137333e-01,-5.981310754576860678e-01,-7.710645279842677224e-01,-6.434015874674869906e-01,-7.717823788680462371e-01,-5.548440843273663159e-01,-6.191713223382760978e-01,-5.599160420646309699e-01,-6.308287413062986237e-01,-5.998470731951646151e-01,-5.582278428195402986e-01,-6.308767600637776862e-01,-6.232930300805517021e-01,-5.474642450598676824e-01,-5.191101775808453223e-01,-5.005780102428757372e-01,-5.503142615747613764e-01,-5.365404650251457408e-01,-5.380522485548290268e-01,-4.541662152751147485e-01,-5.908420573693889954e-01,-4.849699816007038145e-01
5.123780049552095761e-01,4.991900806517124423e-01,5.778586650102338629e-01,6.441568502316195044e-01,4.079700864632848645e-01,5.021417456551765524e-01,5.457575665769341944e-01,4.975494997755658955e-01,6.207979811694657180e-01,6.035356668824694015e-01,5.443414611573519357e-01,5.458926564271510129e-01,5.246681795879968302e-01,5.098557436703303747e-01,6.797236409908565813e-01,6.497361498323650508e-01,6.310214711970053569e-01,6.848041305569940729e-01,6.678768618403416735e-01,7.355324208225880733e-01,6.575165587886792062e-01,6.349061948629625141e-01,4.818302575931849852e-01,4.092343594127328399e-01,3.789641995154921505e-01,4.382661086347690582e-01,4.586332560252562862e-01,3.194463403747315189e-01,1.692935334958013127e-01,-6.973540369648609238e-02,1.515022687685268210e-01,-1.504463715514741950e-01,-1.389654491976882456e-01,-2.323594122103331272e-01,-4.813547652780884034e-01,-3.960414401181879818e-01,-3.577468147779799268e-01,-5.833399000259600342e-01,-6.670462640559300382e-01,-6.979703765706232188e-01,-6.650579344526464931e-01,-6.200854915237302700e-01,-6.140882443096595811e-01,-7.875139071310331973e-01,-6.909750363065348955e-01,-6.325949768729139944e-01,-6.227837986930948588e-01,-5.698223586038299038e-01,-5.859132228183338009e-01,-5.539916454558555525e-01,-5.550088007473489293e-01,-4.763027688782394131e-01,-6.190399831156796484e-01,-4.450685191412322439e-01,-5.696129621145220590e-01,-5.745464492935621337e-01,-6.354619491004850351e-01,-5.887432567272783412e-01,-4.754937340883151897e-01,-5.653479542655455159e-01
5.298791398661873986e-01,3.879707607673263392e-01,4.874597525805299258e-01,4.985562221682490192e-01,5.879779548891745922e-01,4.548315149377054611e-01,5.080878967470591201e-01,5.123178889733063235e-01,4.452053830007624002e-01,4.681039144271409991e-01,6.084586273365690801e-01,5.302840768209682309e-01,5.473676061377229507e-01,6.282501013188730443e-01,5.928472461393475834e-01,6.643960063128920845e-01,6.132795284828549409e-01,6.923612931237190793e-01,6.001993773957801093e-01,6.539219294632386825e-01,5.777526703233626382e-01,5.583563264546365090e-01,4.321971615985965576e-01,3.492929170252524473e-01,3.557174461337007654e-01,3.253996420105330634e-01,1.791992695755917908e-01,3.063982399039661408e-01,1.012227317220529832e-01,1.022707906345361878e-01,-4.545853594389366592e-02,-2.457513198464587045e-01,-2.947323396976829213e-01,-2.962982948025366103e-01,-3.613770011344616395e-01,-3.418043023239560885e-01,-3.797993969748797438e-01,-4.319508351386027734e-01,-5.279582930180088951e-01,-5.691672713492866853e-01,-7.226816167162343207e-01,-5.770525351015376447e-01,-6.486730397899801437e-01,-5.713039676411920675e-01,-7.128625879772014784e-01,-6.378242602724464305e-01,-6.198973062914286958e-01,-5.146368876391022029e-01,-5.947619699860190456e-01,-5.056425856618910197e-01,-6.070573080178368608e-01,-4.834711909208477820e-01,-4.458583356173071444e-01,-5.773512713797452900e-01,-5.507322422990573729e-01,-5.887624803413655794e-01,-5.624366568579135528e-01,-5.056709647147771269e-01,-5.098725937817026876e-01,-4.160378990836748336e-01
4.577420637403878945e-01,6.478408239463711027e-01,5.236078125015873885e-01,5.987304692071765411e-01,5.153623936709111897e-01,6.227864483436016396e-01,5.849789412939803146e-01,5.132016941096050333e-01,6.110149979111308971e-01,6.136560323261400773e-01,6.214404529635155772e-01,5.559658411114583032e-01,6.654805713578022530e-01,7.076723262768870315e-01,5.950636614499502652e-01,5.427570185115435653e-01,7.251909959576618991e-01,5.836656397956550002e-01,5.698003114762856258e-01,7.075374269565610774e-01,7.432067726107141059e-01,5.926922874268367725e-01,4.777458589651797927e-01,3.935773962963581285e-01,3.440135416932611490e-01,3.615486839516812156e-01,3.752585471039465714e-01,1.914866393260587496e-01,2.243960918235782809e-01,3.220890264303973710e-02,-2.322559526754250092e-01,-3.281308625526916378e-01,-2.066186779032220533e-01,-3.238671392988584641e-01,-3.418256726244862653e-01,-3.750281152865382328e-01,-3.693375081266924154e-01,-4.570333053248666344e-01,-5.791204214351072244e-01,-5.432503822506220548e-01,-6.480233686917634683e-01,-6.225655969437637882e-01,-8.135453634764029385e-01,-6.034100918142657477e-01,-5.355997411806308062e-01,-5.936035167373788779e-01,-5.984675969041802768e-01,-5.444600518024748093e-01,-4.006814329994883295e-01,-6.251894406610506438e-01,-6.529016073207414284e-01,-5.567613549194529998e-01,-5.173966883196282618e-01,-5.859373034033854566e-01,-5.799636480792064175e-01,-4.299559622278792403e-01,-6.038938833645619564e-01,-4.879508922304937601e-01,-4.387114318474789054e-01,-4.943188582071830761e-01
5.120222751160807828e-01,4.599073206050251494e-01,6.120106042284062520e-01,5.548777605408653502e-01,4.661592876580978873e-01,5.251465551860092784e-01,6.370808307616354638e-01,5.927095037156571156e-01,4.758213051714301756e-01,5.307349008656208067e-01,5.759605169039203609e-01,6.261333729265338155e-01,5.280595824918348224e-01,5.964561263356552567e-01,6.479041053533851624e-01,6.525410743820388992e-01,6.158567692968603957e-01,6.644263333651380110e-01,4.630562602642895875e-01,6.045078842729121327e-01,5.233365628496329247e-01,5.284308256279898197e-01,4.137598649751144109e-01,3.078656847741428337e-01,2.947985836760122491e-01,3.454637736487420341e-01,2.728236833896710012e-01,3.170761996581118458e-01,-1.211615547994885148e-02,-1.408910450954495817e-02,8.971515283960476705e-02,-8.646954279740012850e-02,-3.523492208814418269e-01,-2.777777472159898564e-01,-3.219210550161931694e-01,-2.959187224015483175e-01,-3.239551385012958695e-01,-3.698743240596185089e-01,-3.481366674304283149e-01,-4.931041633851308004e-01,-6.923000371530225738e-01,-4.943864263275029036e-01,-5.816598967201043191e-01,-6.344011808309767408e-01,-6.741312804731516284e-01,-5.787425581801235452e-01,-5.955163082708634370e-01,-6.601718653378447765e-01,-6.316810194845243753e-01,-5.947047525777888755e-01,-5.793664147053689817e-01,-4.944923019489891880e-01,-5.323084994275252280e-01,-4.898461684722324461e-01,-6.010561572015292731e-01,-5.210088172118477745e-01,-4.848172799572330050e-01,-5.013781434066669762e-01,-5.625242711181790423e-01,-5.552396289962804321e-01
4.450634412567387455e-01,4.656460915426780534e-01,5.291245887561191186e-01,6.041375377700741733e-01,4.565159978222034232e-01,6.054960119513540517e-01,5.492769804008246215e-01,5.043836719831753523e-01,5.788300274333054718e-01,5.531452680320094739e-01,5.779098268521414283e-01,5.482554269746159337e-01,5.404596232671601275e-01,5.422368669831210131e-01,5.854498354700321539e-01,5.904866655132704478e-01,5.199145885737982420e-01,5.940098823340360656e-01,3.583071970419422492e-01,5.126276688968197659e-01,5.915426336207104674e-01,4.463338113335010293e-01,4.370684772327069756e-01,3.608626359421746588e-01,2.922416424937867019e-01,3.517117137146487105e-01,2.902070490827153293e-01,1.981731579793255538e-01,1.090675208659216133e-01,1.625063941077276586e-01,-1.232041515525535147e-01,-1.588440951239845633e-01,-3.011909205359254993e-01,-2.319978343964689549e-01,-2.798481973276589763e-01,-2.879714206290205913e-01,-4.049311910374243095e-01,-3.621029945033960029e-01,-5.136862092517586742e-01,-5.973766448010703334e-01,-5.994985102702143909e-01,-7.282464140896054428e-01,-6.663140737020325499e-01,-6.471741790668756877e-01,-4.815147896746448941e-01,-7.305273922578368051e-01,-5.315667454180339480e-01,-5.594569304510168539e-01,-5.091333758563765244e-01,-5.470639768299945249e-01,-5.626194042611595281e-01,-5.453822806346056984e-01,-4.930684727930042532e-01,-5.628694083958513117e-01,-5.754765650862350146e-01,-6.080339339931081222e-01,-5.280375751935388884e-01,-6.302063845672487563e-01,-5.930794084073119921e-01,-5.198693007174123304e-01
5.525674970352907334e-01,4.956516715418144980e-01,6.438114802788020841e-01,5.463953813273608739e-01,5.817720331837319403e-01,5.067650082511376830e-01,5.509668504288223190e-01,5.348343166720780362e-01,6.213360630721107558e-01,5.543624021394055745e-01,5.801519607515319699e-01,5.536871632011373112e-01,6.002244141295389745e-01,5.083816328379038296e-01,5.123761862001694478e-01,5.827889834132382596e-01,5.503923047621037679e-01,6.265540502110654719e-01,5.973836627405471056e-01,3.831794570432110469e-01,5.390409793001688099e-01,5.391691328705950914e-01,4.430446792412755519e-01,3.046884189248376673e-01,2.809577247550035795e-01,3.879092277264059030e-01,1.180393597844939108e-01,1.221868302098477743e-01,2.167524198808142566e-01,6.158105647628427104e-02,-5.250182756164437775e-02,-7.193378427678710774e-02,-1.926971434462778632e-01,-3.793168978917411116e-01,-2.742304596732775268e-01,-2.932719846505450478e-01,-3.724119365137266158e-01,-4.679039659036036691e-01,-5.674551260547653353e-01,-6.170723489764002867e-01,-6.695529137040121537e-01,-5.587026822529335135e-01,-4.996470500915884405e-01,-6.461167966329676160e-01,-4.911947262485198418e-01,-6.727183794970167385e-01,-5.765552764974202216e-01,-5.982419845789228585e-01,-6.114448026184452489e-01,-5.531014772806350788e-01,-6.359970880686729444e-01,-5.337459835100279992e-01,-5.375570797647648558e-01,-5.669753681644963406e-01,-4.904896734623354071e-01,-5.326205352018023031e-01,-5.240363555986620181e-01,-4.609279462530969096e-01,-5.458820855815422757e-01,-6.184868675550989625e-01
5.687412711012559408e-01,4.943787939584118329e-01,4.878867113875676731e-01,4.381478362829703821e-01,5.133773353836994513e-01,6.024129371044103509e-01,5.370611271044647417e-01,4.779970033014674935e-01,5.289175347522918624e-01,4.946590948488214790e-01,4.891767633817863947e-01,5.636789676760002310e-01,5.490145004961687336e-01,6.115684798206427741e-01,5.148015267446878207e-01,4.573511054884346061e-01,5.388639599140466752e-01,4.422168891314375294e-01,5.584407807930202861e-01,5.728890990587388599e-01,5.633898374497526840e-01,5.037223401832622294e-01,4.266994770819415583e-01,3.498287367967697348e-01,2.669803874600020221e-01,3.249742448565142161e-01,2.922947423877188533e-01,2.228873066485751731e-01,1.783194417472928062e-01,6.075820374701165066e-02,3.689662057313244231e-02,-1.084800320405591642e-02,-2.179731508842238097e-01,-2.346030843649985209e-01,-2.157972481485678773e-01,-2.823142848242382041e-01,-3.469819463812336968e-01,-4.083745765238401826e-01,-3.813004534735627837e-01,-6.125829909634712411e-01,-5.873689466470403131e-01,-3.989477101831014894e-01,-5.729297510372644009e-01,-5.852763917916552483e-01,-5.588373263076643616e-01,-6.907963100426413039e-01,-5.822175627781104312e-01,-5.583708205127138058e-01,-5.333475313480312563e-01,-5.864239469513823355e-01,-6.207573791893004067e-01,-5.157164518621842886e-01,-5.167951092809748292e-01,-6.234961035303601129e-01,-5.689452420029944557e-01,-5.254712307381886882e-01,-5.510631678614239526e-01,-4.927683250290277317e-01,-4.933924418530534761e-01,-5.476273255740785606e-01
4.890723653913382485e-01,5.920213869484327596e-01,5.715461376905460744e-01,6.126496931303588855e-01,6.078314434658695919e-01,4.901346081341804717e-01,5.667110771200611907e-01,5.135950167779118614e-01,5.699304417492851993e-01,6.350157230820323573e-01,5.284577123691807099e-01,5.397830314014818720e-01,3.810765831273286719e-01,4.670460812005948759e-01,3.867106393084823734e-01,5.700789961699259667e-01,5.270388021407030887e-01,5.202360686836239312e-01,5.636330954419254136e-01,5.322166231737204267e-01,5.693827743330361901e-01,5.047386518304369796e-01,4.935238723935728156e-01,2.879804719026777260e-01,2.543675603346404746e-01,2.715522876884542969e-01,2.090808137253953036e-01,2.627012890318526361e-01,1.585095735642046699e-01,2.430829418031835998e-01,7.092860733810782414e-02,-5.330877978100671127e-02,-1.062239361865695286e-01,-2.034642902649409779e-01,-2.801230917923991370e-01,-2.652421110553268568e-01,-3.167609459968975250e-01,-4.541128842289025580e-01,-4.756523325380025424e-01,-4.324321343392221739e-01,-4.587456500473556242e-01,-6.449128212372881030e-01,-6.135622989676846606e-01,-6.138575600507518715e-01,-5.296574663947180017e-01,-4.739673204293059494e-01,-6.078787696614027514e-01,-6.406134923099662259e-01,-5.132162919366629605e-01,-4.670340578988553260e-01,-6.310265723724344245e-01,-6.116724538615929685e-01,-5.071830331729607622e-01,-4.756426746228338276e-01,-5.436304451724180975e-01,-5.127639131115828697e-01,-4.302043840126454910e-01,-5.753192401589614091e-01,-4.727737709755123197e-01,-6.095985201657129204e-01
5.823001617604379732e-01,5.626053418033989395e-01,4.868083177955001561e-01,4.471737338774100512e-01,6.131766187682574643e-01,5.312152657948467915e-01,4.848116543568543046e-01,5.069769686322136426e-01,5.313814776968859288e-01,5.571937581650373561e-01,5.571377429678999738e-01,4.694305053494408075e-01,4.647364105679334112e-01,5.009618913980420363e-01,4.967947100741111899e-01,6.101936658683460024e-01,4.216878699702529265e-01,5.051867594484880097e-01,4.970601011437572048e-01,4.542359081734032022e-01,5.178507021259062260e-01,5.053653283397288032e-01,3.309858477858035330e-01,3.277620462749034624e-01,2.723565371048678463e-01,2.301898175480316111e-01,2.000493160562374917e-01,2.106843359771743973e-01,1.606704557478997042e-01,3.653277606154748530e-02,1.322548958489814033e-02,-9.933214301363632592e-02,-2.081570368971739637e-01,-1.354902400883982450e-01,-3.013546863113133467e-01,-2.408187627090795091e-01,-3.242984775167504496e-01,-4.560443415142228507e-01,-3.922153027171960682e-01,-4.928670305858982026e-01,-5.022247963258112957e-01,-5.342955864297760371e-01,-5.147158657277435267e-01,-4.571835344721726924e-01,-4.632777612678992685e-01,-6.725351011583511340e-01,-5.292887383690354497e-01,-5.796116300849493141e-01,-5.283372571707938281e-01,-5.100923162609320993e-01,-6.100118476008715707e-01,-4.934663005479990039e-01,-5.435367887349491500e-01,-6.030997479184050380e-01,-5.710341749837621883e-01,-5.290906120301512860e-01,-4.726526218723107187e-01,-5.388764689849667722e-01,-5.025441655074420755e-01,-5.210306456747645365e-01
4.603164614747775607e-01,6.396426064103298836e-01,5.379111693154075002e-01,5.625575544869809708e-01,4.347427410492149535e-01,5.780530026318967396e-01,5.731709746831658014e-01,5.238880420781403258e-01,5.480287107648970091e-01,5.344238214620699035e-01,5.572986985393455495e-01,4.738159422137391275e-01,6.241866409828322748e-01,5.212776995030452554e-01,5.343698609401589250e-01,4.112161123640596938e-01,4.137407210635012933e-01,4.530748062258405651e-01,4.877041050447658566e-01,4.634422177406925525e-01,3.642110540626978810e-01,4.501383121247513053e-01,3.780041919577973308e-01,3.278019064426184181e-01,2.309174972464476117e-01,2.583080576869877243e-01,2.804451508447547980e-01,6.464042644188378040e-02,8.880431362908367682e-03,2.698788658436485164e-03,-8.840060088164786167e-02,-1.745627019924770804e-02,-1.702587486460444555e-01,-2.650482602759923756e-01,-2.799664313603434374e-01,-2.480578906878480316e-01,-2.358818477180462114e-01,-2.623400605490163739e-01,-3.756430659001244732e-01,-4.775210066704426159e-01,-5.194133687979126668e-01,-3.480835690645306957e-01,-5.002936980616800033e-01,-5.298898682004198335e-01,-4.449574825880877604e-01,-5.136031410785830698e-01,-4.754612965346106668e-01,-5.601776341045991980e-01,-4.593514014957412739e-01,-4.812843584554216680e-01,-6.073223342190694485e-01,-5.880099926627275764e-01,-4.745907306368827849e-01,-5.446548177812209346e-01,-5.772299698245779709e-01,-5.635446564284747328e-01,-4.929894053357856132e-01,-5.915677319951448965e-01,-5.933273470860183085e-01,-5.658543021272340878e-01
4.570463037925441840e-01,5.760024267065262382e-01,5.831443343046280869e-01,5.575536495733233178e-01,4.685936160812495532e-01,5.129278416303145738e-01,5.293283029906715731e-01,4.954055352135680046e-01,5.486197889710429099e-01,4.669986314298009700e-01,6.092969355296815603e-01,4.815251085669194353e-01,4.903542047276158722e-01,4.782738435347494987e-01,4.813721007673317231e-01,4.825824379793756114e-01,4.800942245605837044e-01,3.770611491963269390e-01,5.076164005636892851e-01,5.329240233255376769e-01,4.525014549077950865e-01,4.456835868902019326e-01,4.227215579551876212e-01,3.528198816426370010e-01,2.550687418140198948e-01,2.951260763563097744e-01,1.696076667653575176e-01,1.624845398885293446e-01,8.140291183053345592e-02,2.570168017874888133e-01,-5.384173797955633944e-02,-7.820124689577498400e-02,-1.338759479890948567e-01,-1.900910923603301439e-01,-2.441493496166187160e-01,-2.520114174563254372e-01,-2.727920863039023369e-01,-4.365382412743699092e-01,-4.111312764135025555e-01,-2.906213360731464412e-01,-5.750862727747944048e-01,-4.555182929712420226e-01,-5.556110713560107328e-01,-4.104640160696647055e-01,-4.605965530280544118e-01,-6.347762972942370130e-01,-5.206272344632435489e-01,-5.892188516616159166e-01,-5.044091230819910399e-01,-4.519717977428607258e-01,-5.956405094934917877e-01,-6.017289327928022624e-01,-4.884001503943281586e-01,-5.283794219343134202e-01,-5.025519072167323742e-01,-5.200859976410179275e-01,-5.057680786576151943e-01,-5.416707026275601189e-01,-3.779532935392797555e-01,-5.787516026869419239e-01
5.776959213572602225e-01,5.553833356666397769e-01,5.048671627475112000e-01,5.203417217695334163e-01,4.953654722887675943e-01,4.171664609245624433e-01,5.945867496675736330e-01,5.695445180202181046e-01,5.217304932533400885e-01,6.341156798391309746e-01,5.358200082617623483e-01,6.084797246992001973e-01,5.828697211436348891e-01,4.992088152070971452e-01,5.327751626823207243e-01,5.185252311325588837e-01,4.999791971162250159e-01,5.419032660864591122e-01,5.079362094968628005e-01,4.184389790288635669e-01,3.132790549302265082e-01,3.956056188940016982e-01,2.962356660756741977e-01,2.597176665480055990e-01,2.169260235142386473e-01,2.122347294893320857e-01,1.375208179347800486e-01,1.358783948934720598e-01,9.186304763110599014e-02,-5.221924976421184195e-02,-8.297845144664867112e-02,-9.097384083519387266e-02,-1.353043106669658546e-01,-1.304807070901920774e-01,-2.832784913225317447e-01,-2.383987186414667503e-01,-2.933579367512783032e-01,-3.182757353527051469e-01,-3.554855957299244973e-01,-3.816018497121821396e-01,-5.430416342901598359e-01,-5.440067259437796343e-01,-3.602723293461022047e-01,-4.426855418605686876e-01,-3.715384186000026956e-01,-5.857844951440680514e-01,-4.580947568079246635e-01,-4.855261631024015978e-01,-4.703235322667306262e-01,-4.024029474881003487e-01,-4.926811723866225678e-01,-6.419833247594648462e-01,-5.583518288411954966e-01,-5.945281187282560609e-01,-4.787218688831204605e-01,-4.718647169437265587e-01,-6.189639788453177305e-01,-4.719110599900943059e-01,-5.494990099988505960e-01,-5.337280310567387165e-01
5.504215379042951550e-01,3.727799324604977871e-01,5.071993928892503112e-01,3.886349129719949280e-01,5.812411806151136506e-01,5.382033563067327719e-01,5.046763537127595400e-01,5.431603849481685398e-01,6.008978053970542854e-01,4.900194678996180331e-01,4.676379965150757601e-01,5.954273338769773272e-01,5.002733511885313344e-01,3.982353194578174826e-01,4.155002758734687163e-01,5.640992018843655753e-01,4.087485965369281327e-01,5.682056633829739578e-01,4.509497475979962755e-01,4.843519314437817469e-01,3.929643999806647914e-01,2.348357975793468611e-01,2.753700448274150614e-01,3.042148570070960512e-01,1.965897198776254962e-01,2.048489939501008661e-01,1.337013933919961317e-01,1.730841987086733369e-01,6.248361369921807962e-02,-3.648213175290582894e-02,-2.388944954628206829e-02,-1.164048617330131902e-01,-1.319359167374243025e-01,-1.721940032854377134e-01,-1.933695452616748800e-01,-2.726287023852376756e-01,-3.303635970550988232e-01,-3.321735146548303597e-01,-3.957491266743957126e-01,-4.336634736058160300e-01,-4.537948925631505870e-01,-4.664771385833158535e-01,-4.294649779425688818e-01,-4.739954219578237371e-01,-5.590276395817522781e-01,-5.586837488370122173e-01,-4.527426351996372555e-01,-5.944835711334520711e-01,-5.108898460322421897e-01,-5.167481741908586113e-01,-5.220974236808864077e-01,-5.185602858462554643e-01,-5.518245560198289379e-01,-5.198326764302272363e-01,-4.617042464282947734e-01,-4.754132517310692974e-01,-5.491115611870455160e-01,-4.217019942760639739e-01,-5.154317418125520245e-01,-4.986954377493238444e-01
5.811000090710776167e-01,6.823961683903012609e-01,5.472906747928477644e-01,6.066025536593443457e-01,4.984980116668981109e-01,6.562607720029915992e-01,4.963860817246297796e-01,5.982868753307439835e-01,5.430314975384564757e-01,6.091971856635395310e-01,5.223327343090498065e-01,3.712242968460696124e-01,5.593389899008124333e-01,5.481872507593006372e-01,4.985674572597919574e-01,5.241847147377752814e-01,5.844952132148624191e-01,4.829753617080274064e-01,4.335713662494722342e-01,3.939231837581630424e-01,4.838989922069394933e-01,3.182001795999153115e-01,2.605072192321739588e-01,2.433353468633194794e-01,2.853511080139980449e-01,1.749400833329252669e-01,1.577287678325135778e-01,9.997242941354742007e-02,7.649402119525365584e-02,4.165554112043219626e-02,7.130093879954664537e-02,-7.471740269564641768e-02,-1.618735951197877443e-01,-1.840473942527371676e-01,-2.044910216621564913e-01,-2.256802421467085651e-01,-2.694757287534818024e-01,-3.462440176900812849e-01,-3.367423027273954705e-01,-3.881652474432139566e-01,-3.508318644257298335e-01,-2.944882788224841841e-01,-4.394079642638009098e-01,-3.619750437494643203e-01,-4.723061799534454264e-01,-3.755491475578952576e-01,-4.069509339374953183e-01,-4.632801984643148963e-01,-5.823495806074181491e-01,-5.888194920921651088e-01,-5.923556914681387120e-01,-5.088419043904252037e-01,-5.679879232294794411e-01,-4.583113674430775442e-01,-5.468941165556945316e-01,-6.110123282041227677e-01,-5.217285454877751416e-01,-6.052662143464035971e-01,-4.949319822785927525e-01,-5.774372511084425730e-01
4.530294453828679901e-01,5.135717245229981520e-01,4.581635123765199213e-01,5.558386879020922322e-01,5.427700576670780874e-01,6.372118076965931355e-01,5.030133585734701818e-01,5.183432463733942397e-01,5.130839098890489502e-01,5.283578769209781312e-01,4.862244664782909287e-01,4.396231131200328268e-01,5.627360154518482593e-01,4.762311982177719893e-01,4.115491995406409531e-01,5.170904139132364019e-01,4.440943226384118647e-01,4.673076084533643870e-01,5.415078312174433917e-01,4.405588984321848756e-01,4.681759199500797886e-01,2.892137342630788366e-01,3.058804518846968135e-01,2.929826727009693377e-01,2.277194207038423512e-01,1.782282130343376958e-01,1.338723531900069819e-01,1.438810503006395236e-01,6.309017583443088384e-02,-2.125587101544333234e-03,-2.620287386737268909e-02,-9.721952486497892343e-02,-9.845228437541071742e-02,-1.393283733808883262e-01,-2.122687087707599007e-01,-2.443613123461076120e-01,-3.239663210496621093e-01,-3.033740845798019725e-01,-3.338468861076051009e-01,-3.189654314879091235e-01,-3.164513498727935525e-01,-3.970070014976683770e-01,-4.191339208374077474e-01,-4.341798792326189149e-01,-4.873226728908163219e-01,-5.286715822313777791e-01,-5.729196418177099348e-01,-5.195689495690019033e-01,-5.822761831501357399e-01,-5.167739824146125871e-01,-4.284860554005045508e-01,-4.683918926859201859e-01,-5.025195545437819433e-01,-5.538057973535324141e-01,-6.074565726840837065e-01,-4.967619155087646954e-01,-4.647716914888548878e-01,-5.684163612227621787e-01,-4.404662763191121710e-01,-5.879165212078638625e-01
4.390985411328994781e-01,6.006702806685184637e-01,5.454841116645399168e-01,5.580204753465702883e-01,6.177575971970588053e-01,4.855036785707901315e-01,5.358656048320731280e-01,5.593963313416464578e-01,4.506890460106424134e-01,3.775632174075845837e-01,4.789052742376402882e-01,4.988136693539365618e-01,5.595397097050905932e-01,4.003706815966694421e-01,5.016166289475941786e-01,5.207784131370706282e-01,3.838733227311862395e-01,5.103413831290415370e-01,4.078827109275555141e-01,3.840193031701740201e-01,3.155676660880214479e-01,2.863147946768186403e-01,2.531055036524089141e-01,2.891661373534833435e-01,2.255215622665872055e-01,1.524422878538042592e-01,1.323476236480343737e-01,9.821079311121866384e-02,1.243160566052763372e-01,5.449654334886140650e-02,-9.767385167579875627e-02,-9.108369918929831721e-02,-1.002725225073676646e-01,-1.485139005455250738e-01,-2.239404316849555321e-01,-1.770960655367109782e-01,-2.315612498736691616e-01,-3.614281424580184643e-01,-3.348161550849931833e-01,-3.472362908800845638e-01,-4.020808907076863226e-01,-3.959518877624409461e-01,-3.797886694118866591e-01,-4.948198730669181589e-01,-4.228736681300093170e-01,-5.079068367236851955e-01,-5.334853118554410134e-01,-4.778689864453110059e-01,-4.960527233243697820e-01,-5.136635835818854634e-01,-4.850514477913501210e-01,-5.240520478440120478e-01,-5.159272909388066264e-01,-5.065504977913247719e-01,-3.007603350862912417e-01,-5.635916976581685223e-01,-5.120185221334511150e-01,-4.966343433617637082e-01,-5.183589745377940039e-01,-4.846099874304855004e-01
5.292810205881443020e-01,5.856213973070997225e-01,5.262988620700201903e-01,5.279856889136083087e-01,4.259709622361609327e-01,5.366978406080912256e-01,5.169165808539430973e-01,5.527907482603888756e-01,5.187500010436081332e-01,5.214404267649976887e-01,4.198961659142769198e-01,4.210409618421906974e-01,5.677264116647011694e-01,5.020623724810329147e-01,4.771198297736926608e-01,3.993947667659070722e-01,4.631717446284020490e-01,3.339414677677176035e-01,4.319662730554709174e-01,3.703915324827343758e-01,2.475900141159637913e-01,3.676763739662891051e-01,3.423305469670126500e-01,3.111987989084784578e-01,2.093678609215664788e-01,1.658907784130455032e-01,1.259824570682439027e-01,1.017090667157976025e-01,4.197363594693816896e-02,1.710421790158412475e-02,-1.848782245755766634e-02,-5.821431917939595690e-02,-1.206154244199896530e-01,-1.292632062753233946e-01,-1.757115162522741858e-01,-2.372815844025557008e-01,-3.253346471560580322e-01,-3.070541529826068539e-01,-3.648348321309035081e-01,-2.653149031466962571e-01,-3.506365034980478690e-01,-3.069414129721826923e-01,-3.806746149819087432e-01,-3.699186364140256700e-01,-4.259795903155840224e-01,-4.295465550593817738e-01,-4.502361411319635853e-01,-4.115607772784448670e-01,-4.736065321234054215e-01,-5.411680778799429214e-01,-5.095371109069778415e-01,-5.387517931597352039e-01,-5.599627695939348726e-01,-5.325757476217690689e-01,-4.939112783491422798e-01,-4.571914829340983921e-01,-5.141665417067805555e-01,-5.531386183671372914e-01,-5.893732541100510369e-01,-4.461409612162389737e-01
5.097786317757897478e-01,5.386104094593066050e-01,4.139117938063455737e-01,6.063530012819365878e-01,4.260514381917905880e-01,5.432069409061877074e-01,5.387468790932929963e-01,5.983782841398183061e-01,5.763805973584597009e-01,5.165401148553963040e-01,3.991886072322152201e-01,4.554526052163317407e-01,5.978387785832997015e-01,4.403042468218772987e-01,3.046437115197783707e-01,3.930610566348226587e-01,3.487602740024596804e-01,3.863320186892952868e-01,3.111183947504211900e-01,3.342117613526539022e-01,2.129062694224272967e-01,4.017483844385965064e-01,1.775368434206086032e-01,1.811823950272099526e-01,2.092075776105736529e-01,1.535416271111135489e-01,1.259577015586838544e-01,8.819355701859174501e-02,5.943958042309192835e-02,-1.346190422633962262e-03,-1.368273672995323417e-02,-5.542451812701713887e-02,-7.902777223491118386e-02,-9.115888138200588242e-02,-1.061719011981136773e-01,-2.059107275366968415e-01,-3.139021507313622950e-01,-1.817918787499827882e-01,-2.501576189762357849e-01,-3.212042937610236071e-01,-2.593781804199619678e-01,-4.805120909362204928e-01,-3.238846644925601481e-01,-3.691411989994489717e-01,-4.551030729710897060e-01,-4.638083982124701632e-01,-5.076482676034133057e-01,-4.045505726880209707e-01,-4.738343792575345215e-01,-4.833303563298761429e-01,-4.376475841688429180e-01,-5.043150476473363675e-01,-6.363826016225002657e-01,-5.098108184116529884e-01,-4.834386922346222137e-01,-2.888661462550704551e-01,-5.239913482634396269e-01,-6.076056736643570266e-01,-5.259212418487733132e-01,-4.945499099938327481e-01
5.902556298726391315e-01,5.468685936833750372e-01,3.965425292617650865e-01,4.868385246013173240e-01,3.751701542432455128e-01,5.252316859613233024e-01,5.000115190845104696e-01,5.180354719708111233e-01,3.568355322726900480e-01,4.462130714192101832e-01,3.168667095947236279e-01,4.797425192180039266e-01,4.888402809861382425e-01,4.655237593604441559e-01,3.277587349773518066e-01,3.519614892418255758e-01,3.843544965437218908e-01,2.440729907958271439e-01,3.583299594081347239e-01,3.627507520380479633e-01,2.680885565979558294e-01,2.081712883742291853e-01,3.096806794561986487e-01,2.407587287100213247e-01,2.134650817016639779e-01,1.919733938904873982e-01,1.299834860479623100e-01,1.060531945540518911e-01,2.805459070231353016e-03,1.398046372207623934e-02,-1.423695389703638972e-02,-5.180957755700703327e-02,-6.515734064018423310e-02,-1.535162101327464668e-01,-1.581483959395702799e-01,-1.748965152044583693e-01,-3.263182922516121853e-01,-2.965298916295857068e-01,-3.737349576136896889e-01,-2.770013354901378344e-01,-3.739328403064492434e-01,-3.664132761760354184e-01,-4.062302760161028425e-01,-3.068228256692145939e-01,-4.794727160632070162e-01,-4.371394592839297211e-01,-4.820947324933911315e-01,-4.112801321554748202e-01,-4.737089414744548033e-01,-4.454230774359270728e-01,-5.215592113061007229e-01,-4.134083658236563652e-01,-6.085426954865126303e-01,-5.553516228465330551e-01,-4.765376712251927493e-01,-4.516477438262427313e-01,-5.455012832381822552e-01,-5.744432075379081182e-01,-5.411551245029716517e-01,-5.122532349120659800e-01
5.208226291153760235e-01,5.150241544284479556e-01,4.796607558210152500e-01,3.872038865371127958e-01,5.372989352203468849e-01,5.200432135888627405e-01,4.895105170212434298e-01,4.915402323250496197e-01,4.166410448418668144e-01,5.007288786723450569e-01,3.656461130589409025e-01,4.107595319732209593e-01,4.190082952497798385e-01,5.359090885441234464e-01,3.588765287767951007e-01,3.846015810343172414e-01,2.573357992653031445e-01,3.752149073221888176e-01,3.188928540473826567e-01,2.933933612029230309e-01,3.467200036815266673e-01,2.985174231272749168e-01,1.584027373255564863e-01,1.919997549772699541e-01,2.779296669124448615e-01,1.530553241922645857e-01,9.352514734555980591e-02,7.675773001059073286e-02,8.755958303762026440e-02,1.214987194246143834e-02,-2.945872636176973328e-02,-7.798010885692299721e-02,-1.063009056409764258e-01,-1.221777701736664612e-01,-1.279015705286875304e-01,-1.421940936785247023e-01,-2.236207146287505498e-01,-2.313970753523214297e-01,-2.353784131127962254e-01,-2.422233922105755666e-01,-3.356251069960400901e-01,-4.252154516041728449e-01,-4.527428669423868013e-01,-3.947299404777269705e-01,-4.034007610698623347e-01,-3.776216035527672488e-01,-4.096758779810270035e-01,-4.131730296616261677e-01,-3.947190613131216774e-01,-5.500413986966241620e-01,-5.203077091368663032e-01,-5.432253040309760195e-01,-6.182318615264131845e-01,-6.044967376046280760e-01,-5.142284358754324325e-01,-5.239278253434934696e-01,-4.760275001108058568e-01,-4.104232293533864318e-01,-5.899148792060141533e-01,-6.385287335408710296e-01
5.316594548396291753e-01,5.985039918295708139e-01,5.066413782306982139e-01,5.526827395231076467e-01,4.970835973181325085e-01,5.679784126600703198e-01,5.270101652327501274e-01,5.123566169733646536e-01,5.320028347480427744e-01,5.283397160883722687e-01,3.506942121745365015e-01,3.306123108497255325e-01,4.184796693919638488e-01,4.801670573464387748e-01,4.926413648676925550e-01,3.946560845053801447e-01,3.212744857575329238e-01,3.114667288146021340e-01,2.126473761900776194e-01,3.084169888833893092e-01,2.924986682205795163e-01,2.385465425794484895e-01,2.838338846573589813e-01,8.543403205434563219e-02,9.218660455594172853e-02,1.088215439202914608e-01,1.029698243095732157e-01,6.957596090757750540e-02,4.441564302003978004e-02,2.252209605861064598e-02,1.432556095441906742e-02,-1.713188877724688280e-02,-7.843373670470514536e-02,-1.362892636546231551e-01,-1.322079128185326691e-01,-2.348987105918990681e-01,-1.222144618668752347e-01,-2.461988884541167211e-01,-3.135424894984918387e-01,-2.749484016394822539e-01,-4.487853833367670964e-01,-1.857632885491042607e-01,-3.360944079310836941e-01,-4.628185154783171495e-01,-2.975447730727786011e-01,-4.328950975627198217e-01,-4.138836854203019056e-01,-4.814185062432604911e-01,-4.788842205873452551e-01,-4.123632478897807374e-01,-5.056812515655548790e-01,-5.135756480910191879e-01,-4.950125767572118862e-01,-6.266823689579802403e-01,-4.128862879982879153e-01,-5.011975757448419166e-01,-4.856229867334039829e-01,-5.507793799571155668e-01,-5.781992438991573335e-01,-4.827814867295917578e-01
5.005887713047860732e-01,5.132956228013713096e-01,5.004054040819244653e-01,4.808962453480941646e-01,4.949359663870310233e-01,4.585902424635573960e-01,5.618610239907216863e-01,5.126138643404716255e-01,4.502262270573503811e-01,4.738807150423824943e-01,3.925289826422871386e-01,4.593084534368608862e-01,3.469501754528710458e-01,4.568155695693868479e-01,4.827222142285340634e-01,3.617538696144521615e-01,4.168375462428571820e-01,3.588013854860329088e-01,2.194120376839503450e-01,2.812354097479911608e-01,2.907199061428359932e-01,2.916409831234948458e-01,2.662855147360851937e-01,1.888353401116603381e-01,1.064332122801912722e-01,1.321314216178539336e-01,1.163952097761659782e-01,1.019257161268359441e-01,6.815403696635422004e-02,-8.117795105217534904e-03,-9.506119191629072707e-02,-5.943345640197672704e-03,-9.885207885921543092e-02,-1.000762084053800766e-01,-5.263927011991240829e-02,-7.029561324060021321e-02,-1.427957218280178631e-01,-1.853239657679082442e-01,-2.295495395888611512e-01,-3.156019993394941214e-01,-2.910650631762445317e-01,-2.999397056710367826e-01,-2.573407734984555217e-01,-3.823011304482037409e-01,-4.073482202905555627e-01,-5.209441112819380715e-01,-3.389044959319172934e-01,-4.663899437531527914e-01,-3.436598506852487356e-01,-4.104095011412608462e-01,-4.585336723856191510e-01,-4.737259513888357754e-01,-4.345420786574977212e-01,-5.500451134036044021e-01,-5.833755868881513873e-01,-5.356074419397970354e-01,-3.611943892590183114e-01,-5.054079264517639114e-01,-5.922925632519557837e-01,-4.407582252828306513e-01
6.067611084834851898e-01,3.955328952117297403e-01,4.501131147297866564e-01,6.062939101850901569e-01,5.117326502589381043e-01,5.501201961237234261e-01,5.488981374909372990e-01,6.483054865042842119e-01,4.334360892133501397e-01,4.136263592147169099e-01,4.078376869069800792e-01,4.377200755438968582e-01,5.104269152974596491e-01,4.269152683222337541e-01,4.820243396249245249e-01,4.519951519111388150e-01,3.074097356686298355e-01,3.942566310583653366e-01,3.320235721326469935e-01,2.151303850975433696e-01,3.316967587437026910e-01,3.125902074300716538e-01,1.062208504536482356e-01,2.238818466185782119e-01,5.065768375627960340e-02,1.092465848534840828e-01,3.745253367473171113e-02,-2.956497769458073591e-02,7.739703298946224233e-03,-5.593179321751325789e-02,8.218428345221613293e-03,-3.594021439905970006e-02,-7.197585671958517395e-02,-1.131678318474368394e-01,-1.228238946650809654e-01,-1.468007359899763942e-01,-1.632913523194136629e-01,-2.415127333367719786e-01,-2.639613527931913284e-01,-2.221946618560186604e-01,-2.406033531388439006e-01,-2.343825248466821498e-01,-2.156223783271437322e-01,-2.905972378604220752e-01,-3.847790094486157053e-01,-4.592135393905666940e-01,-3.641359512926072295e-01,-4.596054610903349547e-01,-4.024548279804572859e-01,-4.147286378210404689e-01,-5.301302948585745467e-01,-5.018358813919181483e-01,-5.586434592686356781e-01,-5.160198574583600983e-01,-5.424328662741428886e-01,-5.537444138384690628e-01,-5.262318701212841399e-01,-4.599864783671772095e-01,-5.264787861219056841e-01,-5.089685664034252488e-01
4.898172052982253111e-01,4.884901129797257768e-01,5.937606683228373594e-01,4.272738133985036768e-01,4.183972645964295078e-01,4.272653123229860350e-01,5.478454129183105703e-01,3.958592285247322651e-01,5.021869031764164548e-01,5.117475685197170332e-01,3.210904621184977326e-01,4.481367364060052649e-01,2.802798291561041655e-01,3.010927715584444941e-01,3.445101799635688633e-01,4.110015915739387293e-01,1.668096382822657486e-01,2.828095474342983140e-01,2.306577191256926063e-01,3.677748634980083642e-01,1.870391728606045634e-01,2.219952721122190609e-01,2.942411160539285531e-01,1.334197026299476785e-01,1.905072817944915564e-01,6.795713085484758609e-02,7.843390487456752824e-02,-2.227591633903727806e-03,2.414848659020171415e-02,-3.524232040600478594e-02,7.748709524497715551e-02,-1.369867501675842668e-02,-5.507749270741859465e-02,-8.011281156770055575e-03,-1.020480910456790929e-01,-1.093639292153138348e-01,-1.695692370239068048e-01,-2.578154247985761094e-01,-2.064000235152384233e-01,-3.429454895367373135e-01,-2.568191573630488334e-01,-3.405382566013090972e-01,-3.566306974666828000e-01,-3.263293563086437366e-01,-2.896585149291082129e-01,-4.068746354414444211e-01,-4.715118408443694231e-01,-3.487735726500938993e-01,-4.148711770873250160e-01,-3.393156575924044516e-01,-4.728970332245670538e-01,-4.918820189710583213e-01,-4.284149881967814766e-01,-5.060769793505224268e-01,-4.576847907480386946e-01,-5.324438138635249063e-01,-4.247350024309081151e-01,-5.364940491629667241e-01,-6.136747512876010724e-01,-3.728121614264801043e-01
3.539234133907978586e-01,5.522439135562392520e-01,5.648359902510243780e-01,5.035506445539665865e-01,5.764470212691852335e-01,5.723046986161226535e-01,4.108563149996321551e-01,3.944019612255252882e-01,3.905039563777163436e-01,4.822162192393200653e-01,3.418471257874661773e-01,5.523822047326846230e-01,3.662733037663770674e-01,3.888679922087955321e-01,4.514370148721303377e-01,3.393862042009937463e-01,3.491414508689340557e-01,2.097515079091265555e-01,2.454703668314089371e-01,2.546371820535275332e-01,2.407483162027015400e-01,1.713817428936660059e-01,2.142717253487865514e-01,1.458726014504061474e-01,1.124194596126200374e-01,1.682970067133768011e-01,1.057986638832988588e-02,2.411509987789848403e-02,9.332543904487174830e-03,-2.493084510445874383e-02,1.282054079714493033e-01,-1.663232785550086083e-03,-1.087407842231527012e-02,-7.767256300319713702e-02,-3.723895115404503298e-02,-1.820157703966346907e-01,-2.231745350415693940e-01,-1.661979506701824483e-01,-2.889765749816983753e-01,-1.658609196953908238e-01,-2.385812607200023250e-01,-3.404588023415432430e-01,-2.274885296750393804e-01,-3.134675295739329792e-01,-4.641109623939205231e-01,-3.470289012474892520e-01,-4.644156456561400748e-01,-4.258674976125462197e-01,-4.414728921223566860e-01,-4.768901332073115507e-01,-4.257769655414893606e-01,-3.274556651608760416e-01,-5.072316025136283102e-01,-5.344335014317945776e-01,-5.825189092875403540e-01,-5.064764246977301321e-01,-4.561006354599140833e-01,-3.319635099694403513e-01,-5.306047316825837079e-01,-5.466239116237479045e-01
5.250284065253968402e-01,5.037435248221436845e-01,4.075465144963391073e-01,4.589403169504325253e-01,4.596309653383280347e-01,4.012907675274804409e-01,5.010108921261019477e-01,3.834048517619873531e-01,4.531399808471787694e-01,2.337776299449925155e-01,4.139146953461484424e-01,3.643348164358015118e-01,4.687227965750997427e-01,2.643148702981624187e-01,3.354318414887912936e-01,4.397520639131385911e-01,3.397016353390870380e-01,1.705265538037528950e-01,2.951446564898305147e-01,2.151502718911693923e-01,2.306890343345427696e-01,1.482676898347872751e-01,2.286669421730511131e-01,2.280187498133687263e-01,7.732351652390931362e-02,1.297274437031361027e-01,-2.288952129358571425e-02,-8.756171717847755290e-03,1.339941209603304727e-02,-1.040238686270681355e-02,6.378710153199751605e-03,3.055474130973336727e-02,-8.736459245781513436e-03,-8.198118369768192526e-02,-5.152835314327693095e-02,-1.289262272237976792e-01,-1.800375839258722410e-01,-9.773466806354076664e-02,-2.174694147261240773e-01,-2.789048225256783309e-01,-2.890984494342180300e-01,-2.013955661668264674e-01,-2.742284052905701874e-01,-3.403872937809573895e-01,-3.206592176625898682e-01,-3.810143112584670755e-01,-3.364597337254754961e-01,-4.406659252128388715e-01,-4.623933818780708860e-01,-4.880821081697743757e-01,-4.824829201485906216e-01,-6.329049100220403012e-01,-5.479207064670145177e-01,-4.946632293126753122e-01,-4.227542386554386522e-01,-5.724749146863461480e-01,-3.709544442366176087e-01,-3.959108776186585632e-01,-4.507056150671509553e-01,-4.083724364985820143e-01
4.478670460060240610e-01,4.559175926432217918e-01,5.228618610313772175e-01,5.939093171171859753e-01,3.939735030398303084e-01,4.483188268317898073e-01,4.578397961713804309e-01,4.173520227783277248e-01,4.302721732883589278e-01,5.622210803976117610e-01,4.182451445307797111e-01,4.180820237751068369e-01,4.701354988456267203e-01,4.596652481282280656e-01,3.241940161378675800e-01,4.957562959193207996e-01,2.581612601189080536e-01,4.141187296551402386e-01,3.780325023263176876e-01,2.520515709833908713e-01,3.156172944110895440e-01,2.394568880283037549e-01,2.833035847398847062e-01,1.774499934985164507e-01,1.300413014590442451e-01,1.543300927792920219e-01,3.154780340049769677e-02,-2.125363509489563985e-02,6.257745718749987973e-02,-2.867796071503032548e-02,6.064551715916570440e-02,1.809866388481548918e-02,-1.167487985151879817e-03,-6.311653435292312320e-02,-1.329057839217680503e-01,-1.674487252404049387e-01,-1.603362504261334753e-01,-1.339205555678383286e-01,-2.606318348746565206e-01,-2.562107739568512121e-01,-2.266406927308967367e-01,-3.557620449149784814e-01,-2.954273975154445564e-01,-3.886864826003985085e-01,-3.358843981519099020e-01,-3.394070532262778439e-01,-2.932093087911986085e-01,-3.089569801843148333e-01,-3.991917060516275706e-01,-3.461866840835666759e-01,-3.645534870028433461e-01,-4.821299760677589252e-01,-5.611340288756588857e-01,-5.340066184914478153e-01,-5.184974888259638037e-01,-5.843496789549165182e-01,-4.116036152190686859e-01,-4.359322552850349863e-01,-4.636512782126610555e-01,-4.719997744818099084e-01
3.742412279405603615e-01,5.651560700599310705e-01,4.357904042208232687e-01,4.931130247458030413e-01,4.174607010821298481e-01,4.868805248528942364e-01,4.180820097491627640e-01,2.968188382389848612e-01,3.886828017349571729e-01,4.357197771774662942e-01,3.111600455885332184e-01,4.561671647967838195e-01,3.239594507561631143e-01,3.948834891241231881e-01,3.235742219577659173e-01,3.371128642556006638e-01,3.136458107681091012e-01,3.680164200185788159e-01,1.978471960201523827e-01,3.114315174393540997e-01,1.863498424383341345e-01,2.474339595959920701e-01,1.795010227853275908e-01,1.099676700034971921e-01,1.549966244429649975e-01,6.502203494761740754e-02,5.836766207642241078e-02,2.323542357024993218e-02,2.270985663305540025e-02,-3.296330321710306405e-02,-1.155378150346179043e-02,3.186737818880115702e-02,-1.048423844584279452e-01,-3.072179872442382109e-02,-6.307054954531393642e-02,-1.472523246356030602e-01,-1.589647798117896360e-01,-1.918773180247900501e-01,-1.437163325730138053e-01,-2.370610636865744247e-01,-3.209196659803409402e-01,-3.110864646418319834e-01,-2.798192987152167133e-01,-2.284508689471911880e-01,-3.112187744486620278e-01,-3.713534771015316593e-01,-2.604470878649544074e-01,-2.366801552906377670e-01,-4.573094500352697933e-01,-3.491316176740946742e-01,-4.373046264045933884e-01,-5.470701011026233296e-01,-4.510151261631775155e-01,-3.749138634516404056e-01,-4.805054142809764839e-01,-4.088373749762230780e-01,-5.947983820038078573e-01,-4.737041935042410890e-01,-5.014716009162274446e-01,-3.223947616469419186e-01
4.774211579893782309e-01,4.518722703656564699e-01,5.392385252015293728e-01,4.444140900464968458e-01,4.252991142578498307e-01,5.000424771834585114e-01,4.701746103596731174e-01,5.718864714027864782e-01,4.814253105019325463e-01,4.809840051873734978e-01,5.278990577292588249e-01,4.825865363136548902e-01,4.160525102385620455e-01,2.717245566209744445e-01,3.232746891630052799e-01,2.922242333219152721e-01,3.142834709833025597e-01,3.697853994234320818e-01,1.941023536888554502e-01,2.932922324904601585e-01,2.249862846653250537e-01,7.733049798137864306e-02,2.058342337051769222e-01,2.104816286176810700e-02,7.751646798209145539e-02,1.074227154615487317e-01,9.488497909545982878e-02,7.327616671678832900e-04,2.291975409185410817e-02,-9.018148769239071882e-03,1.529036942270126098e-02,9.108212764831499775e-02,-2.060599385038017206e-02,5.829817408023767189e-02,1.541992000928045850e-02,-1.152369412193950254e-01,-1.661805738868607218e-01,-1.229821605277945790e-01,-1.860249199374159057e-01,-1.424757894437058137e-01,-2.534838776057964371e-01,-2.709557623280611782e-01,-2.308574344327369021e-01,-2.989857761595647867e-01,-3.673833342880628572e-01,-4.859945552216323184e-01,-3.147768622655048310e-01,-3.420568081245612957e-01,-5.179655842436123869e-01,-4.901768389097817535e-01,-4.130496964833103024e-01,-4.057107539501161320e-01,-4.540087820994953560e-01,-5.181409572577985179e-01,-4.243569173985596299e-01,-4.951768824227326116e-01,-4.859378712301531955e-01,-5.584994796503353065e-01,-3.766641880982345425e-01,-4.128032715020209520e-01
4.609869583466892351e-01,4.390957119851332524e-01,3.558559938995345950e-01,3.393779268624763645e-01,3.753959205086190853e-01,4.389470335525667011e-01,5.517635419922426454e-01,5.124136305309245909e-01,4.337994911106530793e-01,5.324632717276689409e-01,4.323713831837384669e-01,4.299243830188973492e-01,4.330097260732284070e-01,4.146213387604996692e-01,2.924195560041544240e-01,2.132884769888208076e-01,3.602242630078481556e-01,3.877258689952181037e-01,2.436853545300036727e-01,2.684555084814119197e-01,1.855946777750734911e-01,1.493413440194634734e-01,1.274032806909908833e-01,1.364981565130636565e-02,5.901151811913223078e-02,1.535504142059350152e-01,1.343687867841910910e-01,-2.776243842079785876e-02,-4.351807347983432939e-02,-2.757768974673048892e-02,-6.716409434514904533e-03,8.308199731083773520e-02,-1.413696743941495748e-01,-4.339361099826190282e-02,-1.533274050105044028e-01,-7.658456807948187117e-02,-1.804031241517247142e-01,-1.902322609757770011e-01,-2.162236537382789814e-01,-2.081650171408853112e-01,-6.601314910025693483e-02,-3.184505261268458232e-01,-2.627157207547979878e-01,-3.342130638502266438e-01,-3.005423242130588757e-01,-2.936990530767583096e-01,-3.292196782443477243e-01,-3.200067528656176941e-01,-3.813413570319765800e-01,-3.588457587764800616e-01,-4.042961078264674657e-01,-4.057717761252172539e-01,-3.526249460495911592e-01,-4.503790532655127521e-01,-4.135654987755453260e-01,-5.104164163031843504e-01,-4.198098266334695516e-01,-5.441511317912159917e-01,-4.970061816609209759e-01,-4.021337209845124994e-01
3.841022564608396750e-01,4.008403529973757484e-01,5.077084307008459252e-01,5.271232258218772060e-01,4.838031714745872902e-01,4.715134971987142154e-01,3.933529278221595815e-01,4.374511054206633998e-01,4.901227962331106136e-01,4.532246346288391625e-01,3.781592779359854162e-01,3.922963146441308946e-01,4.477108018946895918e-01,4.758826720376156949e-01,3.706489378544702840e-01,4.103213882942673973e-01,2.334080992255060105e-01,1.583019725635376740e-01,6.488251437037807767e-02,4.130517524557837383e-01,2.258194539696614656e-01,2.667724450163856953e-01,1.315322598113689567e-01,1.469457683420511973e-01,1.388000022443790782e-01,1.532422184706485613e-01,1.138166924264095298e-02,-1.541045682764018501e-02,1.091996106318422061e-01,-9.905224004921624192e-02,6.086057909360731650e-04,-2.006299761837617227e-02,-8.365530678057282732e-02,-4.353066650085467282e-02,-8.958676072307462934e-02,-1.424246389453240058e-01,-9.284427962659626277e-02,-1.269543728739682131e-01,-2.227051929033336819e-01,-1.943405332351478554e-01,-3.122333553785104909e-01,-1.591721358214075455e-01,-1.830291476416300300e-01,-2.837689996358424560e-01,-3.759631171251743842e-01,-3.591730924948720594e-01,-2.004168191172400193e-01,-4.458301258230444875e-01,-4.273282775774071007e-01,-3.348773646323609521e-01,-3.678570068543270399e-01,-3.940121388933345847e-01,-4.626730314567025770e-01,-5.062398359360830158e-01,-3.300989275034529880e-01,-3.763254431018590584e-01,-3.743278482118506667e-01,-4.457294065022030516e-01,-4.540205458599252397e-01,-4.499629339609315659e-01
4.073194326289117373e-01,3.333830489810317710e-01,4.274913847254356303e-01,4.537757487252188082e-01,4.790394690279897172e-01,3.537561155923534817e-01,4.046771298956547414e-01,4.176890650147154216e-01,3.638572013557234142e-01,4.283754617964811717e-01,4.173735198320386308e-01,4.108169394288666565e-01,4.984885669949445375e-01,2.736040681165676225e-01,3.176370442318509069e-01,2.730182055612201397e-01,3.703994412520142943e-01,4.143758537697113664e-01,3.878952439992063295e-01,2.463524972469772756e-01,1.681450794850248565e-01,1.815434042051732866e-01,1.769992375478994795e-01,2.154244497503723377e-01,1.861016858073657465e-01,8.114934098663324769e-02,1.538285084792221855e-02,3.632244780384421418e-02,2.533436637910548711e-02,-5.725739686609780665e-02,-4.123652487310081050e-02,7.716050876023635048e-03,1.900916315935820625e-02,-5.123306861450924871e-02,-3.224404772995383833e-02,2.065201436404804150e-02,-1.804440590668490996e-01,-1.392692068906255520e-01,-2.217244975137727114e-01,-1.118208171240111931e-01,-2.863997975183598110e-01,-2.234449467008704782e-01,-3.040549090195861504e-01,-3.879515369267613201e-01,-2.218418604378769865e-01,-3.183893700149740824e-01,-3.718493836198434321e-01,-3.039775916129012212e-01,-4.291390303506518178e-01,-4.365020984619120137e-01,-3.942631304110791879e-01,-4.443260696634580564e-01,-3.756332203944727222e-01,-5.106858030450032171e-01,-5.425073610325624740e-01,-4.360903447163532176e-01,-5.667823366030306786e-01,-4.911950088578283524e-01,-4.902635342117568906e-01,-2.006036552811014673e-01
5.152266810097488881e-01,4.889097583874173480e-01,5.160795338421132472e-01,5.093584507422594942e-01,4.819834899323046651e-01,4.081822857946112437e-01,4.584286968538920926e-01,4.315424562660272190e-01,3.756893454467202798e-01,3.384657199027368835e-01,4.495374808641637299e-01,2.447049394283883628e-01,4.201547785716135408e-01,4.794333785584465879e-01,3.321489421446558454e-01,3.495142975669330854e-01,2.027768382602816166e-01,3.275726093221371649e-01,1.927604070222916910e-01,1.934473919886737225e-01,2.217993892107692488e-01,2.160879921932987724e-01,1.522865593436094067e-01,6.320995108841566228e-03,1.166903567450077589e-01,1.202178862179007282e-02,-4.754295959853778453e-02,-3.486891625731323302e-02,-4.226148989764517278e-02,-4.593180925284934268e-02,-6.935298670692714718e-02,9.499494684367398856e-02,-6.192448451878270616e-02,3.386046030345553348e-02,-1.236242041994756527e-02,-1.904242080028886036e-02,-9.412076926666139431e-02,-9.713075244388919005e-02,-2.929070979235107175e-01,-9.275408260877404665e-02,-1.823008791063796263e-01,-2.412714941140281510e-01,-2.927539854478290460e-01,-2.891157604289537053e-01,-3.143252816354855650e-01,-3.268761641910488125e-01,-3.292077620425963302e-01,-4.577126748817584856e-01,-3.404945223102135432e-01,-3.553434974749625219e-01,-3.661672437314148487e-01,-3.730132727737951459e-01,-3.086746874423319520e-01,-5.010624562965982909e-01,-4.787731773928386447e-01,-3.948639137249831954e-01,-4.999437903499687197e-01,-4.723202292177863804e-01,-3.789333715459318741e-01,-4.373113621993954814e-01
5.011841401943527563e-01,3.303692781553786428e-01,4.895316533248289526e-01,3.987486844520046758e-01,4.687971404802611097e-01,4.572457377358317698e-01,3.146749740985413935e-01,4.138989472006652237e-01,4.198810410775140056e-01,3.200322060135194491e-01,4.630878375762440546e-01,3.191619642204515106e-01,4.182215330432986766e-01,3.965533974159305974e-01,3.385911479734383112e-01,3.541431759568407500e-01,3.504469160593184918e-01,2.500817148388292388e-01,2.006969337105205808e-01,2.455100710520226048e-01,1.508794681244758629e-01,1.496943233694108810e-01,1.830997024640529033e-02,1.620721689827156475e-01,8.388898922224397037e-02,5.141511005679533231e-02,1.134912813903340631e-02,9.373761719462077313e-02,-9.412619546978034935e-02,-1.813036069486564233e-02,-1.091905195991144384e-01,8.954193144518898806e-02,-1.790541688096303208e-02,-9.736285106013696511e-02,1.840146037695680054e-02,-5.316799364487778679e-02,-4.775982113495390313e-02,-8.437088016159273451e-02,-1.802048843091102470e-01,-1.667203983286926205e-01,-2.631044824681661454e-01,-1.924115681786860432e-01,-3.185394088130099055e-01,-2.885353842221695664e-01,-4.057771330674932453e-01,-3.443382073888923145e-01,-2.237734633476606283e-01,-3.887109658097353537e-01,-4.043584909229345214e-01,-2.644287040890548890e-01,-3.112738161915132862e-01,-4.135408232314333743e-01,-4.051411222992994388e-01,-4.026184443123515533e-01,-4.374313964149996181e-01,-4.773469970562455589e-01,-4.787017114225135539e-01,-4.655488434499839845e-01,-3.398100091819032942e-01,-3.967385786344153620e-01
3.083728420716017604e-01,5.835256271381640270e-01,4.822180561430471357e-01,4.738812427611842071e-01,4.419567754013670191e-01,5.035151632965506607e-01,3.938512278156783286e-01,3.809014311811630971e-01,3.882962375854294157e-01,4.749437038841806680e-01,3.844449180948085187e-01,4.788845293725210728e-01,4.225171828124616447e-01,2.352520769081322682e-01,3.294249176324689499e-01,1.851392135034050646e-01,1.476533161229812152e-01,1.724225003046122584e-01,2.980342390443269651e-01,2.409190573421899351e-01,7.242384074525350102e-02,1.451588268459783893e-01,1.496281775224823085e-01,9.704047916935157336e-02,8.812707764081518028e-03,-2.701564862169269837e-04,-1.135966612345760546e-01,8.525923692588342068e-03,-4.228347600732910994e-02,-6.544841263937299647e-02,-9.131249228981115629e-02,-9.458995231567721151e-03,-1.050898243194236803e-01,2.847757217091208964e-02,-2.736083984852485940e-02,-6.298420298097008596e-02,-1.006461452925917072e-01,-9.572746402102738639e-02,-3.926196979104469575e-02,-2.214959995585801811e-01,-8.910319721559527284e-02,-2.635191268932303155e-01,-9.277654288555689521e-02,-2.267682091197325833e-01,-2.978487454525783340e-01,-3.453561069961355590e-01,-2.411589742468355502e-01,-3.905572573977965090e-01,-2.647893251857965646e-01,-3.182378623363929515e-01,-2.848593347398406528e-01,-3.583395547976720441e-01,-2.766367737824720341e-01,-3.866129693598318595e-01,-4.610744018590673399e-01,-5.934975122382759594e-01,-5.264275139218339561e-01,-4.168507824674135831e-01,-5.323374018707264232e-01,-4.890827003932964878e-01
2.840972770277792048e-01,4.787961480029315209e-01,4.123859866321028522e-01,4.435664492749758492e-01,4.598679939114270754e-01,4.260624263273223855e-01,4.169544059852121620e-01,3.769831451421333801e-01,3.432859375336476671e-01,4.188699133727578072e-01,3.267640614379557218e-01,2.744252991313552159e-01,3.044322030965285197e-01,3.648986459804987037e-01,2.729438828751605817e-01,2.538114097912609335e-01,2.707865155658165102e-01,2.238496233411879643e-01,2.594086126355175659e-01,1.671311830586184044e-01,1.216149354497257501e-01,3.170146257100821957e-02,9.249648987721896531e-02,5.983269757229310593e-02,5.424271881465399237e-02,5.193973342974983649e-03,-1.345651104310352786e-01,3.095995684061532069e-02,-7.626929686540066811e-02,2.934787464769090734e-02,5.156791583191992767e-02,-6.619499212880103345e-02,-6.429661130151972936e-02,-1.128767788726800364e-01,-6.340326073387451966e-02,8.845113779125524447e-03,-2.304415464670394112e-02,-1.367042934300534140e-01,-1.042637002274058033e-01,-2.457052342980206028e-01,-3.033703610846941734e-01,-7.170574902935304695e-02,-1.112285497933461487e-01,-2.171152378113145875e-01,-3.875755517068221190e-01,-3.986524306320899935e-01,-2.687761793800209076e-01,-3.844545366340786918e-01,-3.094178889220983719e-01,-3.584962946104319759e-01,-4.543040265046528470e-01,-4.374638895673509387e-01,-3.864958946358916236e-01,-3.530028587240719440e-01,-4.191678295033606783e-01,-5.401952900999646978e-01,-4.305836351643007598e-01,-5.182112033093221326e-01,-4.296592814151331541e-01,-4.881640499087650520e-01
3.807104690495760613e-01,4.712487852768928454e-01,4.670857581734589314e-01,4.477548418987535861e-01,5.252634695888896976e-01,4.020517521128706973e-01,4.107108477092690779e-01,4.737545866152433893e-01,4.378161631330799719e-01,3.086183675480876909e-01,5.486332952940026209e-01,2.965529726542827094e-01,4.477208501057707291e-01,3.802124756892865109e-01,4.113334155618361687e-01,3.027589673959801830e-01,2.794344242592327054e-01,2.454929193213330196e-01,2.482670126686093437e-01,2.847823100385646344e-01,5.493554714349169199e-02,1.451640908685578046e-01,1.075939568621510772e-01,3.676968138572318801e-02,-8.974478991750095558e-02,2.177862394081655009e-02,-1.536290084652749133e-01,-1.255140575755545329e-01,-1.815172236105652009e-02,1.120329071177285918e-01,-7.739846728767221795e-02,1.035755135422949946e-01,-6.439885015566866600e-02,-3.263726207804299589e-02,-3.650307796730171972e-02,-7.046986694302773135e-02,-1.736076103307140350e-01,-2.117621318518227852e-02,-1.331067154610838243e-01,-1.577223075059482893e-01,-1.202399845079775431e-01,-2.000908303697715440e-01,-3.451769816008212199e-01,-2.209192302999714586e-01,-3.063354237503558286e-01,-2.010123871884622326e-01,-3.541489090105098825e-01,-2.993183284130679356e-01,-4.784979061029600023e-01,-2.766239486627611877e-01,-3.028830527408636897e-01,-4.345563051476744043e-01,-4.630775498087245090e-01,-3.091288586215701906e-01,-5.086657818209641135e-01,-4.410192269547638655e-01,-4.539710595948166505e-01,-4.452289907198272445e-01,-4.664792270102692262e-01,-3.198378437218797332e-01
4.534712773071370995e-01,3.219539467847291059e-01,5.361403646543178025e-01,4.729791680291457467e-01,3.808794644271668584e-01,5.200644166258975298e-01,4.790912179387724068e-01,4.146971175636801621e-01,4.071509416391587699e-01,2.544604618690601283e-01,4.204619366645763745e-01,2.562524981218309295e-01,3.474247885676810532e-01,2.375224199018720894e-01,2.700684465032657799e-01,1.871489409907947654e-01,1.984983366488443923e-01,2.812427985813753528e-01,1.592467712414654124e-01,2.412512779685296316e-01,1.469378270803611275e-01,6.559361530985621802e-02,1.602766657102839276e-01,1.333709660355557047e-01,6.359395394142376701e-02,1.217692736890295391e-01,3.537134509815616917e-02,6.704252124766890697e-02,-1.346355127404375062e-03,7.365258087420678557e-02,-9.366323134722885635e-02,-5.265336092273390639e-02,5.247480589694149267e-02,-8.611980758115386769e-02,-1.934406239667673180e-02,-1.684587741727625043e-01,-1.494378611076069563e-01,-1.903160751966953002e-01,-1.294259696369609580e-01,-1.888062749817163710e-01,-2.049714370892659621e-01,-2.850795321630098522e-01,-2.391010276997234674e-01,-3.495912604197881635e-01,-3.249692168753667287e-01,-2.326812053631195365e-01,-3.836615676378373196e-01,-2.877872946134890642e-01,-3.480783873663987338e-01,-2.815484139189067259e-01,-4.306353066849497035e-01,-4.458061394777342867e-01,-4.690681332454510466e-01,-4.245456461744417931e-01,-4.616577432362681255e-01,-4.557470178991375187e-01,-4.027227692581750174e-01,-2.933810481436243678e-01,-4.574256286006791461e-01,-3.354094479558348274e-01
4.622895583417722665e-01,4.743162756971702199e-01,3.107380114292576101e-01,4.014566440273777959e-01,4.516661287133086899e-01,3.989343511808729481e-01,4.096046588298583591e-01,4.621748096927350558e-01,4.570775475464874948e-01,3.358798798734643487e-01,5.111961637192283803e-01,3.277711728823100024e-01,2.785890673075629986e-01,2.612149771685355892e-01,2.184797036156047034e-01,2.031000911438230472e-01,2.466926769160212030e-01,3.216184725384078624e-01,1.602646067956293163e-01,1.076945714057151171e-01,1.416086315837602472e-01,9.881269365569250729e-02,1.593915697750854232e-01,2.400328623887656720e-01,1.295299475451764382e-01,-2.817629299353412511e-02,1.262315913777149398e-02,-2.140708811586091581e-02,-8.474921624010611776e-02,9.168844432050925197e-02,6.359478780144101062e-02,-1.304544147957032441e-01,7.280008413137113721e-02,-1.978772069283928764e-02,-1.602725318474880478e-02,-9.860192086745570017e-02,-1.159697601492642727e-01,-4.752465030456314021e-02,-6.462647308510359456e-02,-1.148181524851756841e-01,-2.256879814720588739e-01,-2.461617832990323218e-01,-1.825583443031826847e-01,-4.229237401019483866e-01,-2.459856198058338050e-01,-1.583465362930421838e-01,-2.641351772497552153e-01,-3.034633412064625668e-01,-2.947837173533907063e-01,-4.345507029355266115e-01,-3.888286323210027873e-01,-3.190123029649286623e-01,-4.488071025814606152e-01,-4.967985139044146514e-01,-4.790854389892930110e-01,-5.116449027145961725e-01,-4.261821036687047370e-01,-5.711541981607355378e-01,-4.908505077155522756e-01,-2.427145258552105278e-01
3.098763393047502257e-01,3.757803797297369908e-01,4.543898679275309993e-01,5.275074267038205589e-01,3.955461145676262835e-01,4.294115651884236051e-01,4.886614727050851426e-01,4.885719243887608476e-01,3.891978473296079932e-01,2.826662863171912621e-01,2.217464215023995100e-01,3.286812447520630065e-01,2.968224120498128560e-01,3.668325677343370339e-01,2.885952827278798205e-01,2.441659052949529674e-01,2.859413967712636784e-01,3.336896807458925585e-01,2.776325880598479734e-01,1.296841534359704506e-01,1.857602229636652891e-01,7.296591030528740141e-02,9.955642760745123110e-02,1.166097971255391635e-01,1.158015442984428045e-01,9.083523862393451387e-02,6.313692983275349946e-02,7.911629135559490600e-02,1.296839476566870319e-01,-5.994061119924696396e-02,1.998349338566097859e-03,-5.708212107540218405e-02,-9.415119339561303646e-02,-1.113800414216314927e-02,6.830293261177206032e-02,-1.069190245828147007e-01,-1.500837338509491414e-01,-4.946934802747633697e-02,-1.173945405949579912e-01,-2.485264092644125233e-01,-1.408202339244435906e-02,-2.365569013720259517e-01,-1.382379717324107582e-01,-3.014290929805524266e-01,-1.884177965116146936e-01,-2.763742092336608502e-01,-2.461426501440414916e-01,-3.626418074367500077e-01,-3.705883858975024259e-01,-3.203451010337579619e-01,-3.721330051404920236e-01,-3.828204530685800355e-01,-3.974216994980337980e-01,-3.661230098590286253e-01,-3.056223875244631349e-01,-4.433007798813027311e-01,-4.395890712008122536e-01,-5.617166297812591358e-01,-4.588087626477793668e-01,-4.999802251482600712e-01
3.510279512174042660e-01,4.514436829463509548e-01,4.533519099610947012e-01,3.876197778412772132e-01,4.238202689738282958e-01,3.255891601454883322e-01,3.869952127295475663e-01,3.395951537031011713e-01,4.039565749270593864e-01,4.494217938792912648e-01,2.681555154593004420e-01,3.901246621729762554e-01,2.571978108342441449e-01,3.264248434844946312e-01,1.849159922273278522e-01,2.153636455909334335e-01,3.470524964225447651e-01,2.147556307251490271e-01,2.348681040408992504e-01,1.608961097558868070e-01,1.389055819224256916e-01,1.347578876928136049e-01,4.328954712024492280e-02,2.133271999410653597e-01,1.040837731586693737e-01,7.921427071626492566e-02,1.391401245680340057e-02,1.196459291291145088e-01,7.658076189787537888e-03,2.265161731921436911e-02,-6.792955303761297192e-03,7.434126772284324614e-02,-1.577393862652962664e-01,1.915791677056036257e-04,-2.883111544452533065e-02,-4.421892996132569670e-02,-2.030912449190286073e-01,-1.288619769675897198e-01,-1.957965825559859208e-01,-1.764350404486911272e-01,-2.849676178455927689e-01,-9.007372428279483700e-02,-1.933356979542122933e-01,-2.068984244363714642e-01,-2.060360547109876261e-01,-4.352631091195012236e-01,-4.392722045229294769e-01,-2.091437424341396623e-01,-3.198227268911852939e-01,-4.503889914908416614e-01,-2.704124979500900361e-01,-3.301729819467412730e-01,-3.150409558095968454e-01,-3.967006375769783766e-01,-5.398892707067000085e-01,-4.404703870551464062e-01,-5.235457706546318146e-01,-4.220261273672408220e-01,-5.264676480846174345e-01,-4.383052973965947952e-01
5.182473310530901767e-01,4.237456779061572476e-01,3.270040020038654238e-01,4.217459934570878533e-01,3.580605038135410423e-01,3.427084243820825438e-01,3.849029761783973047e-01,3.918235356972396000e-01,4.711426080773111202e-01,3.911993648699326753e-01,1.863300309560386725e-01,3.143716147998322219e-01,3.033538003554133167e-01,1.060423551087227301e-01,2.916735480148917037e-01,3.524819761254496808e-01,3.627576722304911017e-01,1.631737491462916245e-01,2.965862217005241774e-01,7.566095788320745252e-02,1.463480692136346906e-01,3.572993954386689125e-02,1.443724415462965260e-01,1.373034566106552112e-01,3.874462407246800216e-02,1.324983289504195472e-01,8.297850397654067678e-02,1.430025478684548990e-01,-5.314170077190030067e-02,-6.206634082423101439e-02,-6.166926052061556807e-02,-7.612126999841072224e-03,4.624622266318085401e-02,-8.104520059840387980e-02,-1.496909862411033298e-01,2.014344141813364034e-02,-4.797432555959919853e-02,-3.821379669558523651e-02,-2.704227457271323187e-01,-1.679311234307686307e-01,-2.319821492094890636e-01,-1.637532011590332182e-01,-2.589229016943418449e-01,-1.914990070748341655e-01,-2.502261310314761178e-01,-3.477319426071788788e-01,-4.270060010511864124e-01,-2.899140933471234804e-01,-1.997712207927520578e-01,-3.722196603149963701e-01,-3.532669659571406884e-01,-3.809743469587682507e-01,-3.665632442595944118e-01,-4.444272827228574196e-01,-4.072014251551835384e-01,-4.653767452341954214e-01,-3.510241143010200959e-01,-4.528187332623584416e-01,-4.190321305221172965e-01,-1.433299059961789246e-01
3.061747764658335202e-01,5.097964919644135673e-01,3.451791224447517958e-01,4.467741565420292882e-01,4.196818220968427937e-01,3.628998300006672784e-01,3.739839604965977116e-01,3.717884794317061203e-01,4.775930520891961129e-01,2.846721188168766514e-01,4.039310466753607831e-01,3.809617891446092641e-01,4.321070851777015775e-01,2.334755669790490040e-01,2.906437521316009853e-01,1.276468621548990379e-01,3.299063196592867397e-01,3.335134615722418205e-01,2.175573965499636719e-01,1.696833211437631939e-01,9.139395577530744219e-02,1.682181014392805096e-01,2.693929555144449761e-01,8.591725754641946211e-02,1.517087380240899896e-01,-1.441537519804131015e-02,3.511656699958446565e-02,-4.880329838937080833e-02,-3.477028494417202381e-02,-5.191669676942929634e-02,-3.479749445074945078e-03,-1.008066537189215711e-01,1.312858819807397048e-01,-1.851347618855986310e-02,2.288943827487490215e-02,-9.205331426063520506e-02,-1.323659910245086890e-01,-1.126689821457822760e-01,-2.210601605140690151e-01,-1.366354247961639456e-01,-2.788714196674808576e-01,-1.855633127755205447e-01,-3.487212855143054790e-01,-2.612071263881813321e-01,-2.434561922497580078e-01,-2.183361933105979202e-01,-3.658697585184768064e-01,-2.119795850205884180e-01,-3.539840505038019391e-01,-3.850284404179238340e-01,-3.738599820788606198e-01,-2.702040108804477647e-01,-3.215937796536609827e-01,-4.993082816509941679e-01,-3.090643009315652834e-01,-4.350616748379193544e-01,-3.542915735590020931e-01,-4.913546372476350621e-01,-3.402889067394122558e-01,-4.097046870313995615e-01
2.732740062641855205e-01,4.204263047901597439e-01,3.995836896727456011e-01,4.220018781916444195e-01,3.134229523297432651e-01,5.074949148968681545e-01,3.603398940084961977e-01,3.417156940528963127e-01,3.813956621052053131e-01,3.702344079733665971e-01,4.067768777297276483e-01,3.490644175953743766e-01,4.326773455345752639e-01,4.203377118625851727e-01,2.777803241109238486e-01,2.759588112483054578e-01,2.483764925212626762e-01,2.565702112708070359e-01,1.697195555360477004e-01,-3.625301129640932929e-02,1.966958900107051156e-01,1.249409992757898047e-01,3.831027737007255875e-03,8.025220275035202522e-02,7.884330974956681171e-02,-1.154540212980224856e-01,-2.319310930723161163e-02,-1.468515188445022358e-02,7.001746748691797806e-02,3.395039235598708988e-02,1.303984038044745664e-01,-4.482444932018342203e-03,4.767571061605976185e-02,-5.085223903499826864e-02,-1.860812799370480802e-02,-5.708581749729735311e-02,-8.079781996613984163e-02,-2.296220901337357387e-02,-1.009356304387409448e-01,-1.824238362493571519e-01,-1.605164302056154013e-01,-1.504944729178230023e-01,-2.838045795865530296e-01,-7.587483629218573500e-02,-2.570888760085897062e-01,-3.146887567308419009e-01,-3.982616924163576710e-01,-3.520608008440037073e-01,-2.714443220694816028e-01,-3.377160500208309379e-01,-2.871027122497736284e-01,-4.769623885207822656e-01,-4.504370626974191216e-01,-4.250733999786627249e-01,-2.778354679990048814e-01,-4.583876631937005008e-01,-4.053705930767790844e-01,-4.007476952546333848e-01,-3.838932360140135391e-01,-3.453704272805999675e-01
4.970525682262841860e-01,3.295923992489198651e-01,3.913405567149701447e-01,4.167392539469833568e-01,4.000033527265791089e-01,2.571414067664409275e-01,3.925363891311372533e-01,4.025140595064025106e-01,4.870422158825945536e-01,3.574781751309928923e-01,3.821910168301990152e-01,4.337273942064561183e-01,2.716267918597540798e-01,2.380983318079069322e-01,1.920261236064332022e-01,3.113690422715577055e-01,1.561836864450143747e-01,2.265533584962766134e-01,1.806865128757587924e-01,1.450864793264661778e-01,1.742208248839654527e-01,8.833953918233174163e-02,9.306315498324042867e-02,1.697772943689303538e-01,2.438276212341130775e-02,2.529731653572794836e-01,7.565094414700523906e-02,3.821072134766957673e-02,-2.687155195639817813e-03,3.923081771638332882e-02,-1.850264237191009686e-01,-9.761344604907004618e-03,-8.953066638696076385e-02,3.248948434466102098e-02,-9.987277980342887385e-02,3.171112411230599115e-02,-6.662259698361525095e-02,-1.338799533151328325e-01,-1.941676628601646803e-01,-2.277039657360641345e-01,-1.816143857459757704e-01,-9.874511568083957358e-02,-1.623404213613092728e-01,-1.286202806857709713e-01,-2.899401612887082536e-01,-1.741371625375431054e-01,-3.369239331846049512e-01,-3.299463847998976851e-01,-2.394075660027810692e-01,-3.050210714883722085e-01,-2.898594654356690947e-01,-3.223623691248462264e-01,-3.998240124778150717e-01,-2.785670258243892472e-01,-2.670061186136199471e-01,-4.132378339079331719e-01,-4.551372130495858204e-01,-4.020193658055245534e-01,-4.840102880604876812e-01,-4.092010856079102976e-01
4.038645782153965635e-01,4.177580671332267181e-01,3.000667568153035925e-01,4.627942819079732817e-01,3.622295578456674048e-01,3.901023253796080947e-01,3.864298954964581756e-01,4.037374774475361860e-01,4.456990560502792631e-01,3.318380850585310737e-01,1.653223033855109603e-01,2.788096370288701831e-01,1.783528140415371332e-01,2.546615471096491112e-01,1.677799386589589048e-01,3.079885741876580152e-01,2.933507044867212366e-01,3.164255804955868334e-01,2.631275315664757253e-01,2.465667682801376548e-01,1.806852071987068986e-01,4.757860465544143380e-02,6.176147655663211111e-02,1.445499221329455686e-01,1.464667132787201842e-01,-3.382180671777142156e-02,-5.628488656473221857e-02,1.368819669394952254e-02,-8.298282161231854137e-02,-3.782533209410939012e-02,4.569872423777887605e-02,6.452160256466202282e-02,-7.220114488031488531e-02,6.276586892394725448e-02,-6.431417826652209568e-02,-1.013602382086374876e-01,-9.378659128181218718e-02,-3.691013678200650433e-02,-2.088334742769778762e-01,-8.417281955593204634e-02,-1.442509505119748958e-01,-5.790067447125812894e-02,-1.978900157583937947e-01,-2.328559182191537735e-01,-1.567280466285406737e-01,-1.371569560105446728e-01,-2.909725390601073935e-01,-2.993344486452015341e-01,-2.031634460574360812e-01,-2.520648032780552494e-01,-3.318521704301038433e-01,-4.060123267597690599e-01,-4.195713125516344344e-01,-4.327123183577435417e-01,-4.253515770484804781e-01,-3.768669888171189974e-01,-4.302441217986164301e-01,-3.659400567351807632e-01,-3.979072175685184343e-01,-3.471239092979783170e-01
3.900736642045134484e-01,3.401933400217038161e-01,2.823585102465563379e-01,3.799469474067684871e-01,4.049086634552321873e-01,4.709360784006387246e-01,4.780808194822171453e-01,4.084101218319373672e-01,3.278198312881972498e-01,2.867179956376207373e-01,3.317681807942621797e-01,3.881046468703829300e-01,2.251156991974069821e-01,2.845354116206988970e-01,1.970712044954471831e-01,3.588587164218705605e-01,2.851311545617465359e-01,1.711978005088515831e-01,8.458019049193818417e-02,1.992471410129360021e-01,2.151657421588696883e-01,1.118508259025626089e-01,1.869045103128630370e-04,1.443740885769709270e-01,1.525904266097664608e-01,-3.138287665988398565e-03,-1.470558697159667604e-02,2.486883666997552131e-02,3.227510364322423719e-02,6.423225495099549754e-04,2.628133141983816576e-02,-7.325180877983401839e-02,-7.692683367924200988e-02,-1.637804549427287343e-02,-5.029664243302214149e-02,-2.220682256263727672e-01,2.664256020189739033e-02,-1.694533042605230744e-01,-4.715948968322965923e-02,-2.615422170906973043e-01,-2.405873654454072086e-01,-2.971760482962196859e-01,-5.995425518010583099e-02,2.805938954654728715e-02,-3.331599739263290116e-01,-1.193381985415117585e-01,-2.659282666972394571e-01,-2.976590057336805373e-01,-2.833113612800360337e-01,-3.871990027928937650e-01,-3.244264012884126580e-01,-3.931680681068951411e-01,-3.963658021121586605e-01,-3.972409598184435398e-01,-3.149299261645285841e-01,-4.874129637036869189e-01,-3.535548838788481474e-01,-3.926286500699333604e-01,-4.280779827519581859e-01,-4.655824952649006976e-01
5.043806639958396953e-01,3.469330818510677483e-01,3.836801911903921503e-01,4.852289696653908635e-01,4.219100467657004860e-01,3.464721731994732101e-01,2.699754593045147200e-01,1.968769466670789725e-01,3.683279709641892330e-01,2.918241245820815122e-01,4.126112431340791531e-01,1.875481863024313356e-01,4.099534555227931643e-01,2.537783958798432438e-01,2.728736133012287790e-01,4.068857683046221696e-02,1.941074796654083667e-01,3.982371685942002193e-01,1.886917794210432597e-01,1.829463136713158355e-01,1.521428662292759193e-01,-5.217035100587719132e-02,4.607907630338488325e-02,1.372013045529461295e-01,9.469226924936741119e-02,1.188557049289357542e-01,-1.154036378622081277e-01,-1.599034410900609243e-02,-7.159500375589054888e-02,1.912184477004686550e-02,1.667804357747763172e-02,1.890805601746792589e-02,-6.403282077186359111e-02,7.927777102077649286e-04,5.495886300305894562e-02,-1.732673866887650127e-01,-6.429552114179407085e-02,-8.804487263648955175e-02,-1.152138268529857290e-01,4.773858143429193616e-03,-1.363588444552845114e-01,-7.071070030591988798e-02,-1.542523029357029396e-01,-7.888364910046453959e-02,-2.266363785635560346e-01,-2.046634445171977568e-01,-1.808705530237783299e-01,-3.225997961034566819e-01,-3.861212660929784768e-01,-3.592106264746710020e-01,-3.165226445400308175e-01,-3.388732979193169181e-01,-3.859907166714329207e-01,-3.209764818884185966e-01,-4.515815873127036473e-01,-4.893655184030111793e-01,-2.811893054578123996e-01,-3.759012199733092752e-01,-3.147563136881250667e-01,-4.750309002520243240e-01
2.904550443045512131e-01,3.693145623316864135e-01,3.361947248048060555e-01,3.229460612890354132e-01,3.550973645069901430e-01,4.074028660262408730e-01,3.694206206732471576e-01,2.288547354800747335e-01,4.975636401629915939e-01,3.722266333851155240e-01,3.721518440142434492e-01,3.652136926560891617e-01,2.905613769929553669e-01,4.341435841721012490e-01,1.431008479678024803e-01,3.319395471836761868e-01,2.518247980872822533e-01,1.597915589720744767e-01,1.996413245871424547e-01,1.993756619955233678e-01,9.544417510386052350e-02,1.023297882451335850e-01,1.725054170032115086e-01,1.473587488029918235e-01,1.242277000823336641e-01,6.370008905033655577e-02,1.095834231260697832e-03,1.942231210042792144e-01,1.000530602337176972e-01,-1.367991983965662420e-02,7.720629438474552360e-03,-7.089379324856835696e-02,-6.434455387608267740e-02,-2.289328115802715877e-02,-1.813427044523694548e-02,4.705081941913160509e-02,1.036263790886580161e-01,-6.765254446110897935e-02,-6.870671736146787001e-02,-1.787991976617953616e-01,-8.717139658922273826e-02,-2.780603828586316051e-01,-3.883097420534144945e-02,-2.570375318825115496e-01,-1.726274667324076972e-01,-1.527577643694021658e-01,-2.100080153532020710e-01,-1.962454361334214359e-01,-2.985497790072131896e-01,-3.036649402137472364e-01,-5.047114574761503158e-01,-3.518594880463482566e-01,-3.808434360095106497e-01,-3.341780899967957685e-01,-3.487529372349006396e-01,-3.789108272217346363e-01,-4.060018423349642802e-01,-3.159694089753868895e-01,-4.810021990518510426e-01,-3.716616922309635695e-01
4.378428718505976147e-01,4.440679326514823666e-01,4.189813039129651751e-01,4.256040050237616112e-01,3.876792055972289042e-01,4.024042310930587840e-01,2.808570790911669723e-01,2.149083344797589612e-01,4.593882790604045252e-01,1.944377144311484895e-01,2.927002368493499818e-01,3.196063666023543082e-01,2.697777760416423254e-01,2.193313828152199940e-01,2.008035945244126541e-01,3.374227159291228184e-01,2.247955045912177208e-01,2.644274845258927087e-01,2.765617738282398763e-01,1.971946184291987481e-01,1.159069924723608452e-01,2.565901393930424268e-01,1.354222094984910696e-01,-5.425729335274950133e-02,8.221448481185394952e-02,1.718284774934021042e-01,1.655283883723885838e-02,-3.325577396546082476e-02,-9.188518756342656246e-02,-1.274158763634534175e-01,1.384120195580751944e-01,-2.999062451028084927e-02,-1.957017565562779726e-01,-5.491908985932499737e-02,-4.220367878864468569e-02,-6.614577305748928215e-02,4.317793372729439999e-02,-1.646093120363638640e-01,6.844311256795318488e-02,-8.990909126099502768e-02,-2.046646383288496795e-01,-2.902200025732885047e-01,-2.740103033872913207e-01,-2.939443816618111383e-01,-2.005701253201896128e-01,-1.693218974368031482e-01,-1.666339723354599567e-01,-2.571924995637616673e-01,-1.872863710515016156e-01,-2.305019960963912151e-01,-3.594957649329722504e-01,-3.370998606927949615e-01,-4.041451751428911665e-01,-2.869909495410570277e-01,-3.369848774052607854e-01,-2.835374872892167941e-01,-4.138893464937143385e-01,-4.401100885652641237e-01,-3.060204998739046722e-01,-4.347458391702837543e-01
3.544617453064869972e-01,4.004381783839631170e-01,4.603223380867801917e-01,3.977216287313757315e-01,2.663956328430813758e-01,4.549886197861068848e-01,3.409752288300379464e-01,3.287615820834042246e-01,3.502202787657407446e-01,3.020796170646747325e-01,3.516529177114271487e-01,2.139232377008397634e-01,2.879901520519841940e-01,2.875401284625427878e-01,2.273408885306250904e-01,2.577893705456411055e-01,2.531232483066395700e-01,2.751743009082448510e-01,2.285970738143861536e-01,1.137013769601772778e-01,8.327383448048482351e-02,1.143211909375113355e-01,1.868475586368166241e-01,6.820469501566769899e-02,5.399774225987959836e-02,8.308582810128263552e-02,2.301963205706114655e-03,3.121597385809649246e-03,8.389885013576352246e-02,-7.231357050433022404e-02,5.808278766578278685e-02,9.227768745198838829e-02,-4.421002544573862658e-02,4.571059323890938955e-03,-1.212873760937954459e-01,5.792238829363762637e-02,1.052095906516627155e-02,-1.522447295080850416e-01,4.126943948760351810e-02,-1.715228816000122503e-01,-2.524004004421339167e-02,-9.063288657218335209e-02,-9.369689912480964888e-02,-2.963409786634055854e-01,-9.304745156851881860e-02,-3.038676031317641968e-01,-3.013137307988245639e-01,-1.615565229328566610e-01,-3.123643459449936266e-01,-3.630658277883015983e-01,-2.892318576543740360e-01,-4.151698286295019136e-01,-3.925848538667536802e-01,-2.846163370825302019e-01,-3.810447509218202189e-01,-4.868217808768424137e-01,-4.213603207501705472e-01,-4.769845190306208904e-01,-4.334975283072096675e-01,-2.944106895871689278e-01
2.893978468001029980e-01,4.038817820129778080e-01,3.866538270267859123e-01,3.985254596332852839e-01,3.232239044354057178e-01,2.985515912819501350e-01,2.970651092967885321e-01,3.942731510068909762e-01,3.422097998110762429e-01,3.466174935804361423e-01,3.319827286075176520e-01,2.130447416899969304e-01,2.968713516718596290e-01,1.735300718218132920e-01,1.539166106531163758e-01,2.949279840020425647e-01,2.934177074432847698e-01,1.022529132556637410e-01,5.956567582067502642e-02,6.523489302155872915e-02,1.401436929853891178e-01,6.229503781405883872e-02,6.057386781909731427e-02,-5.976509996091572408e-02,-2.055987718727622648e-02,1.382133515143060265e-01,5.133551280778465842e-02,8.364275259560968734e-02,-7.475020144510800824e-02,-7.447984187281656010e-02,1.503914324741307748e-02,-2.335415516061178087e-01,-1.250758320788212252e-01,-2.100043650508519322e-01,-9.816867540448881435e-02,-1.775134249621915933e-02,3.980229200944128409e-02,-1.003103601683909829e-01,-2.233272926446994849e-02,-2.015181552875331406e-01,-1.997589261102500346e-01,-3.033520311325311747e-01,-1.743368856298335434e-01,-1.720646287227242666e-01,-4.185881713990665665e-01,-1.035733693655069010e-01,-2.559130418581249122e-01,-1.762113540007959611e-01,-2.286326567903924079e-01,-3.490968073823003115e-01,-1.588953374439299460e-01,-3.384763183939586972e-01,-3.907835912634195497e-01,-2.189639701031354524e-01,-2.871151086597681923e-01,-2.613469726228727641e-01,-4.634806308104669204e-01,-3.425989416306710611e-01,-3.832319409797614873e-01,-3.186931210640695511e-01
