1.757188147803672995e-01,-6.918628854250290228e-02,-2.686896484051419232e-01,1.752339469631642999e-01,4.612946364831844170e-01,5.740987702813460380e-01,-2.626637752151059768e-01,2.669105986638110606e-01,5.991192889869628724e-01,3.983694034571272913e-01,-2.153281676450252979e-01,3.903532869462920663e-01,5.060078917803134679e-01,2.007890192559763365e-01,7.638471402915740782e-01,7.760664694666200569e-01,7.415300185810483891e-01,7.380962749693188441e-01,7.428085110583116935e-01,5.748111810012888068e-01,7.831836642983383001e-01,8.842735248226264444e-01,8.090147068349929915e-01,4.588887465516816033e-01,8.239390778206384658e-01,7.524698778542093791e-01,5.208926824348524276e-01,9.096865605428513524e-01,9.564339956853588065e-01,7.537973085752754931e-01,8.116970020395255503e-01,7.010875940855156863e-01,8.290893989302713374e-01,8.361215711033561648e-01,8.007379692610738786e-01,5.822565819391353203e-01,5.896883838195360328e-01,8.200057386303333251e-01,5.373758580280687536e-01,6.168462834306654985e-01,5.369171385914478511e-01,2.367116120009771230e-01,7.918300121700879712e-01,7.314549101396021769e-01,6.954530265198030081e-01,6.399669174435121954e-01,5.202699518024490599e-01,3.627427174870274107e-01,7.319173996476217858e-02,1.688893096009792261e-01,5.322115556543719483e-01,-2.643619307772041016e-01,4.991075787082090431e-01,2.393069037822929609e-02,-7.622765125404212805e-02,3.544574270521989590e-01,4.282852699987523687e-02,7.236504777494422447e-01,4.971769689571439166e-01,2.347076909781167231e-01
-4.410721122914976894e-02,1.257078517718854815e-01,4.027907625312061590e-01,5.598773820568427873e-01,5.518906656919420062e-02,1.632941030154879680e-01,-2.721504167088115156e-01,1.510172189266424936e-01,5.460480346530354190e-01,3.250961465801946448e-01,8.814220484414432566e-02,4.284923862435157105e-01,6.114677278409132999e-01,7.499090368335225021e-01,6.727106823402011493e-01,4.325841445368226457e-01,7.328041642107111509e-01,4.497182678291894997e-01,7.759328936369992435e-01,5.495922968121919050e-01,7.703992915749519055e-01,8.181630416634121383e-01,7.852298975649113499e-01,2.532600279478797733e-01,5.381972123027060073e-01,6.529925797424837031e-01,7.298482335928054843e-01,6.124666213945758608e-01,9.998722824499183259e-01,8.674326229682080003e-01,8.631502558309588347e-01,9.999122124181208937e-01,9.576829880218848956e-01,9.379190667370572720e-01,8.206233907042775888e-01,8.205302527922958555e-01,6.635600254215935356e-01,4.757828708247571203e-01,8.832904750820453899e-01,8.326726835787630066e-01,7.751447323069182715e-01,7.509538589486856042e-01,8.912573255346535328e-01,5.100890279049099529e-01,5.632409807986152872e-01,3.566636925469808816e-01,5.641720582276487095e-01,6.359345804150241532e-01,1.209083824398862195e-01,6.191079884328976046e-01,-6.323351052300009434e-02,3.294855509174730024e-01,4.786655417151810532e-01,7.943333673921898486e-01,3.216804304132597214e-01,6.132175600777092228e-01,3.654753456989257576e-01,-4.266418244338123777e-01,4.867455042012078792e-01,-5.408256218511456881e-01
2.583973359111899626e-01,3.554413842378831984e-02,6.411447372922176591e-01,4.091926855209784830e-01,7.566552965067927516e-01,2.110213447164033529e-01,1.334553659741267440e-01,5.355786178251852325e-01,6.152721878225423380e-01,5.379308230285461123e-01,-3.092133624762343214e-01,5.883433026507512986e-01,6.091685181982170461e-01,5.252942685894441688e-01,-1.805344531731545299e-01,5.478627001070303093e-01,8.173333445840720302e-01,7.946826174126583320e-01,8.214277013502958580e-01,6.120937311262472091e-01,7.978859245015748058e-01,4.262756872894901683e-01,1.744696279214692503e-01,7.582549399064536511e-01,5.863885773743280350e-01,6.796307436718175277e-01,7.716795983483354382e-01,9.661632328161159355e-01,9.667233295200272636e-01,4.950528777973506322e-01,5.440568651005029954e-01,5.231865136279241213e-01,9.934796690099506611e-01,5.968875928059191871e-01,7.808800960196139451e-01,7.342114996272751659e-01,6.375206168350036062e-01,6.733433441111406070e-01,4.144861421189867667e-01,7.913470149657008124e-01,8.474328698416725425e-01,7.429377889936462642e-01,7.494529058702131818e-01,8.410472820675941596e-01,7.044913542410821128e-01,9.366040996727528212e-01,2.726482450324891338e-01,6.076739115408468228e-01,3.614598580352062496e-01,7.823349184227109676e-01,6.207308204924397721e-01,4.297157548832948315e-01,7.440813273859341048e-02,5.989071099099291251e-01,1.463545498739338147e-01,5.454192100567767376e-01,5.071315233297853942e-01,-8.517016609513065883e-02,-3.692097469332139004e-01,4.271922428958408458e-01
2.027081231972874542e-01,1.056597722731267286e-02,5.858655527611188463e-01,5.633286918193106674e-01,6.375054355731288869e-01,-2.628509886725862235e-02,8.265675615339891646e-02,4.333880073377170405e-01,4.774687438450402333e-01,6.768920070538890776e-01,3.215468714288678420e-01,2.841141689484242838e-01,6.586154499109321270e-01,2.137320829020026292e-01,7.992012416263246655e-01,6.370033732646317448e-01,7.360947426268339422e-01,7.581261346126355605e-01,7.944537656116370528e-01,5.974597704354681627e-01,4.174895011073316842e-01,6.847922764523616257e-01,5.786268443162772002e-01,7.481896038038132746e-01,8.900917560635536185e-01,7.513857490708150122e-01,5.089134313203315108e-01,6.010195210350657291e-01,5.733690718747294079e-01,8.646692050882611724e-01,8.372639670667373357e-01,8.216798783422772923e-01,9.968275554013762418e-01,9.571007122825903046e-01,6.814989169596862295e-01,6.656299144852892979e-01,8.515867357956773409e-01,7.927364176566679133e-01,8.461098254705120558e-01,7.922459219559395693e-01,1.683074776596437394e-01,8.298609462366156597e-01,7.945734684779469648e-01,7.553488309856558613e-01,6.034829912303631971e-01,7.832745989230497363e-01,4.889378971684066322e-01,3.390556923747609086e-01,7.320871116258351741e-01,5.517037883229990447e-01,7.304602148278961371e-01,-3.046416075995276862e-01,2.448505898895643185e-01,2.931652875374584633e-01,-1.453894416103105637e-02,-2.109159056025085854e-01,1.658954142420967226e-01,2.587398897864643388e-01,4.364313312800238709e-01,6.171656667873377522e-01
-5.769693880034706263e-02,3.325015125175720399e-01,8.309284532364479281e-01,6.143945364286961253e-01,-6.157091269157799474e-01,-2.446196176220389595e-01,-1.522503641373422478e-01,4.396973647669040197e-01,-7.822334547397806481e-02,5.611139956175094090e-01,6.784512577797808808e-01,-3.368242349505703448e-01,8.690808167383273775e-01,5.485027371201122159e-01,7.473440288388997210e-01,7.471119867137949733e-01,4.245054750363930762e-01,7.675395735867764913e-01,4.379963860048417534e-01,3.388849952731372017e-01,6.979739820092177860e-01,6.526461423134913842e-01,5.071262877399747016e-01,4.755004881288311114e-01,2.387047041767243749e-01,8.649026119087772635e-01,9.996610678506619996e-01,4.008771530242977721e-01,4.075975393509802536e-01,8.338246347968317762e-01,3.205909606254500055e-01,5.613607585309693393e-01,9.841642749998370521e-01,9.996801184966974674e-01,1.729840793501517260e-01,8.026569841061895749e-01,8.135013742910962575e-01,3.929367325691381918e-01,7.559218200150562561e-01,5.638518656361600767e-01,8.768231817672861306e-01,5.151217745109933910e-01,7.861496322298915373e-01,4.957892871035959881e-01,6.343508507297747068e-01,3.813438439943161451e-01,5.817068937592363431e-01,-1.961311772740439441e-01,8.136870280868399030e-01,5.147014649194909808e-01,7.374344322609652780e-01,6.417520198622125305e-01,1.932108837297414894e-01,1.298761860018656789e-01,-3.311645443416134094e-01,-1.767086454085252945e-01,2.977619505643891440e-01,-7.681016848392288598e-02,4.028816068249234661e-01,5.571087657803874826e-01
3.660937074229757004e-01,2.455993603591561936e-01,1.310209171916645043e-01,3.771327993090090036e-01,3.758177592497382591e-01,1.593653832209513121e-01,6.278521165029538054e-02,6.176868289559861447e-01,2.365902194785192980e-01,7.444278764797579440e-01,6.520347413141739379e-01,2.759010689453371690e-01,4.653713144736260077e-01,-2.592386798160786765e-01,4.069190151865422211e-01,8.128533990830195677e-01,7.288861666540046302e-01,7.222241016848961470e-01,7.979167007546239532e-01,7.847565229458566272e-01,7.428071793152919433e-01,8.007458989616802469e-01,9.203560028280751704e-01,7.864911939249924488e-01,7.233770624300609464e-01,4.679734945003422020e-01,7.910406776533657203e-01,9.645540912901043873e-01,8.167782735392906668e-01,7.994492473029565227e-01,8.230421250342651041e-01,8.661294466588370655e-01,9.680080166319586787e-01,9.679828659097077237e-01,1.631652830691266987e-01,3.842790337968631231e-01,9.672450485912719165e-01,9.490739788774181784e-01,8.441427183101727350e-01,6.821602859258671936e-01,6.731791728327379820e-01,6.954463024996586640e-01,9.203145142312362248e-01,5.129023210134909805e-01,1.900752252309257095e-01,5.456969127950538345e-01,5.830250194099892980e-01,1.503613810457624655e-01,5.004194231287905081e-01,5.516785334282635622e-01,5.529536351880637302e-04,-2.615833165063478627e-01,3.758456028606950716e-01,4.656657746687840708e-03,2.235483842346853989e-01,5.198254041066571185e-01,4.441376353449489334e-01,3.146715753840437224e-01,3.189847071923727073e-01,4.830298857931196177e-01
4.899783751945926968e-01,3.058126911156740513e-01,2.350734574647392883e-01,8.125449827442361717e-02,3.149739577039422644e-01,4.226694235523530963e-01,8.109773178694604789e-01,-1.433505263400570440e-01,4.078735112349296532e-02,6.844068253911476107e-01,2.359141244625675149e-01,1.131957457078507229e-01,7.570627566373370199e-01,5.802452378626780094e-01,5.351678187289095057e-01,6.892429450048719319e-01,4.769237977606088918e-01,7.477677945823034689e-01,7.564497734552609876e-01,6.833317887094239040e-01,9.763919852349808304e-01,6.293495561783153391e-01,6.509742225199240950e-01,9.713560671942121916e-01,6.905401544880683806e-01,9.974629028706033518e-01,9.342707942080329397e-01,9.547135046434099825e-01,6.712310524721328830e-01,8.381156070219529797e-01,5.541670156201313757e-01,7.760692515695660765e-01,7.702970914347107012e-01,5.627530576121830830e-01,9.944075295498708833e-01,7.635550243850266483e-01,9.497816592872915242e-01,7.068677626234233236e-01,7.088533133277792331e-01,9.837713863491742705e-01,3.974278436517448831e-01,7.819649381716714531e-01,3.535489577400796612e-01,5.774255552998649454e-01,2.074404513048626886e-01,2.396384898973213939e-01,3.641687094859508700e-01,6.861375033899191900e-01,4.211753559117141776e-01,2.672767441862456406e-01,6.842309694848137669e-01,5.122075662794145501e-01,4.978748476031546466e-01,-1.121843977748904209e-01,7.208587508233555985e-01,-1.482686817564022597e-01,-2.391214121533426773e-01,1.310927223733940605e-01,1.496686062582618382e-01,-6.390554931216120282e-01
5.835134547782810932e-02,-1.169558752894780257e-01,3.616203072655173600e-01,-8.244554261657470462e-02,3.961004661467382171e-02,-4.512243583277827236e-02,3.857466337475063400e-01,1.586947995361265851e-01,1.138234446679615153e-01,5.053745764467389989e-01,3.806337212609021137e-01,3.755926456653487233e-01,-3.815885100306372624e-01,4.414138577571193878e-01,3.303737883699671141e-01,2.762005809948483992e-01,8.478431196478976029e-01,8.224268497585857096e-01,8.680055966115450827e-01,6.961045770555939205e-01,9.557490291127527238e-01,5.202656621677709259e-01,5.361072728929209275e-01,9.707415299998537472e-01,9.979176456658702676e-01,9.052492190296975716e-01,9.103992832972721549e-01,8.745982901307928215e-01,2.258991823063928595e-01,2.881104631281615758e-01,5.846524100876463459e-01,2.424513526248344153e-01,7.821154504623537562e-01,3.338593039738212975e-01,9.462624410279339981e-01,4.519149742927588420e-01,7.063215345701161496e-01,7.845765929501505864e-01,7.773052580604007389e-01,9.253871160998877743e-01,8.866866804167425897e-01,5.969705829589078139e-01,8.698900791692641965e-01,2.147581326294201176e-01,7.006006004161079437e-01,4.016976201784219214e-01,3.535439252573365221e-01,8.115602804197816766e-01,-1.260201341220523463e-01,5.786062262772507792e-01,1.513213325555766431e-01,5.733305612675790863e-01,9.412120305892494876e-02,2.926916102828052146e-01,8.280882675673888471e-01,-2.111584045147583133e-01,3.668793188443336128e-01,1.970987663822072744e-01,4.581843414597914776e-01,1.730266244496003469e-01
9.356371735492462205e-02,-3.926351132100993624e-01,1.012948979510069486e-01,4.716801667394092679e-01,5.180883939883917932e-01,3.103433809342933114e-01,6.272561700954241148e-01,4.395850544732961551e-01,4.202078217191978493e-01,5.780805532944608416e-01,7.891620331576351122e-01,3.184685108522642971e-01,6.002794995298899039e-01,5.329531980545995085e-01,-1.194277762195464776e-01,4.753216254399879048e-01,-1.238254342208878339e-01,5.944772346051622192e-01,9.873489615055722757e-01,5.472058048873990055e-01,9.204147657720573861e-01,7.102705722884846695e-01,4.643867525776969596e-01,9.841383813331123775e-01,3.830913816272964456e-01,9.662815989480356693e-01,8.037520664033998008e-01,9.140538040007580856e-01,6.410242967016345217e-01,8.376491295622020550e-01,5.400976311753897807e-01,6.583867619791604620e-01,-2.396226660183685409e-01,4.924983707559387192e-01,9.808881640680030545e-01,9.937818580588775319e-01,-4.676968588581312952e-02,9.757469057762814257e-01,6.783776815823920892e-01,5.526295461596479885e-01,5.525475101751949891e-01,5.205253703222318951e-01,7.749647391869692870e-01,3.400747185878944534e-01,4.364810487664742555e-01,6.623817286461858300e-01,4.935926053009017100e-01,2.824913718804294427e-01,4.440241289623028664e-01,3.929036689952072336e-01,1.982725221099492507e-01,3.294894810417207665e-01,5.897226328486937508e-01,4.184469309467965803e-01,2.388378874666850782e-01,4.144494189492219927e-01,2.181228240662175522e-01,4.299600085250896431e-01,-4.236808026656298937e-02,5.257845270222287759e-01
6.635572796251648642e-01,-3.990269510454445140e-02,7.859297520428390471e-02,7.661399708274886367e-01,7.075917479267768151e-01,-2.216818324517028371e-01,-2.699658786278182898e-01,2.402759856961435292e-01,-1.221132707135961643e-01,-2.706023755652442464e-01,1.596658444419316036e-01,1.780921184777163047e-01,1.621125512376016611e-02,4.625058314322069708e-01,6.280127210790298342e-01,4.651267320162738028e-01,3.781465958823713724e-01,6.022527698888144876e-01,8.061800670381926714e-01,4.348822551268611836e-01,1.905859169117749830e-01,9.955540195581514817e-01,9.582868976370492176e-01,6.126760831184939748e-01,8.625051333639257578e-01,8.635758406013368527e-01,6.396305162397410982e-01,8.512424804813912838e-01,7.774650559045204190e-01,7.976457779730442565e-01,5.467310451542019001e-01,8.258404239491746734e-01,6.628051390294590339e-01,8.387587043894019212e-01,8.389495729833725823e-01,8.353094898175648098e-01,6.443368549764850739e-01,9.951623286481955377e-01,2.544977474291890140e-01,4.262783595410358228e-01,7.269747202721111856e-01,7.905724827171790592e-01,1.614187040231355730e-01,1.595051041389921875e-01,8.196566316313281808e-01,-1.274780724400047804e-01,4.042783771848574292e-01,8.730547112501737539e-01,3.163787030554564006e-01,7.971327070479773680e-02,1.988262108396125216e-01,7.085695001259875170e-01,6.581012281100792061e-01,1.171529373219298148e-01,1.386663204746702849e-01,4.289371276302249014e-01,6.084916217470384137e-01,4.521771167954833914e-01,6.097519170571374936e-01,-2.007470957289619884e-02
5.586270239194005560e-01,8.654250019896563006e-02,6.737156697978176068e-01,1.847683529529903224e-01,9.586953522885428847e-02,1.593704948970227908e-01,4.228520174134494103e-01,3.766058073304616172e-01,-4.390384637316315231e-01,9.315581335722251943e-02,5.707588127262917116e-02,6.186687166684560341e-02,4.539058836708524391e-01,2.213573510300742841e-01,3.889305480837097484e-01,4.223737958239567186e-02,3.222466773476624913e-01,5.334083123239818924e-01,3.829251469616006820e-01,8.185483302181628673e-01,9.070513742395264201e-01,-1.141586531339164878e-01,5.571080865144625305e-01,9.737910722583872358e-01,9.688474697432870597e-01,9.612611831037010113e-01,8.055281453061374775e-01,7.317480229369509592e-01,8.219643550333110005e-01,8.008386871644900262e-01,8.125787267111951317e-01,7.749539215676177761e-01,7.557251598612305665e-01,6.100286150800419138e-01,3.892868542229416806e-01,3.246140302105833819e-01,9.864549933620946343e-01,9.725424056962933550e-01,-8.169106491825256500e-03,6.622258060306146499e-01,2.861689713503994259e-01,6.396915479643469071e-01,3.658096130701123383e-01,7.773753906160013605e-01,5.348228736072241363e-01,2.395428112165235157e-01,4.422198365510496276e-01,4.766592276298290964e-01,7.869367476438555997e-02,6.822813962551667055e-01,4.711344131152093162e-01,2.785032838327221594e-01,5.361756581713287284e-01,4.648722392297434669e-01,-7.044744077764723833e-02,2.166637778800711567e-01,3.477232538515524496e-01,7.733000771885523150e-02,2.308192970115481024e-01,1.639127851262360824e-01
-6.026514838274470431e-01,-1.817654014183023303e-01,-8.484593955084651640e-01,2.290989736736424032e-01,5.428130280770501193e-01,1.487372703911552796e-01,-5.424376276018571391e-02,1.178539511700972264e-01,4.614509262359606789e-01,4.355512253032964298e-01,2.542704050283931538e-01,5.036311531150905463e-01,3.634892795047277581e-01,3.639111027110968344e-01,2.719330578936133835e-01,-8.180078905277561596e-02,9.105163502694735289e-02,3.519427698684009509e-01,4.749378863331563672e-01,3.580842659230416558e-01,-1.310263107578163166e-01,4.123111016282376973e-03,3.401536154345182195e-01,-2.134046302168365605e-01,6.711461096833986062e-01,8.763246918411033981e-01,9.177711749183578016e-01,2.621490337607333410e-01,6.535771256439194543e-01,8.161510517556463951e-01,2.274913187563634975e-01,8.369988768794999201e-01,7.273126517530803525e-01,8.974894802983417463e-01,7.838205801016209229e-01,7.999639504930381451e-01,-1.927910371073073004e-01,-7.190852646686795024e-01,6.349706317403152056e-01,3.640773376452484666e-01,9.251893120084395683e-01,8.093636577000746790e-01,2.180080646848208958e-01,4.691503208013700355e-01,1.130554830824406637e-01,6.236811777040230931e-01,6.931945591974885135e-01,3.487598245726085122e-01,2.868122293166037728e-01,-1.843364295970812139e-01,-9.650608006017084850e-02,-1.281072184118107193e-01,2.148069383669211074e-01,3.957864303469171841e-01,3.552373961338297081e-01,5.604005843581801871e-01,3.411493770870908659e-01,-1.450109016358086811e-01,5.717251682175807925e-01,-2.152671879759976703e-01
3.082411808558401245e-01,5.224959181008042020e-01,6.103858370928553212e-01,5.049458602888901027e-02,-1.355853363827367632e-02,1.264910428056563452e-01,-7.315969378728259809e-02,9.548436599803468428e-02,-4.070760331695468803e-01,1.154930915827308800e-02,4.648449444043936118e-01,2.442249381924642693e-01,3.407996969093832207e-01,2.670335578553861833e-01,5.529630103309377542e-01,-1.687782678553361171e-01,3.142949124231116387e-01,5.757523739531141826e-01,3.711774381057875161e-01,-7.814260498938448152e-02,9.673020860040026925e-01,3.426930456301298666e-01,9.562922088733073478e-01,7.204133970044650503e-01,6.446386685019050988e-01,8.595513614724571427e-01,8.081794222831160113e-01,4.720213709359462051e-01,8.447973167178952636e-01,8.040347377100957038e-01,5.389967496909561229e-01,2.220771673089529941e-01,7.097007285866338000e-01,5.938031574891667885e-01,8.174722871538718794e-01,8.953393891634956470e-01,2.236022404312179024e-01,4.565248863949348812e-01,9.708655098977297948e-01,7.628140510669787488e-01,5.005828249125138241e-01,3.800312200273563978e-01,-2.627152205682783959e-01,2.631631160241886813e-01,2.222905679829705050e-01,-6.213397498945946174e-01,3.998607629642498829e-01,-2.205368799309714856e-03,5.638226192297152162e-01,3.081835353727039317e-01,1.592068359678345812e-01,3.325614126877776688e-01,5.920575129977279083e-01,5.485453817698623391e-01,4.946687804636667463e-01,-1.360729901604618708e-01,-3.220445617843711167e-02,6.060432951447924932e-01,1.272818288822069079e-02,8.050697951445074940e-01
7.372012283181210435e-02,1.918310048542457569e-01,4.135706451478680101e-01,-1.877439680989263782e-01,2.933928807651601731e-02,7.117699667066049729e-01,3.980200423316727076e-01,-6.625992833015952044e-02,2.939861310291146390e-01,1.125317842952924668e-01,8.393730873640425916e-03,2.648824804561536461e-01,2.305626807936266010e-01,-4.011367766984264005e-01,-2.594350324730815838e-01,4.777103129158887795e-01,-1.961040283357370628e-01,5.972622833219934924e-01,2.419072466393341336e-01,5.474821148797022197e-01,3.352193974516508024e-01,2.098807364829483324e-01,-1.255114094960829985e-01,7.321247056442968804e-01,6.284670776522861546e-01,5.112475762965951187e-01,8.312624658779915743e-01,5.249373255501131874e-01,8.348361782112574403e-01,5.479279332788459245e-01,5.305095249839000271e-01,8.161267809752740243e-01,8.495892884031374104e-01,6.936504940285962428e-01,8.127657625175354061e-01,9.510156448508967353e-01,9.634518164340822866e-01,4.476673290187246912e-01,3.832067547748130298e-01,3.974432267540156105e-01,6.334523936163556357e-01,7.340955714115849906e-01,-2.837141193121422433e-01,-2.185493783747793073e-01,3.262702733135014466e-02,2.027265556205617159e-01,3.856368216600083998e-02,3.051329950388327883e-01,3.058718938439230484e-01,-4.276058188948606009e-03,4.542144289573510352e-01,5.211640489260246367e-01,-5.772546543077469172e-01,4.615841321681036225e-01,4.058636772752146071e-01,1.105491673920882684e-01,-8.349602261284232163e-02,2.812076553198158968e-01,5.605233168498849894e-01,1.183344650264118031e-01
4.355229708274319655e-01,-1.080962911089433653e-01,-2.177838841704294592e-01,5.422508757492230380e-01,2.988187440403665129e-01,1.374046736769906074e-01,1.489152650822955781e-01,-7.895563137888995942e-02,6.610993064898581517e-01,4.046101954107945708e-01,3.340729625606929099e-01,6.367664779550018528e-01,2.337160065048488333e-01,-1.450780999698408902e-02,1.789643396441115142e-01,-1.482525049911664894e-02,-2.150204156037498204e-02,-6.936094089888789060e-02,4.404755867519193901e-01,3.397039996062304890e-01,1.031326472592952320e-01,9.257057984229657421e-01,5.871599537819379572e-02,7.400866148985518755e-01,9.295005192031863261e-01,9.268229412382088528e-01,5.850487847799614727e-01,7.778703197350460563e-01,6.888615653431946484e-01,8.247692103808752506e-01,5.239931435345681621e-01,5.634320741879385031e-01,6.760441693753637127e-01,4.023740630203415658e-01,7.378050579358405026e-01,6.395545120958279206e-01,7.533683275193249207e-01,6.679183861756675666e-01,-9.447461329422013332e-02,-8.593024417604229470e-02,-3.871585204035160044e-01,7.800326543047835237e-01,3.143750977032953586e-01,2.354868048283672577e-01,3.153535452340641698e-01,2.497319421399729622e-01,-3.492015877166616544e-01,3.665367577462709803e-01,-9.254201360250102759e-02,1.859904187703492751e-01,4.553468557923673887e-01,1.189336752574741557e-01,-6.129112938580224407e-02,6.060733493655807713e-01,-4.526560804884018907e-01,8.395639871478914884e-01,3.659068326230420776e-01,-7.164112152364239539e-02,7.964696924208843065e-02,-5.207967237729734800e-01
-3.250337692004889867e-01,5.339110195755686350e-01,-3.180832434231361527e-01,1.051400376189286917e-01,2.437966813601897265e-01,8.485522360914776741e-01,2.673612951629032453e-01,4.540500126501126332e-01,1.080483828068485863e-01,-2.020829676117872620e-01,2.307772362404471311e-01,6.538757840425534207e-01,1.480967359812343231e-01,2.356977568837607950e-01,4.505584245021210799e-01,-2.324499897387122538e-01,4.518833288801222814e-01,-5.455195612635496127e-01,3.272030645100429402e-01,-2.646660709405472822e-01,4.536780004117599296e-01,-3.967002536456583073e-01,9.495865228009602310e-01,9.521359972813420169e-01,9.331272374195428432e-01,2.232008120219385605e-01,7.190390368574434143e-01,8.725683348577767395e-01,8.115496020149066680e-01,8.291624669537144277e-01,5.264644387934452885e-01,7.987519963844951221e-01,5.841096465845770774e-02,4.985916886020819727e-01,9.177434711408456458e-01,9.253684068807013219e-01,7.831203920049927270e-01,6.958399724828367994e-01,9.463450536053693574e-01,9.116611288724046913e-01,3.535648913860811038e-01,-6.770417697974790983e-01,-5.050347923891057578e-03,4.401376969971018682e-01,3.236583093561283819e-01,-2.204801769205631812e-01,3.943883687717413822e-01,3.809348372441453273e-02,-4.561304620646622898e-01,-2.332225405172327071e-01,5.936609559083162457e-01,5.302158532126541868e-01,-5.005822770625653062e-01,5.380798254712816364e-01,2.696455419448802807e-02,2.355587667566815535e-01,2.663595335084905646e-01,-1.513787521763253208e-02,3.060651998572877508e-01,6.744986051717288822e-01
2.021883245847648780e-01,4.263632717917606452e-01,2.595424489999340611e-01,-1.950068005209026623e-01,-6.407689817066383187e-01,1.392554509761557702e-01,4.424171653800662019e-01,4.644428202361456925e-01,8.010664374899434392e-01,-3.438362054229775894e-02,3.592202032635551379e-01,1.212959274820103461e-01,-2.956051699658784337e-01,2.215195619101686386e-01,-1.491056029245672043e-01,-1.736323320705827900e-01,-9.552153174958527559e-02,3.410132847334603201e-01,3.859516253962864685e-01,9.740409010695509628e-02,9.256814210485809769e-01,3.674570560167670918e-01,3.731238415333339997e-01,9.344335367517832003e-01,7.947371216656299309e-01,4.647652670883190562e-01,7.639345487013552427e-01,6.194280966073250072e-01,8.215674738494355145e-01,8.024102199850973172e-01,5.419333798064753793e-01,8.470880171658298208e-01,3.504827230074362698e-01,8.910472280368203490e-01,7.759963100715115969e-01,7.253160645686230756e-01,7.456592111164557224e-01,9.549205161672705833e-01,4.565319022739875443e-01,8.388945757333821085e-02,4.127642834923479498e-01,7.235112055243202167e-02,1.226263269283656143e-02,3.892718996046299566e-03,-1.083318837395314538e-01,8.692044730186608836e-01,3.836599531499159110e-01,6.165808737390486849e-01,5.143750485330271793e-01,2.013346633196245461e-01,2.594071550510343993e-01,6.831789614700660707e-01,-4.810975844446601507e-02,1.606183540553172695e-01,2.633914406973504874e-01,7.128943742158529995e-01,2.486643733740562245e-02,5.659981205276770622e-01,-2.901982734906754513e-01,-1.008393414328379034e-02
1.343055003336027786e-01,1.790470992966086416e-01,5.527583216253159071e-01,4.740488965656240450e-01,1.371544981019043041e-01,6.849021128501325828e-01,4.750494760905068503e-01,4.955533881536921537e-01,1.952091004117136389e-02,-3.165271118187355098e-02,2.616959747216183185e-01,5.569616437544629983e-01,-1.957307564172095227e-01,-1.548186158570567794e-01,3.397809438048872421e-02,6.553036602468549354e-01,3.928492789943947017e-01,3.310573712362545051e-01,-1.584363267591144819e-01,4.755374356924188528e-01,3.368273145579765426e-01,-3.047743764805947442e-01,-2.006312557695347498e-01,6.566363125027473435e-01,8.696724099109452988e-01,6.911754312573336057e-01,8.062837182336087816e-01,6.163535971789948498e-01,5.001486236210700431e-01,8.241539799090249474e-01,5.311178365735736984e-01,4.941142955092227562e-01,8.392116013076020842e-01,4.582804383091600431e-01,7.249743285341135879e-01,8.093393272932112303e-01,7.516812029575371534e-01,3.936314995654455196e-01,3.757537738215797063e-01,1.405523052213222546e-01,4.014768329785725065e-01,-6.389873622956233623e-01,5.532731537827075829e-01,6.786871832222850509e-01,4.425587850140974555e-01,-1.398015687454478295e-01,8.061935529029452818e-02,1.112182278228606297e-01,-1.832542196891739916e-02,4.795165755661038864e-01,-2.381667544013530147e-01,-2.667520836558465724e-01,-4.076392287511287904e-01,-1.427437557068823026e-01,-2.090562743765576881e-01,5.708548599215594876e-01,1.108545118083167358e-01,6.324376839956885599e-01,-7.809141303970589254e-01,3.715254037743409010e-01
-8.629267409100499497e-02,2.975546266007026430e-01,1.488525545863980393e-01,-2.560859196153004724e-01,3.145127713063566866e-01,3.439267827074259931e-01,3.050704764451618867e-01,6.034906978833834978e-01,-3.986980266760978969e-02,4.840824737318576432e-01,-3.137824634014387687e-02,9.616866080772634717e-01,3.919677066455314746e-02,-1.530179728578839049e-01,-4.423274160993591608e-01,-1.021663265783547409e-01,-7.526296146520655705e-01,7.849125799821851310e-03,-2.191412328228994344e-01,-5.775520036475904201e-02,-6.935445757512499754e-02,5.947574403331629123e-01,6.920630626244618222e-01,5.764162550132317930e-01,3.687571891865200624e-01,8.796507059777800563e-01,6.464703447648061374e-01,8.194021067429556604e-01,8.305249055396449753e-01,8.175534136528689322e-01,5.260655840488804857e-01,2.394662358850117856e-01,8.220091037557725189e-01,7.915299646830223912e-01,8.921792168750570795e-01,6.801060550214917955e-01,9.138310422588026283e-01,1.055866551274661641e-01,9.071924235679015291e-01,3.957352308449744172e-01,-1.153576459134408871e-01,3.070422729895290748e-01,4.937718208301725836e-02,-1.669192467182971651e-01,5.507970030247354432e-01,5.118440634441406845e-01,5.933900237401582706e-02,-2.303771744288134193e-01,1.708444569482076292e-01,2.114077379785176680e-01,2.013744625718367764e-01,4.361987376093345858e-01,-5.980957243478009916e-02,-3.694704836645541501e-01,-1.606992233104631851e-01,-3.615062181075668346e-01,6.183234277150039260e-01,4.904152377929985041e-01,3.211092552720170024e-01,6.422437856999640982e-02
3.449297732936092431e-01,4.521249524410809184e-01,-9.386377625146144488e-03,3.434992091253234459e-01,-2.609218895367222402e-01,6.415376559479399887e-01,5.179149071912267921e-01,6.021836852542147289e-01,5.014580998670948864e-01,1.274716867972086887e-01,3.693832339766993655e-01,1.012264139661877699e-01,4.582276662881263340e-01,2.647511310041903987e-01,5.889045963934477212e-01,2.849790763018410500e-01,-5.742641809116185714e-01,-1.935117118304515993e-01,-2.916732093034754558e-01,1.145641084276726174e-01,3.563609558390915671e-02,5.940441602321971937e-01,1.865894714698765888e-01,9.246412560611703135e-01,7.477679234947643971e-01,6.934022006490709877e-01,8.771752630845721654e-01,7.848543190921271062e-01,8.110509125502419758e-01,7.996631376829786975e-01,5.068904274333499993e-01,5.072357588596749789e-01,7.448881823634377897e-01,6.808776758427789177e-01,7.823720215344786011e-01,8.943709677507961642e-01,1.514224146572182572e-01,3.446428712052549415e-01,-4.336857494391566092e-02,-2.246523874086880923e-01,2.173286851370973272e-01,-3.591801019881857293e-01,1.872859068801250582e-01,4.088574458767638142e-01,-6.136193609154904083e-01,2.583056851250689068e-01,-4.653710328729570578e-01,2.433004821444088861e-01,3.959151795513382033e-01,-2.962342353662237859e-01,2.845537334255572870e-01,5.765976554856711012e-01,1.312141539932128453e-01,4.346226855937232458e-03,5.232587456298475326e-01,6.306057905753444937e-01,6.118471998164709547e-01,-9.410452769643383453e-02,3.342430298471916195e-01,2.241137497363415720e-01
6.447573937248338716e-01,1.815528985084436941e-01,3.048576210670268516e-01,5.922559922459885717e-01,1.258199889081810519e-01,1.793037183072405671e-01,-9.288315272713677795e-02,6.303816762044704980e-01,1.482717315402507820e-02,3.736452065753197438e-01,2.468674342531630428e-01,3.023830575825555700e-01,3.240526923866835496e-01,5.782895752878934870e-01,-5.519236101248008453e-01,-3.371466159439751586e-01,-1.144805861498780636e-01,-1.171436118883187882e-01,1.589692975378758366e-01,4.288771710240679158e-01,4.749599729662882797e-01,-9.309140994473863451e-02,5.687587136157999934e-01,4.685077501375423115e-01,6.425961935381218071e-01,8.854481265920418620e-01,8.608260852430178467e-01,5.233225296876108379e-01,5.105907338654304128e-01,8.261205519510835815e-01,7.966270183733579202e-01,8.236623777932426949e-01,7.964114781995336179e-01,8.527585449169728937e-01,5.935380846224634910e-01,2.107417766799019321e-01,2.262092155439061614e-01,-1.227029187367117552e-01,2.149942579884785501e-02,4.591047056091895340e-01,-1.498931710889632729e-01,-6.048529020592812167e-01,-6.921420295258853272e-01,3.567717884720808530e-01,5.225823679300315439e-01,2.924428714061476087e-01,7.445050985725226722e-01,-4.764834831395843295e-01,3.406402350996004524e-01,5.370138391897913976e-01,4.660366257086881459e-01,-7.343735984938730421e-02,5.008904797924913499e-01,-3.329788449730046174e-01,-3.929107837832850232e-03,2.911543282167949886e-01,4.225233419054283401e-01,2.428197283012408503e-01,-1.174356415647313523e-01,5.250647675925357305e-01
-1.157635471682353680e-02,1.699626113034672648e-01,1.707224905418585348e-01,4.980794142539344271e-01,4.090284792187994789e-01,2.935073309181071566e-01,4.610746067744353471e-01,2.196218625992082674e-01,5.898772704684772661e-01,3.353329301326562484e-01,-5.271570297064473998e-01,-3.281166161134226322e-01,-3.374891568765354677e-01,1.849509750860360222e-02,5.707401997902183943e-01,2.249343185261573341e-01,-4.313133252712192944e-01,1.989374445775124733e-01,7.814447235242175660e-01,-1.667993117393551383e-01,5.987535323376489416e-01,-4.567906980210223455e-01,-6.762949536432574793e-02,5.679539368507914299e-01,4.451893947214850544e-01,7.870239939712805333e-01,7.831443468389668316e-01,8.602589654649731576e-01,8.553400715326081594e-01,5.029583862090876156e-01,7.555880453193967172e-01,8.656704951706292173e-01,4.760914152437038527e-01,-2.603485962939848242e-01,6.821145161491782849e-01,4.577799710349759188e-01,8.749313368042551664e-01,3.103022272377302104e-01,5.217361932880461017e-01,3.526613626539723545e-01,4.498469751958053542e-01,-6.501658936915645226e-01,-5.856002818190680914e-01,-6.171100280869580290e-01,2.149178477299900913e-01,-2.048976329412715847e-01,1.287271946049939053e-01,2.800044635469600141e-01,1.701303655389720948e-01,3.723521270535670169e-01,3.707522257983245084e-01,1.424967492587775608e-01,1.504268340656816083e-01,1.268724339104876087e-01,2.013492134596734651e-01,1.834485226904486177e-01,-1.338468004596089500e-01,2.615449286009374763e-01,1.448719688376398362e-01,5.261241702374205298e-01
4.527289201348965730e-01,1.995710096554053903e-01,-1.538769399952455430e-03,-2.463567487711185947e-03,6.778459199573433347e-01,5.786644459651369976e-01,-1.680159813062840624e-01,-8.036636220968580713e-02,6.711350632611582379e-01,-2.994895515119448334e-02,5.894066221237305170e-01,2.184390274453440473e-02,9.271825164732507008e-02,1.181626577707581803e-02,4.163633558912056554e-01,4.224348974257765427e-02,1.807139782037031350e-01,-1.104597608259222374e-01,1.229738842480161964e-01,-2.365750217066954209e-01,5.211925027244795894e-01,-3.592831904828755474e-01,8.655017232687834960e-01,4.414377477007369599e-01,7.658082181525401877e-01,3.395061877455050059e-01,7.807895024210752544e-01,7.449096141225569623e-01,7.770057134986956271e-01,8.169284695791222406e-01,5.186608732641247999e-01,8.090890075585535079e-01,8.625312046716421266e-01,7.916692100859643588e-01,8.551935391428650002e-01,4.696405644244940891e-01,8.668531230172659141e-01,3.529192128790204497e-01,1.001209257871140262e-01,-1.949666105200154043e-02,8.529850884522686139e-01,5.862244896357426960e-01,6.324533987099777432e-01,3.589390618607294914e-01,-6.006193195329143641e-01,-3.371752095701452956e-01,-3.940499531282429246e-01,2.980133043058275089e-01,-3.605631137590888796e-02,2.158369743448447231e-01,5.944908783599022195e-01,5.185694605269268731e-01,5.712765957569296837e-01,6.578104225119552062e-02,5.676530231504566260e-01,4.488187735166045411e-01,-3.671913829921593427e-03,-1.882003395396151524e-01,3.079002679367803808e-01,-4.892628251233113040e-02
1.238896581314570117e-01,3.316056145630663088e-01,9.661262251392128964e-02,2.492060331388762096e-01,-1.290379960699653550e-01,9.232501682158900103e-02,6.061821296770125711e-01,1.051722040783378970e-01,-2.522459982619305041e-01,1.789216587082565757e-01,2.483572913001400873e-01,-6.341909826552824536e-02,6.675169761967951476e-02,-1.084919371676054123e-01,1.005126201978971158e-02,1.700287064427493666e-01,3.903866040403548010e-01,-1.554790248906280092e-01,-1.132296462862950187e-01,1.655064350044038457e-01,2.237961267783141750e-01,9.027230207275847851e-02,3.796617373180616872e-01,3.107454226748746495e-01,5.267790756621911763e-01,7.559011768528191011e-01,6.539256823889046943e-01,8.297393480220277562e-01,7.988911636908738734e-01,5.186860190332437393e-01,5.003864927326618917e-01,7.588519843202138349e-01,7.809733325353125366e-01,3.724528591367490815e-01,8.096588481684707794e-01,4.219413356597012110e-01,-2.413161418325781293e-01,5.886832638629153625e-01,5.136407801209520452e-01,-4.763136780360373995e-02,2.926605511075205945e-01,-2.208581520481852356e-01,9.345707027700161929e-02,-8.155052035320804749e-02,3.220300074918326927e-01,3.209747361978034230e-01,-1.197128443541548154e-01,3.747666912346958590e-02,4.546744813557730969e-01,-5.935922872301983150e-02,-9.366909911669207833e-02,7.143208255642727877e-01,7.612447817549856666e-01,2.221638128353176089e-01,4.106436511197065209e-01,5.354895452829419034e-01,-3.076955740553073970e-01,3.585978236140619502e-01,2.811972575079346726e-01,1.843469566703796747e-01
-4.418657607769909540e-02,3.121056191801318547e-01,1.548057753388939160e-02,3.646007845456536445e-01,4.087852820254331276e-01,4.793336181568744192e-01,2.567601668443149077e-01,4.512647417451638998e-01,8.168818721833215335e-02,-1.121641301235117849e-01,2.287919852267060461e-01,-3.358987671254302643e-01,3.635078720876303571e-01,1.094633106286642676e-01,-3.021153112430188803e-01,5.187748140438108724e-02,-4.577893890516679387e-01,-3.324515351823572606e-01,-1.136525170266495383e-01,2.402087455049010389e-01,4.411675172711839732e-01,3.697427274029496669e-02,-8.458643242998815925e-02,-3.486770603334721774e-01,4.568292793211101710e-01,7.432954606121677799e-01,7.918219622876705444e-01,4.577972474286711169e-01,5.366131200761912190e-01,7.786322614425946753e-01,2.323858405276497952e-01,5.070468367959780620e-01,8.211604195338751966e-01,8.088679030026434402e-01,7.476958262926182153e-01,4.878219460090935655e-01,7.803309964870788207e-01,8.852062834234194488e-01,4.532304183451480450e-01,-2.880504790034373874e-01,2.823113366074876396e-01,-7.554633302669264694e-01,-1.592560060117093890e-01,-1.407950006771963303e-01,-3.051810247896248954e-02,6.089805303365741773e-01,8.279042837790660803e-02,-1.451717912544159272e-01,9.024898873621979567e-02,3.993788608795497130e-01,8.961029640230132320e-02,1.630905425255299301e-01,2.276602149378380568e-01,7.589495575162592544e-01,4.582672619640639766e-01,8.032819531704056548e-02,4.552808589441205700e-01,-3.725530112181457132e-01,1.180640279006538590e-01,-1.217656958550232147e-03
4.350893408285945729e-01,3.532989485862025325e-01,8.344493265890783329e-01,-3.360113284370390141e-01,-8.415736770431066216e-02,2.536463771009326851e-01,3.234844562016566116e-01,-1.633767627645095477e-01,-2.717750739073471755e-01,7.572478652070261385e-01,3.484922602463951247e-01,5.766350757605523958e-01,4.226339896041057115e-02,5.920998400154203756e-01,-2.441199299481907389e-03,-6.211078492711441523e-02,3.774580537401350799e-01,7.289436429137478024e-01,-5.989962250101760199e-02,-6.853008368712257825e-01,3.025503979822211087e-01,-3.402169815341338777e-01,2.836735459784380797e-01,6.834728388715025638e-01,6.376746241055452069e-01,5.100888850966077692e-01,8.347991252774059623e-01,2.156544938545081613e-01,5.242268391465795263e-01,7.360018906835095187e-01,7.629513153283825622e-01,7.611754577789126008e-01,6.068616684113584681e-01,8.327171540506331793e-01,5.222043705278269776e-01,8.241005311990243776e-01,7.052467933630356400e-01,2.911018396555571930e-01,-3.810378259756317387e-01,-1.776506201567936982e-01,5.793491988481396238e-01,2.901315510807608855e-01,6.093463472169385886e-01,3.244870980574153241e-01,-1.702428411557241061e-01,2.080625495585790852e-01,-1.664035663505426532e-01,-5.607408083834079099e-02,7.578010037541110799e-01,1.328607509844881573e-01,7.119789087869725641e-01,-1.428355873773477225e-01,5.900552244052182926e-01,3.506025424925549583e-01,8.662083246353365074e-02,-6.515056242839804002e-01,2.808458242319921694e-01,1.120865271838800831e-01,3.319458673665491300e-01,5.720934547348197619e-01
2.379284035046831062e-03,1.122271092041041141e-02,3.594828817335378179e-01,1.215903318889026696e-01,2.092496017210613013e-01,4.974065947083734507e-01,2.639719029511484183e-01,-1.584867703405705083e-02,5.086147556327306196e-01,7.100662109035164038e-01,-3.497983396268993239e-01,1.159048307352627677e-01,-6.666585798360292747e-01,7.976172609156524373e-01,3.294581078185716549e-01,5.612186077713330473e-02,-1.322921869354870550e-01,-1.369898407382970362e-01,9.263977742907029966e-02,-6.369026987950521246e-01,-5.200223155917138573e-01,8.320477478133128102e-01,1.492447551922894966e-01,1.222446916543041134e-01,7.062705711673076259e-01,5.192292371204524359e-01,5.813467019388052215e-01,7.868124570553494124e-01,5.183902144160188463e-01,5.249115746452693854e-01,8.547688441059264619e-01,3.471603836449506097e-01,6.620742264962741208e-01,7.303503424299188085e-01,4.042492442936949093e-01,7.182282833711960413e-01,5.205108036633799840e-01,1.577625161441357712e-02,3.526806965008863481e-01,-3.195254624907318819e-01,3.652226406313459073e-01,-1.976565135069455748e-01,-3.218767408036259381e-01,-4.379477382883807945e-01,1.157412040584335222e-01,1.452356288842227838e-01,-6.486169835184570076e-02,4.773582097525302381e-01,2.979463469429522449e-01,-1.709642382481331435e-01,-1.672036174929157626e-01,1.501763072025082690e-01,1.235099637286690144e-01,6.017700240260619449e-01,2.043639570669464334e-01,4.769825727752374789e-01,1.071768066476455061e-01,1.278247155696689841e-01,5.909231211192382816e-01,-7.245565961852078185e-02
4.471806046670257495e-01,-6.648941050465161373e-01,-3.005714988207237037e-01,3.207746692139785694e-01,5.644163102090195006e-01,-2.966908930108322351e-01,1.286369970079202785e-01,4.869082985287521148e-01,2.098501196828542747e-01,-5.694584539279169411e-01,-3.339049694153803371e-01,4.328727820459973841e-01,5.660423887238504870e-01,5.868056306165044811e-01,3.618000878714229818e-01,-1.643388231572429914e-01,-3.621485989454684695e-01,-5.370495464919796541e-02,-1.168635781925435185e-01,1.613485756907577229e-01,2.761635841436702044e-01,3.746334698329318313e-01,1.953284433485308058e-01,-4.511984943801037318e-01,4.489643229260646407e-01,6.849995110869486759e-01,5.361657362293511531e-01,4.286701474287941127e-01,-8.630554055367181676e-03,4.784532743976153135e-01,5.152387624534690014e-01,5.088933378235528382e-01,6.288322559950415558e-01,5.416424396359967863e-01,5.264165825388741338e-01,5.355342899150491442e-01,1.835896289611363141e-01,-1.205280311863333488e-02,4.720013707086345711e-01,2.093293315495954598e-01,-6.054781792925117978e-01,-1.782967049948985527e-01,-1.016350301417809909e-01,1.199379099903525453e-01,7.823331134651199115e-01,2.159676707224880976e-01,2.785296793864676657e-01,2.234647588761154990e-01,7.818365810945854255e-02,4.583217230413298982e-01,2.315578730623516976e-02,-1.739105422163866044e-01,3.843236504106087997e-02,-2.987665034915182871e-01,2.306537555594535271e-01,-8.733412959098518780e-02,2.572571913396111687e-01,-1.924804281939708830e-02,2.745814851589554184e-01,-1.635935060679154229e-01
-6.675851595275862360e-01,-3.592340702625476667e-01,-1.819606054028527209e-01,3.000732935139852064e-01,6.593376741766298066e-01,-2.017938832598071830e-01,1.744201060771896350e-01,2.764087678150657923e-01,-6.125140027064280845e-01,3.068708393362407083e-02,-2.023549552575963917e-01,7.107487268837714423e-01,8.189752072361283775e-02,3.063836651588270343e-01,4.086355107208188286e-01,-1.165448158991079092e-01,-1.310870290234426028e-01,-1.243487994918015538e-01,5.244147968784530489e-01,5.096010578684739833e-02,2.699377683191296895e-01,-5.724812605866199666e-01,6.627022063750634961e-01,1.689351511393166749e-01,5.949537590496577488e-01,-5.496352799974590919e-02,4.241615765610415312e-01,7.155235924461518515e-02,5.698914781944410812e-01,4.171103245304862983e-01,4.503190044644189149e-01,4.592489393458492053e-01,6.724739910027915935e-01,4.997137767838028544e-01,7.631854930713193041e-02,-7.578087318344269019e-02,-6.668528942425089312e-01,-1.637387793360690347e-01,-1.087718683035868023e-01,2.056695072763481680e-01,7.442909015023124741e-02,3.202716316411714503e-01,-1.419867629252284658e-01,-7.152683467232479053e-02,-1.058318844545114330e-02,-4.588190767318297003e-01,-2.389276396438079833e-02,-1.332755175839040462e-01,4.266498095731885432e-01,-1.616922479048548134e-01,4.001977726179697936e-01,4.373224261347067876e-01,3.792900002676537485e-01,2.384302945488694370e-01,7.515158976640387012e-01,-2.530179896183818999e-01,3.659467679837892784e-01,5.079253178490663601e-01,4.525052521465038891e-01,9.374975356707682117e-02
1.358445769453066887e-01,3.997743757855906632e-01,2.356875115204832838e-01,4.315656464075203202e-01,1.721501112905601538e-01,2.195918886190171282e-01,7.781353795387105921e-01,-9.761249026784915919e-03,6.282102311248060067e-01,2.707392649671707674e-01,-1.338453240195620897e-01,4.346837946607092218e-01,4.210279129727365621e-01,-3.528998212971374837e-01,3.745663056406649538e-01,3.902423761727993878e-01,4.828112815920933554e-01,-1.893281975248877202e-01,1.834835486223905521e-01,1.836842829669252941e-01,-2.793118906915630362e-01,-5.446862027831401720e-01,1.258931156329621548e-01,-2.303300501155141067e-01,-2.530193275203755920e-01,1.805490973793645038e-01,-2.403815241421145346e-02,5.118279206488022259e-01,1.274493579015959777e-01,6.825757017578082397e-01,7.178435889920340429e-01,5.317696821835896648e-01,4.174404217844270293e-01,4.108836540918626157e-01,5.750732434971029816e-01,3.885542889540005707e-01,2.795689912264384680e-01,1.754091768173680899e-01,2.173635905015621483e-01,6.593854774265154317e-01,-8.983344877717276689e-02,-1.560394411978339446e-01,-1.896531918261447347e-01,-1.869296810737351711e-01,-3.331191303041711183e-01,-3.177880685594150489e-01,-1.340730864884732698e-01,1.126563594293395337e-01,2.947304956196107883e-01,-2.165621002161415287e-01,2.491181558158090670e-01,1.934714713813607545e-01,-1.680789867753045008e-01,3.849571204266236113e-01,-1.212079404434786983e-01,9.124803148685911580e-02,5.613579715839228657e-01,7.790797836239278240e-01,7.061763587335234682e-01,2.817062484826273194e-01
-7.322148992370087761e-01,1.322258059070508251e-01,-3.420049675445482329e-01,2.154956335618667396e-01,3.690194055168145582e-01,-3.819370196447624544e-02,2.434418896596586557e-01,6.218623319966479907e-02,6.127967274366860062e-01,4.075880582975147104e-01,-3.178482030207170350e-01,5.059707907219088696e-01,6.135883597599239847e-01,2.629365578498179534e-01,6.427737709116670972e-01,1.731440040167212813e-01,5.432668502591201376e-01,7.340893131131429605e-01,6.859416618835147139e-02,1.449561441986433052e-01,-9.082928570934857559e-02,-7.354644746633800523e-01,8.828915572768385178e-02,7.870643611942204076e-01,1.749342689244420546e-01,-2.542353484094018734e-01,1.685616141235220800e-01,7.984894304314780200e-01,-3.254761006426572512e-01,6.060587408672466481e-01,5.747452882019080667e-01,3.545800373204443523e-01,4.006901666319273581e-01,5.616237356097063538e-01,3.106552717639139982e-01,-5.648416885385580954e-01,-5.416013436031742456e-01,2.726153952905384092e-01,2.434984677747948634e-01,-3.151714720567107553e-01,-3.332149814321269665e-01,2.619395600798267165e-01,-7.101014730247222628e-01,-5.874732827867545915e-02,1.908290897510958872e-01,-3.821130736429778629e-02,-3.052441810314687753e-01,2.163179671259281844e-01,1.110242168799340928e-01,2.248739130397631458e-01,-2.397478564701487347e-01,2.027151090722879856e-01,-3.055222724467963058e-01,4.968179300473402615e-01,6.801812817799586242e-01,-6.160707537179997001e-02,-2.384288851582748725e-01,-6.305240355777734507e-02,1.766536553386622577e-01,1.536217691129378692e-02
-1.578433836313316088e-02,3.563933430512912781e-01,5.319612093230738914e-01,8.251424914846498815e-02,-2.623029384250620266e-01,8.446372373202221118e-01,1.723523171556113620e-01,1.008439917493052090e-01,2.270478269028646523e-01,2.652941212923226044e-01,2.108045622120876816e-01,6.944845582986679533e-01,2.167617520782124663e-01,-1.820868883271442862e-01,-5.061106537666430066e-02,1.752333663813109565e-01,-4.471568125953200301e-01,-1.050574133874408872e-01,-4.583540442886639421e-01,-3.421948052557406972e-01,-2.069746474066815889e-01,-2.045494656803390210e-01,-5.199747180811106206e-01,5.909214712559861526e-01,-5.687926135200022104e-01,2.227719823254437903e-01,6.160450314297142432e-02,4.817999367736942595e-01,3.474342313258357851e-01,2.019624957000495102e-01,6.991449773586341232e-01,5.978183648412379592e-01,-3.867618223425505763e-01,7.931664901261835654e-01,-3.706057604852944914e-02,-5.674516630235985210e-02,-2.074748754916517779e-01,6.033144158301738669e-01,-6.341790609971423853e-01,1.937522489507833567e-01,-3.357035115967013650e-01,1.559235393639999412e-01,7.289407746610840344e-02,-1.681287808082793933e-01,4.439238828991013963e-01,-2.644453688174863704e-01,-1.876693533438631434e-01,-3.917167914978395699e-02,2.911220853901079209e-01,2.307379613112486572e-01,6.888720746118998095e-01,4.471481969500650799e-01,3.194805857514382286e-02,8.926385373829429440e-03,3.131946686880759945e-02,-2.602249122457792052e-01,-4.637325279476405826e-01,-1.287223328581220405e-01,1.907562273898536498e-01,5.198605142349438379e-01
-4.409112900740102536e-01,4.257230490869099437e-01,-1.971946877733073977e-01,-1.314384558029101369e-01,-2.676732111206156506e-01,2.476297667880223707e-01,2.586353142633205596e-03,5.806655814548383754e-01,4.654079880347990472e-01,-8.845520864709877085e-02,3.113409401556514397e-02,7.307761497612465240e-02,1.441116397437243457e-01,-1.804019708703583358e-01,4.425506788407568837e-01,1.687501634736503775e-01,5.519540717933183460e-01,-3.520896076525921181e-01,-5.921743306676115898e-02,-3.072857388470788265e-01,-3.042335506539948775e-01,-1.433983734237453678e-01,3.603775859607623033e-01,2.743733440032419257e-01,4.794246143985685937e-01,-2.527752512251657535e-02,6.899081117345302883e-02,6.173237322859397302e-01,5.209352367794436445e-01,3.480561154308744326e-02,-4.485631388533926067e-01,3.883464468605087316e-01,5.961148792800047280e-01,3.103203207359219173e-01,-4.810472718630702804e-01,-9.544404855859797351e-03,-2.582808244980545065e-01,-7.672795974157851917e-02,2.733701250610956479e-01,1.898490780515306176e-01,-5.823825877848695098e-01,2.386812745829390570e-01,-1.690170870174651230e-01,-3.115378499040429364e-02,6.352489572452926225e-01,3.516112573021191179e-01,2.950963325261601322e-01,1.618284240378980998e-02,-2.046063895589208814e-01,1.434150569095640482e-01,4.657973063451752993e-01,-7.527409437902810030e-03,1.832982883614640013e-01,4.861857534022455130e-01,-3.413408987614878209e-01,2.627987666493017405e-01,2.173863915567737504e-01,-8.908747618600955376e-02,9.463697918249044591e-03,-9.469815546138420082e-02
-9.292710313665623889e-02,1.051069472644639707e-01,-3.655837981325116282e-02,-2.682240920795408434e-01,1.828362700013440589e-01,2.438834667949529023e-01,3.898394642647696196e-01,-1.170396429131738275e-01,5.545559392348762273e-01,4.166387980357693088e-01,5.704301676978947855e-01,4.539942363277040260e-01,-3.238115372785020929e-01,-8.251183817782166419e-02,3.917784704341831237e-01,-1.788285373447537352e-02,-2.162195176120278450e-01,5.125424117609952424e-01,2.553267013594308632e-01,1.281255743684050485e-01,-1.026875658023595067e-01,4.944020705015430561e-01,-6.603434221016656058e-02,-4.829864266267029360e-01,8.866174589779119986e-01,2.367475623224798154e-01,1.999388879840280353e-01,8.243280987070240873e-02,4.676211908924949312e-01,3.320628402983259453e-01,-6.105997148272851449e-01,3.025878643466731188e-01,-1.517438773259663642e-01,-1.620546685346055393e-01,-2.212930391089500126e-01,-4.878564896871273593e-01,2.370467705179205575e-01,1.732500478208895134e-01,2.660985955164114625e-01,1.411223706890165630e-01,1.528082685451422618e-01,-8.218919460314481895e-02,3.387338838363381233e-01,1.768252544346141653e-01,-3.274725057725240696e-01,8.174337845866186392e-03,2.221397903428510290e-01,6.302115894817550412e-01,-5.529614180317699024e-02,5.235892287211513230e-01,3.188395999199601372e-01,9.470489725442214624e-02,7.288319490249013655e-02,7.738520304055201970e-01,-6.144421545092816350e-01,1.113685535430807699e-01,-4.236316000924784109e-01,-2.466172503210070088e-01,-2.967518656739560542e-02,-2.873479048161179938e-01
2.819160254671531154e-02,-4.280445082685746527e-02,3.741234474921837361e-01,1.170271244557548052e-01,1.405113827968067497e-01,4.939350102990919811e-01,-2.185331219728602059e-01,1.679366831623508027e-01,4.227879097201114877e-01,-2.219686514861770113e-02,5.013134926869654562e-01,-1.606937767052649402e-01,4.688274140362067577e-01,-5.414449926753957427e-03,4.248176959296035560e-01,4.822001836148173126e-01,-3.087460985596741647e-01,2.559695954315063804e-01,-2.054885765943746320e-02,-4.232026681972329563e-01,-4.972253441521537476e-01,-1.735623777645265431e-01,-5.541474117447979797e-01,-1.786896304313275244e-02,4.426483976456165315e-01,-4.343098079577495940e-01,2.402963924609455848e-01,5.661267105809364431e-02,6.897518455850892849e-01,-1.719323528598794282e-01,2.509510866348079738e-01,3.873478862311226841e-03,-2.308247643998788956e-01,2.466003903191467117e-01,8.657302692394425181e-02,-6.246527680641172919e-01,2.966200579470693044e-01,-2.235905077383689432e-01,1.269822570610829038e-01,-1.838442442998261817e-01,2.563929931285693908e-01,3.125013898364853437e-01,5.125379778832127586e-01,5.862240343667790565e-01,2.998997702807168486e-01,-2.066451720218032417e-01,6.411662480456515878e-01,-1.933712151318260630e-01,4.263391452728315656e-01,7.612832236083917625e-02,3.772638027762438839e-01,2.061145204093522698e-01,2.157153762324011126e-01,-5.949582051992038934e-02,5.350583581581562775e-01,9.098017139539271714e-02,2.736683331221703708e-01,5.322793918824212517e-02,-7.300785572806538226e-02,2.149629193226345325e-01
1.424579483283633652e-01,5.134151202553466353e-01,1.321765521111844255e-01,-4.514513610314441761e-01,4.518528302354750115e-01,7.909346995346550058e-01,-4.617827283579392095e-01,-1.515190899633153954e-01,5.954977785845091409e-01,-4.313132912879851788e-01,4.770823889214773766e-02,-4.895091077179090089e-01,5.658238525098203686e-01,1.544648329847663482e-01,-4.254402297850097270e-01,2.118070764782995496e-01,-3.635946010977031961e-01,2.479556868152235916e-01,8.268287610146873856e-02,-5.696085590660537878e-02,2.972625668965934165e-01,-2.654117549201301940e-01,-5.609636011284341306e-02,5.242865908279149556e-01,-1.792279777757571912e-01,-9.778308849222060173e-02,-8.477608883530975137e-02,-7.905179610311800775e-02,1.896951838795029321e-01,2.387048282199587257e-01,3.549463958944142905e-01,6.900036130707575266e-01,5.722353558531892981e-01,1.325273056707948760e-01,1.395195837116227355e-01,-8.542972568631799213e-01,1.915800282254278841e-01,-2.284500838701259695e-01,-2.443719977792908615e-01,-7.027151836022844655e-01,6.609128295187023661e-02,5.166145361997666052e-01,-3.261910772012240334e-01,-6.848567990955463369e-02,-1.039527151360150614e-02,-1.125933695522441241e-01,1.610480754856250252e-01,-4.009647541326311071e-01,5.735909337396851715e-01,-3.383902416183388190e-02,4.066854570553445902e-01,2.728453080978088252e-01,8.778736925058305829e-02,4.511493656098950478e-01,1.049828162221481120e-01,6.232131779116257819e-01,-9.416121758731599289e-02,1.174704168512185481e-01,5.383170659916339806e-01,5.126403313883137747e-01
4.220536493870440942e-01,-2.520423544127834425e-01,5.715682940845185911e-01,4.256539985670688142e-01,-1.778899967553556130e-02,2.634860621991007568e-01,-1.736610432042207386e-01,6.184460727081667608e-01,2.816288500778981185e-01,4.139623488556786746e-01,-1.131399067235917544e-01,-1.920891397587135840e-01,-3.271333885917830364e-01,5.519716824168513503e-01,-1.561498738074843240e-01,4.688747263501920060e-01,3.589391514510912543e-03,-1.456757757307595991e-01,3.669783520845595892e-01,-4.809875891487103150e-02,-7.620408166047639709e-01,-2.087555800406777351e-01,-6.491293805282667695e-02,-2.870589096918616523e-01,-4.504442080343806221e-01,3.928316121060074217e-01,-2.834783539963385279e-01,-4.056864325152157585e-02,3.746221584967507900e-01,4.996468073375091024e-01,-4.440127767580433482e-01,5.169754791969083385e-02,2.427105290810518401e-01,3.552755958360267474e-01,4.844318865342565061e-01,1.090390446769170379e-01,-2.691822600020574163e-01,-3.047225909642248820e-01,-7.076984882268758659e-01,2.979258067262469667e-01,3.578608693963070686e-01,2.296203381806649624e-01,-1.431226738220802985e-01,4.481522710129994813e-01,4.568900301526810925e-01,1.599183857026242050e-01,-2.603904307332558510e-01,2.417749437775107424e-01,-4.580833430934002498e-02,6.706399163515330830e-02,-4.283266653867801033e-01,3.291262366246957560e-01,-4.361143328624739191e-02,4.457086304136740895e-01,-2.297304705526212742e-01,8.523166525260079951e-02,-6.091514853903273741e-01,1.356671816502649786e-01,-2.329637780987070528e-01,6.591160709899102077e-01
3.743406935110916156e-01,5.998608547050595652e-01,7.775247200087450627e-01,4.052289498004332802e-01,-3.143593167129529742e-01,-2.927261449486245892e-01,6.158793423537721745e-01,1.082291943206941803e-01,-7.670459085533413990e-02,-2.450017486419105162e-01,8.264329718672465408e-02,1.725530892561152052e-01,-1.276319183171936988e-01,-2.053494191052692430e-01,-7.323867605203043807e-01,2.133762010623200256e-01,8.900326649686160843e-03,4.850047038023596602e-01,3.165826942883426254e-02,-6.996880138517698640e-03,-1.913960535706160926e-01,-3.697759702558854333e-01,3.517030863030013443e-01,-6.607822983091089786e-02,4.567485189304300586e-01,-4.170211606615099598e-01,3.914884150189006928e-01,2.311857056275906930e-01,-2.763168083995795610e-01,-5.616099347500925765e-01,-1.549268509166359109e-01,-7.471573978869749943e-02,-5.319518923934386523e-01,5.708776501698453743e-01,-2.497598520176922132e-01,3.232389763990793918e-01,-2.384374488151975446e-01,7.736766656474687309e-01,2.673978188182379867e-04,-1.018894240505862081e-01,-6.483124203817531850e-01,4.342154443078689585e-01,-3.043648795037568466e-01,-1.181484714418900711e-01,-5.123810191337385689e-01,7.127457896423511352e-01,5.902601097914218498e-01,-3.574220355609956656e-01,4.715236204853617275e-01,1.453301202982533735e-01,6.407686242892070005e-01,5.961453216780494557e-01,5.881512528578772825e-01,-3.563163726072839932e-01,-6.522034474152788031e-02,1.158474398609935369e-01,5.736835563954122419e-01,6.904503774899355129e-02,-1.545226988486580189e-01,-4.221834099272510632e-01
2.413047708736251185e-01,-4.016081645707840209e-01,-2.103252372640294909e-01,5.663899737071864671e-01,-4.091466858110304194e-01,-9.894530998449575787e-02,3.441635919652335507e-01,-1.801788239901851441e-01,1.772760040970128015e-01,3.764667489402456768e-02,1.118617442015230196e-01,4.067942730416609365e-01,-2.803176331819247635e-01,-1.776578821336057545e-01,2.492035395590269653e-01,-9.712814279770988490e-02,4.288568759846977940e-02,-3.844060669374780442e-02,5.037409600152524813e-01,3.389851942468943835e-01,4.521901120130302765e-01,5.621429062869510718e-01,2.429496723841408079e-01,1.884586599889253866e-01,7.223896249864704411e-02,-1.031473691811198995e-01,-3.640271576700580547e-01,-1.365199710776011655e-01,-6.166071886170763072e-01,8.450004752452359991e-02,-1.098637349007544478e-01,-1.288296669010845774e-01,-1.636449363005905711e-01,-1.563618717640313793e-01,-3.332744587604815623e-01,1.315194123433265361e-01,1.227311503850646579e-01,2.646547223845767682e-01,3.139718853804999710e-01,4.663825558611750521e-02,-3.497822700892743164e-01,1.187164664904742511e-01,4.690957235547901227e-01,-1.619104681672914325e-01,3.068346628450351332e-01,6.908677903386098995e-01,-2.362303278762615255e-01,-1.279344039261157417e-01,5.420966680596172038e-01,-1.039987138814222334e-01,-7.005577811207970573e-02,-2.081217299692560696e-01,-5.659011243795705054e-02,4.755498498555432718e-02,1.597757905665121436e-01,-4.289197974138364011e-01,-1.103442797168067563e-01,7.168559606909733484e-01,-2.024411704016243485e-01,2.825535202351548980e-01
2.124880873504418621e-01,1.206993042860912829e-01,8.444259092904642106e-02,-1.563045277388574184e-01,1.488183305490950736e-01,-2.178713166002258783e-01,-2.568225775118114160e-02,4.156900953560822565e-01,3.673785879743787230e-01,1.407371736383922212e-01,-1.663695447144360184e-01,3.171875930184500647e-01,-2.053501744818342356e-02,2.670794107685239838e-01,6.923532474493976352e-02,-2.437592783116972195e-01,2.678919380262241856e-01,9.429108392601143196e-01,-3.492920673558270409e-03,1.531274446513778732e-02,1.935260094962446831e-01,4.215378980564773309e-02,1.377176125182774102e-01,-2.978578559375127943e-02,1.163162974650788078e-01,-6.457932389764186043e-01,-9.952569526229206043e-02,-4.898575135544389614e-01,-3.139739877151481173e-01,-1.579735543490512761e-01,1.702193477253991505e-01,-2.033688043571916515e-01,-1.551716653885792663e-01,5.074599988052382882e-01,-8.106335231817743958e-01,-4.235619971854465704e-01,-6.088066671264704688e-01,1.611309765596949384e-01,1.011177927523222442e-01,-2.196599917724867124e-01,-2.220146790594795527e-01,1.589163006846611714e-01,-1.981789115852425898e-01,-2.309924856577615093e-01,-1.929401422882208728e-01,-4.387271899589862412e-01,1.622769646773141727e-01,-1.113039590012657315e-01,3.631885793712375521e-01,4.615951975294084186e-01,7.474343240897111107e-01,7.490715243659714639e-01,1.959217648068760018e-02,-4.470510383882175809e-02,-1.211154383884904262e-01,4.804645514283650276e-01,3.218867168552302371e-01,-2.687898698373574272e-02,1.448688157982857827e-01,6.211804867897452453e-02
-9.084681926256872597e-02,2.907258450335251654e-01,-1.775789205824233052e-01,9.447164657775530827e-01,5.796919843200315503e-01,-1.541071396225594525e-01,7.491430091032956762e-01,-2.347702322225129201e-01,-6.756858771166306121e-02,3.790333161147674823e-01,-3.973542138318193473e-01,4.712338872027554970e-01,-3.404731777360228140e-01,4.680817603830461082e-01,3.710109263361671683e-02,2.905926765703668591e-01,1.306861464031577602e-01,-3.152402692894802905e-01,1.741882795814226892e-01,2.203941931325493764e-01,1.178247819363740373e-01,-8.356921880241892364e-02,3.265265860650949370e-01,-9.487564010095894673e-02,4.418287433203749170e-02,-2.099550811962853647e-01,5.184032178103892968e-02,-5.054636571042144810e-01,4.403968791230449820e-01,-2.575759836231533706e-01,-9.939770755221877252e-02,-1.171052531362980070e-01,-3.167784857180387936e-01,-7.722752380259336746e-01,2.198055675206286030e-01,8.098180299433062335e-02,-3.034257295028310875e-01,3.442614102738688620e-01,-3.436378655689853456e-02,-5.051656709975071990e-02,1.642861763595879210e-02,4.772577117390880419e-02,1.241455302489416906e-01,-3.701367732276299449e-01,-4.074871662185108878e-02,6.217484657531627823e-01,-5.938134983489459090e-02,-4.937979180745282193e-01,7.256495476906721365e-02,3.347513415722144781e-02,-1.441375281428809163e-01,7.318930772510857663e-01,-4.840463975468892871e-02,8.428546023393550246e-02,-2.923275192623523908e-02,2.789141527274276999e-01,1.004593739291648885e-01,-5.166674248579460338e-01,8.338295869219407297e-02,6.827335075476825832e-02
6.585777295163736111e-01,4.367196830661536633e-01,-2.897677909350389602e-01,-7.496962139373895828e-02,-1.164957088494079224e-01,-1.504751652191418654e-01,-4.048641359426030650e-02,9.750000482570787552e-01,-3.209528891765506819e-01,-4.744898218125353506e-01,5.741820949184125444e-01,-9.938454081132824802e-02,-3.944779167276549203e-02,2.174936708187024947e-01,4.516105979264596892e-01,1.117801594138343596e-01,-5.534456638755083091e-01,6.876499591361510122e-01,1.958329417153342744e-01,-2.343149513642587556e-01,6.378177222766633070e-02,-2.470247825756669846e-01,-1.633911467616839808e-01,5.561951726664610823e-02,3.036326791623922272e-01,4.018513021265963103e-01,3.776763397370722086e-01,-1.834207559875261351e-01,1.419284115608174801e-01,-5.948575399607475278e-02,-4.175500202931128335e-01,4.705943131982892602e-01,-2.883727534936491102e-02,-9.566941609092671772e-02,-2.253989016231311149e-01,-2.767904380950996224e-01,1.880249016069097667e-01,2.471436131123000701e-01,1.892246112612940567e-01,1.192040713395392110e-01,3.512248967508331821e-01,7.448489216418487935e-01,-2.586702257949678382e-02,-2.244690317138676658e-02,4.237785726359469263e-01,-3.691460719012253783e-02,8.046882534593849945e-01,4.994831500652209821e-01,7.934085748149995176e-02,7.725417560884794144e-01,-3.140801851142960843e-01,1.849649056948478865e-01,-9.332903280969639948e-02,5.065962475528928977e-02,-2.711001577830884912e-01,2.295284814788246461e-02,-2.897699014194461339e-02,1.141325178852055644e-01,1.562286479159233910e-01,-9.060119222175400111e-02
-1.649986176659073989e-01,3.151220953581645307e-02,7.128172828294844221e-01,-1.752980058002360231e-01,-2.333274216331362449e-01,7.162558942672537787e-01,9.890525253855526888e-02,6.438431357960555657e-01,2.411262874251933475e-01,-5.251871599120202516e-01,1.617698232944270453e-01,-4.576310951015191697e-02,-2.098128869325809609e-01,-1.929378543997009032e-01,4.379732891596701400e-02,-1.351426655499581575e-01,6.879083190469122977e-01,5.686929818817759719e-01,4.797389298610639785e-01,-7.457579760120989221e-01,5.097369545606373897e-01,3.613644974907597729e-01,-9.405667599996911030e-03,3.040323431917250629e-01,-3.434878608092225005e-01,5.470648568492414432e-01,-7.007368863162910522e-01,-4.132886091399447931e-02,-4.218835244044881194e-01,5.353158134228096499e-01,-4.610434060770840503e-01,-3.302355948754535642e-01,-4.025196062134187014e-01,4.081144371531965631e-01,-8.749575790103801820e-01,2.123810222835228190e-01,-7.753189389061418413e-02,5.248796263969434106e-01,2.524138784949939707e-01,6.853750776467915085e-02,5.490212782744127162e-01,1.902483538851850453e-01,2.939872057836064312e-01,4.433888467236952735e-01,4.562356465414508233e-01,1.261960982257976094e-01,-1.911626378898295675e-01,-1.045038859994538161e-01,5.648879947855888206e-01,3.677608831183173943e-01,3.690904299495357255e-01,4.447881988022518995e-01,4.217173842150231944e-01,4.368302051311103162e-01,7.128863390010643786e-02,-5.965337433632453834e-01,-2.070557420346421929e-01,-3.714302957889739631e-01,1.957444931795356002e-01,4.227124148483544785e-01
2.799123526060554590e-01,5.122678885879883293e-02,9.729681921055092012e-03,1.319773822119449103e-01,7.943612064710298126e-01,2.820061233218118524e-01,4.353610308291441799e-02,1.484645463009431621e-01,5.120113332317809407e-01,9.160755639585317356e-01,-2.463358093892391854e-01,-4.547750690639932973e-03,4.552282587399265057e-01,-2.450974323398112942e-01,1.664138132272023271e-02,-1.628616491176702874e-01,5.183871821258524415e-01,3.816812157829492236e-01,6.268278165586341766e-01,-1.332173331612394318e-01,-8.771884512365220321e-02,3.388728533405967885e-02,-2.902550525184479091e-01,1.221401614132143210e-01,-2.203938656651700523e-01,-3.111366157657483589e-01,-3.017606095998487947e-01,-2.063341407762384894e-01,-3.677938601555050813e-01,2.818579705642219602e-01,1.710210640382722747e-03,-4.330582602778195594e-02,-3.776709042744214595e-01,-4.817654927047493874e-01,2.228356237486995017e-01,1.182292546512737630e-01,-5.664719916952534184e-01,-1.443991291287353707e-01,3.252542396176977824e-01,-3.180615162386166150e-01,5.961435756742001768e-01,2.100457102197889891e-01,8.809756024703747912e-02,2.431875393605572866e-01,5.590137329639340846e-01,-1.928036568334563217e-01,2.687103921393576011e-01,1.648808036072891003e-01,4.379627793790179524e-01,2.526585450031647584e-01,-2.189059968178865001e-01,-1.129077864288830918e-01,2.988428814518517829e-02,5.889390138571022337e-01,5.469526349823459858e-03,-2.191025791793562716e-01,1.632253161489007343e-01,1.126347743295652432e-01,2.018993093290607777e-01,3.928204826533687744e-01
3.891424150636849794e-02,3.428624901614563680e-01,3.542924081434888073e-02,5.542128616931135676e-01,6.308714646646011726e-02,9.910269416273133070e-01,9.981445995738130739e-02,-5.278298917678727609e-01,3.339191506178163515e-01,1.975112206825747896e-01,9.821623042730277808e-02,-1.598846357434542675e-01,-3.705492252739624459e-01,-4.355473956723436846e-01,1.953542174318987079e-01,-2.488599512784784584e-01,-2.843641797399937832e-01,-2.994468008711026474e-01,-5.371065386051011581e-01,-3.410255993418676024e-02,4.252633216115657699e-01,5.163011329851280307e-01,-5.355484379175864396e-01,6.966916689068222146e-01,9.189649805403465876e-02,1.916094768152834527e-02,-1.324738071339272572e-01,-3.986131671308575097e-02,2.052007087737628133e-01,1.820654502571812106e-01,-3.167219176894851551e-01,-4.331747610771395363e-01,-5.985930191293925562e-03,2.823685798821317858e-02,1.511619154186101266e-01,-1.343043818979324233e-01,6.710250591241133655e-01,-2.829121690400451805e-01,3.273220340513455784e-01,4.794266783678683558e-02,3.477815332904928697e-02,2.008434521508736248e-01,-1.173070497404272022e-01,2.315007951397829444e-04,9.507931506085902373e-02,1.385199302595434834e-01,1.892929727737217294e-01,1.336551152838870715e-01,7.487178944037525818e-03,-5.123070998625259970e-02,-1.449375139723360073e-01,-5.636117947358785379e-02,1.219523985705902279e-02,-2.558218947005388433e-01,4.530586353277502032e-01,2.812336451853187369e-01,5.576403935748878160e-01,-5.566702819911875100e-01,-3.155994042538509126e-01,2.086046875598000783e-01
9.848821129364974114e-01,7.023837372568282611e-02,4.751033931190714460e-02,3.664428037654168802e-01,2.421892809050466278e-01,5.655172129830909888e-03,-3.077184175070420413e-01,2.934102061636225112e-01,8.217403985064304639e-02,4.492279485370893055e-01,-2.848633369418910877e-01,5.478271758373405298e-01,5.637409931918332395e-01,2.708699963982740821e-01,4.621057727234867407e-01,1.993387236672356233e-01,3.422297227583877555e-01,-8.452753646231279949e-02,2.361401465800362087e-01,5.224461984586445951e-01,4.164028247496431856e-01,1.308807784967287724e-01,4.663304712203892310e-01,-8.663027100131748259e-02,2.134942611613552532e-01,-3.418881543353376462e-01,8.739524415685139269e-01,2.433454414482081052e-01,4.493832854460168558e-01,9.700433269435759787e-02,4.362552605230301528e-01,2.581551425393563415e-01,4.794351790870374774e-01,2.541712242748281336e-01,3.917102625232967567e-02,9.796531297636969227e-02,-1.674635554597933285e-01,2.197704543285703416e-01,-1.901103292428674985e-01,8.350027711035701294e-02,-1.387667212615186774e-01,-1.752973660901702146e-01,-1.403847945311315903e-01,3.581385266505143217e-01,1.895975436375485490e-01,-4.891274804556474537e-02,1.465851969495886864e-01,1.005601994107824249e-01,-1.235566021412654175e-01,4.510094749977386352e-02,-1.282087140386562185e-01,1.242383502228494585e-03,5.045670866782796526e-01,5.532777551963335982e-01,-7.571742099089795452e-02,2.105108756937987824e-01,-2.152570650780346595e-01,-1.049443042532619136e-01,4.568791603459197437e-01,-3.621697227846326084e-01
4.024712001420876484e-01,-6.858977957313650009e-01,-9.537573285325960659e-02,1.402152997562521319e-01,-2.393318471965463490e-01,3.485544414867559060e-01,-3.716941591751636853e-01,4.831689434547476458e-01,3.617229134467724871e-01,3.287359784722144185e-01,4.867073978382070454e-01,4.868398676434798067e-01,-2.701407124284358960e-02,-4.812511848479587573e-01,-2.679485189771535492e-02,5.956400162061395998e-01,-1.772591458703626499e-01,-1.899423493346504566e-01,4.524932262178693598e-01,4.548915092019369943e-01,3.535144551635204802e-01,-3.263902891313559262e-01,3.556374467585503019e-01,-5.389132230365709653e-01,5.321794742598747741e-01,1.238260410697003960e-01,1.311606585656820978e-01,2.267531690947825196e-01,-2.379252856862203724e-01,-3.509692453299504411e-01,5.809342346873068719e-01,4.575696363297074298e-01,5.399905131090209087e-01,-3.749981361035375493e-01,-5.968038894954107443e-01,2.745048882872965224e-01,9.049274074812278801e-02,9.535750062864879750e-02,-9.440845205584502686e-02,-5.811279317013170465e-01,5.787703173675302626e-01,7.854701843952545393e-02,-4.275378097310220116e-01,-3.358146034233877586e-02,-2.365272939199409008e-01,5.727960983366874731e-02,2.877997413097856949e-01,-3.687510276313925028e-01,-4.422456317539617127e-02,1.811886105306074468e-01,2.531419366694412365e-01,6.446816479662630106e-02,7.090638068651862642e-03,3.991332477292117847e-02,9.888390032503234506e-02,2.451286938397363446e-01,7.558319493039645787e-01,-5.187154979346677436e-02,1.391546293769661546e-01,-2.445135010366931635e-02
-9.002934265157183299e-03,2.208236631203555900e-01,-1.852498295727037780e-01,7.652863702967223347e-02,4.431111304371771475e-01,2.749592482196265286e-01,4.576455549252498450e-02,5.417258178755682829e-01,5.908945496134376807e-02,-2.513551346204344061e-01,-5.605318708081418189e-01,2.664932867616481293e-01,3.714129704282997380e-01,-2.700195373408346700e-01,4.332853266556733196e-01,3.297532404704924258e-01,1.526578408503936612e-01,3.725843181257791348e-01,8.880722434886323402e-02,3.296834610581036301e-02,1.809524170104499785e-01,3.093154994117429668e-01,-2.909175202021217488e-01,-3.685996443486523333e-01,1.715511290744606843e-01,3.176100291208376336e-01,2.969006076714710285e-01,2.111735499073751632e-01,4.905791144750198396e-01,-9.426127673738859958e-02,-4.122427909196502149e-01,-2.760508182059691618e-01,-7.058740178033688466e-03,1.922901276600649523e-01,-1.974784577999772195e-01,4.651013108527337070e-01,-1.167610856966298655e-01,-1.483656465728711848e-01,4.794479048712256275e-01,-3.151571066177775715e-01,3.069396195972754482e-01,4.310114402906625730e-01,2.119650671799295782e-01,-3.094419280330886202e-01,1.151398542717617657e-01,3.025803598720042675e-01,7.866222300979289761e-01,-8.160101289751175990e-02,-4.471544088530713945e-01,4.012679156492493515e-01,4.275213734501330243e-01,3.559788961483356107e-01,2.044906757546846310e-01,6.524962315427212944e-01,-8.186137949087703147e-02,4.727226368918915900e-01,1.362492327686194160e-01,1.256824393924605709e-01,-1.823320860398818244e-01,1.447814639320088304e-01
4.949354705620841455e-01,-4.238345415322057330e-01,-1.355093221660756964e-01,-1.702996628905831811e-01,-2.485265587252417641e-01,4.115491842728884464e-01,3.741419808703967398e-01,3.632012890914952941e-01,1.651308667521181606e-01,-1.983556339489383757e-01,6.700888931944443128e-02,3.706334516964025494e-01,-8.061072254416569438e-02,-4.196300373869600864e-01,3.453637269565151269e-01,3.781963780219789739e-01,1.456169223271722990e-01,4.601931948008800011e-01,1.977855995192975003e-01,1.516294750563253191e-01,4.214867013323774780e-01,1.969315585201882879e-01,1.819320586772431303e-01,5.839764348994423981e-01,3.245321075582768833e-01,4.498684718553214168e-02,1.799099597492203051e-01,-9.837852956042621166e-02,-5.655094240408732320e-01,1.035657331364222139e-01,-8.338492957303429709e-02,5.473648671984787661e-01,3.705235534950108156e-01,4.592592412448575634e-01,4.296976037203795867e-02,8.704724975755449845e-02,4.724061408594896760e-01,2.287354205759311310e-01,3.432179365527236459e-01,-2.266328969206628796e-01,-1.297432984146154045e-01,1.724019663705338712e-01,9.144025654479247256e-02,4.403423148404149168e-01,1.269442608129742467e-01,3.001068888081344713e-02,2.763529031004567371e-01,-5.376264023896929617e-02,1.393545505481788294e-01,-2.580942630975627261e-01,-2.487355865747949701e-01,4.970830584349001380e-01,-1.119032209253734284e-01,1.642449057903205833e-01,4.803848605751892542e-03,3.533365293337744628e-01,-2.082360595508603307e-01,3.890678862228142409e-01,-1.477636465295082135e-01,3.460653896751367947e-02
6.178940526100399483e-02,-1.568719945704581953e-01,2.763973257128395922e-01,2.556798334739474599e-01,2.409037410441889071e-01,-3.300503768712768626e-01,1.092174438711336765e-01,-3.775548551348875681e-01,-2.938020385435071158e-01,-6.348954300731922684e-01,2.854986200208203817e-01,4.859202059913441674e-01,1.971683595573338332e-01,1.754299515480991015e-02,2.184210503937384640e-01,-3.662396138480155106e-01,-5.944982244991902087e-01,-1.270487072206226697e-01,6.179210485477992787e-02,-2.882427138553116941e-01,2.713748720385564805e-01,6.844373543797996895e-01,-9.026905878811185280e-02,7.781539951050243653e-01,5.179719570660797912e-01,6.430293105909327123e-01,-4.612785700799234001e-01,2.288783711166809953e-01,-2.314866612534867973e-01,1.611287778275353674e-02,2.786828805601589409e-01,1.012552770712464301e-01,8.857823528298669480e-02,-2.791819476398695390e-02,-5.935602222107276837e-01,6.900956624221802338e-01,-2.117641657958129198e-01,2.457625847654457685e-01,4.939707646915214023e-01,-8.612496063993191342e-02,-1.957155107010745410e-01,-7.607207225051260124e-03,3.821699514142753995e-01,8.810738198919235500e-03,1.647618684377833709e-01,-2.316307717192016835e-01,-2.547561727838988932e-01,3.126560995136521554e-02,5.181715525123603561e-01,-2.673619302220865968e-01,-7.124900673560836672e-01,-3.504057512579519806e-01,-3.001929485716113288e-01,8.626325268251906764e-02,4.795210725824508580e-02,3.691351004981928141e-01,-4.798606807639627658e-01,-1.892654873001211879e-01,4.367162152868649810e-02,-1.874816710755363271e-03
2.500773079652406916e-01,2.697041613585512421e-01,-8.942316696506451279e-02,2.327395244431124111e-01,-1.645413500848406652e-01,-2.585114034472333344e-01,-1.985158432775762094e-01,2.697842238870708509e-01,-6.417466834795139408e-02,-8.478968469948251763e-02,7.068620624190287138e-01,1.538198798881139640e-01,1.426705998716830681e-01,5.668150269377297823e-01,3.902267965998189592e-01,-4.388486741919125217e-02,-7.137392685478860521e-03,-2.432319965397453376e-01,-4.467750171720566432e-01,-2.884517214696411536e-01,-2.169646341517804666e-01,1.360168478114869017e-01,-6.959254831839696565e-02,5.075457018604361270e-01,7.685047346041988803e-01,-8.201858334122766325e-02,2.054632525809080290e-01,1.724424115681346681e-01,1.518935436336287491e-02,9.409162262830417234e-01,5.003326490535227045e-01,3.766159378663745394e-01,-6.942345077207572324e-01,2.990243302613881382e-01,-1.744264911934990392e-01,-1.463888309930857223e-01,-4.502095708565717058e-01,3.468001284474912099e-02,-1.015240005493524417e-01,-2.003047537544679901e-01,-5.249991277518158972e-01,4.317020975116500625e-01,2.965785606363048887e-01,6.098257745008380803e-01,1.633932463975276694e-01,-9.013863801051708036e-02,2.572068404786024762e-02,2.124590966994016616e-01,4.756170032315676366e-01,-3.374611399333072304e-01,4.833112629499999174e-02,-4.056781257867906887e-01,-6.229428299366519539e-01,7.642932894654906884e-01,-7.506560086081078831e-01,-3.036965135946372366e-02,-4.116493926207869247e-01,6.156093633713487501e-01,2.884227901727137167e-01,-5.086800473940433776e-02
5.168315493024002727e-01,9.570338233697288366e-02,-6.029282357242167212e-01,-6.255956308487099493e-01,1.884765708338874066e-02,2.278240386333111323e-01,-2.336902459619492889e-01,3.790101173769707121e-01,-7.162710524534317280e-02,2.031255882284378200e-01,3.241409542457792115e-01,5.998607567112260730e-01,6.974098975570890147e-02,3.072693094881549514e-01,4.303810413375968591e-01,4.326650202745890156e-02,-2.369489229737018754e-01,1.076340115938076575e-01,2.873285070169065425e-01,-1.093535087402849743e-01,-2.675826918044177938e-01,5.512517615986168851e-01,6.740766354568806795e-01,-1.647458201761618779e-01,1.417517747777140014e-01,-1.121472578003169379e-01,5.364569849914891941e-01,-4.463433942959069700e-01,4.617256189755831741e-01,-3.242040330010961813e-01,4.386208371332772082e-01,2.859600960995571928e-01,-7.272196726296061842e-01,-2.813226125086205065e-01,3.743803042038041373e-01,-1.255035641910752509e-01,1.296009180257644833e-01,2.270092948096820995e-01,-1.487546259803899928e-01,5.465180600553820600e-02,5.323349807437455228e-02,-3.408338091338999204e-02,1.869503847497686888e-01,1.158821530597977240e-01,2.607087031058644144e-01,-6.801004917333210165e-02,-7.111444146717645076e-02,7.022847104308000965e-01,-2.448379617770075345e-01,3.308965829317277452e-01,2.748842956517041358e-01,3.032875754778347477e-01,-1.157318660736188359e-01,3.987454993532686398e-01,7.059239376375762987e-02,6.013678433198705875e-01,-2.555343608074076012e-01,7.610127682021496087e-02,-2.786942244842058880e-01,2.369419373841694654e-01
2.760543083670597975e-01,-1.504287042723284895e-01,1.439121698096143820e-01,3.513897378295086082e-01,-5.390730897296121954e-02,-8.647299641324129871e-02,-6.336534923348100534e-01,1.367343981932490071e-01,-3.034442083954028146e-01,1.388074886161623500e-01,-1.442867455250857744e-01,-2.820093231863736172e-01,2.194446125936720671e-01,-6.355528713427349707e-01,-4.633997798566903970e-01,5.368960328168415064e-02,7.030700197757068504e-02,4.928129703875294143e-01,2.678100087660335027e-01,-4.317557804550611333e-01,-2.692631437997081156e-01,-1.464428505751932397e-01,-2.318887824279163290e-01,-2.294727547987720218e-01,9.974444388540854023e-02,-3.702770789063953294e-01,1.506249090625761677e-01,-5.505320686127832680e-02,-1.496863282310794130e-01,3.475077523368447774e-01,-6.768385589071694852e-01,-4.121193658541979360e-02,3.704972416989743000e-01,6.200552507658445567e-01,2.568346004379222156e-02,5.531804005397348289e-01,2.515348515889296865e-01,4.069256486682383822e-01,-3.573002130713653912e-03,-4.733886950400407745e-01,7.994412526091887461e-02,-6.520885248256215461e-02,5.961157003889546585e-02,3.284077414089057734e-01,-4.893671285477574906e-01,1.808622908409015517e-01,-1.453456543150597191e-01,-2.970498089049631793e-02,-5.551118104174779244e-01,-1.602766700096223962e-01,1.577520947385239181e-01,2.118730233578136890e-01,-6.169980522253978306e-01,2.705666617444073552e-01,-4.453037769577138927e-01,1.373593446710199284e-01,1.391329883269302736e-01,1.600289088113856020e-02,1.113820438679651303e-01,-7.352269543966487297e-02
-4.015311917919315299e-01,2.571928297097225702e-02,3.401399613927507670e-01,2.123777586452594290e-01,-2.295458909254290136e-01,-1.506860195402982827e-01,3.638758010029758960e-01,-1.909948803843143084e-01,4.772869067769674456e-01,-2.714103081663504224e-01,6.365005356878042919e-01,-3.840691585523273860e-02,3.650141591462883334e-02,-3.246951692021697311e-01,2.898346591789027760e-01,-3.337930409231493201e-01,7.906969179666829828e-02,1.719810807667020158e-01,6.370994026949724498e-01,1.330155054710272823e-02,1.397424117279383871e-01,6.040037056546175842e-01,1.547821059514026543e-01,2.986783616469795288e-01,-1.544099891670198121e-01,1.686338443230160078e-01,4.978831974071369904e-01,4.228874070039809197e-01,-2.035398104029596256e-01,-3.033673704876225785e-01,-2.504633985118929762e-01,1.414462605382878213e-01,-5.527834839471692380e-02,3.156494456271922711e-01,2.832398272107242154e-01,-2.674954498232806621e-01,1.626005108283622713e-01,-5.903120694232932841e-01,-2.351781027706415228e-01,-1.718145359797562388e-01,-5.140487110698425122e-01,-3.108623193395156914e-01,1.374452516937402780e-01,-2.846148171651525782e-01,1.228989945330960509e-01,2.092517993448181624e-01,-4.445677788068102404e-02,-3.566077998636943414e-01,4.204020071824634414e-02,-3.332780821352930301e-01,4.902080802995070069e-02,1.035800126091468432e-02,-2.730689660376408034e-01,1.725796978083523336e-01,1.026420086648420076e-04,5.730681790130288666e-01,-4.946539007662500986e-01,-1.327304635777849517e-01,3.276710910432972801e-01,-1.663705025742888977e-01
-8.929710836049793710e-02,4.412512706743709767e-01,-6.253424425902021078e-02,2.065824857658632094e-02,-2.110906569254325793e-01,-1.931498873006819439e-01,-1.668403024588684946e-01,-1.267116489750730324e-02,-1.858897884917120880e-01,4.101600155899034483e-01,6.526160446653925806e-01,2.281944925181468922e-02,1.484014368535020723e-01,5.508954539309542271e-03,2.695602380996318659e-01,-3.940031652054162836e-01,1.329692082860029489e-01,-2.168115764345547036e-01,-1.592814642180434004e-01,5.297902752291918649e-01,-8.658513557564317953e-02,2.773443839139273503e-01,2.363895307504040866e-02,1.776403470601388423e-01,3.108931981225394048e-01,-5.270852233440044277e-01,2.329240771449067327e-01,5.009064523921941126e-01,6.600063118983136023e-01,-4.320498242883636375e-01,-2.885519529313425660e-02,-2.239481498226072731e-01,-3.083485381337845443e-01,-9.109221762910225950e-02,-4.702693317074428392e-01,-8.318187679798053069e-02,7.506912656229798309e-01,-5.078571343910782687e-01,1.316131143395497805e-01,4.664722562865697419e-01,-7.125878173287270023e-02,6.164304320205886700e-01,1.272737759050931138e-02,-6.498120992517394945e-02,-5.832833281807661141e-01,-5.227834244703042366e-01,-4.198633267892128984e-01,-2.203608103381777816e-01,3.174660001371996665e-01,-1.596743239868912700e-01,5.385389139579128681e-01,4.084252578277120516e-01,6.365255668653003740e-01,1.778981332761413459e-01,-3.123313736848372102e-01,-1.321491912923855594e-02,-4.677739626173640364e-01,3.958697481264372153e-01,-2.401770611105141784e-01,-3.518712959221805686e-02
-4.447502511557555605e-01,4.179453124164861921e-01,1.399613948393035878e-02,-6.001261118410430168e-02,-2.804219464885213120e-01,4.793199401210122002e-01,2.848670916431568848e-02,3.530982082966119956e-02,-3.571135041698368373e-01,2.474883967803838125e-01,6.448809810120509356e-02,-1.123650889991642532e-01,-4.073805630890069973e-01,3.384460271807440690e-01,1.694396266987561184e-01,-5.275742601919473085e-01,7.734585388887660340e-02,3.340982257009383338e-01,-4.809076980603710361e-01,-1.322393113054688984e-01,2.389519863238935560e-01,-4.765343875794412348e-02,-2.022739887690050697e-01,5.718009897887466053e-02,6.409920329497259539e-02,2.837801434972732073e-01,1.206282286298281381e-01,2.443267746761281778e-01,-4.861003348372805455e-01,3.125542280120967020e-01,-2.430451345008142194e-01,-2.880223026696278055e-01,1.782699133174038553e-01,-8.038919824532571312e-02,3.186795556937934149e-01,5.424937197979083914e-01,-3.039899383048444981e-01,-1.575668415911236353e-01,2.443547113209655341e-01,5.810438014934746903e-02,6.021063800555491730e-01,4.704691559590388761e-01,8.268923025396629489e-02,5.776727156017370524e-01,2.919923025554069240e-01,-2.465732655327711187e-01,2.089449175666486525e-01,3.180224888589449628e-01,1.186375782476884327e-01,-1.633691026673682323e-01,-5.116702599172329169e-02,1.473152823288922074e-02,-5.926752983389375062e-01,-2.938284811476613578e-01,5.066404192210741814e-02,-2.515392247736873421e-01,4.983634458564216718e-01,-1.476387330302286749e-01,3.054473350436170409e-01,9.623986297488940078e-02
-1.782617942478838813e-01,9.042271235461574186e-02,2.150835566679134558e-01,-3.886737899074386160e-01,-6.364414646383381724e-01,1.170013758549008215e-01,-5.602449444135334522e-01,-1.085157106974226210e-01,1.728229594865354768e-01,-2.058880611124111193e-01,1.901477246438136870e-01,2.743906399076533331e-01,7.272289766703293745e-01,-6.013733447884929140e-01,1.493557930287548186e-01,-8.407664160761751937e-02,3.000990308335513834e-01,-2.959541150119205377e-01,8.472453654348370555e-02,4.999978208611481345e-01,5.090145605932070577e-02,-4.268465189820057071e-01,6.363795953951635609e-02,4.666969659393978009e-01,-7.483110192952731332e-02,2.384262606184834044e-01,-7.694069312045535014e-01,1.034239408376816521e-01,-2.095941247814510078e-01,-9.944096659035173147e-01,5.377970465608034045e-01,2.681410878710863144e-01,-2.065482606384542452e-01,1.013941763259329359e-01,-5.731713240541490562e-01,4.969330387361454160e-01,3.033060088291748002e-01,3.317881177516543989e-01,-4.782920716960030738e-01,3.283677611360376336e-02,-2.523287137105128530e-01,-3.972528268407857222e-01,-5.311831078496939140e-01,1.770261292539920539e-01,1.449370480501463165e-01,-2.514079672976818891e-01,2.417838331961630061e-01,-2.735871444872855496e-01,6.505286436612314205e-01,-3.190918972214352167e-01,-3.535342200579743022e-01,-1.047988235056180328e-01,-1.613392964363040694e-01,3.857336081663954030e-01,3.887120561354197590e-01,4.941141318930353243e-01,1.888644036136422344e-01,-1.576570545482467722e-01,-7.170274944078529333e-02,-5.253329464264947651e-02
1.162314857559505060e-01,8.623353843215493530e-02,3.547059878111000764e-01,-3.570129407328712645e-01,7.944615974780315504e-02,1.260235943182679563e-01,-2.053218394370023066e-03,1.789552893086528498e-02,6.676992957612042090e-02,2.880597386105736291e-02,1.203805899994688094e-01,1.008164184091734222e-01,-8.978641226822485499e-02,1.627246080996981592e-01,-2.269655020301168113e-01,1.007045158382213756e-02,5.451233196777686141e-01,-4.950444633225403734e-01,3.787727923073251901e-01,1.997422611223408362e-01,-2.073627024634210336e-01,1.123902003723306620e-01,-3.695239300172825647e-02,-4.231450316828109792e-01,-3.337403951283809955e-01,2.847097132823348531e-01,2.240182850539973181e-01,3.480417979682774443e-01,8.244817076835493641e-02,-1.897487502666877768e-01,6.861677043992214786e-01,2.570808854178897040e-01,-8.379093609957589950e-02,-4.172792667050084225e-01,-7.064534190350437726e-01,-2.752993149573790821e-01,2.026467323253018371e-01,1.599426969570831025e-01,-2.288488364881123005e-01,-1.695229931019312242e-01,7.236760532887526187e-01,5.407653783678894460e-02,2.689159158990437892e-01,-2.735583030402248816e-01,3.042384528774821906e-01,6.043731139465527979e-01,8.546739052924832158e-01,-3.771012248906916581e-02,8.626415733346033676e-02,-5.295007033777520133e-01,6.362367827793775910e-02,1.740435840833775838e-01,-2.575850543861299968e-01,5.222137988017434562e-01,-2.901560026143476523e-01,-9.426866276094081343e-02,3.608237583383686053e-01,-1.281522425939886078e-01,-2.551464574877723712e-01,-2.848479486900596935e-01
-3.385959729991769862e-01,6.368202256667506722e-01,2.128772532933322914e-01,1.437166793350381222e-01,-5.841809320779261377e-02,-7.238116243952642526e-01,-9.098227427750603391e-02,1.721718350066619996e-01,-1.281197995787041188e-01,1.632664875616316900e-03,7.258738504026611416e-02,6.214646444369841261e-01,3.247273139754277421e-02,-4.218866070555016279e-02,2.488009508841758366e-01,4.243524589905717792e-01,-3.641502869013653054e-01,-8.627998946821548165e-02,-1.633842515569505771e-01,-9.290264258821152865e-02,-6.571775923269247699e-02,1.599912401523187755e-01,-5.163371987355758197e-01,2.361042955484404793e-01,-3.107181462982404052e-01,-4.622517435520432927e-01,-4.287949731966587130e-01,3.057389332424687023e-01,-2.171512289698902531e-01,-4.439851173962646169e-01,3.789188273209248004e-01,2.562923927248432765e-01,-1.563111229929023960e-01,1.283317658324543975e-01,-2.268513963387463750e-01,2.826926579187885036e-01,-2.258910163519549374e-01,1.089095572410210266e-01,3.357842151204790127e-01,-3.989885329072247883e-02,3.126856865088819409e-02,2.755720661236615854e-02,-2.192613555253654090e-01,-3.696728147993577629e-01,4.197118047586454459e-01,-8.842663596872137044e-02,2.626817637550022400e-01,-1.853813029346796648e-01,-2.013751242530445740e-01,-1.261776802268894937e-01,2.112631441762135021e-01,-1.512732493374929488e-01,-4.052613429256806121e-01,-5.682775176892651547e-02,5.742002849424262534e-01,-1.542484654629711627e-01,3.076246167464818937e-01,3.795075486993451097e-01,-1.574392329053840578e-01,-2.538075225679038982e-01
-2.643383939553210493e-01,1.461105237309787974e-01,-6.764331670831297272e-02,1.986089859546329162e-01,7.036078651449352572e-02,-3.272127152145592466e-01,1.068934219378534917e-01,7.456039649732658647e-01,-9.122470379047124822e-02,3.561176709160147613e-01,1.346281440716772249e-01,7.827037658281010835e-02,-9.412395765300211881e-02,1.117083078790418044e-01,-1.918055943624880078e-01,-3.458749236611158295e-02,-3.070789417158694135e-01,7.989494127514068511e-01,-1.429905219302969321e-01,-1.385107093856713378e-01,-2.985490618821954878e-01,-8.089329082885723943e-02,-1.787620770537065862e-01,5.735796854948851248e-02,-2.497314281815899151e-01,4.767635161857868287e-01,1.362789889452979131e-01,8.124941305549807091e-02,3.028618769540332156e-01,-3.041096837174293577e-01,3.062148541014376169e-01,-9.484289234651133160e-02,-2.115224909994760927e-01,8.435751806292589583e-01,9.881328672078380781e-02,3.047079079838488358e-01,2.050031113891413737e-01,-2.432000257264440302e-01,2.794680071442960378e-01,6.201467823473288954e-01,4.085060081128589204e-01,-3.455422183733907748e-01,-1.565490484046733188e-02,6.246508146003641043e-02,2.929296011741846506e-01,4.657573627752846779e-01,1.659062593748835412e-01,-4.887694467455853675e-01,2.598266996163560161e-01,-6.158315900116426156e-02,3.807717551311433080e-01,6.548544320335876467e-02,3.229748697855961415e-01,-2.786518664286369851e-01,2.169524750149344205e-01,-2.141210375442245961e-01,3.162657269865006282e-01,6.222211250736418009e-01,3.568667515932851253e-01,3.686348270590831255e-01
