1.279379344964623466e-01,1.134321354163984885e-01,3.408604045403338390e-01,2.164456932155641999e-01,2.728465640204937315e-01,3.582453117718744640e-01,8.627047371230464612e-02,2.951527486464464167e-01,1.801444409783440614e-01,4.277308764407828923e-01,1.768086011034216420e-01,2.368733189594382227e-01,2.983803464508980596e-01,1.672137738192703421e-02,3.014856450458111015e-01,5.171037831974034660e-01,2.066417006685821178e-01,2.527028838568263214e-01,1.358539500083942309e-01,1.279681160967380826e-01,1.358608223232829204e-01,8.030066739375645024e-02,-9.787025576272190275e-02,-5.150113384840203645e-01,-5.818222928879925870e-01,-6.259337393678043870e-01,-7.353283835811664781e-01,-7.717026294465487712e-01,-8.426284612356209625e-01,-7.167120638861734783e-01,-8.232205468184004005e-01,-8.525704603241530677e-01,-7.738774435303474863e-01,-7.172815105888556975e-01,-6.392720602893872117e-01,-5.392988983844478890e-01,-4.706837913001296059e-01,-1.951984371970043042e-01,-4.983084293366778911e-02,1.439446947778766084e-01,3.604424258444495766e-01,2.507432093456628541e-01,1.025897864174311475e-01,2.225996706791260049e-01,2.432144960800843303e-01,2.433820345655336725e-01,6.096385070848173854e-02,2.732255660582027512e-01,2.323436165933135400e-01,2.225888173440161155e-01,1.075249184125112584e-01,1.391007823571788760e-01,2.966817399717497361e-01,4.545182619052277606e-01,2.395485886099608108e-01,1.982902617615254770e-01,2.813780713239067977e-01,9.193316328348656585e-02,2.144187267269033748e-01,3.212025859531520977e-01
3.466791476368643043e-01,3.363895245928109068e-01,2.390307248383124750e-01,-2.055511353637837213e-02,2.944570946005599099e-01,2.228167014385996070e-01,2.747034090286193941e-01,2.376659302920085537e-01,3.072331766871717537e-02,1.359613074209140016e-01,2.740838268398290145e-01,-3.919944035175863123e-02,2.421690251604501631e-01,1.175323184736001558e-01,4.463323977042161772e-01,2.047600317767234723e-01,2.318759576667768774e-01,3.237023113033649091e-01,4.937137727091168299e-02,7.903101889242028499e-02,3.664469779019108309e-02,2.052218828371124484e-03,-3.925969554948146589e-01,-6.035011748687579836e-01,-5.987486237155706936e-01,-7.049961920463359011e-01,-7.805224158205478213e-01,-8.233622305489964877e-01,-7.416746771936258975e-01,-7.006337579988007880e-01,-8.274960974357343790e-01,-8.266097439471101760e-01,-8.225229049103186529e-01,-7.882257178127998198e-01,-7.140426557066115176e-01,-6.567807477838280006e-01,-5.795666802584695798e-01,-4.834329662709325182e-01,-2.744502943074224044e-01,-1.699357670638191875e-01,-9.672804158584835665e-02,2.546549759007071811e-01,7.279526520280013568e-02,1.468054171878346859e-01,3.860088605164644915e-01,3.071415341207860417e-01,3.662112877505102615e-01,2.586477216502751086e-01,2.576775119006877723e-01,1.425854972512777541e-01,2.549783585792381180e-01,3.664254212501823482e-01,2.452075919076554256e-01,3.366696643601204131e-01,1.763160443110733389e-01,2.820203380859021003e-01,1.919906099217411066e-01,2.764680341449822776e-01,3.522698577362371464e-01,2.220794075131493073e-01
2.814485923211615948e-01,3.212933820808907548e-01,4.390047278909610107e-01,2.285079787375654536e-01,-1.313139887547332997e-02,3.374505449733512519e-01,2.088561793983278181e-01,2.613156877483376328e-01,1.356940340840910031e-01,6.953477803217682218e-02,6.471245769471575815e-02,1.665237610358966669e-01,1.809540441072002015e-01,2.714741116459150616e-01,1.765132215200668764e-01,2.915442440283265157e-01,2.695694091184838159e-01,1.078105928338221088e-02,-1.382954617757269911e-01,-8.638688258926482955e-02,-1.762160032742189075e-01,-3.569985732495108977e-01,-4.725990620992487901e-01,-5.578389210972120038e-01,-6.548786923491478618e-01,-7.461425214339152401e-01,-7.958958940338041188e-01,-8.341634757578532122e-01,-7.382439752065873551e-01,-7.931875168531530296e-01,-8.145663981831108291e-01,-7.976844997043647245e-01,-7.860165040159243777e-01,-7.757165392295162221e-01,-7.224681678771848192e-01,-6.897899635265727358e-01,-6.235205545672608540e-01,-4.545886358251555737e-01,-5.189280315525859333e-01,-2.732600280669043036e-01,-1.388547616938708984e-01,-5.076612814211590996e-02,3.297331698721681775e-02,7.990752959518507281e-02,9.000588563283692944e-02,4.545463463917463753e-02,5.052788075860840111e-01,1.747556486164633660e-01,1.919527258461282623e-02,8.755158795233308755e-02,2.592447214653834653e-01,6.622939435429626986e-02,1.615507288480715897e-01,1.824291004089904078e-01,3.520738708183943078e-01,9.795685305215929076e-03,2.219543595239162337e-01,3.316647478860436093e-01,2.659741955456075835e-01,2.156302161143885954e-01
1.597803761385151733e-01,9.663714501632998666e-02,2.403104807019590117e-01,4.881753965217839469e-02,1.685347544597203817e-01,1.277131965545221237e-01,2.396437357312381222e-01,6.439708102411784152e-02,6.957991395814688840e-02,5.893735854784025452e-02,5.314440166443119840e-02,-3.864997097434301476e-02,8.025348564214404568e-02,1.506894861046480238e-01,2.058598081481293751e-01,1.887379779964866722e-01,-1.108523915477496180e-01,5.996675167369624809e-04,-1.786559975312783655e-01,-1.402876465024372743e-01,-2.103845074379825930e-01,-5.164186608115977073e-01,-4.610702342369311646e-01,-6.492207000109725401e-01,-6.947516939358886479e-01,-7.814761577364005563e-01,-8.517873438504596217e-01,-4.971068160540382808e-01,-6.992872594174420753e-01,-8.031929513396957043e-01,-8.453714522923251318e-01,-7.300004075293745620e-01,-6.990212050376476416e-01,-8.212556813568555603e-01,-7.528435445256291825e-01,-7.347934973783760704e-01,-6.111885227845571533e-01,-4.828632044255830591e-01,-3.618104446112674344e-01,-1.536720473106801266e-01,-3.679069791594760663e-01,-1.541924623159095231e-01,1.192606680539510799e-01,2.872749244008285935e-02,-5.186341997711234331e-02,1.606608104287198246e-01,9.286003250169845569e-02,1.488352438668977817e-01,1.568221168492710260e-02,9.748377581352132837e-02,2.414696512912945514e-01,2.533964475931478888e-01,1.509786029374333149e-01,1.708392830621700553e-01,5.201367364792296166e-02,2.329069910166746971e-01,1.734098250568571198e-01,1.256150077446184787e-01,1.627695244680846531e-01,3.982905494057832341e-01
4.481008023777105151e-03,1.041539333574286880e-01,1.821599619633338385e-01,1.823714460072561605e-01,2.089698907441870923e-01,2.032718746561586742e-01,5.889184645403335722e-02,1.362559151473625996e-01,1.867273556786029354e-01,3.557150528806873879e-01,5.051798416394561592e-02,3.720604839297965427e-02,1.741214174133761186e-02,1.389942372104313040e-01,-2.271545268202945778e-03,-1.035147481387966167e-01,-9.033330187282213875e-02,-9.721629026441351573e-02,-6.538486232062649950e-02,-2.655166025940699503e-01,-3.556356275924538179e-01,-3.755064203082651431e-01,-5.355899922849916006e-01,-6.591149671160010381e-01,-7.177110552236829477e-01,-7.906362366434163125e-01,-8.669958179811523280e-01,-6.597080753389055197e-01,-7.351073649060461124e-01,-8.524731851858737830e-01,-8.343412485509965615e-01,-8.299216790841965619e-01,-8.413895353789678788e-01,-7.841970071019839228e-01,-7.695542670014873243e-01,-7.638610216468816327e-01,-6.463061982247242376e-01,-5.852743113080347559e-01,-3.028987729420761221e-01,-2.269515814035047430e-01,-2.353321548048409873e-01,-1.822849699503505116e-01,-3.768213575944882598e-01,-1.159638978324366854e-01,-1.139432252349587699e-01,-1.452620188509767818e-01,-1.738111216360875289e-01,-3.434485813746610688e-02,8.276724822000569581e-02,3.522974992212241085e-03,-3.240311268109082737e-02,1.510035502004662689e-01,1.698030598708424321e-01,2.973163547867060941e-01,-9.089342099297313682e-03,6.034943458129490151e-02,2.060364809504798278e-01,1.069013510224500474e-01,2.229414924022238009e-01,1.436829283739517182e-01
4.326038148833666885e-01,1.019756861970756018e-02,2.587178312218238463e-01,2.282714569523928705e-01,-6.222104593692719815e-02,1.582851558550737447e-01,2.415405935429156548e-01,8.577378621080491983e-02,6.490223331246125493e-02,-1.004253669626531371e-04,-8.830379406375812867e-02,-5.827106573475239470e-02,-1.725741375246627185e-01,9.304508571372809012e-02,9.162532956839473247e-03,-1.151911603369369513e-01,-2.123601318001243909e-01,-6.185388059374784253e-02,-2.549384641574389820e-01,-3.082960794686446238e-01,-2.547650111062696454e-01,-4.459959419845825890e-01,-5.741220726005624719e-01,-6.696172638572247537e-01,-7.667360723849011572e-01,-8.171772922121952609e-01,-2.745565987360925053e-01,-6.618845796301536799e-01,-7.311386724804600501e-01,-8.150009543187513028e-01,-7.992780603351526958e-01,-8.495971574620343469e-01,-7.895820535538675689e-01,-6.579832354503900582e-01,-7.679241357580217642e-01,-7.192322115446139197e-01,-6.259194830152090550e-01,-5.614890370210827708e-01,-5.167418917703506809e-01,-4.097797194981989688e-01,-3.329303549384487471e-01,-3.478799293315354424e-01,-1.581011613585586173e-01,-1.930880101498429480e-01,-8.059496543775181154e-02,-1.133345400782558576e-01,-1.754314833915319172e-01,-8.835407099759151617e-02,2.830146650478846879e-02,1.193372262005585327e-01,1.762743119709531681e-01,-1.130976353967819426e-01,-5.616081476941350153e-02,-5.621559633868952049e-02,-1.991892808376288099e-02,2.441591834468511552e-02,1.225842376467526640e-01,-7.520060680230018779e-02,1.409080333149627384e-01,1.753914453279805108e-01
9.938982647175302609e-02,-2.740183095171399089e-02,1.372075296469375538e-01,1.924755918860797110e-01,1.768665085088003130e-01,9.460320803726995909e-03,-9.580102450458238481e-03,7.142560716975490664e-02,1.434265382745819051e-01,1.134168076443945739e-01,1.367457154825816312e-01,-1.209803259400981934e-01,1.587980955431356114e-03,-1.359169026784979029e-01,-6.605802984253156263e-02,-1.755690488985195141e-01,-2.173894136068075800e-01,-1.772435742491714206e-01,-2.430565918094209077e-01,-3.809072632890889709e-01,-2.995268365819483969e-01,-5.197775623949734136e-01,-6.264042396509552635e-01,-7.162947216645567661e-01,-6.980576688618754799e-01,-8.106796765022057372e-01,-8.478166593839855381e-01,-7.828522203462313644e-01,-8.045146225692618724e-01,-7.822521414819604280e-01,-8.338636304363887808e-01,-8.124214587032387858e-01,-8.185832876294517613e-01,-7.643617291919596601e-01,-7.979800586546483832e-01,-7.700975267424418069e-01,-7.132602508593478552e-01,-6.336073057233493344e-01,-4.553141379083371909e-01,-3.976109806028987892e-01,-3.865268588860494847e-01,-2.883819490602437252e-01,-2.423866262406827177e-01,-2.773819918396854822e-01,-2.312320828293979724e-01,-2.939579181354569082e-01,-3.440663142669510288e-02,6.209117562197939699e-02,-2.306827578767518122e-02,-3.614704737193900896e-02,-5.897533975061130737e-03,-5.025417128814322482e-02,-3.052580922113899004e-02,-4.823355789548845751e-02,8.328225152189645819e-02,-7.944682927160515162e-02,1.829598516108968675e-01,-2.801342465223390261e-03,1.174288511762277276e-01,-1.602330803478634394e-02
2.854814927890885756e-01,1.218382792558241612e-01,6.413049656997650561e-02,5.125270220941171434e-02,5.471773908966581779e-02,2.508314832102050973e-01,-1.126291460647030201e-01,-3.129976314755358868e-02,2.341077858058165928e-02,1.544305802232643146e-02,-4.269698364139380697e-02,9.446121653499148230e-02,-7.273100862965484192e-02,7.192219389349296943e-02,-5.710913912639152545e-02,-3.711345996046034879e-01,-2.267934837497514455e-01,-1.984706784146967606e-01,-3.266492703219653904e-01,-3.617891745970390205e-01,-3.974565722328119444e-01,-4.712290575233503698e-01,-5.674068437566104350e-01,-7.544923734320240216e-01,-7.544761025672784838e-01,-7.630473696227274560e-01,-6.964044005179976793e-01,-7.071507984744050956e-01,-7.671239833758229931e-01,-7.858747005557235044e-01,-8.351587062960547092e-01,-8.483410840630908334e-01,-7.645269879175686789e-01,-8.200412917782321509e-01,-8.376069329741950842e-01,-7.266017694065839416e-01,-6.784103215653189967e-01,-6.574344600460425569e-01,-4.849947041964032257e-01,-4.366122170385989820e-01,-3.649022777527262673e-01,-3.317700369970574270e-01,-2.541784133096175458e-01,-3.472188649992386522e-01,-2.860735812320216453e-01,-3.124407269511674801e-01,-1.756125394482130064e-01,-2.147347740774570024e-01,-6.577164256718626145e-02,9.948253945021363898e-02,8.672657247814781478e-02,4.367065087665321366e-02,-8.932546619634545992e-02,9.428509753580369135e-02,2.086654321508179810e-01,1.275963168114085389e-01,-1.355796748641068805e-01,9.613627829303449113e-02,1.842965665936699415e-02,1.442712486265750049e-01
2.172397384666227838e-01,-6.155621869552305864e-02,1.429026265147990971e-01,-1.760402594213864025e-02,-1.560182852214800353e-02,1.578031039184447648e-01,-4.085163534782139394e-02,-2.227135655957842297e-01,-1.090337607794210351e-01,1.413446267184600980e-02,9.314882140800884863e-03,-1.661262371887834710e-01,3.070759284357577144e-03,-2.540246498947019704e-01,-2.346014891422233128e-01,-2.324237849296947600e-01,-3.145151018947379140e-01,-2.360542795464218302e-01,-3.831302911463146388e-01,-3.569492521709419774e-01,-4.790693377861711677e-01,-5.266219879148246186e-01,-6.299137182863969731e-01,-6.946367332307146203e-01,-7.824940218271128067e-01,-5.726781533782150380e-01,-6.245079274752772802e-01,-6.893810248165441745e-01,-8.016006112366804714e-01,-8.287471250616584850e-01,-8.322311421420488520e-01,-8.196944450810284000e-01,-8.439992838698755495e-01,-8.216739159412554949e-01,-5.429070345846852552e-01,-8.081893636784638346e-01,-6.658641442947442757e-01,-6.642424019427544124e-01,-5.515471212356437558e-01,-3.711283522505973709e-01,-3.529054943362984198e-01,-3.751706716753068771e-01,-3.686036430913426365e-01,-1.991422883718871051e-01,-6.163013176569198670e-02,-1.184617383204712160e-01,-2.139854445292344032e-01,-1.666770755788196667e-01,1.241806043396372905e-01,-5.183688293848552620e-02,-5.874670238140411449e-02,8.696593277652950316e-02,3.062968827407088271e-02,2.836191156055047347e-01,-2.938825052559522824e-02,1.239973912792373054e-02,-5.987824859930207522e-02,-4.085517625742354081e-02,4.783288202529519667e-02,-3.985723700258389512e-02
1.313298172337189484e-01,1.680348307374013861e-01,-3.446578580656343288e-02,-5.581345749379152191e-03,3.037181673703294102e-02,4.452347295182646630e-02,-2.650601899977226283e-01,-8.800505333578387268e-02,-5.152890491953550367e-02,-2.396435820177123810e-01,1.552898904114436741e-02,-9.680578229249189870e-02,-1.866461637036249954e-01,-2.555880593397916178e-01,-2.555067921775495687e-01,-2.571039389251186802e-01,-2.967105235531116714e-01,-3.203906193408839753e-01,-4.093127663737508581e-01,-5.115923037888437941e-01,-5.315531603488283796e-01,-5.599234947147121444e-01,-6.461912992709616388e-01,-6.787723837470209798e-01,-7.848407443428225827e-01,-7.491651233602028004e-01,-8.756776705668345429e-01,-7.678043735745454512e-01,-8.132402537346818949e-01,-8.022398440804880959e-01,-8.130384389126920075e-01,-7.896501179840978990e-01,-7.485401392873860527e-01,-7.922988391762304516e-01,-6.544677986473803610e-01,-7.566936327925645189e-01,-7.057440095678599867e-01,-6.339556546302155260e-01,-5.538586703653674004e-01,-4.711948031804606418e-01,-4.093870104175443281e-01,-4.263534595574935970e-01,-2.266475762503591673e-01,-2.535557768085305863e-01,-2.259992841066351121e-01,-3.150672050465954666e-01,-2.553787220338764041e-01,-2.822393989698291916e-01,-1.265290747829047324e-01,-4.979142574509749786e-02,2.830579343141896922e-02,-1.314831640016434489e-01,9.537136815553255709e-02,-1.060822118597635894e-01,-7.105962629013203025e-02,9.806018635283859919e-02,-2.712390926893834542e-02,1.226570064158217198e-02,-3.021069061103661552e-02,7.512167762356694589e-02
-7.094973188847741863e-02,5.695282446989143044e-02,-9.486688844580540292e-02,6.004592527338172697e-02,7.358516427730694975e-02,2.070462733757153645e-02,-1.752232500028043094e-01,-3.403920532052840536e-02,1.056332556200973750e-02,1.053316178465436986e-01,9.125637606355323228e-02,3.101869382284743251e-02,-1.124759667124142631e-01,-3.192284209120773153e-01,-2.175746012869177459e-01,-2.375125982458336227e-01,-2.669464123414589940e-01,-4.543109072523668357e-01,-3.827515744158095368e-01,-4.916829895763593639e-01,-5.247274719270623722e-01,-5.466182958770590128e-01,-6.857598708168730628e-01,-7.356171495895427181e-01,-8.167145450930407558e-01,-7.442064230296899785e-01,-7.269846939040595091e-01,-8.160248278697326274e-01,-7.800521685917328751e-01,-8.119211839989468604e-01,-8.020545854972163102e-01,-7.398033381085051818e-01,-8.085218360541366334e-01,-7.119683602094464270e-01,-7.161543345901308921e-01,-8.975285793341145624e-01,-6.909965333733494308e-01,-6.627430918956236372e-01,-5.742649011796933101e-01,-4.985181409093454308e-01,-4.282878964990656234e-01,-4.020085678861827772e-01,-2.626226597955837461e-01,-3.953469883791775885e-01,-2.192179461704088506e-01,-2.891214978691788451e-01,-3.175546786424176537e-01,-1.815062793713893285e-01,-4.454398411778420774e-01,-1.883693366713178607e-01,-1.673244481860297062e-01,2.213973139677821445e-01,-2.143706311660625308e-01,3.692405030346420508e-02,1.578927416765510752e-02,-1.071765142686131357e-02,-3.685450217448887900e-02,-1.619087901355004827e-02,4.044680259271078993e-01,2.176017921457290283e-01
-4.017737536792588549e-02,8.390205591922486605e-02,-2.990642096760225480e-02,3.775506726399714685e-02,3.194319713189829879e-01,-7.976726612446909115e-02,3.656035308016417074e-02,-3.509660341107997267e-02,-1.483643424745887673e-01,-4.416593756485005795e-02,-1.059946707066188043e-01,-1.145077028835607968e-01,-2.832512463940355385e-01,-8.673991518913573562e-02,-1.921993380020050046e-01,-3.189564033928448117e-01,-3.441476776577774288e-01,-2.895699174952915955e-01,-4.339357824262881635e-01,-4.923147015168828911e-01,-5.080941495426729571e-01,-6.043394505853012522e-01,-6.602401373515449645e-01,-6.417307932154379113e-01,-6.909256239507414188e-01,-6.862017489570069184e-01,-7.677908420018798585e-01,-7.354183726693037659e-01,-8.451268388742871895e-01,-8.135834516110624914e-01,-8.337716864354034474e-01,-8.123908385851604796e-01,-7.524589254164723018e-01,-7.678612380737628307e-01,-7.686666669655962680e-01,-7.124050212580004260e-01,-6.601641977306567100e-01,-6.302684142133966327e-01,-5.235619178916495198e-01,-5.345726123484482173e-01,-4.686556007918257771e-01,-4.311573206628709909e-01,-3.648862813358981216e-01,-1.907091727206244314e-01,-1.386377097795081781e-01,-4.156835574007954337e-01,-1.583295825241187449e-01,-2.177739213702304666e-01,-9.032812761306618921e-02,-2.054923764240151607e-01,-2.477125208442589044e-01,-5.395376036842981782e-02,-2.468633978137483864e-01,-1.010230815356315953e-01,2.825164262627955988e-02,8.886174174955510652e-02,1.447780185492609020e-02,-1.771414170656901155e-01,-1.215293668965237855e-01,7.413818181638723304e-02
-9.089631313898120790e-02,4.117441618341569076e-02,2.240371720187046556e-01,-2.651796495901003262e-02,2.488119076075307468e-01,-1.199084040375049121e-01,-8.735014092735129965e-02,-2.336612851276559655e-01,-4.208629799725301102e-02,-2.190794755907182756e-02,-1.358475015041344380e-01,-2.290701262198403809e-01,-2.089641923517631117e-01,-2.626094417987119289e-01,-3.326060050611239216e-01,-2.911549921111099559e-01,-3.674734176830456445e-01,-3.459666945332691701e-01,-4.488433215840083035e-01,-5.314708632079709894e-01,-5.524510521791219375e-01,-5.796557135812180350e-01,-6.579446051786818073e-01,-7.224770059808733880e-01,-7.576839343774516289e-01,-6.636748956496083540e-01,-7.450056619432194882e-01,-7.969774669706765069e-01,-8.071665591238545989e-01,-7.935575327231773057e-01,-8.080662866010015488e-01,-8.141387043177532590e-01,-7.457325944444053167e-01,-7.689167391522696571e-01,-7.906802291854700959e-01,-7.186969375218786871e-01,-7.785873672410561497e-01,-6.368585838760421058e-01,-5.897765392051452782e-01,-5.213544397178877521e-01,-5.147934897832268097e-01,-4.362305808932708251e-01,-3.121400730547798652e-01,-3.497952809547842934e-01,-4.495896785146135666e-01,-2.089465841315405470e-01,-3.309692736921321932e-01,-2.036079011065303757e-01,-2.067007692231921379e-01,-2.171417444981816325e-01,-1.409366775872107902e-01,7.523256294454035153e-02,3.792830265281897650e-02,1.246827857323639689e-02,-1.966772122035172210e-01,-1.803368672869913869e-01,-1.345201325851467788e-01,-4.504476330113249549e-03,7.696375159318287473e-02,1.662809736038539099e-01
1.390583678672772938e-01,-1.020277040974612442e-01,-1.713775756153514129e-01,-1.731871003305793244e-02,-1.624802497649745214e-01,-1.227411846389915295e-01,1.668672774108116014e-02,-3.445150793313537796e-01,-1.496930022196277243e-01,-8.113555256697052576e-02,-8.247151762306312306e-02,-1.247732160868888079e-01,-2.834025996048559759e-01,-3.216074983453735547e-01,-2.015743708284249980e-01,-3.130870327763613514e-01,-4.014669882947960455e-01,-4.909307842855002990e-01,-4.085946971219496793e-01,-4.533260337559903985e-01,-5.467300640321964833e-01,-5.956373224004317679e-01,-6.995613073122297632e-01,-6.579260059785452253e-01,-7.129264341532275395e-01,-6.735209849859363773e-01,-8.650981721966173321e-01,-8.281044420581226140e-01,-7.981150177756919373e-01,-7.965756374029191456e-01,-7.981992624854393759e-01,-8.048109870656393605e-01,-7.761059655737270191e-01,-6.992262263695889768e-01,-7.891162154608537538e-01,-8.302729032293226785e-01,-7.464330090011628283e-01,-6.851854281931247792e-01,-5.905062053260877741e-01,-5.591246431957156426e-01,-4.299127418283631430e-01,-4.288323374354081063e-01,-4.238644816844808760e-01,-3.408714009422705304e-01,-2.611049107013060366e-01,-3.503897227836868522e-01,-3.602490527992983083e-01,-2.880749515664588478e-01,-1.812503022738892189e-01,-1.633668108637909566e-01,-2.224367241015948182e-01,-1.903649206801310001e-01,2.566940872494088977e-02,-5.490873274999804460e-02,1.387314127901128902e-01,-6.947591937747490953e-02,9.493833896210973622e-02,6.890068255844852829e-02,-2.599253633954375919e-01,1.062998858412566305e-01
7.466352813502133423e-02,-2.438400054617076707e-01,-2.134676988538010689e-01,1.283542274448929710e-01,-5.848500192962777927e-02,-7.830430019342886350e-02,-1.037451414253921234e-01,-1.818446221678534924e-01,-1.503288431397917756e-02,-3.734500662111347458e-01,-2.815234933437918419e-01,-1.725718977784931329e-01,-1.361110686121334568e-01,-2.253560377119193381e-01,-2.429570714128470033e-01,-3.945847645953299287e-01,-3.731166412204287575e-01,-4.212044763263853575e-01,-4.412413583674099082e-01,-5.131252713385359154e-01,-5.014036872588416571e-01,-5.760085146676175993e-01,-7.095898825926955089e-01,-7.470220379346430573e-01,-7.141790520123726393e-01,-6.870192351050118384e-01,-6.842124345100163429e-01,-7.519692228801774236e-01,-7.595560791875444195e-01,-8.397789607412196045e-01,-8.120037927516017273e-01,-8.440919660458510165e-01,-7.678242124582708161e-01,-7.757786467082219417e-01,-8.638825393105543649e-01,-8.174898190492969619e-01,-7.239471503648680084e-01,-6.607236219203512784e-01,-5.362613242732729990e-01,-5.444708159960710558e-01,-4.797489500798342021e-01,-4.339722050549345012e-01,-4.202222388541986264e-01,-3.695964464677965466e-01,-3.401209564749969605e-01,-2.859573371306235456e-01,-3.175091263940286179e-01,-3.266015912842331614e-01,-1.485882285899521593e-01,-6.826120813471774074e-02,-3.673288631938147197e-02,-1.502870965488415644e-01,-1.369157441512125206e-01,-1.650953286761967787e-01,2.048722166513854415e-01,-1.104007374605503883e-01,-1.089537274135658623e-01,-1.307623728163551102e-01,3.292382762113395256e-02,-1.836465334937557869e-02
-1.066827220589628561e-01,1.346599637152580131e-01,5.713603644189424284e-03,-3.036486117206884522e-02,3.043863897268960297e-02,-2.418708448634248886e-01,-1.736827683873137795e-01,-1.741322929407266296e-01,-2.932604463151619045e-01,-6.660883171097418953e-02,-2.269484984140739403e-01,-2.300279611493617760e-01,-4.124544607514658567e-01,-3.318645072313888278e-01,-4.375594474176470738e-01,-2.273596303107861538e-01,-3.794415784139085202e-01,-4.365368797027351921e-01,-4.130974216609852867e-01,-5.079914297047324334e-01,-5.512820320229046001e-01,-6.181614471818768219e-01,-7.003446544668109341e-01,-6.706227988897740522e-01,-7.038942381614575750e-01,-7.403992839562165695e-01,-7.976377368346552199e-01,-7.237220311125027727e-01,-7.607801612718341211e-01,-8.155336828096505508e-01,-8.068156489578826029e-01,-7.898724486241694986e-01,-8.160837714779436425e-01,-7.750347739739742448e-01,-7.073009698493404329e-01,-7.653591753467952064e-01,-6.922137531104370911e-01,-6.887380065422156195e-01,-5.986508378443260447e-01,-5.375717251886173997e-01,-5.098415650316582282e-01,-3.692345745669028401e-01,-3.904089586539457590e-01,-3.728178475932406033e-01,-3.403489082462233251e-01,-3.432368778287059885e-01,-2.003473861836383707e-01,-1.962835755023245032e-01,-1.734823667088163934e-01,-3.446985227486997205e-01,-2.270987396396074443e-01,-1.439734154341676953e-01,-3.466645815227075156e-01,-2.161476242317958152e-01,-1.218222740500402301e-01,1.095517434213463294e-02,9.049617585685498788e-02,-1.571251446295530152e-01,-1.034599262486523702e-01,-1.822088571356091091e-02
-1.435149463040729934e-01,2.981162307922599619e-02,-8.225373365958135730e-02,-7.557355573781011915e-02,4.197643337238021397e-03,-1.603327085312135636e-01,-2.165967516149744920e-01,-1.825257338700835008e-01,-3.260314886955734681e-01,-4.295519900745676800e-01,-2.700514382965330529e-01,-1.727297558119826326e-01,-2.944054162558428778e-01,-4.593523550653710319e-01,-4.069358625338514446e-01,-3.661975567953220656e-01,-4.174528034082240491e-01,-5.349577571935150155e-01,-4.380157560332597622e-01,-4.977872012800708679e-01,-6.140970941105770020e-01,-7.029741673053071516e-01,-5.988900075877230389e-01,-7.096534527014453086e-01,-8.088861400176140526e-01,-7.179085146850028298e-01,-7.347221294513734957e-01,-7.731655813865674354e-01,-7.803748327168853471e-01,-7.753642259977819862e-01,-7.823874047966896672e-01,-7.801582245126250648e-01,-7.769159767213364987e-01,-8.108130955174399634e-01,-7.346273184480380802e-01,-6.707382607862968360e-01,-7.021484085084253035e-01,-6.996939311131700201e-01,-6.275246161341818674e-01,-6.142851118823124956e-01,-5.330825171343166469e-01,-4.669953124046412607e-01,-4.723720887685596281e-01,-4.607308120034522281e-01,-4.013422517905948506e-01,-4.301290837083693863e-01,-2.414969458422868698e-01,-3.346231936416973474e-01,-1.907629971233824884e-01,-1.944128571693880814e-01,-1.170941850367931830e-01,-1.267466421272051003e-01,-1.478710948065170283e-01,-8.519287946152453994e-02,-6.626561133966782369e-02,-2.618789502679464976e-01,-9.553544017199823435e-02,-3.843196835631479402e-02,-6.371990132629699877e-02,1.286824889107057446e-01
-2.027162299201985540e-01,-5.303349848929277133e-02,-9.239037289229044825e-02,-1.590151434382201523e-01,-1.283876174114451651e-01,-2.389515981466654448e-01,-3.294667830897145544e-01,-1.075582040929304595e-01,-2.359058558487339141e-01,-2.760848181346499119e-01,-3.138893812447305365e-01,-2.538367383235250463e-01,-2.392763477286896645e-01,-3.370357243138774050e-01,-2.552770530848137431e-01,-4.461356246926874713e-01,-4.349602304507202422e-01,-5.500581715010997019e-01,-5.617748756404297161e-01,-5.477495629488819961e-01,-5.309941248119975921e-01,-5.959936047335965270e-01,-6.220264974496714228e-01,-7.178546521235917854e-01,-6.533755441919604223e-01,-7.840627122092060919e-01,-7.812708519668594143e-01,-8.372345403353392834e-01,-8.093693091221714209e-01,-7.778655936166604112e-01,-8.278093749845483185e-01,-8.203099483353113452e-01,-7.746306719683729858e-01,-7.459757521688301640e-01,-7.333139216405430982e-01,-7.143970284955997174e-01,-6.096570518311208442e-01,-5.698246012843781738e-01,-5.874930929593230600e-01,-5.218292067789642719e-01,-5.330008188199063524e-01,-4.660307083826916719e-01,-4.333228942195280764e-01,-4.186550025301615241e-01,-5.127577323759185957e-01,-4.036429683738760876e-01,-3.972734803824602978e-01,-2.285544680408035101e-01,-3.744886111807272933e-01,-2.083429560612163611e-01,-2.824719176949150867e-01,-3.686031607956807288e-01,-3.346716259324344911e-01,-4.796765027450743124e-02,-8.388158853010481419e-02,-9.808920172828924922e-02,-2.093907066939877382e-01,-2.082106755400378595e-02,-1.855883407667335561e-01,2.593370399893561024e-02
-5.396565259226694666e-02,-5.894827692989050572e-02,1.900305331056965363e-01,-1.065516603390329609e-01,8.101152608023587387e-02,-1.471480558079895917e-01,-1.662231176528041199e-01,-1.852825502112505907e-01,-2.112049363728430718e-01,-1.952238179640767013e-01,-3.348152322765815536e-01,-3.123395112303473109e-01,-3.343081735431562840e-01,-3.276453909233921769e-01,-4.218412882844623790e-01,-4.708363219761848018e-01,-4.985534645307584389e-01,-5.445929125743266264e-01,-5.166037278510072772e-01,-5.051608891426753178e-01,-5.005148508845903566e-01,-5.789138164029309364e-01,-6.812294475621357703e-01,-7.242458399312582396e-01,-7.389370673954051005e-01,-7.057597070040143583e-01,-8.078796596853388134e-01,-7.285445162372858885e-01,-8.092678483665759481e-01,-8.154564297229430769e-01,-7.855720455798579360e-01,-8.133878793562028253e-01,-7.614206009007216114e-01,-7.365275239998854140e-01,-7.091531583072013811e-01,-7.334101171824802812e-01,-6.477265073128981587e-01,-6.559943840081327027e-01,-6.309056232978209611e-01,-5.406523619400774860e-01,-5.355758804892361002e-01,-5.214446155745749989e-01,-5.086465043265071539e-01,-4.657306557002159897e-01,-4.600958756963648422e-01,-3.177281899973935508e-01,-2.849689705098187309e-01,-4.449479219489492765e-01,-2.591632107407699226e-01,-3.417295431506392478e-01,-1.697976759609381298e-02,-1.452209674850732379e-01,-2.381118108945840528e-01,-2.374684552986351949e-01,-2.475954413954025157e-01,-1.994367914164051347e-01,-2.210677713335711947e-01,-7.010091547758762198e-02,-5.043024968048483853e-02,4.579256547139819861e-02
-1.685480911247560221e-01,-2.858660714169841688e-01,2.072229465674911217e-02,6.067048205308435416e-02,-2.324443159339904807e-01,-2.415742739124429606e-01,-1.618979340691196478e-01,-2.805587957957663553e-02,-3.108065480797629343e-01,-3.168210225607370201e-01,-3.122062635291633637e-01,-2.698738750124297647e-01,-3.249724632992447293e-01,-3.203958404961455564e-01,-3.104273853529872507e-01,-4.295763796887882568e-01,-4.283025113986070886e-01,-4.860719078871020282e-01,-5.120868141657769490e-01,-5.404586215563832452e-01,-5.698802386063398506e-01,-5.981371169959205369e-01,-6.288449009704661918e-01,-6.318570550192670332e-01,-6.565635618649781069e-01,-7.272774276626956524e-01,-7.815667140993923789e-01,-7.544738884947829183e-01,-7.600404379788860965e-01,-8.530255183785472317e-01,-7.739245957528000375e-01,-7.986031461185053582e-01,-8.149648498605678304e-01,-8.244564080482363888e-01,-6.714799913179120283e-01,-7.057841118610910236e-01,-6.673748239798829029e-01,-6.731187285412769672e-01,-5.830941809632903539e-01,-6.117924385343346261e-01,-5.344945809273858872e-01,-5.370424266722813034e-01,-5.093619653758484356e-01,-3.778125900137451754e-01,-4.603836146449588052e-01,-2.559092314340563057e-01,-3.282727475271142170e-01,-3.950524503355587469e-01,-3.591590823547091693e-01,-3.808758421030845054e-01,-2.602716195086115514e-01,-2.002843817302448204e-01,-1.677676148224080954e-01,-1.879178240995658389e-01,-2.522663743656427537e-01,-2.720298820907663395e-01,6.617195322497687387e-04,-2.454063869798588926e-01,8.702473789854092701e-02,-2.636994706787506582e-01
-2.813307698683091898e-02,-2.958836521460511682e-01,3.541341743586105123e-02,-1.520381511308121492e-01,-1.802780189281972256e-01,-2.416360420409380816e-01,-2.768995619016749732e-01,-1.495859630776892879e-01,-3.345019801620044975e-01,-3.731926685961060031e-01,-3.394294769864206196e-01,-2.975393000117209641e-01,-3.358268555717737747e-01,-4.712632295807104299e-01,-3.523886639521014996e-01,-3.058761558115675738e-01,-4.484333916098914297e-01,-3.606419194491401470e-01,-4.868958985443884724e-01,-5.736364782845765342e-01,-5.632789345091493427e-01,-5.596379996940722412e-01,-5.720816418633576372e-01,-6.461635665380678351e-01,-6.282702202786871748e-01,-8.080909855967138844e-01,-7.632395267322038546e-01,-7.210065156817320187e-01,-7.696187255095570112e-01,-7.896721841569054323e-01,-7.427817080046097420e-01,-7.273754930715864431e-01,-7.289542232675959577e-01,-7.656433500908240708e-01,-7.533613417222605468e-01,-7.365236160325139281e-01,-6.533419033822266409e-01,-5.771464758815612051e-01,-6.267744548252267567e-01,-5.909342304653268929e-01,-5.944380807716879156e-01,-4.421964199327968470e-01,-5.260942946620925653e-01,-4.951214408923914623e-01,-4.604242963376904418e-01,-3.507077173895103983e-01,-4.825928439490413391e-01,-3.379857398008084823e-01,-2.923149833871590553e-01,-2.715635248494066012e-01,-3.372846205016458709e-01,-2.463743339333864524e-01,-2.983032718030071972e-01,-3.798501530668156323e-01,-2.883340335885739014e-01,-2.190198685547760094e-01,-1.878770380265900319e-01,-2.343487042277019872e-01,-3.462954327492603901e-02,-1.278770573805131927e-01
-1.075890389503100508e-01,-6.448289547681129892e-03,-4.062719185986808645e-02,3.239552495803116328e-02,-2.090254686791821470e-01,-9.922679397600289719e-02,-2.822124919530072384e-01,-1.485974608948820719e-01,-3.202396158692554229e-01,-1.465136675754621920e-01,-3.640241730697771905e-01,-4.715456283035693308e-01,-3.133507162756782316e-01,-4.274805758400450628e-01,-4.957171147922538879e-01,-4.573197483189771484e-01,-4.524106690729080560e-01,-4.075020173499043774e-01,-5.249785005290710238e-01,-5.252612397240674635e-01,-6.085446780884916640e-01,-5.998144515645098540e-01,-6.278653798208055914e-01,-6.351960934635904055e-01,-7.197372700058575212e-01,-6.709211298192416795e-01,-7.717043069247082610e-01,-7.480125307937812718e-01,-7.704625225316767967e-01,-7.674971596216931813e-01,-7.953435029639935872e-01,-7.729476468455132032e-01,-7.579625448864674153e-01,-7.353888569813811227e-01,-7.554246431013018626e-01,-6.581396162922055204e-01,-6.808581371130179027e-01,-6.414635035111255768e-01,-5.667174488816252298e-01,-6.402645890902698422e-01,-5.204524778813056640e-01,-5.448512681633314036e-01,-4.502992351069160515e-01,-4.613866584537321680e-01,-4.239687221276550178e-01,-4.514949451112595935e-01,-4.546572846147702296e-01,-4.606061544887222747e-01,-1.899156666373054969e-01,-3.618482702846693155e-01,-2.318173043357494856e-01,-2.895959017883906750e-01,-2.916792280024578243e-01,-2.943658012310984007e-01,-3.327073286462919333e-01,-2.079303595726464948e-01,-1.535587350932915984e-01,-3.540372316743478631e-04,-1.667588647438831007e-01,-9.752822034581778987e-02
-1.828530250827922754e-01,3.249852862605982079e-02,-2.563382450878558538e-01,-2.171899932120463783e-01,-8.297779279854285150e-02,1.119867870445532543e-01,-2.472968052643540471e-01,-2.753497570716320619e-01,-3.463789621103116612e-01,-3.195398924594917700e-01,-3.894815514179840177e-01,-3.416721506292187960e-01,-3.297025423882053441e-01,-4.166533232426094524e-01,-4.266431912417305017e-01,-4.191078871310593423e-01,-4.146302255240432721e-01,-4.722155112881669115e-01,-4.781456694040104871e-01,-5.257401356682744886e-01,-5.299325375492055512e-01,-5.906690052195322505e-01,-5.956597164720409676e-01,-6.533918114248671305e-01,-6.820428173275830952e-01,-6.664271819053214641e-01,-6.761755722226414633e-01,-7.321948532150742706e-01,-7.470029120564093406e-01,-7.697307253617440281e-01,-7.383691240571857994e-01,-7.374201136294583625e-01,-7.223464840216891059e-01,-7.098172317670516929e-01,-7.273721863695448153e-01,-6.739001263109802853e-01,-6.685346993532580440e-01,-6.217783741137343778e-01,-6.202206036484854135e-01,-5.574188872451645294e-01,-5.618218883394259233e-01,-5.672198973730212535e-01,-4.768080568181708445e-01,-4.760278116450023522e-01,-5.023847646098509312e-01,-3.762123702935771807e-01,-3.712954037604480062e-01,-3.733992563688396382e-01,-1.599285637296545270e-01,-2.413936229456561944e-01,-3.741570781577890914e-01,-3.882785515208536653e-01,-2.628606472862245469e-01,-1.306407932131642136e-01,-1.679912801293703684e-01,-2.173219308571747721e-01,-4.234644293930839298e-01,-6.797347465934322486e-02,-2.666664907505310600e-01,1.048292033855182936e-01
-2.142278911650473960e-01,1.009538191329475698e-01,-1.204655479154375791e-01,-3.502189989669661774e-01,-1.090793601636036031e-01,-2.726571016711468176e-01,-2.689596730040767492e-01,-3.281949399961395231e-01,-2.799315033396624353e-01,-2.863207804323910644e-01,-3.798341639829072025e-01,-3.248878065316353481e-01,-3.466499073136312115e-01,-4.644934860095094598e-01,-3.960523226893973847e-01,-4.342837351326717110e-01,-5.030522212208651256e-01,-4.463342195710312543e-01,-5.279297290391922193e-01,-5.712290687708663217e-01,-5.704505133590827004e-01,-5.812357739557432179e-01,-6.001325180993254405e-01,-6.481694990903157372e-01,-6.197317497220694582e-01,-6.580650513409317393e-01,-6.800746283025833616e-01,-7.327948606272066678e-01,-7.868920070359812780e-01,-7.586445107038091162e-01,-8.105206961134283628e-01,-7.641046664286937906e-01,-7.617123776522281009e-01,-7.028628098392748491e-01,-7.240051385681623985e-01,-6.232978875141443886e-01,-6.388444141668125908e-01,-6.021626376883861820e-01,-5.736779273421166447e-01,-5.305952264810718244e-01,-5.909541997280257641e-01,-4.956144602917580966e-01,-5.923459460961829626e-01,-4.566956527769449048e-01,-4.138760744447942952e-01,-4.584133854296633115e-01,-3.734356924952085821e-01,-3.584780779825698649e-01,-3.974802717145138886e-01,-3.703690670609541824e-01,-4.320775522915202838e-01,-2.979612799550997448e-01,-2.526432013610772076e-01,-2.864625651671734441e-01,-5.215600250822698403e-01,-1.212716909509766322e-01,-2.430977012029844064e-01,-3.124071685639605023e-01,-2.402414263263248362e-01,-1.257582214989116931e-01
4.951976929603629611e-03,-1.347808787730450097e-01,-2.414180775241463461e-01,-3.288916864766734949e-01,-3.229863665997861899e-01,-1.310270336724473350e-01,-2.543969824926392564e-01,-3.016822826587840511e-01,-3.861182036145791585e-01,-3.019642262137524069e-01,-4.900217677324875676e-01,-3.904726423464880969e-01,-3.103307965895794052e-01,-4.527182425384405628e-01,-4.082866609415308767e-01,-4.674345144724498802e-01,-3.893559495163164130e-01,-4.685008636851888397e-01,-4.956357210091750787e-01,-5.953545136387851100e-01,-5.679951789711422672e-01,-5.624244030933401861e-01,-6.306724638260375881e-01,-6.257057368037655110e-01,-6.574390391269082645e-01,-6.576313438371310660e-01,-6.634482374425414442e-01,-6.892613143024333144e-01,-6.525974279375994502e-01,-7.111662103225294684e-01,-7.048590036935935554e-01,-7.082859967439482096e-01,-7.205577823896015532e-01,-6.751129916058338232e-01,-6.581289420962297410e-01,-6.623847760429952825e-01,-6.727859116102437032e-01,-6.425780460515067016e-01,-5.804912926483261071e-01,-5.878731686203308993e-01,-5.503829280521450595e-01,-4.913701016175419656e-01,-5.285179448928133406e-01,-5.457412009051058055e-01,-4.246419139091567319e-01,-4.565415187805145214e-01,-5.411083038877599893e-01,-4.212906891161756207e-01,-4.361163143658909336e-01,-2.093377804151060340e-01,-4.548108325863440271e-01,-4.136952816446625714e-01,-2.504855331482436220e-01,-2.064983158671644947e-01,-2.858738623836160064e-01,-2.503810199701464456e-01,-2.266972534834757469e-01,-2.196656862628658113e-01,-1.690588656938523116e-01,-2.718752106577165262e-01
2.177073227570281051e-03,-3.309350238088910878e-02,-3.437905660360421889e-01,-2.410839075002925713e-01,-3.403044693995722070e-01,-2.249374061675334657e-01,-1.893081270253395287e-01,-1.840376673336631408e-01,-2.191321091504848939e-01,-2.510629066799947573e-01,-3.911895420546452340e-01,-3.271746526167286229e-01,-3.363636386353706653e-01,-4.156837026186508410e-01,-4.711318861545547021e-01,-5.398948841549532363e-01,-5.318349094080754291e-01,-4.958499758328074880e-01,-5.911685579278306291e-01,-5.407335450959249723e-01,-6.008067672217932698e-01,-5.878482812789116441e-01,-6.005164301145068384e-01,-6.705117865799780086e-01,-6.564666375505963103e-01,-6.503873322950202152e-01,-6.567145396588497386e-01,-6.721274422057228470e-01,-7.038638827540787402e-01,-6.813730436684231062e-01,-7.078547094489336944e-01,-6.907499830120248374e-01,-6.828790445302611589e-01,-6.413197622418883581e-01,-6.383984192190863549e-01,-6.557353106045554769e-01,-5.884330227980442141e-01,-5.786408910352049961e-01,-6.183258683735856076e-01,-6.462953704070637517e-01,-5.488368416585809317e-01,-4.904731519209676316e-01,-5.885910865215471244e-01,-5.426748138489643214e-01,-4.446858484349530682e-01,-3.162267539029101071e-01,-4.514153087111629215e-01,-3.904222411543753490e-01,-2.901090917391275226e-01,-3.895965684929720285e-01,-3.655498358326296771e-01,-3.229688848072741481e-01,-2.476284318781415972e-01,-1.411468480560132133e-01,-2.470473006995884957e-01,-5.032532372759033201e-01,-2.023556124191923933e-01,-2.628213635638410595e-01,-1.738176174021074938e-01,-1.959363787244794517e-03
-2.732547016636744930e-01,-2.510219959743113516e-01,-2.676791848704297427e-01,-2.769606304793162388e-01,-3.893019357974651928e-01,-9.619804110487337190e-02,-2.087479950490536973e-01,-3.576535446321315037e-01,-3.190525720326239933e-01,-4.036024840404898728e-01,-4.969576977403570295e-01,-4.535262147758382656e-01,-4.887203701183956417e-01,-5.010847538077977115e-01,-5.255559173160452291e-01,-5.268661458998501468e-01,-4.671457908198943798e-01,-5.894553765399435097e-01,-6.145933221297801285e-01,-5.396347733510709066e-01,-6.344546695590655982e-01,-6.086092671714562474e-01,-5.954112934487529873e-01,-6.374475908929891910e-01,-6.239125082719649829e-01,-6.693030777327562131e-01,-6.555284705535523448e-01,-6.706250449630696275e-01,-6.640449853034408045e-01,-6.871175638087995141e-01,-6.846513139029055672e-01,-6.744255805113046343e-01,-6.616501069990319284e-01,-6.722557187494497821e-01,-6.635207853867829408e-01,-6.478825122774294343e-01,-6.390793390598712431e-01,-6.153769515696052572e-01,-6.302728086287028297e-01,-5.827311426314046860e-01,-5.827178109568975639e-01,-5.259669997998537294e-01,-4.888189494828318327e-01,-4.781300342200693332e-01,-4.366192613181195670e-01,-4.195559929081323358e-01,-3.178420643065892892e-01,-4.317167932821137089e-01,-3.402650248486955298e-01,-3.313210507455792708e-01,-2.839540592259980345e-01,-3.394678603664439964e-01,-2.192152569299896658e-01,-3.017475592609257240e-01,-2.366655080799424660e-01,-3.336059739429254600e-01,-2.186565461377896202e-01,-1.159688287822810276e-01,-1.659858603984234182e-01,-1.306930872100344476e-01
-6.778509012842327819e-02,-2.673820635100306875e-01,-3.261085213556433327e-01,-3.391920412131644857e-01,-2.980391731749076900e-01,-2.378233296845380096e-01,-2.328782098633827291e-01,-2.967700973029817613e-01,-4.583287102245598987e-01,-2.639733620199343211e-01,-4.995994732656516280e-01,-3.355217821124625854e-01,-3.114175076846313339e-01,-3.080889049058758711e-01,-5.475327052519787241e-01,-5.175746120046580412e-01,-6.510795244240993318e-01,-5.911329528959752277e-01,-6.326374417126839900e-01,-5.267704973752564968e-01,-5.906724689099056569e-01,-6.012557316773758931e-01,-6.166948854492717569e-01,-6.115244460696009909e-01,-6.501031468936291358e-01,-6.387830854287230853e-01,-6.807388016970041811e-01,-6.576573825618799995e-01,-7.067903913002685501e-01,-6.852612852696063905e-01,-6.994381805548267605e-01,-6.922006329356676924e-01,-6.662838658377900902e-01,-6.438572297370915853e-01,-6.428318971019444383e-01,-6.324280584960362273e-01,-5.986390014398867976e-01,-5.950638112525357126e-01,-5.638684535314759660e-01,-5.692582098181668826e-01,-5.323845563112561408e-01,-5.185638540966703847e-01,-4.901685438357902269e-01,-4.717732980810094290e-01,-5.388482238704841443e-01,-5.412330516622014809e-01,-4.254200553618768810e-01,-4.109716557166901429e-01,-4.513899151884975813e-01,-3.459345923114062749e-01,-3.706572876419788609e-01,-2.051751730138799412e-01,-1.595740478774689830e-01,-1.715168614467630914e-01,-2.863524831514593916e-01,-2.185947789912549288e-01,-3.551155845087224372e-01,-3.198212857711958401e-01,-1.336431505282510979e-01,-6.220508767677988826e-02
-1.453897828630131284e-01,-2.243601355870028513e-01,-3.865169816260114466e-01,-1.594991522509082993e-01,-1.774826255135230069e-01,-1.707341157431308543e-01,-2.129986149387147198e-01,-3.383474050216235818e-01,-2.285325739667628253e-01,-3.789862499812189922e-01,-4.701236330557462262e-01,-4.414674210273205612e-01,-5.440337576077893811e-01,-4.007630656014218862e-01,-4.381330838455846921e-01,-4.500387758078892020e-01,-5.826722202649101678e-01,-4.929173421377288089e-01,-6.015152676277704114e-01,-5.571045351877195184e-01,-5.659189887785804896e-01,-5.895838802093195108e-01,-5.699441627262099574e-01,-5.972152565726079887e-01,-6.355555663263164901e-01,-6.418935246578698628e-01,-6.290492443650650412e-01,-6.951156665362487885e-01,-6.609634799576742381e-01,-6.768325313244774044e-01,-6.824708825995270400e-01,-6.752090072438163837e-01,-6.883459018349347147e-01,-6.553483151579732047e-01,-6.888533577724508250e-01,-6.275171188738619676e-01,-6.392724533159794831e-01,-6.278792623059135103e-01,-6.365437954198770454e-01,-6.438656507166087284e-01,-5.265097909081937200e-01,-5.409472785135296391e-01,-5.050188437569396172e-01,-5.064761620673781106e-01,-4.939366989976200495e-01,-4.689380778022510521e-01,-4.594463158616289844e-01,-3.670131903680768359e-01,-3.794511644543842044e-01,-5.100501169426301384e-01,-3.883656828137080907e-01,-2.854893182278296360e-01,-2.433537634151840545e-01,-1.767811214466035730e-01,-3.231766580313202852e-01,-2.893138543868302714e-01,-2.317867238727390755e-01,-1.440876603089087937e-01,-2.475410088803383091e-01,-1.379001832907892910e-01
-3.496546011168735202e-01,-3.734235933855121203e-01,-2.087242378232656015e-01,-3.539263359868480285e-01,-2.017009097532618811e-01,-4.109150951920564343e-01,-2.782962586441760089e-01,-3.416803506379461619e-01,-4.636228555797294315e-01,-4.142685097825150042e-01,-3.322461277907980959e-01,-3.646911311023581792e-01,-5.256231271265627836e-01,-4.780270330942222867e-01,-3.811213622454644456e-01,-4.046194076394709072e-01,-5.100096671903305845e-01,-4.910810852985078578e-01,-6.007348387960315117e-01,-5.646129545778041381e-01,-5.532542634355996913e-01,-5.922574672119729211e-01,-5.415762262377918912e-01,-6.415953108578862363e-01,-6.606440412144916063e-01,-6.478396750350333688e-01,-6.405614021748566866e-01,-6.906837491648890603e-01,-6.874331896367060768e-01,-6.642658379340303787e-01,-6.685191367829315112e-01,-6.587474798777903651e-01,-6.678979445091484113e-01,-6.628141298607841403e-01,-6.354753950628185821e-01,-6.267962032725737931e-01,-6.470901972039625472e-01,-5.962756165260213459e-01,-5.957107696049844803e-01,-5.851606458555832502e-01,-5.511183750509391910e-01,-5.865350030346241361e-01,-5.910721896153269261e-01,-6.173165358712620066e-01,-3.837826750970058098e-01,-4.729498992848270578e-01,-4.251037824391857289e-01,-4.085691339375475128e-01,-4.922442422461565381e-01,-3.622526365724498265e-01,-4.074828899888190969e-01,-4.095256166877653814e-01,-4.717469630904598255e-01,-4.275212838077749322e-01,-2.482242838168221277e-01,-2.392078213317844482e-01,-4.805473831733818035e-01,-3.666411706812316429e-01,-5.894980069062651096e-02,-2.423597819823901101e-01
-5.577519098325978142e-02,-3.142979427384182123e-01,-3.570779073829993266e-01,-5.797901410557001339e-02,-2.215782455922631899e-01,-2.544343945205985724e-01,-3.012336946020041650e-01,-3.191091453439948156e-01,-4.010742827159216040e-01,-3.324243065692139565e-01,-4.230255828250520933e-01,-3.826054516422771057e-01,-4.153570566218977578e-01,-4.702789461143336291e-01,-4.411881430588052710e-01,-4.064681102007446922e-01,-5.018216605705408950e-01,-5.227243857737347010e-01,-5.912637656775404649e-01,-6.045434472141067994e-01,-6.498400390328693543e-01,-5.958933466684185332e-01,-6.050568441012311727e-01,-6.469503816857278267e-01,-6.192121969577121243e-01,-6.873355055233409949e-01,-6.350220500150247638e-01,-6.602827312601643461e-01,-6.335604110192222249e-01,-6.754299578046523145e-01,-6.525833404947560812e-01,-6.623552610320218026e-01,-6.388525362456756174e-01,-6.765567339121465462e-01,-7.141665058083791484e-01,-6.597845838434971411e-01,-6.198029521921821772e-01,-6.113376643032464308e-01,-5.797129544897001718e-01,-6.107896858754633396e-01,-5.447180003845936147e-01,-6.179438686897886779e-01,-5.934392791912983522e-01,-5.609622263506214290e-01,-4.582040535651944468e-01,-4.670519802759102168e-01,-4.922777398526702042e-01,-3.470904295888864732e-01,-4.433084342548848644e-01,-4.954761464113291436e-01,-3.188569126886094951e-01,-2.715143871113504526e-01,-2.548731132153647660e-01,-1.454835113371172883e-01,-2.543523782931543242e-01,-1.191042120639485280e-01,-2.534204788040904655e-01,-3.227389374879928718e-01,-1.254285816809120047e-01,-1.796060932824879997e-01
-2.450602834471597435e-01,-2.682305907030848036e-01,-1.965435629704199993e-01,-4.364888528469294537e-01,-3.761445317027421464e-01,-4.180071787090765545e-01,-2.576877499463556265e-01,-4.124800480999187835e-01,-3.202902991480970352e-01,-4.278029895736127353e-01,-5.263351408675301935e-01,-3.927854835577972437e-01,-5.270549813926097560e-01,-5.481335443522400430e-01,-5.067133065606745923e-01,-4.917866665075752985e-01,-5.893501006591265190e-01,-5.638413980894931843e-01,-6.684950998298113678e-01,-5.074540874445808702e-01,-6.540069383825810601e-01,-5.732701555757298006e-01,-6.154760467219058118e-01,-6.279525163652935893e-01,-6.387912033242898469e-01,-6.719595192650367199e-01,-6.524325862832224265e-01,-6.215232988917485102e-01,-6.604602506389737337e-01,-6.410975817905495422e-01,-6.556999059051176193e-01,-6.599574040201112712e-01,-6.913382733250376111e-01,-6.478981553617599864e-01,-6.601891421762517975e-01,-6.844893158921437903e-01,-6.510248202837582987e-01,-5.446043864256066014e-01,-6.311661721498845745e-01,-5.837312060786341572e-01,-5.725549935578431171e-01,-5.242187425152717850e-01,-5.122668191889950817e-01,-5.610060451647750357e-01,-5.338250055883617673e-01,-5.653003721222922273e-01,-4.258639094323631857e-01,-4.970138736417188952e-01,-5.268703506491317912e-01,-4.489244951059147004e-01,-3.734208075487133183e-01,-4.097767490401070800e-01,-3.104485778372042537e-01,-3.246674358984871778e-01,-2.933500006180840836e-01,-2.194825087111978712e-01,-2.943276595545860630e-01,-3.345334780078880743e-01,-2.693561542904321371e-01,-3.445402304832805851e-01
-4.156399375338272195e-01,-5.347544091640769881e-02,-1.871117947644763413e-01,-1.874007541645830721e-01,-3.980031894074793630e-01,-2.424991463748127907e-01,-3.224852111869876414e-01,-3.293275570615530889e-01,-4.628860766102655400e-01,-3.293121148462208603e-01,-4.985467531604368396e-01,-2.933066260818195659e-01,-5.239903631665409067e-01,-5.003312281290728247e-01,-4.306282361266897674e-01,-5.363211809953341014e-01,-5.860269886787933258e-01,-5.671243582600314914e-01,-5.471454117740999212e-01,-5.495407967449172926e-01,-6.078766957918306790e-01,-6.033356668414393553e-01,-5.662773563883454209e-01,-6.567972134750236224e-01,-6.260186971421830560e-01,-6.292225402157270997e-01,-6.444911451157194771e-01,-6.429150354321423455e-01,-6.352434269489235508e-01,-6.283740273553559685e-01,-6.664112369655263990e-01,-6.588150171463187377e-01,-6.730142693989467073e-01,-6.432416803478104850e-01,-6.582020388515877896e-01,-7.611316000828372008e-01,-5.882003685221619538e-01,-6.174376852853258324e-01,-5.798615602601260299e-01,-5.647877725046047681e-01,-5.835565918900453841e-01,-5.490543751328285094e-01,-5.311379790225144726e-01,-5.296959032423153024e-01,-3.777891450424394337e-01,-4.624217708721410913e-01,-3.996669574326711660e-01,-5.082750665948880808e-01,-4.327382117151219454e-01,-3.731071164813468122e-01,-3.542065301784435571e-01,-4.754748308760095021e-01,-3.349581071971000634e-01,-2.232950652452319606e-01,-3.466739831669265470e-01,-2.486636021068822644e-01,-3.521423838862151046e-01,-3.855075880839752278e-01,-2.401981948147637880e-01,-1.962701756175893042e-01
-3.576077089510684148e-01,-2.732068325175701640e-01,-3.778440747824526325e-01,-3.906717463131814672e-01,-4.002652612003784194e-01,-4.243244605373358569e-01,-3.230092434451878880e-01,-4.884840355048698513e-01,-3.529498355994770131e-01,-5.603811303656112131e-01,-3.511109564515447201e-01,-5.477512648360903791e-01,-3.638238086869117205e-01,-5.258031906299274194e-01,-5.114132296789379861e-01,-5.170750833961086368e-01,-5.048721652966416951e-01,-5.725394440069520030e-01,-5.661685124980303518e-01,-5.335086766458153607e-01,-5.986545288813560628e-01,-5.598889446085468791e-01,-5.829652624080523537e-01,-6.427835398943726464e-01,-6.255421886348284666e-01,-7.300088127316051168e-01,-6.425057699900990071e-01,-6.570822495447988798e-01,-6.886985075990920135e-01,-6.865958806548384530e-01,-6.562933569274320700e-01,-7.058810573530496235e-01,-6.716776145048015678e-01,-6.605497365337085203e-01,-6.602104346312331895e-01,-6.630112142064301661e-01,-6.625197013759246412e-01,-6.076291240854132525e-01,-5.712006037389627533e-01,-6.109076872582858142e-01,-6.066378300795841616e-01,-5.909108970699944452e-01,-5.332788570265544204e-01,-5.593273590476497414e-01,-4.076579140422579295e-01,-4.908550369773278521e-01,-4.999424065098477810e-01,-4.048659826936864548e-01,-3.541561567391865450e-01,-3.054136487744826267e-01,-3.369571623313193931e-01,-2.189085549817078868e-01,-4.329890786529094204e-01,-3.383344832304296945e-01,-4.476164718570382339e-01,-2.874245749527238880e-01,-3.090310159038688886e-01,-3.019603335090447205e-01,-2.366967415049201495e-01,-3.851534481595364490e-01
-2.386137066902809800e-01,-3.093805799478590579e-01,-2.821292196377261363e-01,-2.887009993427464005e-01,-4.440829816471871250e-01,-3.259719148950420142e-01,-3.434739423484670651e-01,-3.535936407068817622e-01,-4.239116352530577503e-01,-3.820292215563136917e-01,-3.941724133685332587e-01,-5.107872286793334604e-01,-3.994037872916843535e-01,-3.717697019744464204e-01,-4.121498898317925708e-01,-4.352468561321146123e-01,-5.563632579163091396e-01,-5.152632532527914311e-01,-4.777740827134911439e-01,-5.387911428218581378e-01,-6.145100926889479620e-01,-5.974541399356876337e-01,-6.578529597321459699e-01,-6.437798108208622194e-01,-6.030712800729013390e-01,-6.589897943715783413e-01,-7.090175941934009352e-01,-6.853736560817941248e-01,-6.670151980232641442e-01,-6.403783122584146836e-01,-6.718914151258184031e-01,-6.408637345869349078e-01,-6.518619212418446107e-01,-6.430308844130829815e-01,-6.279979921707526946e-01,-6.322695740127157737e-01,-6.407670529637683465e-01,-6.692326280255034288e-01,-5.987095648420116545e-01,-6.525449762406483334e-01,-5.983622802037671384e-01,-4.944941428132477168e-01,-5.594591089282664464e-01,-4.152272759113743161e-01,-4.019182630826566016e-01,-4.500022713621797399e-01,-5.080938837592290369e-01,-4.524374770383051692e-01,-4.970515298740584842e-01,-4.917650201630314188e-01,-4.970741826276346420e-01,-4.437185370240572801e-01,-2.950806092221857080e-01,-2.477024433248342095e-01,-1.859313810642097275e-01,-3.100839925806105901e-01,-3.923568794832460460e-01,-2.309061820458289671e-01,-4.061815877010994669e-01,-2.529081812522611106e-01
-5.013778271469118142e-01,-2.824941128995085426e-01,-3.632891998246562393e-01,-4.213562836026795155e-01,-4.304224393684929484e-01,-4.086705609454737709e-01,-3.120903702206129782e-01,-5.575201324392788926e-01,-4.605074808290868793e-01,-4.105099646316592299e-01,-4.723353728508265514e-01,-4.951693050061158341e-01,-5.395089995259823024e-01,-4.117364290615421751e-01,-4.607108210816968641e-01,-4.740167258635535896e-01,-5.079813469273957161e-01,-4.925756489576688102e-01,-5.516099623747585667e-01,-6.070069765870604872e-01,-5.989546326790561315e-01,-5.599038143891517105e-01,-6.584085038237084131e-01,-6.113521357529168032e-01,-5.916280542340347504e-01,-6.400550313879753705e-01,-6.564537415951126054e-01,-6.699437608742471184e-01,-6.584547655462219540e-01,-6.056894873017153458e-01,-6.790933268816798929e-01,-6.510552592413777484e-01,-6.726751711690026614e-01,-6.277415171678428774e-01,-6.520239073423264031e-01,-6.137683669175338919e-01,-6.766291512697953925e-01,-6.261643842241325641e-01,-6.522652927005248014e-01,-5.538202674609563614e-01,-5.107692790163420593e-01,-5.017326632514566009e-01,-5.811820993764506005e-01,-5.751163775183887328e-01,-5.510246881701034161e-01,-4.344390215666343869e-01,-5.048735183861576825e-01,-5.329561760771064360e-01,-4.268631537398565046e-01,-4.279065438757962414e-01,-2.720679261615401301e-01,-2.628874769664789612e-01,-3.696742599633570658e-01,-4.061257861234193745e-01,-3.402803357098992953e-01,-3.991549023153596609e-01,-2.447165445332915856e-01,-3.030536531975928649e-01,-3.244151472938521796e-01,-3.530054563661687572e-01
-3.645161407026843436e-01,-2.533344089141146283e-01,-2.503896014062090281e-01,-3.806996807768848190e-01,-4.368068505797399470e-01,-2.003025911200259634e-01,-4.719313730860116851e-01,-2.843020811640499801e-01,-3.313717307325503292e-01,-4.934133176371228169e-01,-2.299094093608080036e-01,-3.395958188695550883e-01,-4.565031053419931206e-01,-4.767018121917067641e-01,-5.018547047166087571e-01,-4.709027543060779197e-01,-4.741830999394553992e-01,-4.626685078197295131e-01,-6.072477299997356415e-01,-6.423247782854504262e-01,-5.687409800010470029e-01,-6.089968782090863231e-01,-5.693176862918944980e-01,-6.094588640367407661e-01,-5.940589512171604580e-01,-6.111467052022631075e-01,-6.695438114348748471e-01,-6.501398525975892184e-01,-6.885065592649379784e-01,-5.811573210566719494e-01,-6.409527839140127803e-01,-6.929416592032099365e-01,-6.285247200504423537e-01,-6.655400433682997496e-01,-6.373075710846582975e-01,-6.201513359003414383e-01,-6.070902188170295144e-01,-6.293209016398633171e-01,-5.867645357886031032e-01,-6.487176479191607559e-01,-4.964888995931696636e-01,-5.856925581253230595e-01,-5.825695185057320202e-01,-4.676638014786245745e-01,-5.055874397394115594e-01,-4.500803194698690390e-01,-4.614525004169873768e-01,-4.805864019089408079e-01,-3.323427646080075459e-01,-4.138879952414053487e-01,-4.422890117393567522e-01,-4.396360445420527396e-01,-4.237958706535729370e-01,-2.456361358015981544e-01,-4.815294737143224202e-01,-3.286124970842577153e-01,-3.377247802669306465e-01,-3.096606918524991703e-01,-4.358434642512170609e-01,-4.598195505091325908e-01
-2.721513171372416107e-01,-3.828205476396780438e-01,-4.157309419000311257e-01,-4.975521623233712942e-01,-3.479490327603326216e-01,-3.654590770371909381e-01,-2.856282977959312408e-01,-4.118852177482507093e-01,-4.537432428533517692e-01,-3.347732507178897143e-01,-3.816757534068525581e-01,-4.988155548864110500e-01,-5.011414470103168206e-01,-4.774232912019694131e-01,-4.590966296792174939e-01,-5.915320848537328757e-01,-4.412204520367785099e-01,-5.573360911753716396e-01,-5.914256560530123386e-01,-5.827068927794518682e-01,-5.580534498309971392e-01,-6.615320167834605192e-01,-6.151215519008726984e-01,-6.526102070775293695e-01,-6.700760477959959438e-01,-6.190779752710791062e-01,-6.527286602595225862e-01,-5.928441755222093601e-01,-6.441002094242241904e-01,-5.657625167027200419e-01,-6.327987775893946232e-01,-6.336626439343344686e-01,-6.074171429842893932e-01,-6.074509345453076303e-01,-6.539921988423108568e-01,-6.604811719834599026e-01,-6.483796994985867590e-01,-5.554112558714539016e-01,-5.818467193203022969e-01,-5.327656935344464717e-01,-5.726102530575263305e-01,-5.491840515581712934e-01,-5.560229900990506513e-01,-5.080900188763937120e-01,-4.646789354834365282e-01,-5.726397578678542599e-01,-5.623756452686970997e-01,-5.474579859990910125e-01,-4.347217234142712883e-01,-4.340938741775747234e-01,-4.810433926753336920e-01,-4.269460130045169555e-01,-5.322834875724502535e-01,-3.376971926060640117e-01,-3.251988765797937941e-01,-2.909376863395652935e-01,-4.253527334434335505e-01,-4.352452280826332176e-01,-1.557756913702207646e-01,-3.584830068966093908e-01
-3.523164265734778366e-01,-2.892777416688344649e-01,-3.417449556457198279e-01,-2.269965367838136794e-01,-3.622232830675623516e-01,-3.302377617299943058e-01,-3.182717811708105082e-01,-4.273504798313058073e-01,-3.711804628426378927e-01,-4.482486451896152135e-01,-4.307966462431052079e-01,-5.460420710916313869e-01,-3.775289354831593003e-01,-4.466298715677409215e-01,-5.188821475712664943e-01,-4.607688646295396984e-01,-5.542711209928607996e-01,-6.040475216982780227e-01,-6.013425025415559677e-01,-4.753893657097298941e-01,-5.592572463998174426e-01,-5.516999841065146626e-01,-5.779560977736470928e-01,-5.965949332853284215e-01,-6.556674763864386302e-01,-5.987537735997857657e-01,-6.288452344070286637e-01,-7.264814637817496035e-01,-6.569105532211818588e-01,-6.086738472620253360e-01,-5.902879167799740534e-01,-7.087131830271961030e-01,-6.404818052437369902e-01,-6.451008723512383636e-01,-6.346160908012792312e-01,-6.322341009489569341e-01,-5.839663795884535435e-01,-6.171328369411381853e-01,-6.112115855742616954e-01,-6.045268810846695651e-01,-5.008352380222423905e-01,-5.899039096002399729e-01,-5.548143409683773397e-01,-5.932723379719857526e-01,-4.653617489301843935e-01,-4.881284213890923485e-01,-5.446123989341458138e-01,-4.728372330477871310e-01,-3.534359622241601828e-01,-4.537099758443323694e-01,-3.823720839190643539e-01,-4.054049431999920405e-01,-2.806960905261288164e-01,-2.498871341876324759e-01,-5.433572333241445396e-01,-2.992548565396470628e-01,-3.401239255233448611e-01,-2.941582411875299230e-01,-3.887801239250382457e-01,-3.232295230139680120e-01
-4.535001157299219932e-01,-5.122989101022570324e-01,-3.604360702423478058e-01,-3.566208057537224030e-01,-3.435823198609385676e-01,-3.856347925323290737e-01,-3.319332610413093798e-01,-4.029797953251222364e-01,-4.879206222408641880e-01,-4.257841121943525264e-01,-3.468416440196842587e-01,-4.464988315809249597e-01,-4.883465608164598848e-01,-5.088851920898302961e-01,-3.877142272689572677e-01,-5.246364121512930856e-01,-4.612198986345449336e-01,-5.208056405746528394e-01,-5.418006995548816374e-01,-5.200478724050994206e-01,-5.784423098801970697e-01,-5.691490891448035550e-01,-5.929001747862091554e-01,-5.926145259664694631e-01,-5.647710803966260462e-01,-6.620972398477864562e-01,-5.832242686840477530e-01,-6.314120437372255923e-01,-5.775125337645076185e-01,-6.589582937284133024e-01,-6.672470449518094204e-01,-6.193252773149240387e-01,-6.227782681223522632e-01,-6.305716286499047918e-01,-6.273436887494983072e-01,-6.727492667063190712e-01,-6.215415174523212238e-01,-6.260516991483036087e-01,-5.580584257908344226e-01,-6.146039414310623394e-01,-4.991104706224394616e-01,-5.252413568327066740e-01,-5.371217455356341874e-01,-5.092073864813358997e-01,-6.355314062149026721e-01,-5.202275361145405341e-01,-4.482349252156934694e-01,-5.835078275782529245e-01,-3.682084198316099566e-01,-2.742096979892948427e-01,-4.561198856857991979e-01,-4.018501729300067993e-01,-4.947191246142752519e-01,-3.764577553644085084e-01,-2.206915956223111652e-01,-2.353085402737530585e-01,-2.696121319561297636e-01,-1.897787294427749349e-01,-3.269967951865261346e-01,-3.885579861565620075e-01
-4.058504837567851742e-01,-3.236789587150930014e-01,-3.723468542305432560e-01,-2.518405205133939506e-01,-3.554338399904217738e-01,-4.106870831024297952e-01,-3.759908256493564305e-01,-4.334041079359214343e-01,-4.574032910108105088e-01,-4.708704758042047689e-01,-4.385968221274529344e-01,-4.234128338537035963e-01,-3.578711124971291624e-01,-4.284620748392689582e-01,-5.585947550128562700e-01,-4.288243431627636326e-01,-5.962613285628604043e-01,-4.847961199320888204e-01,-5.686919561796494049e-01,-6.274555125716428927e-01,-5.555253395367356628e-01,-5.191011398974025859e-01,-5.570240445419658570e-01,-6.682240977007471994e-01,-6.493039581198213339e-01,-6.145381673089903574e-01,-6.598396234185323062e-01,-6.769768549647497968e-01,-6.535745283784083481e-01,-6.529954204642929305e-01,-5.951388983007757094e-01,-5.817467253666317450e-01,-6.270808155783742510e-01,-6.520874829034439824e-01,-6.027515903821083487e-01,-5.980775487422702597e-01,-5.862124865800287798e-01,-6.812738650114331662e-01,-5.617279987109418116e-01,-6.123368721823677641e-01,-5.856440133955672644e-01,-5.701965376146640452e-01,-4.822228798008844075e-01,-5.675299693347292118e-01,-5.078748516881861352e-01,-5.329008324060982016e-01,-5.137479837895854162e-01,-3.348080756621696352e-01,-4.422230624382031405e-01,-5.369202230988262547e-01,-5.189557490476741641e-01,-4.753658899287095396e-01,-5.368259429574109287e-01,-3.451468669830329850e-01,-2.908492178722071886e-01,-4.153309226959954747e-01,-4.178724520400357578e-01,-3.950243165189659122e-01,-4.550987703889646241e-01,-4.539849669196394655e-01
-2.082057345762899081e-01,-4.985693127490118393e-01,-4.330104091493334195e-01,-3.546928598749329309e-01,-3.635464648103315932e-01,-3.118356880784047269e-01,-5.345907408865822052e-01,-3.697636000401970380e-01,-3.631864557969520235e-01,-4.406723242132244422e-01,-4.490190141912734356e-01,-4.832948088324988123e-01,-4.241177909491534170e-01,-4.333851933080721253e-01,-4.822921401172613476e-01,-5.108892623649103903e-01,-4.241991771182949122e-01,-5.919154061837453851e-01,-6.881422440335214219e-01,-5.820785802533061659e-01,-6.329588850299590064e-01,-6.124520436050400196e-01,-6.927620218093422100e-01,-5.693944733037442640e-01,-6.192966524682611551e-01,-6.500134764805192145e-01,-6.266571331350843099e-01,-6.097586535730158408e-01,-6.832647888957548155e-01,-5.497992976561560940e-01,-5.704070678201459410e-01,-6.088705883557665732e-01,-6.196707519271004161e-01,-6.195784005548741202e-01,-6.724252900551974665e-01,-6.119195983171036302e-01,-6.243751577999996361e-01,-6.225593877548781796e-01,-5.824669546876574122e-01,-5.816076267143717171e-01,-5.160210304976590168e-01,-5.573119884277210057e-01,-4.839586160222363320e-01,-4.002159013275944366e-01,-4.843585432916843736e-01,-4.962005852576987230e-01,-5.996472446831616621e-01,-4.255127885394278664e-01,-5.022685042861743110e-01,-5.352081524349492359e-01,-4.267149583340067442e-01,-4.573900176566585429e-01,-4.961738992556484762e-01,-3.671227241709479894e-01,-3.435628661341730838e-01,-2.761369165999293940e-01,-4.330853686670169678e-01,-3.000753525032338054e-01,-4.310645211390193299e-01,-4.620293869811445964e-01
-4.020691456376019879e-01,-1.783835156753525997e-01,-3.241700964305004873e-01,-3.392480315844309535e-01,-3.951658037902281428e-01,-2.369739058177047775e-01,-4.702653025367943829e-01,-4.735593710956363944e-01,-4.754039836935411989e-01,-4.021522022815430253e-01,-4.079280108084740175e-01,-3.827851969843314439e-01,-5.369939624465616124e-01,-5.089869581055554981e-01,-5.313582656987266839e-01,-6.283313307888656052e-01,-5.791395620882869855e-01,-5.563641782499131327e-01,-5.406332309275007075e-01,-5.337080402194512851e-01,-5.820548087335862819e-01,-6.309926908845145954e-01,-5.595642621567392672e-01,-6.303879962049393493e-01,-6.212851413402696865e-01,-6.573496774451106361e-01,-6.636689939278392902e-01,-6.444218946759502353e-01,-5.958099304907311655e-01,-6.303630335662167017e-01,-6.365750006429111707e-01,-6.344506571096786285e-01,-6.107349841425518955e-01,-6.938470173437594202e-01,-6.205840074960421449e-01,-6.048771005180904048e-01,-6.516962906456006399e-01,-6.565851465170255974e-01,-5.988575651435866787e-01,-5.559994924698803409e-01,-5.580809565118636240e-01,-5.230932452121093146e-01,-5.673003828557636741e-01,-5.977575732268263220e-01,-5.531309733313849453e-01,-4.869101172038048375e-01,-4.838166293411266805e-01,-4.623634937873725148e-01,-4.827917272470862997e-01,-5.522338810626379324e-01,-4.862866139216555084e-01,-5.228370654532614736e-01,-4.268626785206088847e-01,-4.757979609157188539e-01,-2.893093832557031009e-01,-3.891142111864235309e-01,-2.586994361240920193e-01,-3.523575990194589003e-01,-2.783016530909844799e-01,-3.414789563850247345e-01
-4.562587878143076203e-01,-2.306507354040426283e-01,-3.410187297569361453e-01,-3.153178910872937446e-01,-3.057148464952145206e-01,-4.959502276062935922e-01,-4.330960172265864716e-01,-5.101694377477474784e-01,-5.828143830115034563e-01,-4.380238788381948245e-01,-4.846309370921266790e-01,-5.302415972734980665e-01,-4.964092936375695264e-01,-5.273947185166698581e-01,-5.284850036664263673e-01,-6.138836444172517393e-01,-5.562895126443206939e-01,-5.965861103208240923e-01,-5.654977409803592092e-01,-5.949037770520889667e-01,-6.548241118918227688e-01,-6.048993348253957070e-01,-6.649782622723450221e-01,-6.576618111589980220e-01,-5.836106924345350055e-01,-5.774225927793562585e-01,-6.078614116594390770e-01,-6.700841191277540076e-01,-6.639714105597654958e-01,-7.071138172935504951e-01,-5.589380347805393834e-01,-6.437196548894018600e-01,-6.092247774921060177e-01,-6.214174749406808917e-01,-6.117815597522745508e-01,-6.001333970332525247e-01,-6.453644505624456240e-01,-6.403765574486255385e-01,-6.835760949814480014e-01,-5.567590053968142216e-01,-5.784184079596041972e-01,-6.321772732047017396e-01,-5.879226205322343191e-01,-5.740172797533267257e-01,-4.805708784887885443e-01,-4.607697398696394275e-01,-5.260136677091857837e-01,-4.559726654710213323e-01,-6.179526697056610951e-01,-3.700644615928150305e-01,-3.782189105536151175e-01,-5.535917594002297548e-01,-4.167752237694204998e-01,-4.602378031926600555e-01,-4.675610998233387106e-01,-2.745977552125065113e-01,-3.140160978414993087e-01,-4.408742087826335587e-01,-2.643481521739502460e-01,-3.520467410108951145e-01
-4.495335346255250331e-01,-2.974320437815816121e-01,-3.128180407353998715e-01,-4.835460842219371225e-01,-3.503979776627500486e-01,-3.980066312834528164e-01,-4.856335009704649819e-01,-4.316734696915268676e-01,-3.788752637309735771e-01,-4.480785029596986990e-01,-3.913616817001061010e-01,-5.360118394324595581e-01,-4.159879246888985027e-01,-4.685242305791570416e-01,-3.820810148558454467e-01,-5.226473833795605151e-01,-5.223746350081029943e-01,-5.822674841977397708e-01,-5.380221793959130139e-01,-4.778391227363598115e-01,-6.968655147029292340e-01,-6.661328614549837379e-01,-6.068348849845313087e-01,-6.042384041820839657e-01,-6.625992504631625923e-01,-6.870880450109396742e-01,-6.168657107179587040e-01,-6.492320505513742290e-01,-6.179253334694788657e-01,-6.824659393482553904e-01,-6.099960685583407649e-01,-6.130877494577505749e-01,-6.316587155195307890e-01,-6.813696109957942948e-01,-6.173857610216388903e-01,-6.585281763507340180e-01,-5.610113288728791892e-01,-6.006540343310499130e-01,-5.860094858640737536e-01,-6.118831511797447886e-01,-5.737655999676135599e-01,-5.480934317849918136e-01,-4.681815069349175573e-01,-5.094013140796859185e-01,-4.565964929282461671e-01,-5.280321434527044389e-01,-5.353544972148419623e-01,-4.706263717199232199e-01,-3.369878845762157016e-01,-4.445757418518431203e-01,-5.064829387045873821e-01,-4.709000913121147436e-01,-3.440489533896119445e-01,-5.282952516009604693e-01,-2.400288688249671287e-01,-3.023661368426897034e-01,-3.519869675805329390e-01,-4.572833140411202701e-01,-4.676040417117276471e-01,-3.360090509622957189e-01
-2.557006982800266170e-01,-4.543247224403151874e-01,-2.447863073179633031e-01,-3.528995296680123572e-01,-3.391272504743140237e-01,-2.981194611489527135e-01,-3.629326633993634199e-01,-4.709594313785657738e-01,-3.510375422699904546e-01,-5.241832085995529189e-01,-4.162724522756505730e-01,-5.181861536608749486e-01,-5.014309991107949172e-01,-5.078918170949537902e-01,-5.828560094103928391e-01,-5.952299643792178241e-01,-5.860951723791182344e-01,-5.428075497656970061e-01,-6.248052103796105650e-01,-6.085233299550527608e-01,-5.799711334870504276e-01,-5.815427167813890241e-01,-6.309165288344630307e-01,-6.346956533565293324e-01,-5.766679358492671215e-01,-6.070009470745914015e-01,-6.490093644261299977e-01,-6.318866905204034712e-01,-6.089780641585810228e-01,-6.565071476807691209e-01,-6.024676756646426545e-01,-6.266514816437778190e-01,-6.003947305520128674e-01,-5.643115995909898652e-01,-5.900349360000430865e-01,-5.611842916486733390e-01,-5.860527634414046672e-01,-5.254621008973685559e-01,-6.671009756314838501e-01,-6.017196179066803818e-01,-6.317167376938751522e-01,-4.915664170540003930e-01,-5.874065487187708490e-01,-4.079298963221688612e-01,-5.202346421995002190e-01,-5.545558190171764323e-01,-3.887526777053090798e-01,-4.700768209667035014e-01,-5.371006987629165508e-01,-5.389949005727706632e-01,-4.011953450854592873e-01,-3.739348838962380794e-01,-4.490036751229215528e-01,-4.874312890069507631e-01,-4.119145208208497833e-01,-4.858548627372395456e-01,-3.607941068405511320e-01,-4.562505419808404739e-01,-4.004676502658572335e-01,-4.579042984688344586e-01
-3.676045132263293103e-01,-3.555821938147721850e-01,-5.032023851564353389e-01,-3.708422081293860084e-01,-3.557447827857230238e-01,-3.406884901099752616e-01,-4.050595384840896540e-01,-3.057116203140296529e-01,-3.367696598602180624e-01,-5.801781932358351934e-01,-3.472765211479970637e-01,-4.781350867701504304e-01,-5.883985356415361023e-01,-5.055768609646045242e-01,-5.330980121517451265e-01,-5.786592672436252638e-01,-5.250834461447833057e-01,-5.158166776755446215e-01,-6.218636869251248367e-01,-6.093135551830174412e-01,-5.129016223978171141e-01,-5.546444248061310756e-01,-6.227591379186254716e-01,-6.320989851767837564e-01,-6.268061464441935238e-01,-6.571598539008988160e-01,-6.195934685269808284e-01,-5.891321398327926673e-01,-6.209095990391052533e-01,-6.029803424793886979e-01,-5.918202026204053556e-01,-6.730963372967316838e-01,-6.586427426678882480e-01,-6.117745343576143080e-01,-6.561173492345730995e-01,-7.194642783750679893e-01,-5.976500522229912793e-01,-6.419986351176927286e-01,-6.231923237281784544e-01,-5.443944145878802932e-01,-6.195049590678619600e-01,-6.284713244896544815e-01,-5.564063543742773232e-01,-4.527385752291870347e-01,-4.696110960958503888e-01,-5.900933410993109973e-01,-5.904159190681748104e-01,-4.478354223486322172e-01,-5.758451486052319490e-01,-3.915287667340868749e-01,-4.433712854911832646e-01,-4.035525484840069010e-01,-4.064150690374394581e-01,-4.079221685558316324e-01,-3.452780536422687119e-01,-4.638120020843123359e-01,-4.699000701488800225e-01,-1.857108773070733909e-01,-3.486563486413823965e-01,-4.344326908224023787e-01
-3.809547137765200153e-01,-4.105495776038307620e-01,-3.940318562535848335e-01,-3.014665282107549249e-01,-3.839767731361219960e-01,-5.074476866440467138e-01,-4.092043838234088460e-01,-4.010588937946676369e-01,-4.196575755913197203e-01,-4.782904070794041784e-01,-5.482186207067054617e-01,-4.914345042672539354e-01,-5.015794508677188235e-01,-5.336286375426706474e-01,-4.794627062931401396e-01,-6.207264426893324138e-01,-5.331964388926191400e-01,-5.364500360947086488e-01,-5.380396526576103344e-01,-6.379361749574987694e-01,-6.046130015021067283e-01,-6.862396091344429294e-01,-6.007158535244959685e-01,-5.981639194528229897e-01,-6.008911694727554487e-01,-6.737548171401172015e-01,-6.731147037610715200e-01,-6.130137965375839215e-01,-6.003942392792390725e-01,-6.101260835729688248e-01,-6.766775070523740609e-01,-5.670968164271522616e-01,-6.193045144627650211e-01,-6.828902713748045139e-01,-6.536294269835701831e-01,-6.353348937704899058e-01,-5.983732842755883352e-01,-6.377390454274234344e-01,-5.643306748727431321e-01,-5.192763491911358553e-01,-5.571225372402694997e-01,-5.347469033026468477e-01,-5.462451218443687972e-01,-5.936340071502630433e-01,-5.846212832454650288e-01,-4.611078821663656124e-01,-5.398049008313130503e-01,-4.064619145007851708e-01,-5.655985244175476545e-01,-4.267973516403785195e-01,-4.119596832904118822e-01,-4.243480923336739319e-01,-5.419651098471942596e-01,-4.731712666558273161e-01,-4.426130050621930323e-01,-4.019695349446618104e-01,-3.811157808889143461e-01,-2.303547215294354245e-01,-3.543712146520969775e-01,-3.444354840635989734e-01
-4.325553368080891081e-01,-4.600702971932664198e-01,-4.017364612377601896e-01,-4.606333043292601959e-01,-4.425888552037346990e-01,-4.773185236393792108e-01,-4.130796001602164980e-01,-4.040430707906995655e-01,-3.844634052071687069e-01,-4.218362446639963292e-01,-5.057449491143914955e-01,-4.956729969125380775e-01,-4.493404284325883680e-01,-4.078877307506089123e-01,-5.369025746768600893e-01,-5.117255656056484137e-01,-4.593248636291881182e-01,-6.528360395301916475e-01,-5.661898071351797457e-01,-6.156092751125333828e-01,-6.346045959771122735e-01,-6.134296715440969994e-01,-6.585385753843198131e-01,-6.324995333951010101e-01,-5.746199241518070711e-01,-6.678231766178613915e-01,-5.879965534652846770e-01,-6.402189142083444251e-01,-7.118338900601759445e-01,-5.967595811567945052e-01,-6.046513417278498448e-01,-5.549042820244506347e-01,-6.279020129718764220e-01,-6.604535286414607853e-01,-6.729348040118030561e-01,-6.041847182570095898e-01,-5.200099094995737081e-01,-5.398729996355942085e-01,-5.941607189314483950e-01,-6.071218120127707119e-01,-5.769485003194343431e-01,-6.594729904502182327e-01,-6.407866792185740179e-01,-5.513657494633628087e-01,-5.615138424148635732e-01,-3.940959602639766413e-01,-5.194964428860414651e-01,-5.126927419368796368e-01,-4.164174196267375061e-01,-3.643231834754058207e-01,-5.498581813956247011e-01,-4.637016274463418020e-01,-4.622617745100077724e-01,-3.933299019060317869e-01,-3.995397627693702547e-01,-3.948115053315212064e-01,-3.334840016950513797e-01,-4.159246800542472644e-01,-3.141519886057621003e-01,-3.909683929368970579e-01
-3.083421280535388331e-01,-4.248250351250107970e-01,-4.805904412987623830e-01,-4.486694021839071067e-01,-4.655082353704212972e-01,-3.976299203627672307e-01,-4.804368702667372593e-01,-3.928124659552693632e-01,-5.168326404471882407e-01,-5.195279724743837590e-01,-5.677317201935704327e-01,-5.611881852575262286e-01,-4.745611580321627554e-01,-5.739475448714081995e-01,-4.488734651646596463e-01,-4.750358173714458454e-01,-4.284007098773070510e-01,-5.577647416600279850e-01,-5.032733315883675118e-01,-6.012542441495407619e-01,-6.135805008078301093e-01,-6.145729824471534153e-01,-6.378990725261409755e-01,-6.304003258240469254e-01,-6.417327078071203283e-01,-5.949625293597667897e-01,-6.703278397676804001e-01,-5.417541226885149719e-01,-6.663842120551628501e-01,-5.847264267634415535e-01,-6.147140965616902930e-01,-5.976599941660929449e-01,-5.931499187803024320e-01,-5.670342068741837105e-01,-5.360426621109946055e-01,-6.054612480706655919e-01,-6.923969995018017798e-01,-5.891702679858777936e-01,-5.661752781436152349e-01,-6.244464256708124328e-01,-7.018194368244694559e-01,-5.505267514703877652e-01,-5.466002008616170915e-01,-6.142856197196884249e-01,-5.210370165562903111e-01,-6.073731799935692122e-01,-3.985720511719200720e-01,-5.384228569114293261e-01,-5.387759487960309679e-01,-4.511442159025996768e-01,-5.859578061761967493e-01,-4.505542119242389454e-01,-3.391368080995607048e-01,-4.133647517853823450e-01,-3.935608937635596272e-01,-4.894596426805669087e-01,-5.329719628377692642e-01,-3.441411010866577413e-01,-4.623355806333352414e-01,-5.065449341880453593e-01
-4.130531346489373368e-01,-3.860448371267312107e-01,-4.879327269760516117e-01,-3.595562503193797665e-01,-4.753352963098081974e-01,-3.990278616438628356e-01,-5.609502334422968861e-01,-5.406204585649180272e-01,-4.536007008361799819e-01,-4.771929977245270571e-01,-4.005646054160364455e-01,-4.581459032449141100e-01,-4.011321132804068768e-01,-6.041226365987130142e-01,-4.998901853456692024e-01,-5.828442349281119927e-01,-4.318791482172367191e-01,-5.059191140857908220e-01,-5.119230682762021534e-01,-6.157102632872091252e-01,-7.004237784104393461e-01,-5.885575023036587750e-01,-5.835542367922494922e-01,-6.258696502412279816e-01,-5.729458770599495931e-01,-5.586301417263247471e-01,-6.059405586599002635e-01,-6.479175552069856847e-01,-6.171706356431735374e-01,-5.716626926504023709e-01,-6.574481544340764483e-01,-6.077520302979422251e-01,-6.277225296560571266e-01,-6.049049021803308834e-01,-6.684784665504880374e-01,-5.901352750722588247e-01,-6.448973887019924245e-01,-6.350698482766021780e-01,-5.248049361875063434e-01,-5.858210452103187471e-01,-5.430846253374222998e-01,-5.905164028211827842e-01,-5.177662953359909448e-01,-4.845153518381925539e-01,-5.197898555243367635e-01,-5.527192457153456973e-01,-5.080008633555979092e-01,-5.921117291049676767e-01,-5.493291945258311770e-01,-5.064899784661014426e-01,-5.043292354793431631e-01,-5.458519098867187225e-01,-3.852763982127915265e-01,-3.778640771197935844e-01,-4.922891476445140357e-01,-5.046839034474868146e-01,-3.838167527663394751e-01,-3.237303706540383685e-01,-3.877558297612743732e-01,-3.706293122968399301e-01
-4.106543521542776465e-01,-4.469460116024857044e-01,-5.045042820401473005e-01,-3.873315239057746329e-01,-4.857234348332375440e-01,-3.656245348387835437e-01,-4.497469177151470765e-01,-4.382715976614706688e-01,-3.615212290623156521e-01,-4.973432116680317483e-01,-4.703982970829002075e-01,-4.647933572349905451e-01,-4.572647872901847710e-01,-4.493282695507456737e-01,-5.672850195276702978e-01,-5.822960562742030000e-01,-5.285912574809576991e-01,-4.355825937433445705e-01,-5.636356086043796676e-01,-5.954734379262608401e-01,-5.586203236991976739e-01,-6.508646236714334954e-01,-5.290018191715355478e-01,-5.899663924511441282e-01,-6.390374291991426370e-01,-6.494145885923389150e-01,-6.129532296399908819e-01,-6.609438924932075077e-01,-6.154266905583182234e-01,-6.505370726679685633e-01,-5.489989589414538962e-01,-5.782265488996500835e-01,-6.563483291409845100e-01,-6.074460670216625946e-01,-6.346082126640579801e-01,-5.462666606022007487e-01,-6.005347401550252817e-01,-5.828830615561702011e-01,-6.471288054640812470e-01,-5.716155770534226965e-01,-5.351141650665868221e-01,-6.026376877866127524e-01,-6.094974184142428753e-01,-6.567638620385735093e-01,-5.474168136961508058e-01,-5.088956975003060546e-01,-4.773305826553851938e-01,-5.527308878584464846e-01,-5.626234098068269018e-01,-4.956016899418699273e-01,-4.871753364011735532e-01,-3.257672946136883629e-01,-4.046933914490152273e-01,-4.274201588960758746e-01,-4.550947925303877595e-01,-4.323760589302110269e-01,-3.582852388067300220e-01,-3.621336336535498357e-01,-4.189931888731958654e-01,-4.657202460352284912e-01
-3.456022476002068577e-01,-3.907606125415206688e-01,-3.733946605312634115e-01,-4.138732671083477088e-01,-4.416209592514846460e-01,-5.010847340892182755e-01,-5.160155845400903329e-01,-4.120122018000973441e-01,-3.472747213877001027e-01,-4.586306391897155277e-01,-4.984096681887611457e-01,-4.686679462349216396e-01,-5.179449768796341447e-01,-5.989582762224271439e-01,-5.144409089610758601e-01,-4.802428573221169117e-01,-6.697405798081764727e-01,-4.998658839881796601e-01,-5.983607301082930485e-01,-6.266271376495644585e-01,-5.973291109361530404e-01,-5.869177771445014402e-01,-6.023858519915086251e-01,-5.591009379683177238e-01,-6.433092844721313153e-01,-6.237596123809557858e-01,-6.067600488200796116e-01,-6.266771057938452794e-01,-5.365953505276015445e-01,-6.843414751056762224e-01,-5.786270598042703162e-01,-6.441695192007366177e-01,-6.497160544574235308e-01,-6.000100727159742853e-01,-6.420063048563673380e-01,-5.727372811941693342e-01,-6.017763404176655895e-01,-5.791006631991983955e-01,-5.865362796481037311e-01,-6.607027620388183919e-01,-5.493987402909888962e-01,-5.940019777957719072e-01,-5.606680261768314244e-01,-5.330188023440874945e-01,-4.986160583549724135e-01,-5.777804254488728697e-01,-4.672194093794698189e-01,-5.255423800174389148e-01,-5.413689717061554996e-01,-4.914456182139116391e-01,-5.359090819084426638e-01,-4.646677617468328303e-01,-4.989185052869217207e-01,-5.822254003839025804e-01,-5.619328228002263836e-01,-4.498976691746763845e-01,-2.752914391047313059e-01,-3.865255378027078192e-01,-3.962522715414199537e-01,-4.471329098055790152e-01
-4.265003880021480676e-01,-3.299410642619004519e-01,-4.758891763279329834e-01,-4.169938690619433008e-01,-4.212517845361239965e-01,-4.781769006089970908e-01,-4.780681632183235164e-01,-3.949257380816690866e-01,-5.149066104782616948e-01,-4.186002255981757791e-01,-5.742439162848660406e-01,-5.372511582624881488e-01,-5.359005013110904603e-01,-5.294810520162895884e-01,-6.990803762748591943e-01,-4.800824455575696814e-01,-4.770103903373983378e-01,-4.969904974609186121e-01,-5.018595424975175190e-01,-5.876882170979704778e-01,-5.933853405820979088e-01,-5.709048128520282095e-01,-5.860943569784076157e-01,-6.158404632937006795e-01,-5.961486476460235995e-01,-5.665348046047342656e-01,-5.944406086213802620e-01,-6.589497443295517787e-01,-6.744567223788380250e-01,-6.628618012751338329e-01,-5.539065392939969135e-01,-5.938644805394350801e-01,-5.949176384034220444e-01,-6.111235003704829083e-01,-6.502563331636632693e-01,-6.307649578220532183e-01,-5.726011219450961587e-01,-6.466607386212275266e-01,-6.599563267949136725e-01,-5.942325877547702806e-01,-6.022977776252906867e-01,-6.423788051133809685e-01,-6.207121655874134891e-01,-5.404080414964258505e-01,-6.001951472181984437e-01,-5.228574552696289013e-01,-5.236053541076199913e-01,-4.600843197296438092e-01,-5.743771072776028275e-01,-4.722838146029455508e-01,-5.378431776743409776e-01,-4.364115646509119095e-01,-3.868252687394090339e-01,-3.289850910630957026e-01,-3.955986497248412115e-01,-4.429270002346022972e-01,-5.117002724461630070e-01,-4.112544862121506606e-01,-4.213262464456077327e-01,-4.612060144480339963e-01
-4.627941862337598411e-01,-3.770453732486116483e-01,-5.582067797663629038e-01,-4.873167523201753504e-01,-3.709627504150778132e-01,-4.486590268977777574e-01,-4.310626421575558531e-01,-3.849088515926240572e-01,-5.264317367057552710e-01,-5.006999445716673325e-01,-5.293256010532989553e-01,-4.741926545962638073e-01,-5.217647023150699948e-01,-5.074532092363983615e-01,-6.700493423017070960e-01,-4.994756514626022548e-01,-5.128185592050487074e-01,-5.575635815464793366e-01,-5.517622475861713172e-01,-5.826775300402939894e-01,-5.967961657770639583e-01,-6.349637491229896957e-01,-5.603207910199969888e-01,-5.540583658605892081e-01,-6.897104205329867010e-01,-5.740842089836382112e-01,-6.116135186564808368e-01,-5.569648731014373855e-01,-5.640879852785170012e-01,-6.511325289731286770e-01,-5.451518744017175289e-01,-6.229723097281738564e-01,-6.205701591249936921e-01,-6.040692425297048418e-01,-6.011157347936263440e-01,-5.794269583788578259e-01,-6.707864240561459690e-01,-5.871600458473907880e-01,-5.851762816155755553e-01,-5.653867110174084498e-01,-5.333258587315772292e-01,-5.700178456326547849e-01,-5.399326859188260386e-01,-5.626629428513809650e-01,-4.932922418945852039e-01,-6.228410564360696844e-01,-5.590955419786445280e-01,-4.811605259914306099e-01,-4.578376197045749829e-01,-3.595106072425988120e-01,-4.386880692830114614e-01,-5.128177430856191155e-01,-4.027740675243106638e-01,-4.313172569837098180e-01,-4.279916921932779283e-01,-3.365350871688127521e-01,-4.647750000845489171e-01,-4.464033802505616433e-01,-4.063327347893682107e-01,-3.926426994119617264e-01
-3.533937452685511627e-01,-4.354466033643060174e-01,-3.933829114600839727e-01,-4.145928544280134131e-01,-4.282338245035085533e-01,-3.396759274228350889e-01,-5.298170994590416516e-01,-5.605646489602420512e-01,-4.949354795346760372e-01,-4.951012021934850793e-01,-5.109797330393899273e-01,-5.637862362659143978e-01,-4.852417380339745234e-01,-5.381038573051519780e-01,-5.334974057132700898e-01,-5.415926891004395616e-01,-5.925989044984775189e-01,-4.370770971498479374e-01,-6.786293498187896400e-01,-5.778363251027691661e-01,-6.285299040924854364e-01,-6.099670311835796443e-01,-6.137834750529400640e-01,-6.337412706608681612e-01,-5.928629794441998557e-01,-6.131175953594405481e-01,-6.307483852143385139e-01,-5.510469021616009044e-01,-6.487265538644744201e-01,-5.909659137818188412e-01,-6.108980299124281421e-01,-6.320370528247116759e-01,-6.354585177045606326e-01,-5.891486803945410466e-01,-6.353101869750357178e-01,-4.908268971154113869e-01,-6.026516485266187884e-01,-6.087354169305857488e-01,-6.337122164763969723e-01,-5.889729929418510146e-01,-5.533528578604933745e-01,-5.915348225837676610e-01,-5.868517482944455299e-01,-6.179047374338105802e-01,-5.745830847182211709e-01,-5.972984947977395542e-01,-5.879317266437966705e-01,-5.766785358847315024e-01,-4.461468270584198481e-01,-4.348248765359613577e-01,-5.381055476329354992e-01,-4.288638394005852561e-01,-4.997526193994151211e-01,-4.304226026299782792e-01,-4.395823959645717705e-01,-4.702401066317953848e-01,-4.776132708342414324e-01,-4.780620378984186125e-01,-4.774819436705512454e-01,-3.386953562362919334e-01
-4.919804469588316964e-01,-4.230728677049443998e-01,-4.843819543793181914e-01,-4.356025256788680911e-01,-5.100418235785292298e-01,-3.656637316813239336e-01,-4.357206524963235239e-01,-4.593027740632723566e-01,-2.980451327416447360e-01,-4.281459517785340951e-01,-4.662731003806980246e-01,-5.534365825656145654e-01,-5.620862923483040952e-01,-4.338223649136518922e-01,-6.247381378764809146e-01,-5.083966054106554555e-01,-4.563546462980559992e-01,-5.225560548036536357e-01,-5.488762570329495105e-01,-5.495186349741543186e-01,-6.208775317206089994e-01,-5.663719183325570672e-01,-4.699679480492854333e-01,-5.576190804241101251e-01,-6.204554571550568998e-01,-6.504501184348610021e-01,-6.123718864215390578e-01,-5.765973930285444027e-01,-6.470567648674822037e-01,-6.422225387945172947e-01,-5.862442626805314250e-01,-6.856291797295563928e-01,-7.000675998239962450e-01,-6.966975529210517326e-01,-6.136874634930366001e-01,-6.410095682944021434e-01,-6.332866672032971822e-01,-5.837087508670758540e-01,-6.024907409446236262e-01,-5.870534353165461905e-01,-5.944781021912892705e-01,-5.775793731571330358e-01,-5.855328661695575754e-01,-5.141559230183355700e-01,-5.710730137005926021e-01,-5.947352963288145000e-01,-5.470414857924129626e-01,-5.390768531680012465e-01,-6.017986666333234869e-01,-5.192352422729473727e-01,-4.491568623032056173e-01,-3.847004684678553277e-01,-5.796634009460303050e-01,-5.886853006347089190e-01,-4.962643043395503772e-01,-5.169749052643167753e-01,-4.475678305778013066e-01,-5.030039679848371525e-01,-5.227835264797779935e-01,-2.732798111288326504e-01
-4.868729471313654744e-01,-3.031028703009999714e-01,-4.186202185684482768e-01,-2.939013142088562347e-01,-4.143976794188597990e-01,-4.708823469367846570e-01,-5.015477860151931200e-01,-5.194732246834599110e-01,-3.095887364230020533e-01,-5.323543193015534136e-01,-5.208775428078071812e-01,-4.078576656074319184e-01,-5.099095427777494693e-01,-5.687195086804965882e-01,-5.591592747481657355e-01,-5.473026580797042406e-01,-6.042921640763648794e-01,-5.014410353137641607e-01,-4.753312043070389015e-01,-6.539382197328371671e-01,-5.747495242974014484e-01,-5.691846087914247398e-01,-5.923373916528039684e-01,-6.058152989206037065e-01,-5.661156558152604656e-01,-6.013331088667810409e-01,-6.593984051821638603e-01,-6.203972326704331186e-01,-6.284906047798820561e-01,-6.737462198555149717e-01,-5.919536372995872764e-01,-5.344484739043408039e-01,-5.772833535522885473e-01,-6.697862324238619269e-01,-6.090704528193414680e-01,-5.642234429892152292e-01,-6.115466953741834910e-01,-5.879693607609688399e-01,-5.970221506018199564e-01,-5.892249918850267498e-01,-5.151497173757084713e-01,-5.216193189782417639e-01,-4.730024076775515285e-01,-5.390377168446168765e-01,-5.324453104317889984e-01,-6.040151435215268538e-01,-5.357480607450082477e-01,-5.738497228127756866e-01,-5.222597103749631042e-01,-4.823776055708620669e-01,-4.332939490795768012e-01,-3.545120296676093075e-01,-4.414598478149736605e-01,-5.188392055255823809e-01,-4.008056652026580902e-01,-4.811676668219025954e-01,-4.031963995231638842e-01,-3.181045107264467431e-01,-4.276567078495337459e-01,-5.078407764109698075e-01
-4.686089153768882021e-01,-3.662047744162915119e-01,-3.888099987621154163e-01,-2.755178476764688633e-01,-4.619393544417889075e-01,-3.383950656276651370e-01,-3.916108553301934636e-01,-4.989276742207517934e-01,-4.806816238495019711e-01,-5.821340247264205070e-01,-5.719710495393159899e-01,-5.372954413678853181e-01,-4.796350151422015817e-01,-4.853614330443679625e-01,-5.230648166636886476e-01,-5.368552852400673148e-01,-5.600241051057491815e-01,-6.119216183418996202e-01,-5.681039190936136851e-01,-5.587961801516191374e-01,-5.963855765192603853e-01,-5.967079229573595267e-01,-5.687231659561992059e-01,-6.789245829678657307e-01,-6.018837346618500783e-01,-5.651702325785635805e-01,-6.297108811988315624e-01,-5.753442659341385657e-01,-6.150202612191425500e-01,-5.764156927745963666e-01,-6.895613151372848026e-01,-6.059774730716385172e-01,-6.060815852495390343e-01,-7.002024480266099138e-01,-5.152529473129339177e-01,-6.469658368304829210e-01,-5.834218995722941781e-01,-5.200367900499236473e-01,-5.852051232623260990e-01,-5.622642039349290410e-01,-6.046536709030250201e-01,-6.841283911583000421e-01,-5.515877239550368571e-01,-5.763669384327254619e-01,-6.488329966717325537e-01,-4.947946535756992392e-01,-5.484813798711892785e-01,-5.577718740563867295e-01,-5.870946256778217798e-01,-4.779051280692535597e-01,-4.895135988134757810e-01,-4.951631994320224162e-01,-4.238205517983518744e-01,-5.066379463069571321e-01,-6.321405411435412347e-01,-3.458089732057328947e-01,-3.418951181137394046e-01,-3.913968323226507118e-01,-4.382284109830343333e-01,-4.145456659489378803e-01
-4.169789453585399097e-01,-3.695645448988267856e-01,-4.311421929623517890e-01,-3.697364655195504723e-01,-4.771221840896638922e-01,-4.596424354870775053e-01,-4.838976536024623409e-01,-4.299549362263618835e-01,-4.858130585393761192e-01,-4.315113454383238678e-01,-4.509183829232988883e-01,-5.328166105890634885e-01,-4.985021951327371914e-01,-6.113010938530616389e-01,-5.341929625057751929e-01,-5.611617051697970204e-01,-6.264878847587269650e-01,-5.957172154802774511e-01,-6.273320465089173847e-01,-5.966249283317701657e-01,-6.046392908823872148e-01,-6.108494121739159732e-01,-5.245389723236524304e-01,-6.697838198026834222e-01,-6.107199318306237856e-01,-6.150718840460414061e-01,-6.399216020768850877e-01,-5.679193675467707481e-01,-6.279349130252073197e-01,-5.587365235252205187e-01,-6.159253738916523613e-01,-5.475830139537070096e-01,-5.869615599809522299e-01,-6.130307311137924708e-01,-6.444736787522211685e-01,-5.975709153526360673e-01,-5.961265552066059570e-01,-6.638900335798240127e-01,-5.899019613466522927e-01,-5.415103375334695546e-01,-6.539108456009826709e-01,-5.169293116781121800e-01,-5.227334646248124050e-01,-4.283652071767872771e-01,-3.888500701909539115e-01,-5.210429538173366737e-01,-5.123684475838093944e-01,-6.012645415893764778e-01,-5.470262765659203996e-01,-4.054865553369252917e-01,-5.460169973277390065e-01,-4.864424796121003536e-01,-4.847245930032375583e-01,-4.487486438229826291e-01,-5.581590099452597986e-01,-4.594938446490758888e-01,-3.741042592430906533e-01,-5.626412840986221298e-01,-4.985626205164649383e-01,-5.236028410158423130e-01
