-7.648771984712999794e-01,-8.478283345186389264e-01,-8.159300167934750991e-01,-8.362888841333271372e-01,-8.225473502459964559e-01,-8.870927789870757252e-01,-5.486278226629723864e-01,-6.059114569326115030e-01,-5.127486059090352599e-01,-8.426246993804131780e-01,-3.764802869368826799e-01,-3.003267717334708320e-01,-3.313630731474557778e-01,-8.547982863863486935e-01,-5.694404229222197467e-01,-4.896313393443806339e-01,-5.701572498474857253e-01,-3.162430752080463425e-01,-4.121687404337663341e-01,-1.191280793448181996e-01,7.212316740896468174e-03,-2.145326089009550741e-01,2.162300069457888038e-02,3.991661570266052950e-02,-9.666209769530950680e-02,1.715400693147988709e-01,2.832824154983466514e-01,3.831098120311501321e-01,3.340547662808530660e-01,2.749220332728886662e-01,4.347241667985844993e-01,3.306814354244588250e-01,3.112743875896726853e-01,5.211815832606101484e-01,2.484042431250249872e-01,3.166625124759036014e-01,4.510031093956426429e-01,4.200351765762675993e-01,3.519883080463938052e-01,4.463145460028587475e-01,4.961786828018180384e-01,3.206308882192436260e-01,6.719289584437702079e-01,4.673795846310460078e-01,3.082249817630042799e-01,2.942453747400645137e-01,2.164574787172280634e-01,1.948501194235817136e-01,2.863166979624801600e-01,2.121837294510485195e-01,3.610661917076020133e-01,3.301972019640534439e-01,-2.321740304948395270e-02,2.320756869356392083e-01,1.894485100979003966e-01,3.968755975757167209e-01,2.224876538441434570e-01,2.513422603506981767e-01,3.575715949309757891e-01,1.750810797398767438e-01
-7.357839126997371970e-01,-7.360075491902416944e-01,-8.818786903139491651e-01,-8.237219530676057611e-01,-8.422956000712534808e-01,-8.302433318441527765e-01,-8.246488370037194926e-01,-7.796675377407804586e-01,-8.235991830192732621e-01,-7.256981403078723858e-01,-7.458799125798107887e-01,-7.494582319518064972e-01,-7.356239388017326020e-01,-7.405626194833345721e-01,-7.119705855932190186e-01,-6.806675959454281388e-01,-6.396463105834691021e-01,-5.737390306619321034e-01,-6.092630799611017389e-01,-6.050291825975455673e-01,-3.783152336045755848e-01,-3.044178572153473650e-01,-1.473442880027696633e-01,-2.820894736730865660e-01,-2.737842870897111425e-01,-2.709661617167620773e-01,-1.418352382661586808e-01,3.060493021226144972e-01,-2.557835214173816846e-02,2.854748163009525053e-01,2.701442810637151304e-01,9.995377668922907077e-02,1.672902267018908096e-01,2.422634689601470964e-02,1.160753698948393253e-01,1.460072824264054547e-01,1.950813006888377776e-01,1.573275621250638245e-01,3.609447435284157679e-01,4.022989155882413792e-01,4.199224341312491338e-01,5.120527071071652170e-01,4.658133696295904680e-01,4.426345153773941776e-01,4.824426492314282666e-01,2.704999557089248774e-01,2.395186045108201878e-01,1.094872200575715410e-01,1.354489528579990165e-01,-1.299394927999115157e-01,-4.397882907716502143e-02,2.049184926904686621e-01,2.343058051188022795e-01,-9.441333207257372739e-02,1.149550588470597268e-01,2.027365844695273311e-01,2.861934547501690518e-01,4.775134992977405624e-01,3.562433709062706733e-01,3.364617242746437142e-01
-7.748946104998037931e-01,-7.266611529120698965e-01,-6.424872510681761684e-01,-8.051253314829033281e-01,-8.266230828442056033e-01,-8.447418334867276002e-01,-8.545864897131123517e-01,-8.183038450062903868e-01,-8.058313577941721428e-01,-7.860187138350782643e-01,-7.993610185942865431e-01,-7.828133661693552625e-01,-7.376713794853211326e-01,-7.222043706737860669e-01,-6.997311022419759885e-01,-6.873067886438504193e-01,-6.398585833463513728e-01,-6.647135562875156056e-01,-6.371047975352079895e-01,-5.316787592997095357e-01,-5.498524786071820047e-01,-4.501753343637591165e-01,-3.621014239159123238e-01,-3.144793939553812701e-01,-4.545775407007687785e-01,-2.747771238856332454e-01,-3.267165705120897434e-01,-2.947167664140338816e-01,2.362308732533210248e-02,-7.287071691447294386e-02,-1.536473943803056200e-02,1.812504691684292332e-02,-3.645484575209949341e-02,8.908021538911770065e-02,2.156827469340969958e-02,1.717410712801695216e-01,3.581334530184017706e-01,1.848383966203852036e-01,1.791634306542102262e-01,3.652373327041092965e-01,3.344471674241543124e-01,1.366671785735156242e-01,2.418089905822407015e-01,2.786664092163639861e-01,3.533635741895296278e-01,2.354564182549031826e-01,3.635647421746974195e-01,1.493998790831650714e-01,1.012225042858804214e-01,2.199357974375851146e-03,2.295834654767764035e-02,4.775968095272598718e-02,2.217849190825016414e-01,1.461723325503414272e-01,1.525823529698871750e-01,3.497098876544465496e-01,2.797519469915070167e-01,3.221496922298281440e-01,1.298627850085626867e-01,3.116186525032626498e-01
-7.959179955425688124e-01,-6.559539591939265168e-01,-9.023612980323101329e-01,-6.671050271130717357e-01,-7.194722974817068240e-01,-8.294048629378906190e-01,-8.329011796372762788e-01,-8.166641396741169956e-01,-8.265397894079580254e-01,-8.213403655161414241e-01,-8.017192546424241062e-01,-7.840806660426296038e-01,-7.544248074289766626e-01,-7.310399026496974262e-01,-7.039959802963916546e-01,-7.389612596217873808e-01,-7.119376028597361739e-01,-7.050456631933575968e-01,-6.608133601528475287e-01,-5.290416324729740882e-01,-6.154495245102142853e-01,-5.525438689321522379e-01,-5.099384681722908264e-01,-4.778366377649660990e-01,-4.025767882527239716e-01,-3.808101623020548887e-01,-2.120062082920453617e-01,-2.974883965384099715e-01,-1.969324618860453513e-01,-2.952343217601934855e-01,1.198458027656459403e-02,-8.609064460148624365e-02,-2.079386823000216045e-01,-1.057960698809888023e-01,9.213298258578672337e-03,1.119018341295571206e-01,1.090240645865710317e-01,1.305051677148950841e-03,9.631870367951148038e-02,3.386523482368507532e-01,2.424288450092390579e-01,3.381120629029765179e-01,3.119656254707868226e-01,2.751672376348338056e-01,3.345426422854537174e-01,2.386010094042597396e-01,4.040980685341322709e-01,2.090033781714719097e-01,7.114595988845148593e-03,-2.039190155105066737e-01,2.937378813705350811e-01,-2.244171075149075170e-02,1.417058568322209222e-01,-9.267989192488723877e-04,3.918261645479782507e-01,3.484157786822892899e-01,2.341261554584107840e-01,4.058448440960654713e-01,2.547998848239395597e-01,2.082128715094602178e-01
-8.122318309608557163e-01,-6.824633415307653772e-01,-7.520160494184979783e-01,-6.603101426702530086e-01,-4.480395186633357452e-01,-7.503795440427291075e-01,-8.682600737424410742e-01,-8.438154298696689537e-01,-8.582745834173695076e-01,-8.330036890468818234e-01,-8.010962124324259026e-01,-8.080739265747094446e-01,-7.809633489568670317e-01,-7.633998739376187670e-01,-7.218801826311107561e-01,-7.304561649792342681e-01,-6.997700138718789820e-01,-6.958167955301941543e-01,-6.781830719909280880e-01,-6.226158550761062838e-01,-5.876235061339889487e-01,-6.072538254895170073e-01,-5.550800068488637162e-01,-3.648534426238024264e-01,-3.564497441107702391e-01,-4.128078448426770741e-01,-4.072164138302154512e-01,-1.611332761643110012e-01,-2.194773346317375751e-01,-2.319508132178826898e-01,-1.977108728771934665e-01,1.730167888438796306e-02,-2.690709382247035153e-01,-4.705957076553052981e-02,7.049734624651302073e-02,-8.455547704191875014e-02,1.313206097507410297e-01,2.306750540332863919e-01,-2.426018484361811348e-02,2.113813781918961465e-01,8.083599819031438150e-02,3.087076672073626460e-01,1.031712682048047530e-01,2.890857557584717297e-01,8.082470824603368853e-02,2.879031341902887897e-01,1.039043792080752010e-01,2.301008457610641822e-01,3.030935443666881168e-01,7.188332062877314521e-02,-1.157689964018302070e-01,-2.650634031656314699e-02,2.995071376183949807e-01,4.816166632622916888e-01,1.608013975340157331e-01,4.127440875755555849e-01,2.824886056899137410e-01,1.680601928698574610e-01,2.528001577867588501e-01,2.123007445435314833e-01
-8.354513765930431379e-01,-7.976533502111529117e-01,-7.098086506994563116e-01,-6.995696522598200406e-01,-6.631573985262606552e-01,-6.449511040970328235e-01,-5.430558039586967922e-01,-7.769109218281186058e-01,-8.035170199209110686e-01,-7.861920253004112125e-01,-8.023766048552912755e-01,-8.165786981386797816e-01,-8.172395579681619449e-01,-7.794647597139194861e-01,-7.214578490575923597e-01,-7.167134124952274643e-01,-7.302266203552750801e-01,-6.926541090730847783e-01,-6.762173307433038127e-01,-6.559686317160908775e-01,-5.836985716603603214e-01,-5.992709560361842991e-01,-5.622360911500872138e-01,-5.062266618552873076e-01,-3.872077660504875674e-01,-4.188916125997534934e-01,-4.172647423124612454e-01,-2.622145623495260036e-01,-1.810660926517529690e-01,-2.006173566407288555e-01,-3.609899558398256825e-01,-9.839091606681232491e-03,-8.037201800416957087e-02,-1.669704907173755193e-01,-1.999330036709760228e-01,3.971650789102115775e-02,-2.614497646525681951e-02,-1.510358276411364886e-01,4.108862898294622645e-02,2.075521912581131459e-02,2.366646725510828525e-02,1.250814708645327511e-01,1.168138554207196894e-01,2.670638351045501180e-01,2.721705948006181153e-01,5.701441529523444685e-02,-6.845056201093624448e-02,-1.557493506043690079e-01,4.538152127352024917e-02,4.247505026798010230e-01,7.814929627229114106e-02,-1.880344977891230118e-01,3.695602701085337616e-02,7.602083835128559119e-02,2.614435615772558452e-01,3.323340736736893897e-01,1.084322607813829331e-01,7.332116889978577967e-02,2.734449266833807179e-01,1.984308455461088472e-01
-8.061350436557761512e-01,-8.249631502317397169e-01,-7.304075691171214579e-01,-6.593009343821798485e-01,-7.683943844373850585e-01,-6.585894200353978878e-01,-7.228731343432801548e-01,-5.850847466944789632e-01,-7.529746012175998482e-01,-7.756316650672899771e-01,-8.421264768004818047e-01,-7.819841409387937592e-01,-7.997016213954653008e-01,-8.209438270360959189e-01,-7.878445153155946290e-01,-7.534938896999109348e-01,-7.258518337955965904e-01,-7.391821078910220111e-01,-6.858072433871928997e-01,-6.637612536600241420e-01,-6.484557131982892075e-01,-6.506734424951006179e-01,-6.129195128506037538e-01,-6.256785131675804967e-01,-4.713974861221242318e-01,-4.833379401926164443e-01,-4.623894097489265609e-01,-4.174288370384856006e-01,-3.403669357398387829e-01,-3.485853565214364069e-01,-3.507859798219117309e-01,-2.562656880613958243e-01,-3.575811086427757024e-01,-1.194519555833311736e-01,5.075777613940207766e-03,-1.340464420709895355e-01,-1.347865901949035815e-03,1.343605210319138155e-01,-1.815455816842087566e-01,1.433579803088717332e-02,1.252216065887105656e-01,9.924301397641765998e-02,8.698186400218474446e-02,5.051233641802801294e-02,3.061902154370498355e-02,6.943685818392685005e-02,-2.159238534559585199e-01,8.071883788424917550e-02,-1.376358588273088324e-01,1.571051628493770891e-01,-1.842654407050963589e-02,1.674619036039692033e-01,7.185614450725101576e-02,8.927943506233630699e-02,2.796863164844402561e-01,9.435882024841297025e-03,3.397768220179367971e-01,2.304737605285758426e-02,1.620598232741141675e-01,-1.301352101482081136e-01
-8.414849552534173771e-01,-8.012456455274128420e-01,-8.052710644336557033e-01,-7.421336982804680460e-01,-6.441612899711411933e-01,-8.136202654948062607e-01,-6.736124212739149630e-01,-6.693382873635023156e-01,-6.665766988589028053e-01,-7.525316484433709485e-01,-5.927900001831873933e-01,-7.710093882682818034e-01,-8.045707930366653438e-01,-7.706353101813528950e-01,-7.597529153322863937e-01,-6.924447923582029985e-01,-8.034154151481580630e-01,-7.499276248649111576e-01,-6.898706973843780066e-01,-7.310320142821400413e-01,-6.560192953812603589e-01,-6.309837557438094935e-01,-5.933205363814018085e-01,-5.785721043433169619e-01,-5.165188206747607369e-01,-4.208239504862151814e-01,-4.561223932813292525e-01,-4.148743984254038564e-01,-3.682447259304429954e-01,-3.660016754474998413e-01,-4.171545558767883466e-01,-2.009752493938042617e-01,-1.390096754244518895e-01,-2.909763749228119201e-01,-1.747880103597310997e-01,-2.199615337490044842e-01,-3.806333558824145230e-02,-1.111121398207079308e-01,-7.488845830522281033e-02,-1.583661045570818326e-01,1.596033333168705437e-01,2.225762043866817003e-02,3.161613621172100486e-02,7.218690321484629024e-02,2.356917400518011019e-01,6.038614722584512498e-03,2.854360972011416031e-03,5.779629645193020554e-02,-5.780392027799566984e-02,-8.224525500846836812e-02,-2.281979105596935314e-02,3.124202488215864770e-01,3.071144832198832164e-01,2.028797273698448311e-01,1.359712495837831492e-01,3.114101259496149243e-01,1.280719175934383336e-01,2.692275974082241063e-01,1.652197353861308837e-01,4.134232518730343031e-01
-7.930481570896181776e-01,-7.927457057849773836e-01,-8.002706558729604236e-01,-7.709714942180496688e-01,-7.535018462141964690e-01,-7.565586048777755979e-01,-6.448810450402854277e-01,-7.172198194926429071e-01,-4.991711790392835413e-01,-7.880937422234868261e-01,-7.757238227633727057e-01,-7.020017386599065601e-01,-8.246282895180675476e-01,-7.980969884900480649e-01,-7.779934348385869614e-01,-7.901397652956811957e-01,-7.817974306348196567e-01,-7.555301028754958237e-01,-7.135516479610962692e-01,-6.919056689200892007e-01,-6.657250031032602156e-01,-6.318594484141256684e-01,-6.595118305743239429e-01,-5.955586747123227109e-01,-5.510389179312034091e-01,-4.968018962381017256e-01,-3.526291027610037321e-01,-3.000458479927620714e-01,-3.180198500973258069e-01,-3.783923985644234711e-01,-3.590552607943546248e-01,-3.935892216504263685e-01,-3.259967802274387205e-01,-1.960990265039258273e-01,-2.167077048782216908e-01,-8.941143722918064307e-02,7.039351535485685422e-03,1.856738056125228952e-03,-1.632676180015599221e-01,-1.156833260210823932e-03,-1.940895601917875801e-01,-1.089995185780487236e-01,1.459993500465244509e-01,-1.268682642203083355e-01,7.094942274744246713e-02,6.895677629919633178e-02,-5.182315289268515229e-02,-5.494704107081320454e-02,-5.664750442255023222e-02,-1.450273338139493884e-01,-6.192211662727451632e-02,7.305241589846796224e-02,1.452014651110596632e-01,7.956473719345436013e-02,2.178548690206726091e-01,-8.780432244377028850e-02,1.702901590809687560e-01,2.567698614085852094e-01,1.219431534003843909e-01,2.979284158449307940e-01
-8.091849740538987756e-01,-7.659570555857703189e-01,-7.675123829751883120e-01,-7.563165420745685541e-01,-7.169881716915231795e-01,-7.305588692160984721e-01,-6.270476549564764079e-01,-7.194343591730897325e-01,-6.451804027186138768e-01,-5.789869693304633413e-01,-5.067079534521603534e-01,-6.203730718369693253e-01,-6.469071433445040542e-01,-7.827825896707039099e-01,-6.921469059341152086e-01,-7.537327228812091828e-01,-7.491825605998159165e-01,-7.642177462095038898e-01,-7.424718800166113519e-01,-6.978643199191820745e-01,-7.012750597687236187e-01,-6.773506602493992723e-01,-6.442956016330010360e-01,-5.918640193965096774e-01,-5.623482801166770351e-01,-5.395072379927239314e-01,-4.574390074502427406e-01,-4.355574836121157700e-01,-4.125334702298372735e-01,-4.039934878306966626e-01,-3.360171619088996309e-01,-3.856339912723812380e-01,-3.178682125254171931e-01,-2.304921820207234406e-01,-1.697726922809248418e-01,-1.879424940419167633e-01,-1.069591011439627037e-01,-2.575835003410796853e-01,-1.619119750215386455e-01,-1.107485277663354528e-01,-2.320334274471113137e-02,-1.624997854204478509e-01,6.502234103563561685e-02,-9.309295103404313654e-02,-2.407919502598728639e-02,-6.032877842775241639e-02,7.533890111828096814e-02,-8.307482600463846067e-02,-3.126418569247789436e-02,6.594604379947350062e-03,-7.945059720959417315e-02,-1.795654733376101375e-01,-6.544072341712504903e-02,2.946694878844500209e-01,2.452296844822534627e-01,3.085733344088292807e-01,1.105770399966076768e-02,-6.073285800683804470e-02,-1.423217920580520934e-01,3.633246602207432924e-02
-8.119223561117838717e-01,-8.175730695971991091e-01,-8.233645366762051276e-01,-7.726894373518203851e-01,-7.697257485609839689e-01,-8.134556286244192247e-01,-6.184147791707428343e-01,-8.706601441646724115e-01,-5.963713740378946415e-01,-6.377973313169258418e-01,-5.979700884044695242e-01,-6.845179406077022133e-01,-5.673984992058608290e-01,-7.477417820157712391e-01,-7.366005873951307903e-01,-7.945610453790519223e-01,-7.765311187812001803e-01,-7.181537794028396426e-01,-7.792431210979589018e-01,-7.139282202236858499e-01,-6.538955657961483814e-01,-6.140272571183974515e-01,-6.513761338363394104e-01,-6.276111215351545258e-01,-5.855406143516660444e-01,-6.040733717333497399e-01,-5.709024776848848903e-01,-5.000812535843588424e-01,-4.668818518126743311e-01,-3.714003863646120340e-01,-3.607217310168459035e-01,-4.261017030916846027e-01,-3.080942853768116052e-01,-2.527603273557513797e-01,-3.819202302946300698e-01,-3.933782905158723642e-01,-9.830406218611728586e-02,-2.365543200091883291e-01,-1.400555870850396234e-01,-1.805390339044257719e-01,1.356943462540364034e-02,3.754207074329060558e-03,-1.718574275052572320e-01,-1.078475570944393835e-01,-2.252000114090698391e-01,-7.731105831532521233e-02,-1.304840420400099066e-01,-9.108826006078314663e-02,-3.110856303926037153e-02,-2.305704765629105688e-02,1.005218471909783001e-01,-8.427457986296782444e-02,-9.018987253394028514e-02,-1.137527182895869439e-02,1.004036052055462536e-01,1.332587421789626636e-01,1.058151949281824766e-01,2.416564654917497668e-01,3.204744819441850412e-01,8.922553681398787129e-02
-8.038752093022661915e-01,-8.325060519140901061e-01,-8.076127923826733612e-01,-7.837143868727471929e-01,-7.950289807253223540e-01,-6.875230158823324444e-01,-6.883004046780675234e-01,-6.772947746816887493e-01,-7.036217938933679861e-01,-6.368269336409126957e-01,-6.882118768065424996e-01,-7.275650346521377321e-01,-6.043986740428265447e-01,-6.863550832824808490e-01,-7.317285477097705826e-01,-7.850003489822340308e-01,-8.546102632342249539e-01,-7.460556791769007434e-01,-7.096650181547379255e-01,-7.218832137930122350e-01,-7.177751677914506745e-01,-6.662950579227272518e-01,-6.651560123178449357e-01,-6.384835586148323028e-01,-5.880954430349852879e-01,-6.068806399028099374e-01,-5.245712557624753192e-01,-4.540723513857872762e-01,-4.278109238183594454e-01,-4.127324201001451587e-01,-3.665119666265647669e-01,-3.150355527401833000e-01,-2.856594795998940728e-01,-2.598084160080260108e-01,-2.897305513203000116e-01,-1.744463480267541555e-01,-3.944611172802922061e-01,-2.384411318865956864e-01,-1.056534579982385952e-01,-2.506945241377148692e-01,-6.453564489160737438e-02,1.054005483510257052e-02,-1.624365573313274747e-01,-1.943027065505490980e-01,-1.636880925858247016e-01,-1.783512647515304583e-01,-2.163655492098772726e-01,-1.608034221441881628e-01,3.051831435678172694e-02,2.849946459776283442e-02,3.550012338669385897e-02,-1.831391766278523542e-02,4.693971469490487713e-02,1.321957388097546593e-01,-1.254724656874666167e-01,2.564605949750690117e-01,2.910445875133756827e-02,-1.024492844893126475e-01,1.621307352179586769e-01,6.405502166504371819e-02
-8.193819837354258118e-01,-8.393253791729549107e-01,-8.461905543697147980e-01,-8.056453942234306220e-01,-6.624667215832669154e-01,-7.071938574587699478e-01,-8.040912751307122130e-01,-6.104202219632541837e-01,-6.933096030696074275e-01,-7.007421455192079929e-01,-6.453949736364744671e-01,-7.520038721488964129e-01,-6.159240347563519347e-01,-6.512164877987551836e-01,-6.209936923152925559e-01,-7.341229643803378613e-01,-7.998966065207062659e-01,-6.604464928428100956e-01,-6.399805916556822183e-01,-6.332371689896719724e-01,-6.324195263255540933e-01,-6.888850848834785490e-01,-6.150909769929050475e-01,-6.415044638981562963e-01,-5.958270573331541087e-01,-5.676017080341363430e-01,-5.926285119855270178e-01,-4.639664346709741483e-01,-4.386414580440796129e-01,-3.697380334496802590e-01,-4.550387978408965139e-01,-3.335748100950660100e-01,-3.490417299840818943e-01,-2.562485346322918578e-01,-3.043995975019234135e-01,-2.856291376094377554e-01,-3.226378174595829207e-01,-2.175527954860746183e-01,-1.836853969725987246e-01,-3.461899436422789522e-01,-1.844542308086829230e-01,-1.931123259168255335e-01,-1.291151267404507530e-01,-4.269508694134717397e-02,-7.791635561102117080e-02,-2.897437286993775896e-02,-1.292585500197780124e-01,-1.540718802560379630e-01,-1.175392988394952515e-01,-1.046915721543826283e-01,-1.835551234905334061e-01,-1.508769854174317471e-01,-9.155416180780732993e-02,-2.354835390257300869e-03,-1.014947938333340405e-01,8.542264875408737620e-03,-9.559271429428722877e-02,4.970761192994038735e-02,-6.106837525163333336e-02,2.589305453160947734e-01
-8.181018891725526654e-01,-8.409960987970677149e-01,-7.750284691086651856e-01,-7.587459047020687075e-01,-7.886352946838141031e-01,-7.460605445862348306e-01,-6.944055356435102633e-01,-7.960663973212768196e-01,-6.622377078133385719e-01,-7.103194396614156414e-01,-7.058502976727174527e-01,-7.199957161339460843e-01,-6.329605593399929564e-01,-6.647450765733421418e-01,-6.726363172105180865e-01,-7.754074762925406983e-01,-7.643260902553512537e-01,-7.737724981887575959e-01,-7.125826585607440977e-01,-7.360034130481826198e-01,-6.695765851322166284e-01,-6.946821681772927803e-01,-6.732698245547522609e-01,-6.138380897277181392e-01,-6.282046662383494740e-01,-5.788107910823341307e-01,-6.087609799116503462e-01,-5.048462429328214318e-01,-4.463933928968527587e-01,-4.335153893491682231e-01,-4.306336286832566640e-01,-3.715582887842783788e-01,-4.457034139627522040e-01,-2.440882021317518635e-01,-3.602366257491775858e-01,-4.224831180005518827e-01,-3.036071359391863123e-01,-1.259012434325910978e-01,-2.818002937430169053e-01,-2.625097161549099778e-01,-2.572257093871951339e-01,-3.372215420412622566e-01,-1.090331312086571247e-01,-1.118911412126218224e-01,-2.915043427673594256e-01,-1.225007433162611792e-01,-2.723100188180739289e-01,-1.356792962095696720e-01,-1.325437419889980151e-01,-1.715865540729201721e-01,4.869529035648878859e-03,-1.087752829266398491e-01,-8.607895458724396098e-03,-2.207161406562711467e-02,-2.425758145036929214e-01,-1.794525032725564073e-01,-2.022061937680597402e-02,9.398603727697203702e-02,1.854729245921641068e-01,1.254009263973431820e-01
-8.177449478660744342e-01,-8.007235433911427114e-01,-8.016693379505905881e-01,-7.417117896781493247e-01,-7.422786191858945504e-01,-8.106697834708942452e-01,-6.901695045692453068e-01,-6.520967055659816491e-01,-7.248547461890035848e-01,-7.476436500948648867e-01,-6.995845956242282560e-01,-7.233787594189629022e-01,-6.780799915815726164e-01,-7.504199570383910389e-01,-6.996535171910849282e-01,-7.405036559128352902e-01,-8.079177309779901339e-01,-7.820220962573734003e-01,-7.606581634014749627e-01,-6.516045611704608387e-01,-6.936920214843288468e-01,-6.796255028722265612e-01,-6.497112054357231381e-01,-6.497902761899128077e-01,-5.780949624409271737e-01,-5.702109767419180075e-01,-5.984922064979166789e-01,-5.197654697139355573e-01,-4.512698426619059511e-01,-4.425723927259226365e-01,-4.538990765628139745e-01,-4.784450305338399656e-01,-4.073764098720873972e-01,-3.944172050366662186e-01,-4.375740827652497833e-01,-2.533093809806793439e-01,-3.575351225519448062e-01,-3.846107561519668816e-01,-3.828999470886355061e-01,-1.908742766368956845e-01,-2.307677256994539461e-01,-2.672087480027333095e-01,-7.839161229932960218e-02,-2.832886143477889584e-01,-3.496974127272260979e-01,-2.762462796929756603e-01,-5.095797227414313596e-02,-8.590730818997494023e-02,-2.133724121045178224e-01,-1.346860818374674140e-01,-7.447049385289787604e-02,-5.488256945407162662e-02,-2.016661652313030684e-01,2.361744476949606368e-03,-1.831051766053770624e-01,-5.082898638726067453e-02,-1.818699368411067774e-01,-2.043067460353825970e-01,-1.569640702212346250e-01,-6.219990662355607755e-03
-8.113958201735386178e-01,-8.279566611187199054e-01,-7.769312853020371445e-01,-8.038136240136413146e-01,-8.235371990229414241e-01,-7.712035539878729917e-01,-8.596729053581908531e-01,-7.697575926990554152e-01,-8.045749571030084146e-01,-7.877129559457151098e-01,-6.529638205915604399e-01,-6.702890242210441940e-01,-6.881507765346813743e-01,-5.781178818766667948e-01,-5.928682838090747476e-01,-6.368567279309738094e-01,-6.099520265619803316e-01,-7.420966802638907511e-01,-7.128018674063809623e-01,-6.955382123272082495e-01,-6.710302868698849732e-01,-7.030262506610388540e-01,-6.584172650785941050e-01,-6.576868590051290209e-01,-6.607121388339083357e-01,-5.931903512101490694e-01,-5.804981401504494265e-01,-5.650789318751010537e-01,-5.850084295279491808e-01,-4.497955629604727390e-01,-3.858169173030503996e-01,-4.436676093462399995e-01,-3.737856764304584578e-01,-3.973755358842563923e-01,-4.899280345501192957e-01,-4.016373714747658030e-01,-3.278938750250743883e-01,-3.155490214276651106e-01,-2.338277439171008998e-01,-2.115556192385753820e-01,-2.481010467434154876e-01,-2.279864658914845243e-01,-1.498394146351179901e-01,-3.146128423465165413e-01,-2.311899808884613772e-01,-2.956959799480124440e-01,-2.197698727878652503e-01,-2.120677706160568887e-01,-2.711745340086054723e-01,-1.499143040918175518e-01,-1.605273817728964936e-01,-1.734256691908375170e-01,-1.174675904555448902e-01,-2.007454226920494800e-01,-1.054537958265427539e-01,-1.583728072047873581e-01,-1.391147075159951396e-01,3.475611774710896107e-02,-1.154899241064977627e-01,7.019514076916992529e-02
-8.293766121215589981e-01,-8.110651731034353995e-01,-8.000776205170809785e-01,-8.290428590436966783e-01,-8.272172727447213436e-01,-7.656618383352133961e-01,-8.045905655981255844e-01,-7.868625296455945550e-01,-6.212394564476602099e-01,-7.320546425718789108e-01,-8.290792316551025554e-01,-6.605007436546547206e-01,-6.698053619902256672e-01,-6.514708137752223127e-01,-7.825641527750273330e-01,-7.138516565344726894e-01,-7.538963180914534101e-01,-6.622973098911821843e-01,-6.697695723650076705e-01,-7.070560610337164320e-01,-6.796700482538364785e-01,-7.256076997250826555e-01,-6.536792475455576179e-01,-6.445269965343524143e-01,-6.129463746119826473e-01,-6.244552147328599201e-01,-6.435982000928376356e-01,-5.492194052654321146e-01,-5.374455185006435931e-01,-5.205319036586361081e-01,-4.819864938572907542e-01,-4.753015905153372134e-01,-4.507228107497492919e-01,-4.581072531455085972e-01,-3.583728130404812973e-01,-3.342456600874399997e-01,-4.064453646484975091e-01,-2.897225678077363642e-01,-4.135422219170984404e-01,-3.021120242460835770e-01,-2.268802955177378622e-01,-3.096527897910671401e-01,-2.359139993369711308e-01,-1.640484668523416456e-01,-2.807481952704147243e-01,-2.134735554214824416e-01,-2.610955555162862707e-01,-2.207673345187686764e-01,-2.200156794542230398e-01,-6.196018636831609333e-02,-2.109895062600236904e-01,-1.993401582920083792e-01,-2.750630373663645045e-01,-1.958194885971054622e-01,-9.679995369219840384e-02,-1.954175617911450002e-01,-1.426295854749827507e-01,-7.454462942647419044e-02,-1.994516906877267237e-01,-6.217026087825442554e-02
-8.049738527732956950e-01,-8.224017687529965315e-01,-7.785681413937469708e-01,-7.965019896666392096e-01,-8.053064599261601231e-01,-8.264310478927289205e-01,-7.985437163803170701e-01,-7.377295879700357384e-01,-6.253594130410350393e-01,-6.471767814505802185e-01,-7.663045598540138004e-01,-6.903052166522460897e-01,-7.621562746567326352e-01,-7.145572796280674766e-01,-7.126521670494322391e-01,-5.160355573396123718e-01,-6.893411282304910959e-01,-6.431193884218574519e-01,-7.901896368228513712e-01,-7.390789239527688625e-01,-6.765196775685760056e-01,-7.291563395587323804e-01,-6.297101872679360390e-01,-5.946521174973689039e-01,-6.625370407402428885e-01,-6.455611129277895044e-01,-5.032200672744606695e-01,-5.148932765816889301e-01,-5.448454607102450886e-01,-4.971391725199786893e-01,-4.536998865769225620e-01,-5.038217288193492793e-01,-4.100051303242667755e-01,-4.773247209048904205e-01,-4.696737761912779807e-01,-3.231704890101460004e-01,-4.574427517438632296e-01,-2.394137501699723780e-01,-3.615436567065778983e-01,-3.466581371508682952e-01,-2.348536959102242583e-01,-2.895007788819395911e-01,-1.132816062729901790e-01,-1.839822030224979033e-01,-2.644104382882895843e-01,-3.710575886512695876e-01,-3.001022465793320437e-01,-1.920275763880580355e-01,-1.120463736139872130e-01,-1.883239948755913162e-01,-5.627021503570450722e-02,-2.284648528709263826e-01,-2.611924986164528839e-01,-1.883840493639774571e-01,-2.119217354346606130e-01,3.245410607481853671e-02,-9.160141399878338198e-02,-1.268081760441938377e-01,-2.383182849167292672e-01,-2.056778574666514869e-01
-8.086224446800146515e-01,-7.855570877161776044e-01,-7.732118285541467184e-01,-8.145659427883595871e-01,-7.581818230583363682e-01,-8.369642079056218709e-01,-7.780346270668593300e-01,-8.113448902809814456e-01,-7.807502757074588073e-01,-7.206751131728637016e-01,-8.312124316697773185e-01,-6.691712504001248174e-01,-8.948930426110919267e-01,-7.518857794300448649e-01,-6.167000814313573498e-01,-6.560185097557345024e-01,-6.974131086405339630e-01,-6.589773578784666741e-01,-7.651433364753524868e-01,-6.970395248332543758e-01,-6.676432101814009368e-01,-6.314754113431205740e-01,-6.430435254344699647e-01,-6.161261707356213702e-01,-5.738233036873955362e-01,-6.477465954308124774e-01,-5.591818837867736924e-01,-5.195364898227186057e-01,-5.515350018919489283e-01,-5.311704139662299928e-01,-4.770513414231357108e-01,-4.621192046869705417e-01,-4.617176284568486611e-01,-4.806599980986301368e-01,-4.544774490150042534e-01,-3.573463455576627590e-01,-3.664854572051197135e-01,-3.893024071400198460e-01,-3.015716848341115086e-01,-3.713546561775860622e-01,-2.573234188052021532e-01,-3.179769565626744954e-01,-2.379861754611973246e-01,-3.868307112475193321e-01,-3.828458063114169585e-01,-3.476623631978986717e-01,-3.083898225342381894e-01,-2.721680382364166095e-01,-2.106607643809007280e-01,-1.824995664240257054e-01,-1.379561775506462362e-01,-1.658711506421946535e-01,-1.676615026454660040e-01,-2.936726112140116696e-01,-2.234664413614708689e-01,-1.590330010813725825e-01,-6.368179857389592857e-02,-2.225780822602758668e-01,-1.127935007893762498e-01,-1.305425090285771694e-01
-8.344525330751281222e-01,-8.019768164523842779e-01,-7.782709358100329267e-01,-7.733667859410451317e-01,-7.620367976659983000e-01,-8.775318550284332275e-01,-8.359740737426518686e-01,-7.023201758591046673e-01,-8.141544911806386509e-01,-7.826486203857937474e-01,-7.627908185064722346e-01,-6.919753978778780956e-01,-7.031697378337045112e-01,-5.884659793390510929e-01,-7.008646624820522586e-01,-6.902199765038667945e-01,-6.427227282682418386e-01,-6.797698305633560478e-01,-6.586088308651697476e-01,-7.400759775185317135e-01,-7.232624858332433737e-01,-7.020563705468285676e-01,-7.147495353092290227e-01,-6.983983949531860080e-01,-6.170401912264494859e-01,-6.387598756651654552e-01,-6.048043742582824844e-01,-4.886434816004746051e-01,-5.352716615770870545e-01,-5.511015779630947797e-01,-4.594621715611613699e-01,-5.120506453811993763e-01,-4.360801396177343969e-01,-4.739553068470825359e-01,-4.491218576651096472e-01,-3.419578127280686886e-01,-3.845616629819365029e-01,-3.552832418070424603e-01,-2.986543459084259888e-01,-3.504146906933959804e-01,-3.293310319971120004e-01,-3.351151300510308850e-01,-3.849890106192063732e-01,-3.318761058751210080e-01,-3.405165751206422620e-01,-2.409207866753433347e-01,-2.526802097956267201e-01,-2.054295807439407151e-01,-3.179252868824435918e-01,-1.408774958962096258e-01,-1.770512078281693269e-01,-2.515713672527940536e-01,-1.311691075653503569e-01,-1.928829208231181980e-01,-2.032199321796014091e-01,2.066914446221297316e-02,-2.204245168557928680e-01,-1.838138043170735314e-01,-1.368232509057259183e-01,-3.259288021974317273e-02
-8.089463885570555846e-01,-8.173600497809131449e-01,-8.051352568379938068e-01,-8.580258039356781774e-01,-8.365871782400409185e-01,-7.806889414670229455e-01,-7.943610246588682644e-01,-7.170253555708046012e-01,-7.393796278107404030e-01,-7.557685327172117828e-01,-8.066103242178790378e-01,-7.692341740473412903e-01,-6.957808539993911578e-01,-7.033764411028340380e-01,-6.675228499241261382e-01,-6.524915365401704470e-01,-5.825541479326201699e-01,-7.452031593384316199e-01,-6.437149302149335339e-01,-7.403911876678285209e-01,-7.494546795693004526e-01,-7.456922265291547891e-01,-6.560735495874296941e-01,-6.560578643499769269e-01,-6.434187146655657719e-01,-6.311354713728193344e-01,-6.134649370475641073e-01,-5.686735402683438245e-01,-5.524179814654892606e-01,-5.480546719546345313e-01,-4.654552158140108920e-01,-5.451431192282563121e-01,-4.868846505826172621e-01,-4.633313675171583657e-01,-4.123933616991857787e-01,-4.259783961050349066e-01,-4.071369851156236841e-01,-3.771056531070066664e-01,-3.459908128896401203e-01,-3.899320792221556142e-01,-3.748041448972473932e-01,-2.687611607313301065e-01,-2.177051365583483056e-01,-3.284211278982615001e-01,-4.200228742234382584e-01,-2.965894931289436154e-01,-2.403354424390723720e-01,-1.861365928571616091e-01,-3.534983410279918248e-01,-2.338730317662407465e-01,-2.324957083833455729e-01,-2.849814525850501434e-01,-3.264960500707577706e-01,-2.489099017260351654e-01,-2.617432650962174256e-01,-2.536720709702902643e-01,-1.394712514258308611e-01,-2.181393762213535426e-01,2.831064141088411937e-02,3.640372138424206871e-02
-8.095372408805824316e-01,-8.243422252306960019e-01,-7.842019901231560564e-01,-7.637342933510234966e-01,-7.933451633385117940e-01,-7.821891600742278960e-01,-7.808171784469584153e-01,-7.741055219296104628e-01,-8.165658762236305268e-01,-8.052045972698582688e-01,-6.728177417792651216e-01,-6.086580578306423073e-01,-7.246084116868711789e-01,-8.162999486653992331e-01,-6.612839721924388403e-01,-6.937795039484155879e-01,-7.162939234793856969e-01,-6.878775111051458335e-01,-6.674194271921877197e-01,-7.131069736715726082e-01,-6.186782238715214932e-01,-7.605932879624754950e-01,-7.254843225305386278e-01,-6.040540907983248387e-01,-6.586697941148237367e-01,-5.929770685439601507e-01,-6.047704872807496690e-01,-5.531882988798578760e-01,-5.693656080210258708e-01,-5.341418936819574137e-01,-5.040645562106608191e-01,-5.439462230504930051e-01,-4.753009040088332360e-01,-5.339680211862404269e-01,-3.650616460689445897e-01,-4.176496885141939286e-01,-4.228323875205328153e-01,-4.112870448546793734e-01,-4.169889468415842737e-01,-3.756623964490474199e-01,-4.327421479103140678e-01,-4.890564784359732187e-01,-3.033726222454668497e-01,-3.730068221999701672e-01,-3.865802157590395582e-01,-4.914624031597748521e-01,-1.687514338892574517e-01,-1.379880400268541918e-01,-2.942414898359063669e-01,-1.589557817555838914e-01,-2.059369864333264188e-01,-3.692613172204836092e-01,-3.390744771322685702e-01,-2.230325919713228300e-01,-3.647159678407521088e-01,-1.475826884016358254e-01,-1.751209977660702632e-01,5.447210043666485951e-02,-2.032851895217339389e-01,-2.491842364796935105e-01
-8.056247185576224101e-01,-8.352569593741646647e-01,-8.212026574635071796e-01,-7.866150216039831111e-01,-7.701194264411477253e-01,-8.609498304662073220e-01,-7.705095460890178938e-01,-7.921614064708508707e-01,-7.882358550832803123e-01,-8.539298886839026270e-01,-6.959380673050604704e-01,-7.134256548383560714e-01,-7.448910030032577234e-01,-6.868759592624048560e-01,-6.334451368705769081e-01,-6.789131275933663057e-01,-6.146073197557301304e-01,-7.476585312799339800e-01,-7.297181141991890829e-01,-6.969400852882596809e-01,-6.195420080913899286e-01,-6.539333019924875590e-01,-7.322049979914553308e-01,-6.885454521564533525e-01,-6.519912120253070764e-01,-6.790102942831308663e-01,-5.916511590187613079e-01,-5.599408303465218673e-01,-5.494387863139233996e-01,-5.965383085023223675e-01,-4.856653368887081657e-01,-5.289440538377770951e-01,-4.699075541086278340e-01,-4.323170737777841666e-01,-4.217871318286484095e-01,-4.351521066167927110e-01,-3.817393181096432331e-01,-3.769790157604846481e-01,-3.749111070018418257e-01,-3.101426791910812941e-01,-3.776577013669061289e-01,-4.606896553414339124e-01,-2.893681096126258234e-01,-2.641491909264639393e-01,-2.622178738760066463e-01,-3.376269832738108545e-01,-2.859753206830834005e-01,-2.769450882978498618e-01,-3.196240482156476603e-01,-2.033906023083508485e-01,-1.625291141950450657e-01,-1.793778022522193871e-01,-3.575365026068132446e-01,-1.136901661560235366e-01,-1.354718773759285566e-01,-2.500640295638023036e-01,-1.650529016161995932e-01,-1.511159462357227756e-01,-2.318831142935371403e-01,-3.327361031327180085e-01
-8.088539858850720687e-01,-8.071309791914297316e-01,-8.078946498420058742e-01,-8.130703231046009227e-01,-7.973190327800410149e-01,-7.951763121718004035e-01,-7.661532499881902325e-01,-7.639289250199506887e-01,-7.177493838831801032e-01,-7.586918383178355985e-01,-7.811133038659796579e-01,-6.950212056531466231e-01,-7.763661827750325539e-01,-6.767776072397312381e-01,-6.263874350999336649e-01,-6.962849280288159193e-01,-6.819520524742690437e-01,-7.486360182156202026e-01,-7.194201731523219845e-01,-6.712487783073680658e-01,-6.823249433093048211e-01,-6.711127671831973451e-01,-6.104080056971906698e-01,-6.551105589675325636e-01,-6.092919105045427886e-01,-5.955293679540527574e-01,-5.347825337787628364e-01,-6.111245065825703371e-01,-5.691245317638808920e-01,-5.542772037285729203e-01,-4.991870798491240824e-01,-5.598537993190975115e-01,-4.942625248051670250e-01,-4.966942500135551053e-01,-5.463728533906960783e-01,-5.134497351954879774e-01,-3.559547946250537498e-01,-4.205052655158455499e-01,-4.236575601606188957e-01,-4.561771878459751628e-01,-4.613224246749177970e-01,-3.397208089843294365e-01,-4.068787579022640211e-01,-4.027983591787530626e-01,-4.594808414074910696e-01,-4.203351317670194764e-01,-4.453962845930622971e-01,-2.515802198450023952e-01,-3.680550574257066554e-01,-4.128011785473720829e-01,-3.183752992735461307e-01,-3.479050259589090421e-01,-2.910106186390354344e-01,-9.518774465767562698e-02,-3.469389762157214507e-01,-1.508099353047872293e-01,-2.393174125114833350e-01,-1.344221378100672326e-01,-2.419325137621458344e-01,-2.772479641366986103e-01
-7.991520724317224822e-01,-8.431715434952750110e-01,-7.967957688035730568e-01,-7.824642026825155972e-01,-7.844212633136533608e-01,-7.824703579456459002e-01,-8.034883663250645958e-01,-7.721759521028926931e-01,-7.233169833719852448e-01,-7.962623759985746341e-01,-7.931595124522237139e-01,-7.006241014235266018e-01,-7.281682815583210289e-01,-7.860114857209101746e-01,-5.931187344923291027e-01,-7.058700177208234727e-01,-6.969593503054992700e-01,-7.302581790830688924e-01,-6.184301066682627024e-01,-7.627973801833580758e-01,-6.922106007533069816e-01,-6.493398524446882814e-01,-6.708383133014894639e-01,-6.928278770537019682e-01,-6.290939533569104292e-01,-5.975482322064902263e-01,-5.755552024139618528e-01,-5.954252165525157903e-01,-5.411675514603632164e-01,-5.583766646714845017e-01,-5.197608059862685037e-01,-5.373689414585400836e-01,-5.024634296620867913e-01,-4.771726470229255557e-01,-4.870056864031198640e-01,-4.701609185315970274e-01,-3.580143710553232439e-01,-4.768269972107704868e-01,-4.575164723659034816e-01,-5.023073221647705866e-01,-3.125165216105270649e-01,-3.874813256617061219e-01,-3.436358815166270508e-01,-3.677459081699034904e-01,-2.475059724045411136e-01,-2.346579071699762264e-01,-3.677536632257330518e-01,-2.465011249742203314e-01,-2.160707247163163314e-01,-1.639419656546468596e-01,-2.649836861495125651e-01,-1.515076858390511927e-01,-3.286813370537481349e-01,-2.666785710521240027e-01,-3.135534109560478844e-01,-3.054972058107441324e-01,-1.744831898754544974e-01,-2.592493286712192480e-01,-1.847279704759703933e-01,-3.111103503522320013e-01
-8.144554031510360392e-01,-8.278758939471400069e-01,-7.878159223169692860e-01,-7.723755936138053668e-01,-7.957680847474780661e-01,-8.162061187268105922e-01,-8.382668464290701227e-01,-7.945968671766595604e-01,-7.644248261243463682e-01,-7.396727918547388869e-01,-7.317686736307121853e-01,-7.919635247640192111e-01,-7.138599747467245793e-01,-6.793810014852919021e-01,-7.803122867915280869e-01,-7.338640631148358739e-01,-8.049557937055304979e-01,-6.936494539766729917e-01,-7.557397892551006580e-01,-6.984397932106627405e-01,-6.891233477045015654e-01,-6.544716800610571594e-01,-6.308630977524638528e-01,-6.882050912244903618e-01,-5.965247711203559566e-01,-6.120589880861927456e-01,-5.616550063103146195e-01,-5.672436496490529390e-01,-6.403273427542766072e-01,-5.718731037244243476e-01,-5.783495455777809546e-01,-5.331317285439567399e-01,-5.522556873697744839e-01,-4.974812910958043011e-01,-4.972195002630576122e-01,-5.169179781005253105e-01,-5.666197708035347613e-01,-4.344006776040335582e-01,-3.946912169966664274e-01,-4.393937703635328873e-01,-4.779711046741381142e-01,-3.809656839807877282e-01,-3.961837372246078681e-01,-4.425927093170211601e-01,-3.018729635280865686e-01,-4.077363729482997856e-01,-3.321252844422897255e-01,-4.230013602604699163e-01,-4.170282283269841628e-01,-1.937344513097446486e-01,-3.550335972934491879e-01,-2.370926515380102351e-01,-1.920243692945232394e-01,-4.181149865880803285e-01,-3.295537472286069192e-01,-3.318200178345349083e-01,-1.760994532872374729e-01,-2.709487155664203062e-01,-2.323955125702571178e-01,-2.726567787324118419e-01
-7.923743072130543519e-01,-8.035756901844706146e-01,-7.964918700442448207e-01,-7.886473981504386055e-01,-8.141741249118181756e-01,-7.937398113244726883e-01,-8.144063889633988973e-01,-7.351589262713912332e-01,-7.349043255230474081e-01,-7.653613112032161547e-01,-8.393520684109013752e-01,-7.745387813053735693e-01,-7.409602940237280944e-01,-6.946896199127011728e-01,-7.415415459368633888e-01,-6.867136959421107356e-01,-6.708672988645885127e-01,-7.616580612638911285e-01,-7.659266135327190694e-01,-8.071719759941983208e-01,-7.068363004497610902e-01,-6.501861813286495817e-01,-6.878742679298739393e-01,-7.092560393468815283e-01,-5.780216433741741655e-01,-6.285780034782892933e-01,-6.703294846870465618e-01,-6.621430438084178194e-01,-5.531045538649566051e-01,-6.076808822823958067e-01,-6.052384197193594328e-01,-4.563413425264412626e-01,-5.231644525788173850e-01,-4.804048153507691765e-01,-4.760285873697845394e-01,-4.740699341449531867e-01,-4.643488101380855992e-01,-5.160628349325777631e-01,-4.819950653356143144e-01,-5.019486856628943006e-01,-5.197374866266261106e-01,-3.907849520424909739e-01,-4.202420713312416956e-01,-2.462326346576906855e-01,-3.521498254739537925e-01,-3.463800189812332730e-01,-3.069057333300386214e-01,-3.308998976438531359e-01,-3.693931730063921282e-01,-4.709679793994600017e-01,-2.767040055292168677e-01,-2.283967809376003522e-01,-3.296957304618153839e-01,-2.407546917120888530e-01,-3.387268139577939707e-01,-3.453722748312962887e-01,-1.925718927577834694e-01,-2.296194037968949109e-01,-2.878565662604152808e-01,-3.410279359103023933e-01
-7.775101779215646269e-01,-7.738661108988542647e-01,-7.771892854312607568e-01,-7.818866651104802168e-01,-8.105055805888573550e-01,-7.908899325610898590e-01,-7.974464375885760292e-01,-7.854369845937201333e-01,-7.916560690238719777e-01,-7.481670186792757082e-01,-7.139572187678242532e-01,-7.363482032155572732e-01,-7.338111568179166433e-01,-6.997708581411182793e-01,-7.232074968339319287e-01,-7.363575289667695367e-01,-6.604299095988579449e-01,-6.566538635924608069e-01,-7.340486350931174631e-01,-6.595699484401246204e-01,-7.111802435744916107e-01,-7.066210536660606500e-01,-7.094794956635337435e-01,-6.583163190641914131e-01,-6.048461545754831858e-01,-5.978909568014728615e-01,-6.120246267579739774e-01,-6.386672793855718844e-01,-5.548192590312231998e-01,-5.780496672422539284e-01,-5.081159299733739587e-01,-5.103102749529190296e-01,-5.403141852635029441e-01,-5.060137904327033365e-01,-5.098326093818572602e-01,-5.573845237964565325e-01,-5.260339231784134650e-01,-4.642579913066561259e-01,-4.484506691163502867e-01,-4.390684271935527683e-01,-4.496592029121441181e-01,-4.179745308240239154e-01,-3.771424639179905558e-01,-3.484008308290394984e-01,-2.980427699807710606e-01,-4.285356781634891421e-01,-4.032392537977684266e-01,-3.087544523807192465e-01,-2.976245462446304724e-01,-3.198658526591889872e-01,-3.423667333904073518e-01,-3.767901113732531893e-01,-2.413906950285734376e-01,-3.925644063615194579e-01,-3.328864166409801761e-01,-1.758467906875429976e-01,-2.603708156398968909e-01,-3.375589692957581267e-01,-1.780234756208177727e-01,-2.566291037925737539e-01
-7.855086935854023178e-01,-8.001580238743070117e-01,-7.876324637476296298e-01,-8.092992032994359430e-01,-7.583762894239804986e-01,-8.293612330376580744e-01,-7.363011791321711907e-01,-7.650887134237653875e-01,-7.987090749060896666e-01,-7.589521957998704993e-01,-7.542304956231183910e-01,-7.042653325530925379e-01,-7.230522080798595930e-01,-7.598803374146341216e-01,-7.584999815358377528e-01,-7.600258116995212143e-01,-6.980423711695575850e-01,-7.193257375337827053e-01,-6.559436317015788775e-01,-7.154618292269993018e-01,-7.143168401368580334e-01,-6.359986718596148947e-01,-6.321075771889261841e-01,-6.475485978410007171e-01,-6.321202317783487512e-01,-5.805347983058557482e-01,-6.009429083097307389e-01,-5.726542527670044347e-01,-5.834942196656361935e-01,-5.617983227374807598e-01,-5.567018657604558829e-01,-5.863273166427613869e-01,-5.623221792543586783e-01,-5.280058906008269215e-01,-5.226711152356179335e-01,-4.268558189217829257e-01,-4.831449450446975713e-01,-4.134784652625943524e-01,-5.366789229003395834e-01,-3.762993771500343088e-01,-3.813003936199930166e-01,-4.602008037759789394e-01,-3.549202220256759688e-01,-4.609646933379644151e-01,-2.976202816892596914e-01,-3.579165611912672462e-01,-3.748537389831100297e-01,-3.938211804228369806e-01,-3.377224556134105216e-01,-2.822110177975071243e-01,-1.892259602392179774e-01,-1.928612017494821251e-01,-4.424169154493791112e-01,-4.015556806460672812e-01,-4.311088755838342057e-01,-3.498904084729987929e-01,-2.100385460786873826e-01,-3.362501603077447387e-01,-2.069364719261176933e-01,-1.616280921174820806e-01
-7.882240970512083278e-01,-8.120503949859525505e-01,-8.097215679889823159e-01,-8.008578541350184210e-01,-8.162551838062039877e-01,-7.961515259963172220e-01,-8.050962737598961194e-01,-7.825463377408239385e-01,-7.151486451098140185e-01,-7.691120762975648395e-01,-7.199421652520955339e-01,-7.144757831716035401e-01,-7.920179801965582245e-01,-7.549947211331645702e-01,-7.252694906410668274e-01,-7.087816847536692055e-01,-6.640716450294521511e-01,-7.120922684472527076e-01,-6.772068266033240969e-01,-6.461283285619291439e-01,-6.939908490329245172e-01,-6.388327058158398408e-01,-6.252108043808137783e-01,-6.150589909583065173e-01,-6.080552499396121302e-01,-5.637591587993964204e-01,-6.007507450320896947e-01,-6.283952949884974437e-01,-5.782582528557608237e-01,-5.910083284962643901e-01,-6.074033784199757147e-01,-5.152009127122771925e-01,-4.619030867948789032e-01,-4.833595774842451287e-01,-5.337681452746394495e-01,-5.400908854350161548e-01,-5.152594775278959149e-01,-5.040796058828007631e-01,-4.375415814834823225e-01,-4.459521365932356818e-01,-5.112347510614434487e-01,-3.459274590701962859e-01,-4.722182932010324241e-01,-3.072117876855225416e-01,-4.464579255929718160e-01,-4.315228187807601534e-01,-3.955439229313540417e-01,-3.186145255168429391e-01,-4.113076324295756869e-01,-3.677343288715707592e-01,-3.031407946064743064e-01,-2.913316157079428592e-01,-3.907266778403655771e-01,-3.678325255854534293e-01,-3.835102771398278265e-01,-4.190777720345806867e-01,-2.977771095409545432e-01,-1.550499535734149448e-01,-4.070553246615793985e-01,-2.924779729504624060e-01
-8.412859054872576792e-01,-7.766910968798537152e-01,-8.157769454220051841e-01,-7.824137097363325077e-01,-8.073171494196602627e-01,-7.797705411118794894e-01,-7.714987161379063263e-01,-7.936971534714037935e-01,-7.935404489497993596e-01,-7.879214368049484163e-01,-7.713540366586500996e-01,-7.091147277359077794e-01,-7.433631563949656407e-01,-7.368577464033476687e-01,-6.948019817130821618e-01,-6.949812800476836694e-01,-7.611493211164761519e-01,-6.727351324549285527e-01,-7.376519026697665460e-01,-7.115771412807527785e-01,-6.371561218291913464e-01,-5.964238818424066890e-01,-6.844898983497473832e-01,-6.350006618151047277e-01,-6.320000315151925729e-01,-5.851726391202779487e-01,-6.142382078035423243e-01,-6.634607443568623086e-01,-5.830915882887928170e-01,-6.346128520775676796e-01,-5.933708855337180843e-01,-5.678480528289379103e-01,-6.091097878618975114e-01,-5.861920027973969161e-01,-5.018280048604398802e-01,-5.204441638017336391e-01,-4.526174746051532805e-01,-4.352074738661480535e-01,-5.313976491173312278e-01,-5.462076190199869341e-01,-4.317874199502768628e-01,-4.455948660890857727e-01,-4.502892604728153114e-01,-2.482005272445973743e-01,-2.586862442519803351e-01,-4.159649043154643455e-01,-4.289343638220191046e-01,-3.705904884759189666e-01,-3.770320893586431299e-01,-3.585195563395816576e-01,-2.703307584537619768e-01,-2.469407171638081377e-01,-3.268235349978160786e-01,-4.024869090272042982e-01,-2.665059180139059958e-01,-2.761490344631741256e-01,-2.449409165014320156e-01,-3.738929414730763900e-01,-3.640296158977328056e-01,-2.499438764211715791e-01
-7.933460125623336134e-01,-8.324447738873491653e-01,-7.986132122305366066e-01,-8.116337314254649105e-01,-7.461462571521625398e-01,-7.858995176461107679e-01,-8.068563396165442381e-01,-7.551348522481153847e-01,-7.611126566314043718e-01,-7.354392505998205154e-01,-7.072820264062998907e-01,-7.622059309027842122e-01,-7.756619915877420723e-01,-8.097324766919316019e-01,-6.955726724655668658e-01,-6.280506878643528079e-01,-7.290293960072318225e-01,-6.105226969739387943e-01,-6.566850399663006765e-01,-6.202443462044554545e-01,-6.188593230096217646e-01,-6.724619523328632109e-01,-6.172651460433545845e-01,-6.328102292673449814e-01,-6.684417630640512309e-01,-5.810134177286604418e-01,-5.509430222661768628e-01,-6.021647827244019924e-01,-5.991849532403729084e-01,-5.631283486714738773e-01,-5.324999871743706370e-01,-6.014480182554938770e-01,-5.837280510630862285e-01,-5.218960593901753597e-01,-5.141561699184361567e-01,-5.400541115405280701e-01,-4.051532959227970854e-01,-5.358412179529775665e-01,-5.238516884799111484e-01,-5.267860490413859287e-01,-5.550015019461385091e-01,-4.203533909069611108e-01,-4.438519961155972804e-01,-4.205868617320420166e-01,-3.695698590704535325e-01,-3.991190785829862309e-01,-4.567280271172654560e-01,-4.124597051130133307e-01,-2.339686506572888902e-01,-3.088683001278972884e-01,-4.606290035760068347e-01,-3.216906735215846469e-01,-3.471626557410870673e-01,-4.291474086523720533e-01,-1.904194026237509552e-01,-2.133779480787609817e-01,-1.626520906769398922e-01,-2.653873512130233148e-01,-3.849517079966374711e-01,-3.520202105410291105e-01
-7.971667839338583139e-01,-7.752467260105410096e-01,-7.972372230022863882e-01,-8.205886099485439900e-01,-7.887032178338176935e-01,-7.808223071629787349e-01,-7.759913524051771372e-01,-8.113317113828066862e-01,-7.315012424738679409e-01,-7.278150372367970800e-01,-7.986131168061325614e-01,-7.157186971509250650e-01,-7.231761574680042326e-01,-7.058881414044283487e-01,-7.116692552312817721e-01,-6.813060905478295348e-01,-7.202765569359512732e-01,-6.534819209221821579e-01,-6.824692379766195138e-01,-6.556786476054952129e-01,-6.457466495659972550e-01,-6.283693947187265483e-01,-6.449539198241901472e-01,-6.436403301815226685e-01,-6.485985057048415658e-01,-6.124385351649145326e-01,-6.323539040514989384e-01,-5.943818338312882865e-01,-5.844487613575670704e-01,-5.334958289054784197e-01,-5.541001059889969493e-01,-5.442325974938944100e-01,-5.425402120866114064e-01,-5.196058730138408688e-01,-4.646162468096177167e-01,-4.923629350146661032e-01,-4.565667641179834702e-01,-4.885727212325131630e-01,-4.864936334873271595e-01,-4.392875483651586532e-01,-4.722421179948928516e-01,-4.482232144707099519e-01,-4.487475510011978974e-01,-4.381485501671110727e-01,-4.586033289103856880e-01,-3.044846082984472013e-01,-4.111042871226538997e-01,-2.969679521555897428e-01,-4.457768366335060906e-01,-3.198968925563531740e-01,-3.280698078586586908e-01,-3.965105460719594577e-01,-3.302758205254690549e-01,-2.797652887392921284e-01,-2.457084827650771186e-01,-3.518762637416750216e-01,-3.822075778429735449e-01,-2.855650678568892875e-01,-3.574622792451702114e-01,-3.768040588276634906e-01
-7.564531765766207005e-01,-7.871458727374671671e-01,-7.863374943235115211e-01,-7.793708678408879376e-01,-7.841666321700331288e-01,-7.260084153733294965e-01,-7.806417684048614358e-01,-7.719968721823600166e-01,-7.388794943195365894e-01,-7.841020755980248058e-01,-7.275536305243519575e-01,-7.019092813239654616e-01,-7.541389656553334486e-01,-7.318359957844375874e-01,-7.457425511293657161e-01,-7.029025431424402726e-01,-7.060287077358130547e-01,-5.890407504506740555e-01,-6.223882348917605389e-01,-6.627181949692394491e-01,-6.210512393148850396e-01,-6.345177507667917327e-01,-6.417890272540153207e-01,-5.956874896346785464e-01,-6.854492615516019072e-01,-5.975003612185771917e-01,-6.073673189189396915e-01,-5.998075807868389342e-01,-5.261448430884124727e-01,-5.814278533538898008e-01,-5.810768983525301801e-01,-5.333772680638821928e-01,-5.788963427776502302e-01,-6.220225488116317702e-01,-4.604927176268402422e-01,-5.157006876123541028e-01,-4.776895612028765892e-01,-4.653817397310797688e-01,-5.254462768786785087e-01,-5.355748296104199113e-01,-3.960149956143329542e-01,-4.408717350232070342e-01,-3.547974134248629841e-01,-3.831498148187857389e-01,-4.713068736175312634e-01,-5.122490263588093118e-01,-3.225240069207822580e-01,-4.587787314764230073e-01,-3.899725589647153878e-01,-4.210437891848347602e-01,-2.311652340538298822e-01,-2.870419447270013413e-01,-4.398278644591446240e-01,-2.930790849867821457e-01,-3.086316543531221757e-01,-2.864222547186376366e-01,-3.663969456519508561e-01,-4.171421593565784458e-01,-2.676254409240882426e-01,-1.531223611590391276e-01
-7.805678404894804689e-01,-7.853365857935143968e-01,-7.896824938342839051e-01,-7.535887113135764093e-01,-7.496867635256506679e-01,-7.828031469779729301e-01,-7.784826482982349916e-01,-7.616982004285891561e-01,-7.576764038472945106e-01,-7.547478771125682995e-01,-7.140766684348719417e-01,-7.534014252027538827e-01,-6.912195503723090884e-01,-7.037834971136825990e-01,-7.056936476730403252e-01,-7.183353301700339255e-01,-7.349788602276035032e-01,-6.596601033414160042e-01,-6.329190256732132314e-01,-6.566446742668992087e-01,-7.219402235635631326e-01,-6.407023261265665237e-01,-7.056561847579935209e-01,-6.608565645152717494e-01,-6.912567771713815645e-01,-6.599599356358816227e-01,-5.948346305675500378e-01,-6.004487840344447935e-01,-5.814960120235531660e-01,-6.069370372886478959e-01,-5.683505573384680654e-01,-5.644386476622512694e-01,-5.450831944409958441e-01,-5.471234583619876135e-01,-5.245803698011991534e-01,-5.161764743818914036e-01,-5.183091102272280315e-01,-5.179055178685304517e-01,-4.515402143107289379e-01,-5.755812096781519616e-01,-4.432302800310353175e-01,-5.394662938053136347e-01,-5.323547954969062301e-01,-3.686152292028829214e-01,-4.277472508517582983e-01,-3.627146967237205866e-01,-4.116781269043328639e-01,-3.733743135983161321e-01,-3.188317719288938368e-01,-4.380521684171241326e-01,-3.511471311560847575e-01,-5.611603124440353030e-01,-4.606097461092498735e-01,-4.214000559878251506e-01,-3.560468930326618486e-01,-2.833195167980693263e-01,-4.192370432485137965e-01,-3.709715289421952056e-01,-3.763032749833484791e-01,-2.288384338841656374e-01
-7.853298126677327184e-01,-7.948522320700781574e-01,-8.020064820956639418e-01,-7.614117742457988669e-01,-7.948533478471259128e-01,-7.890986757292838272e-01,-7.765249020766118448e-01,-7.699664005952234769e-01,-7.593963605040610076e-01,-7.695641544088333008e-01,-7.320342707821880790e-01,-7.436115367252187358e-01,-7.282368667661274220e-01,-7.324155380279840921e-01,-6.921868735523653005e-01,-6.774752357084086185e-01,-6.147415958805340086e-01,-7.097698517330662815e-01,-7.247339862720257875e-01,-6.176933003857971727e-01,-6.581230980646683992e-01,-6.600392539808386250e-01,-6.458817722032458297e-01,-6.306811673082468594e-01,-5.823716111592961431e-01,-5.551980637254814166e-01,-5.678175518302872593e-01,-5.785890787094835064e-01,-6.233388565630098022e-01,-5.930816007538080026e-01,-5.325783493400555457e-01,-5.568303030825439981e-01,-5.270018384498023067e-01,-5.653264886005110457e-01,-4.954813093686297742e-01,-4.911144017410353224e-01,-5.055332584829443920e-01,-4.501164612990763425e-01,-5.287845648943181320e-01,-5.041269748254393335e-01,-4.268929611329376206e-01,-5.139506691081849876e-01,-4.430825711493113772e-01,-4.053150560827992743e-01,-4.581569387855378150e-01,-3.724121720355902943e-01,-4.351918784117868588e-01,-4.712173017878605319e-01,-3.770035717629446337e-01,-3.441774351655401132e-01,-4.486948086854602447e-01,-4.808935360778295309e-01,-3.820938091682868909e-01,-3.433787787521824786e-01,-2.277720231029758402e-01,-3.615187519315573028e-01,-3.671751954864700407e-01,-4.318906866614176110e-01,-3.151978073361426658e-01,-3.881834078100214747e-01
-7.905139394650322338e-01,-7.693399857610000447e-01,-8.067820386637108987e-01,-7.659020645394652993e-01,-7.669717408387073387e-01,-7.368776922026571974e-01,-7.316944825237482464e-01,-7.560009868151490453e-01,-7.215854757053585811e-01,-7.611250740137178727e-01,-7.208449765685943644e-01,-6.674031339021603282e-01,-7.466651455408511717e-01,-7.314949384291086210e-01,-6.778491019672375772e-01,-6.616256983667273550e-01,-6.554681071641109691e-01,-6.532498212034598684e-01,-6.022365837394890731e-01,-7.438044739506585179e-01,-6.209023313452386450e-01,-6.675195994830371848e-01,-6.874322434152787542e-01,-5.915061936795187325e-01,-5.881077768460691857e-01,-6.273104749102180744e-01,-5.618801880029578033e-01,-5.738136188123279524e-01,-6.340319928673363581e-01,-5.832487308786118430e-01,-5.194410154183766171e-01,-5.862903076739590658e-01,-4.821394750433437570e-01,-5.808764396404230146e-01,-5.429214378649287465e-01,-5.830824416879146765e-01,-4.620127035192801435e-01,-5.104954380479412857e-01,-4.622945497862979147e-01,-5.120242748566183888e-01,-4.699332968488326712e-01,-5.193080768996911623e-01,-4.545267949316432743e-01,-4.649391075747971169e-01,-4.745205733275078552e-01,-4.514543134586580519e-01,-3.679340802799976884e-01,-2.683809665784163134e-01,-3.922799590654416635e-01,-4.171687369206463769e-01,-3.056211696831731550e-01,-4.218978061796742618e-01,-2.805868736734588587e-01,-3.873244649100374692e-01,-2.769174381818267361e-01,-3.004404889991995620e-01,-2.663313362002593943e-01,-4.720594400352694509e-01,-4.035485146822681557e-01,-2.802616777457372366e-01
-7.811561110408171693e-01,-7.805334887741144367e-01,-7.547797790574131138e-01,-7.522542392946983680e-01,-7.462962940846041837e-01,-7.741850525538774841e-01,-7.724284376445481604e-01,-7.395513931435766519e-01,-7.721861463394936731e-01,-7.389434020425454941e-01,-7.628878714847107112e-01,-6.905185245111592485e-01,-7.746596685370753521e-01,-7.879083108175214401e-01,-7.070341718449639767e-01,-6.654607385288788812e-01,-6.530691786449503988e-01,-7.006873872265939607e-01,-6.988764606258665024e-01,-6.225424030082552518e-01,-6.980253743743728423e-01,-6.430155628119165190e-01,-6.476815592730224003e-01,-6.714343395594937203e-01,-6.008991927254722087e-01,-5.801840857772291304e-01,-5.589101531671039069e-01,-5.671544742460105093e-01,-6.035511006657039434e-01,-6.185149064903192606e-01,-5.750596399197311914e-01,-4.828335886124851539e-01,-5.705408413396223510e-01,-5.102822883613831184e-01,-5.208365133552237403e-01,-5.519104816921628354e-01,-4.794837084955437811e-01,-5.638349217604183838e-01,-4.810860117752753240e-01,-4.761476657839249782e-01,-4.472808219871874935e-01,-5.123451079091149163e-01,-4.202092778840675891e-01,-4.801011301870695691e-01,-4.669305821766299158e-01,-4.734675542168664819e-01,-4.891105086764454546e-01,-4.480105918318018077e-01,-3.549630472880487275e-01,-3.642130486529681077e-01,-4.453097235559888567e-01,-4.115231304723514505e-01,-4.535719894632224691e-01,-3.094675891059216477e-01,-2.627828349861163759e-01,-3.881199137259000453e-01,-2.495360384784746921e-01,-4.792152904925091050e-01,-2.748787892693370649e-01,-3.461529827195274356e-01
-7.462562781105723797e-01,-7.606050312256604773e-01,-7.791162420809701894e-01,-7.379934686352831452e-01,-7.359607436032801209e-01,-7.706049271105235299e-01,-7.409848680412538524e-01,-7.322741424499688012e-01,-6.926909297110042107e-01,-7.392940646061100241e-01,-6.578592376470304703e-01,-7.015926840971722367e-01,-6.842677316389931264e-01,-6.659287976959109567e-01,-6.946353937481695162e-01,-6.676478241851476758e-01,-6.951426240662096356e-01,-6.230485824989935306e-01,-6.331393797995039652e-01,-7.204971941590043727e-01,-6.663482344907843968e-01,-6.133671864849986610e-01,-6.155621194559366405e-01,-6.388314369743895993e-01,-5.695381603702670548e-01,-6.216366725962255702e-01,-5.795852964779127925e-01,-5.297108301312410950e-01,-5.203098386250035734e-01,-6.039219180101069728e-01,-5.670004448036586320e-01,-5.722973737802600214e-01,-5.116263288156819300e-01,-5.152182090785422108e-01,-5.537395773736667470e-01,-5.136924662545345743e-01,-5.401394863364673560e-01,-5.161703093479814708e-01,-5.901901503619557676e-01,-6.092595880419340304e-01,-4.739279650135985733e-01,-5.329205606686254759e-01,-4.918676032967540523e-01,-4.600432025532472657e-01,-4.952613753287570253e-01,-4.551702195428102837e-01,-3.669728147403994445e-01,-4.563052293611608023e-01,-3.697594637726895339e-01,-4.847373239821729518e-01,-3.825891238725444565e-01,-5.064413603022150934e-01,-4.952292478255110875e-01,-3.918911362712630408e-01,-3.649707628920907387e-01,-3.092761837681877735e-01,-4.186787173757223757e-01,-3.187422525202908141e-01,-4.280148162554719415e-01,-4.104990785902996597e-01
-7.178280128684367822e-01,-7.477712244319321133e-01,-7.660736694786242085e-01,-7.696143729254877330e-01,-6.988978547646447215e-01,-7.328840174803624707e-01,-7.049782768770100905e-01,-6.856181966558706486e-01,-7.045793020799451245e-01,-7.264724847827228604e-01,-7.263936154207597529e-01,-7.016092835670791894e-01,-6.801908363384747691e-01,-6.956976680999148455e-01,-6.891119800593346056e-01,-6.743391321777132408e-01,-6.595232448098261591e-01,-6.378483832899177752e-01,-6.195991342832675164e-01,-6.343127990932782012e-01,-6.780258857993139987e-01,-6.378252027308292105e-01,-6.062941934417904744e-01,-6.157455083934054718e-01,-5.960082214464645922e-01,-6.644465406927985152e-01,-6.121118207176842185e-01,-5.862088368084281687e-01,-6.012732468980888090e-01,-6.199547925812844973e-01,-5.400768012847960708e-01,-5.882746004719002775e-01,-5.296585140416028015e-01,-5.749129647014490363e-01,-4.949487028573458791e-01,-4.717361404619927479e-01,-6.207088717305120351e-01,-5.926075909278710752e-01,-5.597763322319911916e-01,-5.887677024225291822e-01,-5.277371524259181212e-01,-3.983267737346611881e-01,-6.211253787797883508e-01,-4.906542613558689259e-01,-4.804480476365369235e-01,-3.797924801626811897e-01,-5.143694008716486188e-01,-4.168044199517466630e-01,-3.602738896059475282e-01,-4.265061771397832824e-01,-4.787307219653277324e-01,-3.012069913271243626e-01,-5.072792181191343452e-01,-2.954192981133152429e-01,-3.608213081368775166e-01,-3.543313835650249710e-01,-4.192861053023497209e-01,-4.179174815647853092e-01,-3.066977672743270156e-01,-2.218227055864299690e-01
-7.097192051753221653e-01,-6.862344025980383622e-01,-6.944140105973098942e-01,-6.889763731265263758e-01,-7.114065301845426958e-01,-7.123384938682313372e-01,-6.769382690132884628e-01,-7.104937973078424562e-01,-7.198274004399318748e-01,-6.795956413539629981e-01,-7.223361257515985567e-01,-6.606504143245847116e-01,-6.723155061198372584e-01,-6.570800838257936372e-01,-6.505050477846602286e-01,-6.652257287514047324e-01,-6.627601109024509052e-01,-6.761430650363611239e-01,-6.466413909134076654e-01,-6.961555850752154662e-01,-6.586366325096669749e-01,-6.248949250812045886e-01,-6.454097122208752868e-01,-6.513689421677919533e-01,-5.763591934483823787e-01,-5.643140254222899221e-01,-6.209194550870580365e-01,-6.321271555923709817e-01,-6.176198915879236306e-01,-7.120942434938740684e-01,-5.373837967290040485e-01,-6.307077529353412038e-01,-5.318556471344668690e-01,-5.694837823426240897e-01,-5.828372892875846034e-01,-4.977894648201472982e-01,-5.409122434575128757e-01,-5.458735227646510646e-01,-4.839903489948836901e-01,-5.045947645124698733e-01,-3.670963431074674155e-01,-4.688116021719065385e-01,-4.876125311484823532e-01,-4.882787126871216410e-01,-3.343617774968478118e-01,-4.196183301261103837e-01,-4.286652266204546424e-01,-4.284397251850807775e-01,-3.793591234096508336e-01,-4.490687236327384757e-01,-4.356554033332827869e-01,-4.026617703030289652e-01,-4.843791388161480249e-01,-3.841122902026473662e-01,-3.199724465710929722e-01,-3.989861280521986298e-01,-5.147726914865093928e-01,-2.305017685071723277e-01,-1.947237019693803528e-01,-4.052867121885651014e-01
-7.025420910986727163e-01,-6.689185026802954015e-01,-6.846191604530288410e-01,-6.945411219890510468e-01,-6.765853562184737102e-01,-7.093472300286016718e-01,-6.778621085834060089e-01,-6.809082146097458210e-01,-6.171152823462187076e-01,-6.808830883120841060e-01,-6.614731563990761121e-01,-6.723543015683973723e-01,-6.549258147214097603e-01,-6.665001166221969919e-01,-6.379552639460948082e-01,-6.887913829173453184e-01,-6.905991243430321669e-01,-6.611819231648432549e-01,-6.969601829272746851e-01,-6.506610782782564772e-01,-6.026086122149796331e-01,-6.258843748966806952e-01,-6.583622426205907319e-01,-6.390494791007454989e-01,-5.966556495682201477e-01,-5.686795716266181966e-01,-5.651280850764288655e-01,-5.991463416847956358e-01,-5.640762530152513277e-01,-5.290614624141178890e-01,-5.557628952479475304e-01,-6.520154120055996483e-01,-5.448986655570507986e-01,-5.965983376725954024e-01,-4.729643355248192016e-01,-5.543428894183753952e-01,-5.429713347595349626e-01,-4.977332575968591577e-01,-6.391924680410928650e-01,-5.264485146598880672e-01,-5.529883741882194448e-01,-5.267381034002041051e-01,-5.102400373698711133e-01,-5.152649646149360940e-01,-4.809452653687119050e-01,-4.742278171434745060e-01,-4.332687639446275440e-01,-4.373467462723192867e-01,-4.458790621442998980e-01,-4.323727657252666168e-01,-3.791613691626006810e-01,-4.246670575645394297e-01,-4.748940701642793694e-01,-5.224935715988873186e-01,-1.873887968515564606e-01,-3.539945366684421613e-01,-4.908533274960883430e-01,-3.517381891450273579e-01,-4.252838132871906152e-01,-3.664860589201004992e-01
-6.649693947241948067e-01,-7.231007606043253766e-01,-6.681623357647096251e-01,-6.884446812388229642e-01,-6.932283227855668972e-01,-6.473496992569307551e-01,-6.673591994777398062e-01,-6.957055957234221655e-01,-6.855728243704313218e-01,-6.901610750592342969e-01,-6.392732953467452628e-01,-6.678095090606072093e-01,-7.103516290147666723e-01,-6.045251161388981442e-01,-6.631557892777032448e-01,-6.346196083811920241e-01,-6.716319202398655097e-01,-7.141163273459928407e-01,-6.125941706280315646e-01,-6.193405102543131369e-01,-6.734085629487930325e-01,-6.155715875772005408e-01,-6.081699458540688052e-01,-5.929868008631523635e-01,-5.967402261286376408e-01,-5.766197415158804684e-01,-6.149653624222264359e-01,-5.234975429551376180e-01,-5.143458195561396717e-01,-5.895281288888178928e-01,-5.881683214718228525e-01,-5.644530031878527421e-01,-5.346551972985933432e-01,-5.593483456800576459e-01,-6.137832583610514092e-01,-6.023803369121868423e-01,-5.439607004283120162e-01,-5.490147120492498978e-01,-3.786802998622447736e-01,-5.377520153581489826e-01,-4.723528662950058354e-01,-5.252032818776894985e-01,-4.480804235709955341e-01,-4.152290921485589648e-01,-4.180259052205235193e-01,-4.669312433007360430e-01,-3.305864298244156063e-01,-5.190174018365285580e-01,-4.906176234564981198e-01,-4.686645042248544502e-01,-4.232056247669028215e-01,-3.788859163757393178e-01,-3.411288065129968183e-01,-4.952579557500175755e-01,-4.533450739567010390e-01,-2.992937799385239628e-01,-3.099414677233752191e-01,-2.356434950604987810e-01,-3.424903362432329956e-01,-3.590278931693619557e-01
-6.908752845762722306e-01,-6.449857851426205047e-01,-6.572118481920954380e-01,-6.708832454942716961e-01,-6.857606342581489267e-01,-6.989894914875035559e-01,-6.894751050384465563e-01,-6.411119548302901539e-01,-6.776210424998390103e-01,-6.685028124078692402e-01,-6.879390395045203999e-01,-6.832781165299744996e-01,-6.138394755885120402e-01,-6.965738801458556395e-01,-6.571065971464857824e-01,-6.599787784476762731e-01,-6.619394233359857660e-01,-7.228893611706574962e-01,-6.553529883530869737e-01,-6.836268472226820769e-01,-6.566642415148130629e-01,-5.567449448640535703e-01,-6.058438184255739989e-01,-6.449998927736068088e-01,-5.856446649139930294e-01,-6.841911275444860774e-01,-5.668030090551521294e-01,-5.575192194698201931e-01,-6.093844397340574259e-01,-5.550582490656481571e-01,-6.637938076613486560e-01,-5.618370380750647985e-01,-6.042303040115942769e-01,-5.660376166244553975e-01,-5.406456493250717532e-01,-6.072484466253607049e-01,-4.535172760824128235e-01,-4.646973371349495951e-01,-4.817175876534053325e-01,-5.664508610532046351e-01,-4.484645007499492020e-01,-4.380111845898822520e-01,-4.363077020911875215e-01,-4.780300031535055227e-01,-5.731951355522684199e-01,-4.652922200954122123e-01,-3.903178423308348299e-01,-4.900395862293033811e-01,-3.421863317056175191e-01,-3.266587534041182073e-01,-4.244313584507606874e-01,-5.496490188409913769e-01,-3.953482907533375501e-01,-4.455099370272055381e-01,-4.767981275509945438e-01,-4.184984580102689700e-01,-5.051836706481760420e-01,-3.881250813847781367e-01,-2.009745008064170724e-01,-3.092212723714104494e-01
-6.968090761796416066e-01,-6.495173526934144848e-01,-6.705796246010315986e-01,-6.518392289705932097e-01,-7.182238591983719500e-01,-6.991938294400458220e-01,-6.571469549964621404e-01,-6.549696298001517203e-01,-6.793131644335861363e-01,-6.782010828181508355e-01,-7.003586625659605769e-01,-6.396539697246144129e-01,-6.489944526181230522e-01,-6.576871589009130048e-01,-6.408167703818201666e-01,-6.356300265035306207e-01,-6.664877267310720388e-01,-6.266058694629335069e-01,-6.840700566893567203e-01,-5.601861085298031062e-01,-6.370066077376684843e-01,-6.202066359095871340e-01,-6.370600913124145892e-01,-6.005117979361302982e-01,-6.931907435435971099e-01,-5.847868302141689956e-01,-6.154829685469229705e-01,-5.721729630865133309e-01,-5.697303806761990774e-01,-6.086648549179389800e-01,-5.088106865652859412e-01,-5.468506809202799968e-01,-5.671713668301169298e-01,-5.252770701190917491e-01,-4.670754626564567191e-01,-5.259449601866135193e-01,-5.367132830607468374e-01,-5.092669595753912537e-01,-4.821943121581293568e-01,-4.115872992554938103e-01,-4.724924911868133570e-01,-5.240130642324709598e-01,-4.678421317243960931e-01,-4.080524782207428092e-01,-4.873822527008458971e-01,-3.581004555331568362e-01,-5.310516638389231048e-01,-4.866880951153643164e-01,-4.976002914389951459e-01,-4.189445094743855513e-01,-4.728737571793376060e-01,-2.739457181502107375e-01,-3.668231236342595070e-01,-4.144984740248446320e-01,-4.819515388650388310e-01,-3.902607418619351565e-01,-3.680372106545295452e-01,-4.191837409452121577e-01,-2.308138268234528889e-01,-3.603157798259650768e-01
-7.503006311248517912e-01,-6.839320373525273888e-01,-7.018199745265123468e-01,-6.985346919183818004e-01,-6.791375531728751636e-01,-6.868191371687756286e-01,-7.105436980808990111e-01,-6.961576001341776010e-01,-6.581262197039918771e-01,-6.971005411942556851e-01,-6.898214070662482822e-01,-6.818957342857074888e-01,-6.614943461818569848e-01,-6.394592945601801359e-01,-6.627323047989557292e-01,-6.467227341591014200e-01,-6.330605363923431650e-01,-6.368078563251798885e-01,-6.229817555307179955e-01,-6.540305030120530105e-01,-6.717747386232708617e-01,-6.194339614839103891e-01,-6.127612195793334937e-01,-6.607679549000506913e-01,-6.273050440072932554e-01,-6.752665214168921404e-01,-6.494889304800677277e-01,-5.747953970270918145e-01,-5.581874883308740598e-01,-6.834254250929554519e-01,-5.931245667379007047e-01,-5.277755823639080912e-01,-5.575499841797728617e-01,-5.465260848030546459e-01,-5.168612457355814538e-01,-5.340808813901656293e-01,-5.321545537576209961e-01,-6.339062864230222694e-01,-5.833767740882173092e-01,-5.266944731472642527e-01,-4.849521129417431742e-01,-4.375794318581382458e-01,-4.744768559384279216e-01,-5.370362212425064952e-01,-4.411047661490916094e-01,-3.963040299990122084e-01,-4.619501630574190942e-01,-4.687074342718476894e-01,-5.553921533756822626e-01,-3.655937891577444310e-01,-4.681621981475582173e-01,-3.964812634407701708e-01,-4.519040947779338069e-01,-3.204253488526364047e-01,-3.902941267731688813e-01,-4.529427314335380816e-01,-4.154244830798337063e-01,-4.378294280413490003e-01,-3.600931581035490270e-01,-3.560330788096417454e-01
-7.118163228535013820e-01,-7.204785008544706271e-01,-7.015951728532894283e-01,-6.712171317907373869e-01,-6.976791522084102581e-01,-6.723963565442280244e-01,-6.844410978543844504e-01,-7.004665526988586022e-01,-6.407865200989456556e-01,-6.512816776513921102e-01,-6.378755239949474021e-01,-6.715901179650132224e-01,-6.147142697561750468e-01,-7.025980363160332365e-01,-7.406265861451375443e-01,-6.419872734379299395e-01,-6.281871521171269457e-01,-6.666633261525525267e-01,-5.801036795433019977e-01,-6.044101560137661311e-01,-6.422877734897632918e-01,-5.931698025350493619e-01,-6.771637914741295283e-01,-5.256822221247869908e-01,-6.149001800787857741e-01,-6.035878145056190469e-01,-6.019482337453194720e-01,-6.158993676740264211e-01,-5.473394481438350612e-01,-5.873540869636876272e-01,-5.273061973234374200e-01,-5.016319475233007585e-01,-5.363129712860985610e-01,-5.299477612595649978e-01,-5.704230123643593275e-01,-5.006327461151143243e-01,-5.438971261213774167e-01,-4.153333443031658190e-01,-5.335288032286497062e-01,-5.564727708295029718e-01,-5.699476054035350625e-01,-4.253045326128357395e-01,-5.247513378295850517e-01,-4.285630535815123099e-01,-5.273490447327118247e-01,-5.143032012469360703e-01,-4.703359544392687885e-01,-4.961113327646796134e-01,-4.261994453251546355e-01,-4.964173050677721521e-01,-4.951059378497003616e-01,-4.747074806338567043e-01,-5.402697279339410130e-01,-3.592790428096880317e-01,-3.061775197225843348e-01,-4.270867434668421114e-01,-3.882816702505661466e-01,-3.534352457664142189e-01,-3.333215164154638699e-01,-3.080176191421037935e-01
-6.568722853203735612e-01,-7.541848429939038700e-01,-6.427234528526164503e-01,-6.797099651342705107e-01,-6.852782207395847758e-01,-6.868378556353309516e-01,-6.630149193560759269e-01,-6.861487765500902114e-01,-6.652368242230309869e-01,-6.695994350612679558e-01,-6.244213865505787719e-01,-6.400143882102049542e-01,-6.115579514539695172e-01,-5.905445325399955037e-01,-6.677019989742212225e-01,-6.411359133132974453e-01,-5.955126264052161833e-01,-6.078231774197540016e-01,-6.324173853108735477e-01,-6.425857919207522695e-01,-6.748282766603092009e-01,-5.893860320182437995e-01,-6.547675772484400358e-01,-6.152193101287518617e-01,-6.086000241057261118e-01,-5.865979335321241939e-01,-6.555853518479992648e-01,-5.816920660116879915e-01,-6.134866861853813802e-01,-5.903082417989573560e-01,-5.986778864399509015e-01,-6.582690824066750324e-01,-6.259500756499007945e-01,-5.012259937594297776e-01,-6.369494957623924591e-01,-5.128152584968541650e-01,-4.962972506094088798e-01,-4.650309402351096577e-01,-6.037586869163937831e-01,-4.376152094599503606e-01,-5.820181007358670167e-01,-5.585633280839307213e-01,-5.176937658579015000e-01,-5.847666609739556876e-01,-4.735607393650358432e-01,-4.338548294412062356e-01,-4.796116625235922193e-01,-4.793267950998568727e-01,-4.020420851412936369e-01,-4.979449707048400064e-01,-4.610186338465903089e-01,-4.682027111310714806e-01,-4.897451990284714118e-01,-4.442907828270364901e-01,-4.324889101419369664e-01,-5.162798419825744833e-01,-5.608793832788988576e-01,-4.026895439932259291e-01,-3.469628692560091654e-01,-2.245595953094414732e-01
-6.821810338615648117e-01,-6.644778362400496352e-01,-6.788443816978148027e-01,-6.619991123819122247e-01,-6.354172236670180274e-01,-6.454296629632015891e-01,-6.803692233248872512e-01,-6.477979296150466748e-01,-6.789004908280309447e-01,-6.634255438805414240e-01,-6.470433122254564129e-01,-6.756140937502145283e-01,-6.861431581592211115e-01,-6.232183405083244754e-01,-6.270890707127982910e-01,-6.104483632026351803e-01,-6.482248957328266004e-01,-6.416053932983192265e-01,-6.203066475668082003e-01,-6.100486153185763483e-01,-6.425393158663726956e-01,-6.145302696948968801e-01,-6.858291050853886350e-01,-6.573219586826797300e-01,-6.828154967357187299e-01,-5.771556627783669402e-01,-6.648742667903857484e-01,-6.009273369919064800e-01,-6.923908574746491240e-01,-5.352801098052053508e-01,-5.857681507103607021e-01,-5.324734605282928079e-01,-5.877026640434482863e-01,-6.566686119617672901e-01,-5.640648079772377921e-01,-5.609328431435905982e-01,-5.339030526592503101e-01,-5.040741526184971955e-01,-5.581279692061567044e-01,-5.990194554947336769e-01,-4.478177815196675016e-01,-5.629682109755375086e-01,-4.790131992800300553e-01,-4.526001543871798205e-01,-3.721209019505690718e-01,-4.829203231332751534e-01,-4.712357969454760709e-01,-5.286321551855437395e-01,-4.528699941198198187e-01,-4.424697205656202281e-01,-4.186327476527315627e-01,-4.866675163275399063e-01,-3.833330383851283329e-01,-3.356456535542725605e-01,-4.906108083991798097e-01,-3.751208698538066044e-01,-4.513610453858287741e-01,-4.252317001602044511e-01,-4.659219185495596660e-01,-5.154698944548856687e-01
-7.015010785545257033e-01,-6.749991612648205130e-01,-6.359087011503110620e-01,-7.093688358058959365e-01,-6.864843322170737228e-01,-6.616601300773523597e-01,-6.975435750774720001e-01,-6.632304616068249725e-01,-6.292045266576176132e-01,-6.423049262447397822e-01,-6.422164894457378370e-01,-6.712685729053171624e-01,-6.398511036030875010e-01,-6.506342187600899774e-01,-6.341846392025345391e-01,-6.539614257295138788e-01,-6.611184195753907478e-01,-6.564103556867482148e-01,-6.182858855300192857e-01,-6.610342903718405827e-01,-5.902742207954382314e-01,-6.166030577656653744e-01,-5.914794897748855140e-01,-6.217140402893288620e-01,-6.123646762231306218e-01,-6.561227655261548941e-01,-6.575703994295980515e-01,-5.801285719990210143e-01,-5.475744898880691158e-01,-5.288593837310340273e-01,-4.916983098326412893e-01,-5.680105654974416662e-01,-5.538169462700032186e-01,-6.309564964980141077e-01,-5.699174271822932125e-01,-5.644093436086446980e-01,-5.686758209680899956e-01,-5.242101520691891947e-01,-4.606975489537996071e-01,-5.414360722349098598e-01,-4.862736256770053278e-01,-4.553878988738260247e-01,-3.825012587519758256e-01,-4.770980052166302054e-01,-5.428131809426656185e-01,-4.347716948613207788e-01,-5.637557606067699068e-01,-5.195049609535236090e-01,-4.274708875596952007e-01,-4.308373602053771623e-01,-4.054827406775995402e-01,-4.846668062567897062e-01,-4.611790456183033626e-01,-3.727332087023382257e-01,-4.905300430518272914e-01,-3.552647704788888805e-01,-3.529754884913511859e-01,-3.891318111293599058e-01,-4.239660925352131682e-01,-2.888652297967300719e-01
-7.429606431103242814e-01,-6.701751642473314785e-01,-6.375387565469065043e-01,-6.363998460262032530e-01,-6.381054986998362377e-01,-6.195038074613515855e-01,-6.886454734556721746e-01,-6.686306685820284645e-01,-6.640864281019135396e-01,-6.680496709406723577e-01,-6.931236390627186772e-01,-6.614490958410206289e-01,-6.367803753167131653e-01,-6.412637141034268629e-01,-6.185682046986694660e-01,-6.309272587037130231e-01,-6.684548682667788011e-01,-6.312943549324913084e-01,-6.539555575814002264e-01,-6.204086597229319100e-01,-6.114157134773533508e-01,-6.783770037462634184e-01,-5.988044514672081764e-01,-5.980469907440454369e-01,-5.582538627666558950e-01,-6.056459857961984383e-01,-5.956377157195625882e-01,-5.854472562043863126e-01,-5.537073471131669367e-01,-4.429880220330376095e-01,-6.050757832281852266e-01,-5.905414240061619413e-01,-5.955323550195978921e-01,-5.995294902241968815e-01,-6.212478083174037824e-01,-5.634563112525212691e-01,-5.674133138321637571e-01,-4.839338178940016943e-01,-5.087386054511949807e-01,-5.896149997631470185e-01,-5.910748472916884655e-01,-4.281346220419570692e-01,-4.967143142255807109e-01,-5.739349964617478372e-01,-4.595673405585907756e-01,-3.894512211056601059e-01,-4.556466153105008243e-01,-4.836489056053140945e-01,-4.264087674898829339e-01,-4.912352293122380087e-01,-4.059869485857118265e-01,-4.702561552376467446e-01,-3.347013932552670434e-01,-2.536873951847431474e-01,-3.925188831652454136e-01,-3.461373293224982439e-01,-3.930909428849290177e-01,-5.035781123247633495e-01,-2.839188967509738704e-01,-4.625023510128188908e-01
-6.960918093159207398e-01,-6.730102891028448830e-01,-6.773076493893120942e-01,-6.773858922436442054e-01,-6.897920669071707644e-01,-6.945281240358065489e-01,-6.539440142892855024e-01,-7.219542318917273604e-01,-6.563428221576279586e-01,-6.772728120687372400e-01,-6.026590132895568441e-01,-6.518759975559540454e-01,-6.965985389163794617e-01,-6.226111651248852352e-01,-6.516724288199944315e-01,-6.625727450134906160e-01,-6.818558363279028089e-01,-6.194444414340545269e-01,-6.221156106881295944e-01,-6.091003677744142308e-01,-6.155208401703907706e-01,-6.122058852567185960e-01,-5.853492942196496518e-01,-6.060204983685679725e-01,-6.076323394857043869e-01,-6.286012127322212484e-01,-5.891049206376391956e-01,-5.264416991621192476e-01,-5.456767716284122161e-01,-5.893870652666435284e-01,-5.476571042284138491e-01,-5.436591411957342190e-01,-5.365426853515888883e-01,-5.403192741511193553e-01,-5.611978034466964527e-01,-5.239925933985218887e-01,-4.370601003462190048e-01,-5.594930058233285042e-01,-4.408943861525175256e-01,-5.336578786017225351e-01,-6.368825991731098535e-01,-4.242301777840551402e-01,-4.196614960174717135e-01,-5.321167522931533611e-01,-3.927178932383193488e-01,-4.466566640244334918e-01,-5.108480077584032220e-01,-4.121878499488551562e-01,-5.422221348389932860e-01,-3.740039793847019234e-01,-1.591033320115786132e-01,-4.265390035201866437e-01,-3.924958702447782222e-01,-5.074574021934351586e-01,-5.209306851172914588e-01,-5.561577825757775262e-01,-4.097986076176903802e-01,-4.346496957027358721e-01,-3.447654927502026290e-01,-3.251035915114839914e-01
-6.607110064815694406e-01,-6.419807825222982878e-01,-6.920255001288289076e-01,-6.558938881174036784e-01,-6.508696954791324263e-01,-6.555202851556398702e-01,-6.520330930650282131e-01,-6.799613865459386286e-01,-6.808432778921386097e-01,-6.459443110327194315e-01,-6.439084612069476687e-01,-6.610892154428459344e-01,-6.443639466509373248e-01,-6.437762494617093045e-01,-6.259989408007995415e-01,-7.233460374623147393e-01,-6.290028154545613814e-01,-6.142262986932522928e-01,-6.255334840491418857e-01,-6.003693535082503807e-01,-6.056185196991580311e-01,-5.999475856640928972e-01,-6.637752269836671992e-01,-6.480162277052642361e-01,-6.759424018667490319e-01,-6.538893137209308426e-01,-5.471663230761860675e-01,-5.747594375554622159e-01,-6.188954947792791872e-01,-4.985644450178455256e-01,-5.252044122760108902e-01,-5.971664039235512478e-01,-6.840799557036236767e-01,-5.465999871709248392e-01,-4.740415583395899968e-01,-5.733928921752917685e-01,-5.126025992463365544e-01,-6.358709096270017680e-01,-4.594754265315229569e-01,-5.725217937947968405e-01,-4.497602684157421815e-01,-4.882055909933460391e-01,-4.959015472742517860e-01,-4.659639493294717161e-01,-4.745620403019903399e-01,-4.467834005024931554e-01,-3.368584599275578073e-01,-5.407864593554239097e-01,-4.678232664455316825e-01,-4.688353796979639609e-01,-5.696380969273515671e-01,-5.249019329146868973e-01,-4.733239047127251742e-01,-4.837621585288228721e-01,-4.743813242593946100e-01,-3.720213096385605600e-01,-4.098752442159558917e-01,-4.001527955629231026e-01,-4.529574863134951945e-01,-3.696653770140715389e-01
-6.123752517795459926e-01,-6.187076629194782074e-01,-6.976061415251998410e-01,-6.079093508243958999e-01,-6.138061033650782372e-01,-6.456079429792638269e-01,-6.385849355557120521e-01,-6.979641295236591603e-01,-6.733603241658615568e-01,-7.341665831679732301e-01,-6.295791009750486555e-01,-6.781695801801438384e-01,-6.782229895668071551e-01,-6.441374502392822610e-01,-6.767331384800546745e-01,-6.300270498378572892e-01,-6.042805041877958860e-01,-6.974237782297375565e-01,-6.765311965860438814e-01,-6.420718489244843230e-01,-5.922313735941054924e-01,-6.467937863014305844e-01,-6.177203188525368649e-01,-5.762897010294132372e-01,-6.140614090969443994e-01,-5.368690787563149547e-01,-6.522750254370656142e-01,-6.798375953966753205e-01,-5.709001381081633131e-01,-6.022960827009347096e-01,-6.885768902881792553e-01,-6.197401564814857267e-01,-5.690083553864481170e-01,-5.993135448917312758e-01,-4.808437973158469769e-01,-5.542884813148125644e-01,-5.604007198746379093e-01,-4.899671655374859824e-01,-4.619136575873786232e-01,-5.598242802546208319e-01,-5.799452249725006725e-01,-4.966762056833533556e-01,-4.678746022376817360e-01,-4.588690273487078253e-01,-6.355795992122337257e-01,-4.341041827249456087e-01,-6.536408770508213006e-01,-3.246252998177881488e-01,-5.878889750651837831e-01,-3.958116979873202435e-01,-4.822182852204143222e-01,-5.108742750213071115e-01,-3.218339615833896161e-01,-4.735182310964193286e-01,-5.642935480204954724e-01,-3.219576813737824450e-01,-2.410802679537085713e-01,-4.770070951509210455e-01,-4.466485889524742237e-01,-3.729218606676639736e-01
-7.341555723451500537e-01,-6.938429285114431355e-01,-6.054517830349054330e-01,-5.920377155824307902e-01,-7.164318846298892707e-01,-6.703584880122136491e-01,-6.197743053324156204e-01,-5.912209029995301179e-01,-6.032328089763357992e-01,-6.638882038044020550e-01,-6.550781978873427835e-01,-6.303312057580359173e-01,-5.995252961102990330e-01,-6.683344491637995821e-01,-7.110800679183006956e-01,-6.597413673431213876e-01,-5.816836391338746637e-01,-6.021209087519823200e-01,-5.892988862347048329e-01,-6.451412389872059894e-01,-7.232024806168648734e-01,-5.920116359398380768e-01,-6.584294020839670525e-01,-6.437373331970945856e-01,-5.134298341065827165e-01,-5.419757004733185557e-01,-6.194687439759476444e-01,-5.460566135442357361e-01,-5.687150930935097604e-01,-5.533350316468745866e-01,-5.324606188812465168e-01,-6.140565627655308889e-01,-5.556309830375784076e-01,-5.146321515344347564e-01,-5.947034512186257782e-01,-5.521363674703951840e-01,-6.122513954331978425e-01,-5.768367671961478482e-01,-5.518231007185294690e-01,-5.070063249661329596e-01,-4.249689002062436716e-01,-5.036246092697467258e-01,-5.658968669933006623e-01,-4.541664241892308107e-01,-4.979989739225086365e-01,-4.361824144810674264e-01,-5.120232417119527923e-01,-3.773611509965092981e-01,-4.366800302776331355e-01,-4.555415234299350358e-01,-4.176491316331338299e-01,-3.911314639416196282e-01,-4.186008624711596293e-01,-5.612285045311329323e-01,-4.409214560831919982e-01,-3.555504581685801635e-01,-4.021705399614739496e-01,-3.793524663580879475e-01,-4.080438419599757838e-01,-4.225003572803023855e-01
-6.538265000187439835e-01,-6.831603906239175350e-01,-6.925353017289700430e-01,-6.805407611052617378e-01,-6.245698375214269182e-01,-6.054000025448400546e-01,-6.321583602351517062e-01,-6.096852693317632577e-01,-6.149917281062652341e-01,-6.053678447459984735e-01,-6.300987317389712405e-01,-6.152878995558543895e-01,-6.389747628722742823e-01,-7.213898775579236089e-01,-7.413727709371290553e-01,-6.398839225113711615e-01,-6.144845550841205872e-01,-5.806536757601106213e-01,-6.872027967739373633e-01,-6.164324053241255763e-01,-5.707786826396253899e-01,-6.664633464199546387e-01,-5.864653225814377979e-01,-6.247172080312772824e-01,-5.824999354671465124e-01,-6.044452555864269216e-01,-6.039979661766026187e-01,-6.696952288093498407e-01,-4.990995446034330318e-01,-5.115008098628969213e-01,-6.393863884326647096e-01,-5.135606065407125609e-01,-5.805762919432155833e-01,-5.979996508120853926e-01,-5.097138636385581956e-01,-5.912095352999309217e-01,-5.961325941651839377e-01,-5.825610691655007667e-01,-5.837468031353808540e-01,-4.770225346961301516e-01,-4.112542820820800915e-01,-5.370116544277300230e-01,-5.384419211452330378e-01,-4.716599637185223126e-01,-5.094565497774207197e-01,-5.445715218745971198e-01,-5.192717335169202419e-01,-5.260475363389696124e-01,-4.587651979818091474e-01,-3.954081944875248444e-01,-3.417476037701328018e-01,-4.543085559253181027e-01,-4.157674553165700004e-01,-3.709679166380745463e-01,-3.689527320191127169e-01,-4.245681907383644926e-01,-4.628477033233237004e-01,-4.671556200815237814e-01,-3.988809774079559722e-01,-3.653749113696929673e-01
-6.826064956439619191e-01,-6.859451291678240192e-01,-6.478332501983442571e-01,-6.475612844077331953e-01,-6.369086534834342839e-01,-6.327798386859194713e-01,-6.379145072136684913e-01,-6.410594728152982924e-01,-6.597322439166732888e-01,-6.272459974495691037e-01,-5.515346153952322972e-01,-6.896019676142117749e-01,-5.983601273008194443e-01,-6.171987657011436257e-01,-5.769140624870116030e-01,-6.968782527767348745e-01,-6.456213286333837287e-01,-6.313914672142836304e-01,-6.665267398449900016e-01,-6.533941861645372606e-01,-6.383756073238908701e-01,-5.951360248716097701e-01,-6.303427464811209857e-01,-5.796517025424995362e-01,-5.597752433041184306e-01,-5.407243469963696203e-01,-6.542747879962882429e-01,-6.121697360738062033e-01,-5.097702565428723354e-01,-5.130048347553772814e-01,-5.029861342639528887e-01,-5.504090597770017190e-01,-5.316857898111752023e-01,-5.429846744732118591e-01,-5.666320032454514877e-01,-6.317383671283389734e-01,-6.377616199595685931e-01,-5.347272371755711351e-01,-4.816405532695814395e-01,-4.405945566118617540e-01,-5.610072870344142704e-01,-5.151797361772942896e-01,-4.599332010320491548e-01,-5.284168477685273757e-01,-5.830184755056448953e-01,-4.781234762040845188e-01,-4.596383992780662675e-01,-5.862118643736445867e-01,-4.999408061586643193e-01,-4.074691344786683378e-01,-3.897640730131375908e-01,-4.479543589297622641e-01,-5.057656537783258299e-01,-5.048258113792701840e-01,-4.353863656813328764e-01,-4.375238905094493980e-01,-5.701619502615064006e-01,-4.990453504554867581e-01,-2.784926082791565061e-01,-2.565182240523630197e-01
-6.743747382586835482e-01,-7.036574966358506433e-01,-6.358787844788593713e-01,-5.742180234123810401e-01,-6.879907841256198697e-01,-6.289004318770995416e-01,-6.490440930385663609e-01,-7.032374981206122033e-01,-6.840858145452737293e-01,-7.052478324872193394e-01,-6.406453185092667590e-01,-6.330553426145494322e-01,-6.407538901145372057e-01,-6.908185408863011245e-01,-6.429736412564779346e-01,-6.223496205040530693e-01,-6.074837981175335022e-01,-5.747860724559350487e-01,-6.420717686479988640e-01,-5.614668645615331632e-01,-6.046905441910574996e-01,-5.988692272258242522e-01,-6.451249950184850812e-01,-6.232620501970813631e-01,-6.863363943469071859e-01,-6.183049745269511011e-01,-6.208862052614106952e-01,-5.668894481824335863e-01,-5.505523665913397702e-01,-5.834496038489835890e-01,-6.387506368118385236e-01,-6.449705352113099810e-01,-5.409998899607184608e-01,-5.549256526005214019e-01,-5.403502919750804434e-01,-5.504248030563048122e-01,-5.879513377775736904e-01,-5.273757409090438220e-01,-5.252257193607917651e-01,-5.108829514054743504e-01,-4.791855277383271217e-01,-5.194692800960096779e-01,-5.206461076804881349e-01,-6.582754084574479192e-01,-4.816564644310430410e-01,-5.242888545457098370e-01,-3.732009122646409160e-01,-4.882901058497770563e-01,-4.833190617704787861e-01,-4.787836671200199623e-01,-5.237423938158289882e-01,-4.608319475194022630e-01,-4.260135410317795746e-01,-3.716432251215964766e-01,-4.301598622846881659e-01,-5.269237463459703896e-01,-4.512616768597329520e-01,-4.400649060505565369e-01,-4.502552796608386698e-01,-5.270946893578651871e-01
-6.288507406023818858e-01,-6.126835359851873219e-01,-6.385627593886465947e-01,-6.651316831146815156e-01,-6.473413467399151688e-01,-6.791435167941094475e-01,-6.364737353671341413e-01,-5.766277544681661649e-01,-6.242116817280860541e-01,-6.633424103795801940e-01,-6.668008432249985518e-01,-6.190674549920636149e-01,-6.473627955015464064e-01,-5.912088295480786293e-01,-6.399545153621932769e-01,-5.849391987746489496e-01,-6.388651133506999535e-01,-5.726067941030821284e-01,-6.341423688742537923e-01,-6.179166738490708966e-01,-6.216700510212107567e-01,-6.523646124796783630e-01,-5.952965540708509140e-01,-6.323736805281215956e-01,-6.439895449478573175e-01,-6.541066644583459766e-01,-5.493207150195520416e-01,-5.951596749468104353e-01,-5.891223359144650562e-01,-5.518454139383536239e-01,-4.653915597592815923e-01,-5.767581755298548662e-01,-6.317249951223101734e-01,-5.514447053879227845e-01,-5.148728672746483159e-01,-5.351040308641410448e-01,-5.550192927683290645e-01,-5.582142795065700991e-01,-5.340358842884972423e-01,-6.177230792763914735e-01,-4.119428026157148648e-01,-6.181091780777864253e-01,-5.728528768530221083e-01,-5.536726259533265582e-01,-5.281761471066485081e-01,-6.046644163598353661e-01,-4.759376446923699322e-01,-4.292995911507919149e-01,-5.309888429451058434e-01,-3.967301658757295124e-01,-3.395769208862103872e-01,-4.179442949659705198e-01,-3.727155009323148693e-01,-5.175197333256882359e-01,-4.527601694094692819e-01,-3.996887879899213014e-01,-4.335448312824785044e-01,-2.386167242507973574e-01,-4.281148465196172315e-01,-4.249933544113737582e-01
-6.282690567061121056e-01,-6.489517396954804784e-01,-6.376669340892703319e-01,-6.137543395285096626e-01,-6.555000387981835264e-01,-7.132309053133873977e-01,-6.668124018489017812e-01,-6.092989431031494707e-01,-6.141190074419239364e-01,-6.467891038388162706e-01,-6.433277646410503481e-01,-6.160940023852662373e-01,-6.876426178079902973e-01,-6.422838089117411942e-01,-6.671422843975460815e-01,-6.250460913963343801e-01,-6.247224629617990077e-01,-6.430306353833946664e-01,-7.171402202748077270e-01,-6.068398686656615304e-01,-6.618060801405702964e-01,-5.679814929364875864e-01,-6.259756359540088466e-01,-6.226903786020060450e-01,-5.863731986091161863e-01,-5.379673732391654362e-01,-5.865019746147799307e-01,-5.781078018431066168e-01,-5.753063859224296639e-01,-6.204952500689407957e-01,-6.038233384195016429e-01,-5.192382519225202664e-01,-6.161450428393182577e-01,-5.750506549720658667e-01,-5.661081392678669610e-01,-5.677306701641963160e-01,-6.023984476739696614e-01,-5.386479142835728373e-01,-4.736382255343173919e-01,-4.799183424230660799e-01,-5.200373019459241242e-01,-5.033240226297912567e-01,-5.248153873939160885e-01,-4.856300701080824567e-01,-5.391294328714530959e-01,-4.348825164805077970e-01,-4.011927311371883964e-01,-5.374504113180623710e-01,-4.535810119341617264e-01,-4.656861410062799189e-01,-4.617138727568462220e-01,-5.609582377621302740e-01,-4.958311642080490134e-01,-3.627524239300482511e-01,-4.382223036530262239e-01,-2.731271557157831653e-01,-4.373514476295013997e-01,-3.531550025069637444e-01,-3.560951141226263994e-01,-5.202042782337352733e-01
