7.608399989728259483e-01,7.086197882031706197e-01,5.228372123916460446e-01,6.845443355793645601e-01,6.580971259451310340e-01,5.050037940067321207e-01,3.767040549884779210e-01,2.652832346264757946e-01,2.978820636026670021e-01,3.082964334525719607e-01,2.225184883154394111e-01,2.127174223758258598e-01,4.583379567337724225e-01,3.146382363777225910e-01,7.809692182308597408e-01,8.511495131965027827e-01,6.893000300327503105e-01,8.984830632394903427e-01,8.524249836319286455e-01,9.368860819215638625e-01,8.805359925653698516e-01,8.082617901151276651e-01,8.740566998635961316e-01,7.768539255412806321e-01,7.268481402871453945e-01,8.073593368187637065e-01,8.058597670582361427e-01,7.073105175423103352e-01,7.000551269076170646e-01,7.962751631332112279e-01,7.043062211845854126e-01,7.544957118642641181e-01,6.223602409415096570e-01,6.046693628174943935e-01,7.100334172987420311e-01,6.983398042701985942e-01,5.782392099580965228e-01,5.207932375948137738e-01,7.029833065165216333e-01,6.080014895417880094e-01,6.762072505880613038e-01,6.057815482878405877e-01,3.715764856253355175e-01,4.921606059451142379e-01,6.507737229430031745e-01,6.335367845520563090e-01,6.156558530791855777e-01,5.433858212094486717e-01,2.347374652923018279e-01,4.816135169044900022e-01,2.261284003591595704e-01,2.711951740499468078e-01,5.767486887967938625e-01,4.741644498080832548e-01,6.943211613938871096e-01,3.271884818171436615e-01,4.936181810258729041e-01,3.972148252147221226e-01,3.418005393760278898e-01,4.983144118087351471e-01
8.090968420042754516e-01,7.612332380973634294e-01,7.656427455568082241e-01,6.586404912571304227e-01,7.051787798448196920e-01,7.069871137932677296e-01,7.356242548231625156e-01,6.885194414439126387e-01,6.104012237461509116e-01,8.176831610143120432e-01,7.264126505221655261e-01,6.440273676199603781e-01,6.555881307830311311e-01,5.835614605047478864e-01,7.012959556098644631e-01,7.131499734931863177e-01,6.995408829649100158e-01,7.434685907163122165e-01,7.384795343453196548e-01,7.104517680315227679e-01,8.293928966233261590e-01,7.916708588132086444e-01,9.249139144881232122e-01,7.877635242099951807e-01,7.651691244881645426e-01,7.608616303088097110e-01,7.906794750307974962e-01,7.962050199051489141e-01,7.695657860111978499e-01,7.737649130684943755e-01,6.758941535343225837e-01,7.794197086257426133e-01,6.581331789056086290e-01,7.169412042665352924e-01,6.489481318057053194e-01,6.721193938445164662e-01,5.668148551354353915e-01,6.793705407813316333e-01,6.388053430028116653e-01,6.145429023613229180e-01,6.983546551552151094e-01,5.053932536552210308e-01,3.552863414674699571e-01,4.644968176696332440e-01,4.061012124871073992e-01,4.530945138719461585e-01,6.118148178308385754e-01,5.180174515285604908e-01,3.765675138818643797e-01,6.588920119391464825e-01,5.583064751888289212e-01,5.550883605413672317e-01,3.953619186191414947e-01,6.020901310116670846e-01,6.859368563194864210e-01,4.292420690319909693e-01,4.531444844414086459e-01,3.970530291226261888e-01,2.265115541493796791e-01,3.804234556818064661e-01
8.093130978875648918e-01,8.004334646302082579e-01,7.628750098874853558e-01,7.167908966590577080e-01,7.033434440088753847e-01,7.445601313628557039e-01,7.935744416143515334e-01,6.662269421282777104e-01,7.130243488337127955e-01,6.759403821755852748e-01,6.255046692662492580e-01,6.685701399193991756e-01,7.396484156793656783e-01,7.291243152603538169e-01,7.346713685571069075e-01,6.941338411181331436e-01,7.735539777495072933e-01,7.714930373204446079e-01,6.898855854340002480e-01,7.879516024955467435e-01,7.776770079878903008e-01,8.396829920764015132e-01,7.609111539069587371e-01,8.135644493948905875e-01,7.162985838667437211e-01,6.882521703064614638e-01,7.204559106497636645e-01,8.089850268532139399e-01,8.064246864932279601e-01,8.308731836821241501e-01,7.423184214720637275e-01,6.951175971660462638e-01,7.493618749489072695e-01,6.211875928274844805e-01,7.437902247844844217e-01,6.854876849822671980e-01,6.584897305474812779e-01,6.684905129055647155e-01,6.110219490222041916e-01,7.254480887856853411e-01,6.651009568238270830e-01,5.642335394882618260e-01,7.951424069662883509e-01,6.812507129284186558e-01,7.231217507204513728e-01,6.113989692527658226e-01,5.448397352062388510e-01,6.558393855546117424e-01,3.979456375128738177e-01,6.736695233678978711e-01,6.633625290323760249e-01,4.798560427841921383e-01,4.485166079409478312e-01,5.782024089807477063e-01,6.707565606147201098e-01,1.599228779323454419e-01,3.421679747891834822e-01,5.761739674262067457e-01,3.822795035629388272e-01,1.985003173291110257e-01
8.175325575536117606e-01,7.991380331590353103e-01,8.029953303860681846e-01,7.831788248750999326e-01,7.358727535415392484e-01,7.249645880893126337e-01,7.298648067328408207e-01,7.091119127173796111e-01,7.593281876543629405e-01,7.284124555487726527e-01,7.094823407258021852e-01,8.170396772274506336e-01,8.152272409424300426e-01,7.858403779916770526e-01,7.356697671589131904e-01,7.543667501089988958e-01,7.958850011751547049e-01,5.102659898481621825e-01,5.998379262447258720e-01,8.606609236302464883e-01,7.188438844301631159e-01,8.080368772381468778e-01,7.907352544960098983e-01,7.995660862245180800e-01,7.364967592431018728e-01,7.038685352796877348e-01,7.766200945677590450e-01,7.174420845434882343e-01,7.631600441489905240e-01,6.745264615267403396e-01,6.343141628895911932e-01,8.107425704638631103e-01,7.007014240298232721e-01,7.979207443381250986e-01,7.104882347826863009e-01,7.400258473069156739e-01,6.972214612069068673e-01,7.433879062569416218e-01,6.897007533046111138e-01,6.632513423506679606e-01,6.758993856544555090e-01,6.885533634051106411e-01,6.124208311495162871e-01,6.918623683126040591e-01,6.270497844579929758e-01,7.189215886061537386e-01,4.734374309835979733e-01,6.454575504306980793e-01,6.321596592537885861e-01,6.126187535768448100e-01,3.079320696673717994e-01,3.839721343095295891e-01,4.919038288710010920e-01,4.033975913893876886e-01,2.594229704690484417e-01,4.446488549771158150e-01,4.876105557879735208e-01,3.591077922673917011e-01,3.540881411898678666e-01,4.950297327081133458e-01
8.144296799784793706e-01,8.035367052476610761e-01,7.994784195819912842e-01,7.951028294410166231e-01,7.754869525117005225e-01,7.587947030458032094e-01,7.711553440640849244e-01,7.463756994777563936e-01,7.693056712824916099e-01,7.567772196358496517e-01,7.254042686500722370e-01,7.874635615016588597e-01,7.037240330106222519e-01,7.484349125842255646e-01,7.681347956873085803e-01,6.681837584019542087e-01,7.723297062614234987e-01,7.639414011737819532e-01,7.642751674972856346e-01,8.348865442506017143e-01,8.537235929528138589e-01,6.252026242162369574e-01,7.083037767034399135e-01,8.793233885223898927e-01,9.022339929954779070e-01,7.494780568629906270e-01,7.201772330353389817e-01,7.523157553384109963e-01,8.954374018316435535e-01,7.112065977916037784e-01,8.340018886596052283e-01,8.129982145345205913e-01,7.541529751118323244e-01,7.337115611368962842e-01,7.158326240574556243e-01,7.410992003616456714e-01,7.179926534675955541e-01,6.709821143652459075e-01,6.318435103731411262e-01,6.416031207298491523e-01,5.864837137312698401e-01,6.532861133686143074e-01,6.645393647492989775e-01,6.559389312530090610e-01,7.711921502384683214e-01,6.525387575172461041e-01,7.058105882018258503e-01,5.423637344956386830e-01,4.581831134228095403e-01,6.227443509952723666e-01,6.289938774750631900e-01,5.507921008644991456e-01,3.394461963511030689e-01,3.737745984717537051e-01,4.296229268302898530e-01,2.627191691799669604e-01,4.486073877465124871e-01,3.799427385172294835e-01,3.843202881933129311e-01,3.637441830407915910e-01
8.144805047325519576e-01,8.144401003690966423e-01,8.055302382169408082e-01,8.010516961075808684e-01,7.911245152836836603e-01,7.669219638555044849e-01,7.216580010227320319e-01,7.011460176241970377e-01,7.159975996519175601e-01,6.913812900363891512e-01,7.111755481320669592e-01,7.797485514601825152e-01,7.905792335251515812e-01,7.460901654743208322e-01,6.253605932296275594e-01,6.806442123824064661e-01,8.236845647517240243e-01,7.538561548924280764e-01,7.756266391890318523e-01,6.558846518067175113e-01,8.598342375641718771e-01,8.023106123176063642e-01,8.133369526363463109e-01,8.017072935194825556e-01,7.823165944482159961e-01,7.920146636609851631e-01,7.171512374819781765e-01,8.005963186044333657e-01,8.078519428733835772e-01,7.498265999645934432e-01,6.672910383194082806e-01,8.126679641079836980e-01,6.853174999980322646e-01,7.176543998589469675e-01,7.124077570505277235e-01,7.190422545031467383e-01,6.955695383426490075e-01,6.914577486047642774e-01,6.474370947316098190e-01,6.938636447152777276e-01,6.788363192942463709e-01,6.355646391403858564e-01,7.115150695683308824e-01,6.071563900058296603e-01,6.060636842356416087e-01,7.269271545970948933e-01,7.989771105702956344e-01,7.475515362633968763e-01,5.280732898292607169e-01,3.142125892759711769e-01,4.131784805988260589e-01,5.591921680357161417e-01,6.668265816688265790e-01,5.117379958214489655e-01,4.143688845297484602e-01,4.427424436708057298e-01,5.865918440673275613e-01,6.681086109002555284e-01,3.641191919219480821e-01,5.354384825846996154e-01
8.157302235866115137e-01,8.173482620416330224e-01,8.088370273422051948e-01,7.971247310998732516e-01,8.111704360449241147e-01,7.938081863357830947e-01,7.833750780322388252e-01,7.318169713898797779e-01,6.926357861249567982e-01,6.961420685119673601e-01,7.657378789042467160e-01,6.960077108822158021e-01,7.509336273316822297e-01,7.952428623294709453e-01,7.702075021659102738e-01,7.754479490293051391e-01,6.543984486677827395e-01,7.284193679153304624e-01,6.922977916870478587e-01,7.898365787573083940e-01,5.853990908511058633e-01,7.928212092347851625e-01,7.189545542262590905e-01,7.430281704019229272e-01,8.564226533948039455e-01,7.162307122564900430e-01,6.770129829823631207e-01,6.327608088548777321e-01,7.506752208383550284e-01,8.033369175899597314e-01,6.981274005043940356e-01,7.154381790951271913e-01,6.272360586719695208e-01,8.244362237882152389e-01,8.382820608615262348e-01,7.248366058946614787e-01,7.542457306161199915e-01,6.691214435882526512e-01,7.001407225528712974e-01,6.819092513096050023e-01,6.093675807623258889e-01,6.776345603200110146e-01,6.431339535166272769e-01,6.326453724782545862e-01,6.748995196846288014e-01,7.268480732158459912e-01,5.967292143614547628e-01,7.287976628057940554e-01,6.670017057198840416e-01,7.209203448663922265e-01,6.000800266553223405e-01,5.202982819187323971e-01,5.937444584537234782e-01,5.816900372563394983e-01,5.418719442493851179e-01,4.476166851468028618e-01,4.132110973417090771e-01,5.321042085168962155e-01,4.346788870244755465e-01,6.611465172026417259e-01
8.216463822657379401e-01,8.147404084920296663e-01,8.108909880726805630e-01,8.031768797782001812e-01,8.057653994906933681e-01,8.005213089098328627e-01,7.722665430927860841e-01,7.764046555191597143e-01,7.540086428297456678e-01,6.998641485544391250e-01,5.312634500215348554e-01,7.049235436625796991e-01,7.500035942902851804e-01,7.046477939631105025e-01,7.296646498361099020e-01,5.607172650955195570e-01,8.048433315128959986e-01,8.075102489362985247e-01,6.992798515919760316e-01,7.514410825706867580e-01,7.612427922327024143e-01,8.506675977805449040e-01,8.049409835926765178e-01,7.684831961570162129e-01,6.905891388259853825e-01,8.621716151762862657e-01,7.823034505844452813e-01,6.659862679751652470e-01,7.580715424673869496e-01,7.393912523293182382e-01,6.233199690871054077e-01,7.848183463514505354e-01,6.977281470303704491e-01,6.287990577104396461e-01,6.983431283994578909e-01,6.347692262812136832e-01,7.451642946410215185e-01,7.757346894125372039e-01,6.946473021553331018e-01,7.218972128203418048e-01,6.684888679627729591e-01,7.430532283480382194e-01,7.083847835687354655e-01,5.646810119405538675e-01,6.547212068324653744e-01,6.611374392220870089e-01,6.248105194600703793e-01,5.664990771936095904e-01,7.316023843210471833e-01,7.097006245916881451e-01,6.436725530781961524e-01,4.082953471456700067e-01,4.907949895403646567e-01,5.239326841616145369e-01,6.326083664698917142e-01,3.486775499834930958e-01,5.748739721118664159e-01,5.646202750847720830e-01,4.372243696166586702e-01,4.434465397148553700e-01
8.110536068052371927e-01,8.062830076232913035e-01,8.132280490730712241e-01,8.184874604763454631e-01,8.024369023842046200e-01,8.013334324643921480e-01,8.040498072217173720e-01,7.889982257182046599e-01,7.747878964220105136e-01,7.945018193754166402e-01,7.250334492325015701e-01,6.492848255885290687e-01,7.801660571746454886e-01,7.583389209115714014e-01,7.344793252617406454e-01,7.590443999689232557e-01,8.140383137634710220e-01,7.576989443099885202e-01,7.279161245414688119e-01,6.885847256258286198e-01,7.975312876645898053e-01,7.808974790443570235e-01,7.934379385117148464e-01,7.197977419522461062e-01,8.756864155324276533e-01,6.749917148923605392e-01,9.124501386268375480e-01,7.037299257764670912e-01,8.394143878048652141e-01,7.476034841321399504e-01,8.028248790419543202e-01,8.162998548969472301e-01,6.566216805152162994e-01,7.902137215151714411e-01,6.677131725040240662e-01,6.753859656273172307e-01,7.871121263220016706e-01,7.025354930616833915e-01,6.278685024410602944e-01,7.289391358165999701e-01,6.580170507557671078e-01,5.339823834459267449e-01,5.868127359114935215e-01,5.565360316709835331e-01,5.683594194078145367e-01,6.523067422511406033e-01,6.415500987425620805e-01,5.077217919803207469e-01,6.970737769035642017e-01,7.486206622254207854e-01,6.990627663505661893e-01,5.699110865650538482e-01,5.328471523159292733e-01,4.084947264612461271e-01,5.465123371318253431e-01,5.135479537705012199e-01,4.490530560683403394e-01,5.159578024625012249e-01,6.000283706775718651e-01,5.197196896346177875e-01
8.188700981568614035e-01,8.133398260283115633e-01,8.089711562532805322e-01,8.222497223334638283e-01,8.175358874895726213e-01,8.140392566760693560e-01,7.819726787798658707e-01,8.104660113688728629e-01,7.876029479477010264e-01,7.798879665469846678e-01,7.261292755057887627e-01,6.668983034483179084e-01,6.071503487582539105e-01,7.397079356928648597e-01,6.311843669970442772e-01,7.052117363173604492e-01,7.426856307253608680e-01,8.150531898033281930e-01,7.358673239213702200e-01,7.956095100424269706e-01,7.253986210310603422e-01,6.755312402147229944e-01,8.388365516032395552e-01,5.744683296762378433e-01,7.058245986323952170e-01,8.360172420588005693e-01,8.693840591663477557e-01,7.807184220802587671e-01,8.096911691147511414e-01,7.348306415319368901e-01,6.790648671481840370e-01,7.240475689278851323e-01,7.669658202800309077e-01,7.680912415266585302e-01,8.086235280538296433e-01,7.142794664008027539e-01,6.945327339738798234e-01,7.243919862157708334e-01,6.872242681004572251e-01,7.539110564870550313e-01,6.241082930870469614e-01,8.111086187556424409e-01,7.441156919533058467e-01,7.148276083073122900e-01,7.252927486360022380e-01,6.489199440490113213e-01,6.142515084664047498e-01,6.691451412280763344e-01,7.935665985707893721e-01,6.271073880555607660e-01,7.191763295478086349e-01,6.801036970130539538e-01,6.291401980315599607e-01,5.046705078443418646e-01,4.541548437815330352e-01,3.385520079394627180e-01,5.801083411653904509e-01,4.962087086220378640e-01,6.817748492523214576e-01,5.238847356776810127e-01
8.138311074448507654e-01,8.158125719274949006e-01,8.117183062060064902e-01,8.201966506961539949e-01,8.056488666700675205e-01,8.088181613820870641e-01,7.771569610097818215e-01,7.975707760050566586e-01,7.636275055253550770e-01,7.728444924058021082e-01,7.271190847313118155e-01,7.000389936714330741e-01,5.742935640427873079e-01,7.120985756304891723e-01,6.963994954677572569e-01,7.844258549017093518e-01,7.665501742096454407e-01,7.085342342525999815e-01,8.068733057721585444e-01,7.798670847770761139e-01,6.703135763213736720e-01,5.252875104994790822e-01,6.614827116692640896e-01,6.893396247747982652e-01,5.561167191711364755e-01,7.078715430132568320e-01,6.574728517066862343e-01,7.022885470872644031e-01,6.613802822937795423e-01,6.621882956360617412e-01,8.005037842218978295e-01,7.200232633251982817e-01,7.255201772146534500e-01,8.199912222348400004e-01,6.448071461373651170e-01,6.267155954194053580e-01,7.278519803655070231e-01,7.114987351348247557e-01,7.531173237339707782e-01,7.156901508565138847e-01,7.340885504487215663e-01,7.162526540105285111e-01,7.704441259588381552e-01,7.025740289930778593e-01,5.925781119108816108e-01,6.694303158332917114e-01,6.886649515927433240e-01,6.489892607205802744e-01,6.682381909908086115e-01,5.937269158379276934e-01,5.714607874526642650e-01,7.201451073906598443e-01,5.815089680625478152e-01,5.250665633633923024e-01,4.306400398798563844e-01,4.470424868781647798e-01,5.845555792579140153e-01,4.561056962061046383e-01,4.513754312085274667e-01,4.232828064691047665e-01
8.169602645549879361e-01,8.149893467029090122e-01,8.150518848767529523e-01,8.072636478430537110e-01,8.208238632744325747e-01,7.971296853621059331e-01,8.117162522744141295e-01,7.819193657045149237e-01,8.057663787008164658e-01,7.778541378518506466e-01,8.106529874509413869e-01,7.534266233341406771e-01,7.104509528678614183e-01,6.707169148565312877e-01,7.044321611286472606e-01,7.699243711462366857e-01,8.629217582685896337e-01,7.449888779413874618e-01,7.019337280296717996e-01,7.680746059953962313e-01,8.139664327310487391e-01,6.575867112907506362e-01,7.254955503516458126e-01,6.799792619919250436e-01,6.553182782694931818e-01,8.674585445023031971e-01,5.689911406962970819e-01,6.401437308463358011e-01,7.736601240416068892e-01,8.077125075813004207e-01,7.957913489252287365e-01,8.127439634208485364e-01,6.616604173317066628e-01,7.765197395177889650e-01,7.336446839662725816e-01,6.327822605713709914e-01,6.768750755549989284e-01,7.273919270682150939e-01,7.131450800795435807e-01,6.617612930547079886e-01,6.449348524862282828e-01,6.457963489592073447e-01,6.293052667465124372e-01,6.487388641866004280e-01,7.872471708714872118e-01,6.539606204284672542e-01,6.767730907357499825e-01,6.796523298283243530e-01,6.523222564242898702e-01,5.552005760648178745e-01,7.906432701545020869e-01,6.430889656115439390e-01,6.855095974927956082e-01,7.145691694570313057e-01,5.930591664437701027e-01,5.492388259838281162e-01,5.760152373853067997e-01,6.479620523451963265e-01,3.665788448194849947e-01,5.801850147320537499e-01
8.161595496623599288e-01,8.208236855464674520e-01,8.247626460996224651e-01,8.216396817313033063e-01,8.072908900706924351e-01,8.029444611729973369e-01,8.093985131845735648e-01,7.720964301673256536e-01,8.224122093802443967e-01,7.989677595324427006e-01,8.055973047422499977e-01,8.140236956921667044e-01,7.349496151814605138e-01,7.425102856949662433e-01,6.166162132916934713e-01,7.164427434924849347e-01,7.936636087716686383e-01,6.289874668724252382e-01,5.984003630131484730e-01,5.973349422016119847e-01,5.858662554595619465e-01,7.901210497564044033e-01,5.739504751299284724e-01,6.632200128187902832e-01,7.812207285344229257e-01,6.982598424843688978e-01,7.278397498063732263e-01,7.235023671827813807e-01,5.949809486882542409e-01,7.718148356865124349e-01,7.820739379471082220e-01,7.385176549084304654e-01,6.723893545580079678e-01,7.367603158802197294e-01,8.346846420283728918e-01,7.023211180782183982e-01,6.998762485395284560e-01,7.206911270244201750e-01,6.661618833908118376e-01,6.040446156033112413e-01,7.516649438504572345e-01,7.503864364883068294e-01,6.290006043697771165e-01,6.512809264993818514e-01,7.470042280169677529e-01,6.972266656521679540e-01,7.255471113104789982e-01,7.314382179674976392e-01,6.811854459295094699e-01,7.049823658696486861e-01,6.263711936628960641e-01,6.315934671730291106e-01,7.066798064678674329e-01,6.628454746083740634e-01,6.634247571977595070e-01,6.675592216248176225e-01,8.043617616771789880e-01,5.502358357428472901e-01,5.979268198019043190e-01,4.377299277138996803e-01
8.154510908530350211e-01,8.247544437054733502e-01,8.235831523981648195e-01,7.993758763524648758e-01,8.111320608917262920e-01,8.094863208877024485e-01,8.051217060637794187e-01,8.098449093561903567e-01,7.761565489907674698e-01,7.777238217729625092e-01,8.215072806575278719e-01,7.686068630181712713e-01,7.862506690402676357e-01,7.406159896563058176e-01,7.869286020452853636e-01,7.612789519554792328e-01,7.550602800048572538e-01,7.793162726224516224e-01,7.099365398638837199e-01,7.700690712346074385e-01,6.829014309920802273e-01,7.235419677121881499e-01,7.620435633341366977e-01,6.756486778274918281e-01,7.221138157763645760e-01,7.307582461841097832e-01,7.396522398249045782e-01,8.592106130001766484e-01,7.683219056457231133e-01,6.856693622828161638e-01,7.284161856823858638e-01,7.756696807902312418e-01,6.478484550372514139e-01,7.727559585219976324e-01,6.325759097050523971e-01,7.287594717966310309e-01,7.371365328458665545e-01,7.064028104369173278e-01,7.408006264299286103e-01,6.987112347288204628e-01,5.699607825344437106e-01,6.759925677660095777e-01,6.297096021015590184e-01,6.831844359654399845e-01,5.951920022797498877e-01,6.025998789599903427e-01,6.809855356797216430e-01,7.239422797547389044e-01,6.526577205358363720e-01,7.293662571241354975e-01,6.298046751526076292e-01,6.886701852302390403e-01,7.252400679980750553e-01,6.034245324507380159e-01,6.254436174123317871e-01,5.995475231725559961e-01,6.527846619303719899e-01,6.419606997974964813e-01,6.195845710232179560e-01,5.301771314588364925e-01
8.103034073547471516e-01,8.132452375096932418e-01,8.175741518766816984e-01,8.248655810736256200e-01,8.085049814925520106e-01,8.204712015714445972e-01,8.080801701014570515e-01,8.129468778175328314e-01,8.011064018440363643e-01,8.009411947527202980e-01,8.046237790296558723e-01,8.076446409420517947e-01,7.690974979538390821e-01,8.128390432825982614e-01,7.673577536924318654e-01,7.303299851903146678e-01,8.019715618704742477e-01,7.896120016594735391e-01,7.825411722996921116e-01,6.467776660582116310e-01,6.976455151929930043e-01,7.272860399128628917e-01,6.920179428667070365e-01,7.193449258067372565e-01,5.925971916126070438e-01,7.278423052250657665e-01,8.060238503401537802e-01,7.490512055868203678e-01,8.646734981869552694e-01,7.797038472544262078e-01,7.151513591210690857e-01,5.615352261700995440e-01,7.270236891531308698e-01,7.102591703231687648e-01,6.669841601234717254e-01,6.885321420172234586e-01,6.946670334886914100e-01,6.482879443758273741e-01,6.901361778606751596e-01,6.859179006970220760e-01,7.170723765695452556e-01,7.679241593721898296e-01,7.213911485763716547e-01,5.577657952403621833e-01,7.504091952205246274e-01,7.339290277188824652e-01,5.957072206432878492e-01,6.752118070490882307e-01,6.351124173521186522e-01,7.074295673711840093e-01,5.886502716009008873e-01,6.920329081864526888e-01,7.196989257682219199e-01,6.271391117029038176e-01,7.142385958478680852e-01,5.956659954665500800e-01,5.598912114553347141e-01,5.593401204445660468e-01,7.345757766887143214e-01,5.437255907267403154e-01
8.230410487875868819e-01,8.213708376462716121e-01,8.062206072545441415e-01,8.126761162362315938e-01,8.049039112007377872e-01,8.147554383602951811e-01,8.173890666720453613e-01,8.123867559327841992e-01,7.951947954676784613e-01,8.313712921062350603e-01,8.320971350552796020e-01,8.113788167477880009e-01,7.903229478746662817e-01,7.483807725091342622e-01,7.349217769126717981e-01,7.239951922970969678e-01,6.210718306797821109e-01,7.463547867338740094e-01,7.208411845472812995e-01,7.050061940339531485e-01,6.962945550622262614e-01,7.373477216940576007e-01,7.008373475781479733e-01,7.508372654769226440e-01,8.123656785943460523e-01,6.635969352273998201e-01,6.827960360421174713e-01,6.664734893045543007e-01,7.561464491537909227e-01,7.761260002735228536e-01,7.560363922282780091e-01,6.635246510607227810e-01,7.473148551858131983e-01,7.729719285885796598e-01,6.304126402389955697e-01,7.574662993910379338e-01,6.172620587505261991e-01,7.805937657707850974e-01,7.975420557994952198e-01,7.119689790324130740e-01,6.159686856023902646e-01,7.064310890284144495e-01,7.033698161033710150e-01,8.115469519580356117e-01,6.998400089588912021e-01,6.938075725714276665e-01,7.225782682104433530e-01,6.751023452486540899e-01,6.757779277458276779e-01,6.777813008680453333e-01,6.910010031229292249e-01,6.674631420465930720e-01,6.856647523940615496e-01,7.374325785054034466e-01,6.756755435622054939e-01,6.981720124563182139e-01,6.410836726805925201e-01,5.463182921843539042e-01,6.571042903397698032e-01,5.839475943165762795e-01
8.232249167080862851e-01,8.160971526230081929e-01,8.063244154508382167e-01,8.170264179997290821e-01,8.265196692057248384e-01,7.937497437525886657e-01,8.063911602782336541e-01,8.079511802319325753e-01,7.865855112623576506e-01,7.742390250425466025e-01,8.338244199780950883e-01,8.114409839693056403e-01,7.414191766813784668e-01,7.630888435740923459e-01,7.917367622169730890e-01,7.406743162960214288e-01,7.518017681409217001e-01,6.704316179302629575e-01,6.763789316182664546e-01,7.241708989572551713e-01,6.913144230322311179e-01,7.926903721472174924e-01,6.802224745715060861e-01,6.699998194185549094e-01,6.501113785331126271e-01,7.478923056428923299e-01,7.473810462227459261e-01,6.360230781893754237e-01,7.123197770581249921e-01,7.566213435482824767e-01,7.982300046502556201e-01,7.006502677937935797e-01,7.196777396854212583e-01,6.461762482015819264e-01,6.767858215845077297e-01,7.261028231014562406e-01,6.340345889598029139e-01,6.767798274936172032e-01,7.216986034979328002e-01,7.100950993263862587e-01,7.419480338420127996e-01,7.436944598998650457e-01,7.889321907686113189e-01,6.574322410767898806e-01,7.382054277096546935e-01,6.665614699853787961e-01,7.242161844670889081e-01,7.226310626231946532e-01,6.121577298181148930e-01,5.453344089973179987e-01,5.976073126112402267e-01,7.397827111121048071e-01,6.278419453905612624e-01,6.502458632565601970e-01,6.296654483790266044e-01,6.664070159774322377e-01,6.782060876738885691e-01,6.152077440781905660e-01,6.838269124760345541e-01,6.496579796258120654e-01
8.102687572593969545e-01,8.102307792297448463e-01,8.012551008970006938e-01,8.275091795872272504e-01,8.152277143891865085e-01,8.152168056432025356e-01,8.061909166729680498e-01,8.081968096018243841e-01,7.872985408444727051e-01,7.745273345883950666e-01,7.723721855487506449e-01,7.623380953625467082e-01,7.886147545183310736e-01,8.051351475112460410e-01,7.779568366836795423e-01,6.673841958026460741e-01,7.948455055260408297e-01,6.581826539065045445e-01,8.073314754239373503e-01,7.658586076002603660e-01,6.933006446818856805e-01,7.779638155475584460e-01,6.565186658650166152e-01,6.101250100261781384e-01,7.119601722183185322e-01,8.194250799181819200e-01,4.594464695461761283e-01,5.726069254622517812e-01,7.441468257032132216e-01,8.309277735294241518e-01,5.725919217159027852e-01,7.145056989830751437e-01,7.484172801378495832e-01,7.311427823207313770e-01,8.233778956950162931e-01,6.646547781847202963e-01,7.152631561022003703e-01,6.492494861023977437e-01,6.585968349365665109e-01,7.557925639692595343e-01,7.117405480365169845e-01,7.262166895933078736e-01,6.546321830993817592e-01,6.614854933233937917e-01,7.025567091561102373e-01,7.081222823988284620e-01,7.565485391172346308e-01,6.289619291313311988e-01,6.880414124448412938e-01,6.513022991103540882e-01,6.852705314214926346e-01,6.925007105926179740e-01,6.621808140776572760e-01,6.588611308567082769e-01,7.123535172380078828e-01,6.157676693624875019e-01,6.463979333884626310e-01,6.527801924464394778e-01,6.239076130337186665e-01,5.336864602400914759e-01
8.100275467875459601e-01,8.138563476259091933e-01,8.133951924770131958e-01,8.224945373216826505e-01,7.990607989138798217e-01,8.041224206108870121e-01,7.870573219412552168e-01,8.076626625622012057e-01,7.986050805764421945e-01,7.922497663887458907e-01,8.207771941486994294e-01,7.751074239696051915e-01,8.369596049612144650e-01,7.942464556256647601e-01,7.840319510370516998e-01,7.614129839412029366e-01,7.577878891803593309e-01,6.789739727024493021e-01,7.828186594263275566e-01,7.175819185174632242e-01,6.871505918418762127e-01,6.502789508052777556e-01,6.837718048721889152e-01,6.640844645974950389e-01,5.982867060475377530e-01,7.326219258909115739e-01,5.728126537470091817e-01,8.455099625174711253e-01,6.986572245187094854e-01,7.626296013830089482e-01,6.441570030916693446e-01,7.519026039532767935e-01,6.779434096405834165e-01,6.000780907579181811e-01,6.524792425484713387e-01,6.736253301377229663e-01,7.271007397346468393e-01,7.496221899856285731e-01,7.989169379952448802e-01,7.065364101520155149e-01,7.747173139402763198e-01,8.191940163117577001e-01,7.665007452517028641e-01,7.148969993645559740e-01,6.614010705018700254e-01,6.395055035159324941e-01,6.501247948934338883e-01,8.321478846045435862e-01,6.392683343237290927e-01,6.699492925105976493e-01,6.456086031552075166e-01,7.045611648042194863e-01,6.552608975236224875e-01,6.472860244862264079e-01,7.160076047415173672e-01,6.417656980886710105e-01,6.350710609628844594e-01,5.861566647416913689e-01,6.342079791025959645e-01,5.700872201945961226e-01
8.357150657053292742e-01,7.979316487727923235e-01,8.071439954229837621e-01,8.157052328738473301e-01,8.079177568954147848e-01,8.387124227343634164e-01,8.332179325387449875e-01,7.952314326311962223e-01,8.190215732758137079e-01,7.989516111660502906e-01,8.045067383180886100e-01,7.920546362251634775e-01,7.388163383856574118e-01,7.266002249248879608e-01,7.491296950061065996e-01,7.728224516327408811e-01,7.271504103965574783e-01,6.989645392056397233e-01,6.777413520127597568e-01,7.662529444088430619e-01,7.545822075963213305e-01,7.471705803032079318e-01,7.810353795179862946e-01,7.852178450920581643e-01,6.641079563641850703e-01,7.235339709713836109e-01,7.780798357867847459e-01,7.437928649810096049e-01,6.718604431862804649e-01,7.537748909507830941e-01,8.456126145038528330e-01,6.846630511408651198e-01,7.355568745528054952e-01,6.815712681215402302e-01,7.439549714287535531e-01,6.960353464383949307e-01,7.411838480324565159e-01,7.690375918151192147e-01,7.113821225491555600e-01,6.769311302664517971e-01,7.878196846649903051e-01,6.066580981190132782e-01,7.261636543643221753e-01,7.126785503486700035e-01,6.977905263267494274e-01,7.671815672962518651e-01,6.906231204071110463e-01,6.723853089217757262e-01,6.927597419338779039e-01,6.427628774512641474e-01,8.179706808312318111e-01,6.523730975827093381e-01,7.261868464847797133e-01,7.192709100120093790e-01,6.144503278741384467e-01,5.604742652803147429e-01,6.675348960092650774e-01,6.110425727450661260e-01,7.213293383928391922e-01,5.559959413628595692e-01
8.097083887211573572e-01,8.131953118848969098e-01,8.103260334821380528e-01,8.371670627360726646e-01,8.167474877798641675e-01,8.121335295035565505e-01,8.118399316642157526e-01,8.036906327838633235e-01,7.858151984434219584e-01,7.901432503379777206e-01,8.117307681959701204e-01,7.926565217469523361e-01,7.901463375675689127e-01,7.639361678980842729e-01,7.651170819240945553e-01,7.704930440165891348e-01,7.152602476036932222e-01,7.598713323216635951e-01,6.652659282048493106e-01,7.681955808230609417e-01,7.900916482736468627e-01,8.106619383614994678e-01,6.864478171469929890e-01,7.160784744320543016e-01,7.242288499909992350e-01,6.926029461308673696e-01,7.346638717924161011e-01,6.374892569508976425e-01,7.527406625368811000e-01,7.199183882664997869e-01,5.909707267473621739e-01,6.706876058000449392e-01,7.239320402376243635e-01,7.275382442387152704e-01,6.946356274204286141e-01,7.490111776428400869e-01,7.376402603140665981e-01,6.735792892831783396e-01,7.094894925172368083e-01,7.072873258109911854e-01,7.801667767668927223e-01,6.942164678839634062e-01,5.832865051643842946e-01,6.715144216211561545e-01,6.338904559919044113e-01,8.047543964629957358e-01,7.198780170392661271e-01,6.914448836699164103e-01,7.109993586126276410e-01,7.136562062836736553e-01,5.660133862526970372e-01,7.371683601766513272e-01,6.108797309087478089e-01,6.995578236014633466e-01,6.565675415122402825e-01,6.742288911485436742e-01,6.685440124572450404e-01,5.652579400716006841e-01,5.875713336749621707e-01,5.361618331378068536e-01
8.165616271594100528e-01,8.096719942922149249e-01,7.979013411676596501e-01,7.876835470863760014e-01,8.107718925590035042e-01,8.074206844427989083e-01,7.893170951195943585e-01,8.198405104417509914e-01,8.363583504858764783e-01,8.280339909168423773e-01,7.740758380542246408e-01,7.740718839286324648e-01,8.051118515064310532e-01,8.013568938887900561e-01,7.483313168373864066e-01,7.516614879532100835e-01,7.622921875392748570e-01,7.343769714468703080e-01,6.901005922883147736e-01,7.404529690692006616e-01,6.360051108143747189e-01,8.154268931208272786e-01,7.978718038873982010e-01,6.348587851698256346e-01,7.466929111727297341e-01,6.067590943296670147e-01,6.404817934981854588e-01,7.589330175347164253e-01,7.684309832066089641e-01,6.911648632945189830e-01,6.781764790338655757e-01,6.860155888124004342e-01,5.846089929160198650e-01,6.548343839352142037e-01,6.969784086144965585e-01,5.761231511444090403e-01,7.635364183231025947e-01,7.451087375825592440e-01,7.369509533356296549e-01,6.004093212949545011e-01,8.155356507573012781e-01,7.015610080971099727e-01,7.175184919231786251e-01,7.176167449572306012e-01,6.996676138928441535e-01,5.861948420583790176e-01,5.679629686935923072e-01,6.563554898285197670e-01,7.303932986525203397e-01,6.167925276802124213e-01,6.940217530730895534e-01,7.064457186959065549e-01,6.729900845865959269e-01,7.189569959693054013e-01,6.735970011664862422e-01,6.149191701054400605e-01,6.246376855453558141e-01,6.026209464406845351e-01,5.992952095891884712e-01,6.424171413108521467e-01
8.099281663012020127e-01,8.210250580379856444e-01,8.177947884423140135e-01,8.209597734756315379e-01,8.065393833967862136e-01,8.421645191266285968e-01,8.020976267985666652e-01,7.952526231347948338e-01,8.135217464083984718e-01,8.106558640740676447e-01,7.852509067707214019e-01,8.070910563811078964e-01,7.840822734279420114e-01,7.565207447269021168e-01,7.838008896908570389e-01,7.783736511443386519e-01,6.802697936269503920e-01,7.656862967990564206e-01,7.540897637612526960e-01,7.240919578331199702e-01,6.408334806031394937e-01,6.865372001524659984e-01,7.963697283891868484e-01,7.770427518487907914e-01,7.404552933376384871e-01,8.475600695500198345e-01,6.985815050154997596e-01,6.220106276615372520e-01,6.583399545264223551e-01,6.353036142697097155e-01,7.109226056154610562e-01,7.897847851064873081e-01,7.342671740656624424e-01,6.312630062948543230e-01,6.277525658417993926e-01,6.084948478624452317e-01,7.238973783943064566e-01,6.217973912563867778e-01,6.759949544298257118e-01,6.890054643172731641e-01,6.130636397453570474e-01,6.402965997398233355e-01,6.684923211445764624e-01,7.377333410365345401e-01,5.985233251453481174e-01,6.689296512258893213e-01,6.488647896911035051e-01,5.758666562700260894e-01,7.082067331659934739e-01,6.204070500380538533e-01,6.281723339344683632e-01,6.735158360779556208e-01,6.853635710736931674e-01,7.327681733324110658e-01,6.760969942169533509e-01,6.789982939792665873e-01,6.732897791378462671e-01,5.903101809642009590e-01,7.396260278084536566e-01,6.564311741773757314e-01
8.127977998548538974e-01,8.097189183536137591e-01,8.164854528252506460e-01,8.220723403982235222e-01,7.921903572383925951e-01,7.958492261476302065e-01,7.737694592749976286e-01,7.791385837667600400e-01,7.929321297151992187e-01,8.159101015189863526e-01,8.108859830182284512e-01,8.036780035932583610e-01,7.895227070716216433e-01,7.715929388990631077e-01,7.997699719495308113e-01,7.476492599784345661e-01,7.309130977357048975e-01,7.649802625957603519e-01,7.429766290958165209e-01,6.981623050701255551e-01,7.099499271435454339e-01,7.095770302244568395e-01,6.377282721271859689e-01,7.232706718170528459e-01,6.654353252471223445e-01,6.775734954407895971e-01,6.490645319582359907e-01,7.905807212418161090e-01,6.747935499478114885e-01,5.885530587777370037e-01,6.353221618276492233e-01,7.102066541237208597e-01,7.414742590470260186e-01,6.198444258338298152e-01,8.424633576871636276e-01,7.201202493186642517e-01,7.197003328447785231e-01,6.926666945459720726e-01,8.033162228796241200e-01,6.110195133965337089e-01,6.501686040488535712e-01,6.654263714777191030e-01,6.545654274286795138e-01,6.407192739761993217e-01,6.787345052764621745e-01,7.190225207495071214e-01,6.564760653289987147e-01,5.980917086792886250e-01,5.398389213198151459e-01,6.151992285558789408e-01,6.962888971914006353e-01,6.511898517349250515e-01,7.529988618777265774e-01,6.696058527034419727e-01,7.151893941780163022e-01,6.188744659740482712e-01,5.940391746523270289e-01,5.919255024875934579e-01,6.482148883854447208e-01,6.185833926413526473e-01
7.959302548795560428e-01,8.410470738679644009e-01,8.152215000269140699e-01,8.249785272218670418e-01,7.965467177226323026e-01,7.972332537826277710e-01,7.876434229170719004e-01,7.965796579955990442e-01,7.567625782920955890e-01,7.782027302861689311e-01,7.934631544292483074e-01,7.566207876653510134e-01,7.850167970710988374e-01,7.952673399280335564e-01,7.217373696076530010e-01,7.675303517902634098e-01,7.401230757431812579e-01,7.947467784014985437e-01,6.451457802056845825e-01,7.980989350486910050e-01,7.265958084241014303e-01,6.852676725743505060e-01,7.275881707565965417e-01,7.560334332498011012e-01,6.899586083123112612e-01,6.702856270574359954e-01,6.681819474811796500e-01,7.284568200370077351e-01,6.612165046972580118e-01,7.710926666659198014e-01,6.769584873015425108e-01,6.560464785737983862e-01,7.981003508620749809e-01,6.652189559903550764e-01,6.177490305344198740e-01,7.176679481830163798e-01,7.446321623486346075e-01,6.985965399241880203e-01,7.372488715548988214e-01,8.250428164854088919e-01,6.907786115601912691e-01,7.997873784795640484e-01,7.811178654274354427e-01,6.895715892245102285e-01,7.058055775531356657e-01,6.740848537465684576e-01,6.473621647265643819e-01,6.834378514090724277e-01,5.863604889612412663e-01,6.435779209115122246e-01,6.667894250804063949e-01,6.729778035674185421e-01,6.560688663591446312e-01,5.505274456084988666e-01,4.901283740857046989e-01,6.330422346987388815e-01,5.098928382390500724e-01,6.308045740364132126e-01,6.484854925593638297e-01,6.115778994676893676e-01
8.130977221268340660e-01,8.245749702065502396e-01,7.873553587310974100e-01,8.137147656740009172e-01,8.146779376089334779e-01,8.126322154466907310e-01,8.170608473858340659e-01,8.025504424048313101e-01,7.795192280415434993e-01,7.537267253050637938e-01,7.820743114974118004e-01,8.281110622830322177e-01,7.739161199295164772e-01,7.385301906303018971e-01,8.266708346113832429e-01,7.554584258521639395e-01,8.084851263840331370e-01,7.197407977012152402e-01,7.804174835840498314e-01,7.291487109905141484e-01,7.270308035959296422e-01,6.930825675168696964e-01,6.647801455121432612e-01,7.499929627162903456e-01,6.736308122823728706e-01,6.717931093948041887e-01,6.195996741846860889e-01,5.765535929173009055e-01,7.928591362865853309e-01,6.258176397109032063e-01,7.492437227423857093e-01,7.646840575863504963e-01,6.501338553691028421e-01,6.690580228053792933e-01,7.232589843597245771e-01,6.478756711778468347e-01,6.737862389304789534e-01,6.628173659202662993e-01,6.812022822058961813e-01,6.790516189552909809e-01,6.803832546487971200e-01,6.284922328823792093e-01,7.375380791715188122e-01,7.713068105826159648e-01,6.861212595411476656e-01,6.257657395626974317e-01,6.071248086195887295e-01,6.745220191022883727e-01,6.373057048012101822e-01,7.022265525106534678e-01,6.265847587793700324e-01,5.342829627215543997e-01,6.329506029243734400e-01,7.894597040726788473e-01,7.066124986183990320e-01,6.231753359639888856e-01,6.030238706239934299e-01,5.842224584877909743e-01,5.351349783628378542e-01,5.897841615080082756e-01
7.933658952311962720e-01,8.028328000797753106e-01,8.044221964950125647e-01,8.022294798793991877e-01,8.014133599168624666e-01,7.995540426109588594e-01,8.022340550469569953e-01,7.627447206557700365e-01,7.709865353631476514e-01,7.940067203870244672e-01,8.225876226672907965e-01,8.185217967292051089e-01,7.911893627526789263e-01,7.722943283077792209e-01,7.679978850486476327e-01,7.147472933930908434e-01,7.052679509303346750e-01,7.802674198043991760e-01,7.937679327776068217e-01,8.481338668421211091e-01,7.522028487648333428e-01,6.842227070083047868e-01,7.350561259503338718e-01,8.057204022503758889e-01,6.163975863900380547e-01,7.897828627929112111e-01,8.228604576425558870e-01,8.199571453914360486e-01,7.601559263190678095e-01,7.852144767617096344e-01,7.564585743370939586e-01,5.864917071503523704e-01,7.475884948129575269e-01,6.388397373348563280e-01,7.522467660336195072e-01,7.461266215244800604e-01,6.620107841051213748e-01,6.206516481683037600e-01,7.929335615393839909e-01,6.504263994354513301e-01,7.075490282239703665e-01,5.236191463146548930e-01,7.600318025803470823e-01,6.291766422235222089e-01,7.184623235419654863e-01,6.648188448548589813e-01,6.772812327546225974e-01,6.953081086051093873e-01,6.505784605707931600e-01,7.796212425585927752e-01,6.758200929695653558e-01,6.014342333542973540e-01,5.870913766613126139e-01,5.692414128802005813e-01,6.496875028404593966e-01,5.842448642109395740e-01,5.831703824979638240e-01,6.250776884646904730e-01,7.212272959562244790e-01,6.687558439249271514e-01
7.780478825332846071e-01,7.810833525900005014e-01,7.890747955598186314e-01,7.821371015766891421e-01,8.260799377631184992e-01,7.987628553849237534e-01,8.237979366751042587e-01,7.777017435761200970e-01,8.140027687640791765e-01,7.716672975034539750e-01,7.595746061277729444e-01,7.735320376972959489e-01,7.876549376839327987e-01,7.607953868900663164e-01,7.767105971618980531e-01,7.889073903362376905e-01,7.277412129369522642e-01,6.812857475291606013e-01,7.630276938777991180e-01,6.871328530648206367e-01,7.539201690881658369e-01,7.692858030952914872e-01,7.870899412316131327e-01,7.462099303070153233e-01,6.996137321970209433e-01,6.678851265535166171e-01,7.369915770417050371e-01,7.598491148352882751e-01,6.068151547958253733e-01,7.602749726504485217e-01,6.592080905329901208e-01,6.383586963966954020e-01,7.010284906817235706e-01,7.966216679782300858e-01,6.246280346476791312e-01,6.488474505181602847e-01,7.868732062776062630e-01,6.897666967287261475e-01,7.230968634493445402e-01,6.804716189952392247e-01,6.270109435896391581e-01,6.732552480044458054e-01,7.587595268154593287e-01,6.283316010508335214e-01,6.779108113602311247e-01,6.181452373679141576e-01,6.648684564778559736e-01,6.710737993938489243e-01,5.997364462558237852e-01,7.026342783975654260e-01,6.604027305750244103e-01,7.481652517927628310e-01,6.259460758825106108e-01,5.569636624057414664e-01,7.633736305463779681e-01,5.139456954918201204e-01,6.575709315284563594e-01,5.442955210359321505e-01,6.003686811690681635e-01,6.174525681194059645e-01
7.820666872252106661e-01,8.018253316567717226e-01,7.825303426490060055e-01,8.213185607631696694e-01,7.836329150157050893e-01,8.166219548192220623e-01,7.770522522273961563e-01,7.851240045354073160e-01,7.983307345528045662e-01,7.696671993183261673e-01,7.586865059064872296e-01,7.778902236934028824e-01,7.451140557914013307e-01,7.983363808247749827e-01,8.028712706909889585e-01,7.791657630857868888e-01,7.251153455980514639e-01,7.433065687857286497e-01,6.812206241691359798e-01,7.550697153104900528e-01,7.626851806135215295e-01,6.777678864207727916e-01,6.808471424594898513e-01,7.209534911018745662e-01,7.439127612211848817e-01,6.434006115568176032e-01,6.771472479808255951e-01,6.513660697753899109e-01,6.475219419025740608e-01,7.216570873854514234e-01,6.029638094821017091e-01,6.643366912724497642e-01,6.123311818148170493e-01,5.609527425713496385e-01,6.164364801996690124e-01,7.411091061733870999e-01,7.361170414661983852e-01,6.698082976605698180e-01,7.397633485481380777e-01,6.198909773434164716e-01,6.915415052383445671e-01,6.717388210156899353e-01,6.668339129644156316e-01,7.366686324393538765e-01,6.883614762925237551e-01,6.486636619875215670e-01,6.227317297518900618e-01,6.685012452847735043e-01,5.993248895870946225e-01,5.914140165946016880e-01,5.748491998199759534e-01,6.362282214927422741e-01,6.104877330375024780e-01,5.720668976041770604e-01,6.862003901186491950e-01,7.050038275742718241e-01,5.850334731576146696e-01,6.282585504664380815e-01,6.515878005637042447e-01,5.816586066429618729e-01
7.896945243857190766e-01,8.090404738223476722e-01,8.076770492561804460e-01,8.032034253255357914e-01,8.172476425596689742e-01,7.877219842842435593e-01,8.027402047172994548e-01,8.147351999202967487e-01,7.546649648516190467e-01,7.911007952564597101e-01,7.602367373638834191e-01,7.684414530861941595e-01,8.014654186978675821e-01,7.731702330861313088e-01,7.772133672072543131e-01,7.551612592576579797e-01,6.871186729731986187e-01,7.372277390648918072e-01,7.036483413129873687e-01,6.746304083338851010e-01,7.409377915836425910e-01,6.732516615040993191e-01,6.642576351283905334e-01,6.826881746842445864e-01,6.545267819920328467e-01,5.661274527848110250e-01,6.626847283018075796e-01,7.224150132431143012e-01,7.060725706679396030e-01,6.935043503820360611e-01,7.961570432342259807e-01,6.717784410947800211e-01,6.027875139408566119e-01,6.264237201697899771e-01,7.030437145184210701e-01,7.432715123547243286e-01,6.969943837621516147e-01,8.029530532499971063e-01,6.330167865528464333e-01,7.872328089715111554e-01,5.731203615628367443e-01,6.225757345818130339e-01,6.757748329222000860e-01,6.514226615623164296e-01,6.333460157959444059e-01,6.481712679904821917e-01,6.611874484443203137e-01,6.888608052327761522e-01,7.047607962243315205e-01,7.002177304716067363e-01,6.152272375143346128e-01,6.883086724396358935e-01,6.548061460209149143e-01,5.654740849423713911e-01,5.564564565858031164e-01,5.876139469190354570e-01,5.990873827787227546e-01,6.211577686019754685e-01,6.399124526543822356e-01,5.627789589916771806e-01
8.411332432818101612e-01,7.781940276389699429e-01,8.179501447405485015e-01,7.954312013808176873e-01,8.301611251933754820e-01,7.765468732175659916e-01,7.781559598181155835e-01,7.974744114449535681e-01,8.081279465382632532e-01,7.774509742566285686e-01,7.905951436576020841e-01,7.298107454361824065e-01,7.627140135079055749e-01,7.607799055154639278e-01,7.232986802614124189e-01,7.309681275820102409e-01,7.815782737249324930e-01,6.966156052645451346e-01,7.732208971082346061e-01,7.583788714750980819e-01,6.694814590335883553e-01,6.077757406709464183e-01,7.952537263718826299e-01,6.952425182207362386e-01,6.911038536484487294e-01,6.861589950334858745e-01,6.994401069344170496e-01,7.613958952390953439e-01,6.329777677113679335e-01,7.421010869161086543e-01,7.342358604823667756e-01,7.563389008117710199e-01,7.532265208707416004e-01,6.583816019174342227e-01,6.144695366929091573e-01,7.287194763950145537e-01,6.884307972345279358e-01,5.382908008476142703e-01,8.160999891141036411e-01,6.100914981934246750e-01,6.884815446291192576e-01,6.147532966402051713e-01,6.957153387539366518e-01,5.766219075538263628e-01,5.973274440856172207e-01,6.324175242130349872e-01,6.620356124760168326e-01,6.087091430408558823e-01,7.427002872784446152e-01,6.274318832661964773e-01,6.743721993451646801e-01,6.236849655345919619e-01,6.377045164455710236e-01,6.895784222396424967e-01,5.222170157581256245e-01,5.743605753874214681e-01,5.484249650712211821e-01,6.057227347059879197e-01,6.895360543802782072e-01,6.105759924831056784e-01
7.933497123859180045e-01,8.410402061170302312e-01,8.012182323217971192e-01,8.083296829999493394e-01,7.518621743532583057e-01,7.965142025326682473e-01,8.439817228395538606e-01,7.780256536352417873e-01,7.705540981451337590e-01,7.461848291801079780e-01,7.260870238806853560e-01,7.663745145029980943e-01,7.864302028664280630e-01,8.105439874807069955e-01,7.278589520049054684e-01,6.516465520957008817e-01,7.519907680315397469e-01,6.288450597948151977e-01,6.814134134541385279e-01,6.371258249430374887e-01,6.464083354186873631e-01,7.140136355889661335e-01,6.818924210585692869e-01,6.794567265442503778e-01,7.622808853215539138e-01,6.513889438842135338e-01,5.681983641959609255e-01,6.743573916661549372e-01,6.313574060598508009e-01,6.983528337251684315e-01,6.117341766475010711e-01,7.064322313817449350e-01,6.999298491835146407e-01,5.961509239861868537e-01,7.007668945511940084e-01,7.298284495515163783e-01,6.399682479182036143e-01,6.222786558205146701e-01,6.568041669046091879e-01,6.576541426582520611e-01,7.670872183322339222e-01,6.022255467793853345e-01,6.680598972059292873e-01,7.444597988578164349e-01,5.754161554492829289e-01,6.709839923888135660e-01,7.127407244444819989e-01,6.973454918248785939e-01,6.545504876565674257e-01,6.470264680769738375e-01,6.582276549507072305e-01,6.330860546451815285e-01,6.099441503919855734e-01,5.731451356805561392e-01,6.368746563268208316e-01,5.650343991065517324e-01,5.200411314879594959e-01,6.111640944594514124e-01,6.092048200308360917e-01,6.393021220366956747e-01
7.952473532835993009e-01,7.806417422111815441e-01,7.957025853317575281e-01,8.170707479938386086e-01,8.020748730802195192e-01,7.901663923506476728e-01,7.689527705804688473e-01,8.241736968231411220e-01,7.567384807336762220e-01,7.710577918083694193e-01,8.120539498903310838e-01,7.537389686315510984e-01,7.388007460823118322e-01,7.580866020695551377e-01,7.239919175670437301e-01,7.006613796999160426e-01,7.450376641561329283e-01,6.747620055968955866e-01,7.172601543439969252e-01,6.964016516542085311e-01,7.052609674052608968e-01,6.515500823099318328e-01,7.051950609560185823e-01,7.269559017550690783e-01,7.086883687579498270e-01,6.627751803433892253e-01,6.740720927062612278e-01,7.060620443354135300e-01,6.791648042420350695e-01,5.326536628409865859e-01,6.930315073681014848e-01,5.201374373894881442e-01,7.656364076471309232e-01,6.849946666956739927e-01,6.173093595878105244e-01,6.599441411039856931e-01,6.105140239324374773e-01,5.020450243964200698e-01,6.803292083798023748e-01,6.440993298167534409e-01,6.301648591125241783e-01,6.999934403855031517e-01,6.875290681679582239e-01,7.060766139710296097e-01,6.150525340230730276e-01,6.768444445545420685e-01,5.688785505439255541e-01,6.629226907750775943e-01,6.492848456284564529e-01,6.658012101742742939e-01,6.666583637337113455e-01,5.338516634203668287e-01,5.697778406816658148e-01,5.824867642596461836e-01,6.156854163321291429e-01,6.748006085965688738e-01,5.981936229825154383e-01,5.957701585789600962e-01,6.456953882995262184e-01,6.172196638211304709e-01
7.581984828274899169e-01,7.916486178397895701e-01,7.907904007488910647e-01,7.873629157549788538e-01,7.894513783535069829e-01,7.321253966148224546e-01,7.881710681337915636e-01,7.960660713742998551e-01,7.545376909840123547e-01,8.027923423173183304e-01,7.692077284452757402e-01,7.170135313676715416e-01,7.820625377247515386e-01,7.450993372285807936e-01,7.627750545032311313e-01,7.232570505576098041e-01,7.324491827664108001e-01,5.997619522538927272e-01,6.404651510019798710e-01,7.108708282888892560e-01,6.463454828803942842e-01,6.652301546571908197e-01,6.947186191321523818e-01,6.021029204456884720e-01,7.821416143224109163e-01,6.977098113973844162e-01,6.556653601822383104e-01,7.325840570249042560e-01,6.726973314002818727e-01,6.292744170262511982e-01,6.132526631859381849e-01,6.866869540043080145e-01,6.585067512151560054e-01,8.135309018897816102e-01,6.372921416758791091e-01,6.025206494629594678e-01,5.700152583470687873e-01,6.539674722231957338e-01,6.693863479750370438e-01,6.733022295167738758e-01,6.049181242711429984e-01,6.500950545146763071e-01,5.711468050306888200e-01,6.349950601028970798e-01,7.136279627940746995e-01,7.170807903646656545e-01,6.800367374415700050e-01,6.741133402824787124e-01,6.436004730058774159e-01,6.621263368923560044e-01,6.058892940350046885e-01,5.971086347651144433e-01,6.571645562335983737e-01,6.198650005964118082e-01,5.309534394788170131e-01,6.505397882478385352e-01,5.863321858977549317e-01,7.340237308907542335e-01,6.565740068390952811e-01,5.208435640961696089e-01
7.794060141517948903e-01,7.846882459263975207e-01,7.908049842824499409e-01,7.601208942303434579e-01,7.554624618862471053e-01,7.920487296037930225e-01,7.870455135246361422e-01,7.713129676293549730e-01,7.602097528994774533e-01,7.655586506629447063e-01,7.229599572108974526e-01,7.608869907912155783e-01,7.162670264189199276e-01,7.183229039597889276e-01,7.234251207290240959e-01,7.419081441729151738e-01,7.671240800248172453e-01,6.847065793970040781e-01,6.634187063983696397e-01,6.812046080940963311e-01,7.888125730715785933e-01,7.012818811783810835e-01,7.714503515400015221e-01,7.384388326678893444e-01,7.868230572844183701e-01,7.512675792891349014e-01,6.601544174464879511e-01,7.316312426348897668e-01,6.045483019382748013e-01,7.105113108421529100e-01,7.123415974408943141e-01,6.641759898428850617e-01,6.758143096565334407e-01,7.567732062032378471e-01,6.705155843521027892e-01,6.817441524648933937e-01,6.378615355096497463e-01,6.176867329037609711e-01,6.750936369995375053e-01,7.160762677893010020e-01,6.347435677250674591e-01,7.124681899143208152e-01,7.251015975014224457e-01,6.973655019031019808e-01,6.116608488031792801e-01,6.037174997208871741e-01,6.890419276593157116e-01,5.869699406075142845e-01,5.997307068312833778e-01,6.340304491677164478e-01,6.641252655355779355e-01,7.312662347074641023e-01,5.814428645988496402e-01,6.341319383495666040e-01,6.408367089341499012e-01,6.156760298932801856e-01,5.923370664899790805e-01,6.284044590880090153e-01,6.432562154383968389e-01,5.880824756402605047e-01
7.864869689502128614e-01,7.946574420585461596e-01,8.082361871448044965e-01,7.605520031149354265e-01,8.000330869591619765e-01,7.890697231388358324e-01,7.826638198194608709e-01,7.694657712078736278e-01,7.892854089532830297e-01,7.722354904890318394e-01,7.470775332961175907e-01,7.608296135344936317e-01,7.405269456126094552e-01,7.488842034430451822e-01,7.099025362892319446e-01,6.991539578728925841e-01,6.296277053234112797e-01,7.648141017743154135e-01,7.779194153066908424e-01,6.379867645248895602e-01,6.929808014884166756e-01,6.893390959077387858e-01,6.861274870320619446e-01,6.459156523420178653e-01,6.047889428088685237e-01,6.335729457286454203e-01,6.915885669096460964e-01,6.482725008940143363e-01,6.923143698023410675e-01,7.318716656291321954e-01,6.236876176505899982e-01,6.375405596213433723e-01,6.504030267130864740e-01,6.273698965519004522e-01,6.912106798486419290e-01,7.541369701129159164e-01,6.384221026149732303e-01,6.471836858332969955e-01,7.585127202458427087e-01,6.361307795443538193e-01,6.347542282869669261e-01,7.009286804754234490e-01,5.864082356244156857e-01,5.206510611565018376e-01,6.742507533912602824e-01,6.000228885970753101e-01,6.181306123592121837e-01,7.823705140441878925e-01,6.687677704697321257e-01,6.104147002845804471e-01,5.807759948542413619e-01,6.368699401394145587e-01,5.570296839689173884e-01,6.154103652185681783e-01,5.324740750550605028e-01,6.501122206979337292e-01,6.461991968859995827e-01,6.015659795381159691e-01,6.410946118007703198e-01,7.967554085753213444e-01
7.900755178283955793e-01,7.748711606210638703e-01,8.095525361688773458e-01,7.683187289582128487e-01,7.736606967040305927e-01,7.449327968463077543e-01,7.431995537876388003e-01,7.573166700188097566e-01,7.286598963792751960e-01,7.650468181378734522e-01,7.287323462561728915e-01,6.778525875382285237e-01,7.625847045063481877e-01,7.517510768181453473e-01,6.963560997957312093e-01,6.839897297240732366e-01,6.746369359279877909e-01,6.734673814993134000e-01,6.202074275495151889e-01,7.845852635665087060e-01,6.814984382459858825e-01,7.277935146900994523e-01,7.378699165930258097e-01,6.409911183102786625e-01,6.586867099852843355e-01,7.499672112955717562e-01,5.846504834901009584e-01,6.431607672050295710e-01,7.201266231036698162e-01,6.650353106452866481e-01,6.381962916819116094e-01,6.970529487223027232e-01,6.134980459921897111e-01,7.158713291392222455e-01,6.875085517622104847e-01,7.337266212438030566e-01,6.250020033747230030e-01,6.699672480081515502e-01,6.001631037431840454e-01,6.280808709550143032e-01,6.392750126437476421e-01,6.761429880143652316e-01,6.573002276635728780e-01,5.781123199901354592e-01,6.257325426891402476e-01,5.728470227812012538e-01,5.691077013116638827e-01,6.034442609595604967e-01,6.074170843472163073e-01,5.860286752415093670e-01,6.364082695743540352e-01,6.228136076436957547e-01,5.315118185913189075e-01,6.505952062405107039e-01,5.905138001623004840e-01,6.088482380893277535e-01,6.506797408066766764e-01,7.721107323387521593e-01,6.599447685115075179e-01,5.284646265474305382e-01
7.829231407092590578e-01,7.794748029000212464e-01,7.564671495548287439e-01,7.527699914883539956e-01,7.470275312545273660e-01,7.907874572900566168e-01,7.819241404583406885e-01,7.541564378944982661e-01,7.752378947029610057e-01,7.458944909983347138e-01,7.734477536392779795e-01,7.011600290974575600e-01,7.987875015572010184e-01,8.192447696856615114e-01,7.282151664958451676e-01,6.853501334812459600e-01,6.697042147143748014e-01,7.199909598560219059e-01,7.357780720434078381e-01,6.321561721466817385e-01,7.586402084878465235e-01,6.768462264204522238e-01,7.092283928329661258e-01,7.256452004273840073e-01,6.733507884532226040e-01,6.575216223572872831e-01,6.133622153477416017e-01,6.364509750394740095e-01,6.070264517175992802e-01,6.776148538198281113e-01,6.353873117892352429e-01,5.973029289394413688e-01,6.835232336219362326e-01,5.964163182544269803e-01,6.337085314466470720e-01,6.230972231073210743e-01,5.777852768969444774e-01,6.583078663923002116e-01,6.209611877895150345e-01,6.660329032289125095e-01,6.153931691301373075e-01,6.891966873969634921e-01,5.065215950274913892e-01,7.073598542334071926e-01,6.097726130138310108e-01,6.278168677173660006e-01,5.685841291184069446e-01,6.601027194675586074e-01,6.364475098313406853e-01,5.415494024182886390e-01,6.799052830939171788e-01,6.129653824230402170e-01,6.906819723590815752e-01,5.113571295112226966e-01,5.999116943149181980e-01,6.516240888821747124e-01,6.122572645280159875e-01,7.114627288878719868e-01,6.545408197278911322e-01,5.432842127360641982e-01
7.473193840662000209e-01,7.595386501574193927e-01,7.810966947880031430e-01,7.402516340356912750e-01,7.394893378411835361e-01,7.711946250422451188e-01,7.445365701585930918e-01,7.366776976397009236e-01,6.984238951109184024e-01,7.491792954481183431e-01,6.653027628464058818e-01,7.178217053829646366e-01,6.977399590196755597e-01,6.736075564308826591e-01,7.100928598377813650e-01,6.827031862373479365e-01,7.260006216495312747e-01,6.382049308388551001e-01,6.571677002441769222e-01,7.765394808994993125e-01,6.875432529261084058e-01,6.262185682150634980e-01,6.521962363271101015e-01,6.708108655830504752e-01,6.425867600207311181e-01,6.821603078231157635e-01,6.116242359436228071e-01,5.688625129001995129e-01,5.254485688024037593e-01,7.008177905348569325e-01,6.761657205739812770e-01,6.206657716890418008e-01,6.331464560835060595e-01,6.487655432889685159e-01,6.383007402401590369e-01,6.651388075871499383e-01,6.561661168612143991e-01,6.097076551117501797e-01,7.106996029598238174e-01,7.323463822106943688e-01,6.240337009473237995e-01,7.339186981017371547e-01,6.225984987689342498e-01,6.182668876879172659e-01,6.152704256865615395e-01,6.819060478820280213e-01,6.017954810049463976e-01,6.259669552328601672e-01,6.233704196210422266e-01,6.233973447348943875e-01,5.969853038103634102e-01,6.524064801784301704e-01,6.753764678781039033e-01,6.158230040544017125e-01,6.156660853343736139e-01,5.056912084186441225e-01,6.042909671044103259e-01,6.268501903622054616e-01,6.120189279440091390e-01,6.200276416595565943e-01
7.179607225368405121e-01,7.488581142281895975e-01,7.679155988755612672e-01,7.694920564424104770e-01,7.007555332916972635e-01,7.357298771351235001e-01,7.089404501492417854e-01,6.894643877016808364e-01,7.136862310740139659e-01,7.384052242630334550e-01,7.406353405822599933e-01,7.166852961963818824e-01,6.938679399922972335e-01,7.140491455968968060e-01,7.047132731680151307e-01,6.978823150341505466e-01,6.794186938423412148e-01,6.433609244315163789e-01,6.320786533466760115e-01,6.573645822609189837e-01,7.268896273283700360e-01,6.901013691952162521e-01,6.176850166530752917e-01,6.599840731025885532e-01,6.665507134229576858e-01,7.093338187760849234e-01,6.535711995759709847e-01,6.195131429282336732e-01,6.700668029609188059e-01,6.425271408136195017e-01,5.170161480643349350e-01,6.498414091706018469e-01,5.921790721214572617e-01,6.403449665530562829e-01,6.292051157010382090e-01,6.261341609069215330e-01,6.976989867771855591e-01,6.114068320829504355e-01,6.563471979107078358e-01,6.257264327721711039e-01,6.697117015374762783e-01,6.725663760490859788e-01,6.687841419676422428e-01,6.833195845434577587e-01,6.238619144502196567e-01,6.747900788445431175e-01,6.568426540349714404e-01,5.996882786794187625e-01,6.171336965369818017e-01,6.443719610797000730e-01,6.379713517937332101e-01,5.969352934312305292e-01,7.580959769901348677e-01,5.396557431902907487e-01,5.340312478377755578e-01,5.728728034356759258e-01,5.967810938414781496e-01,6.335359809457554725e-01,5.779225824607856499e-01,5.578435404469457293e-01
7.098609485421215615e-01,6.862917690855292463e-01,6.948384400413896156e-01,6.897830208984748745e-01,7.134988620199653742e-01,7.160325884976870281e-01,6.793103411380367884e-01,7.151531191947066990e-01,7.267379939167580849e-01,6.861322252545849487e-01,7.406031785466680173e-01,6.700778397569544520e-01,6.864851783203443913e-01,6.718948035566180144e-01,6.682655401048130939e-01,6.785575254707711945e-01,6.906347370163129495e-01,7.099296268921186925e-01,6.699762754747871085e-01,7.342507370987286786e-01,7.084629406372890958e-01,6.754108003569226915e-01,6.486359368978890094e-01,7.071182298670612987e-01,6.293865643836672463e-01,6.401984099893437419e-01,7.121938198577003609e-01,6.706453529442177874e-01,6.793734954932685310e-01,7.324313477880977086e-01,6.200527790233273384e-01,7.114378619430877793e-01,6.438358854237768991e-01,6.909624180619938771e-01,6.743666657508871065e-01,6.747646714232262699e-01,6.996295457439239973e-01,6.800614221790598490e-01,6.397988140140746793e-01,5.621985226239002431e-01,6.626054763011162141e-01,6.148053178697450161e-01,6.812218370257350220e-01,5.717986758062842956e-01,6.200488544077645825e-01,6.211334778122979960e-01,6.193797606226422170e-01,6.741486607991467039e-01,5.910852518114200205e-01,5.978842300389443087e-01,5.501838320310771246e-01,6.010193142243992481e-01,7.493162977383088785e-01,5.820621699692224427e-01,5.225317370504160008e-01,6.443657707892639364e-01,6.680958856631634690e-01,6.104340550509078644e-01,5.443490611519281597e-01,6.248068750916976333e-01
7.024876009716740644e-01,6.682938208231806732e-01,6.855525370371551297e-01,6.953542783334240029e-01,6.748289321871522306e-01,7.139168145550790490e-01,6.786768567700269816e-01,6.858995099223254011e-01,6.139858178083684725e-01,6.867327239532676764e-01,6.674900498639358970e-01,6.817152851281160775e-01,6.584053738424484603e-01,6.855756090593579932e-01,6.485125371053733767e-01,7.222800437658437600e-01,7.339498769280620172e-01,6.623073336943339218e-01,7.334898009934843754e-01,6.510764544018058375e-01,6.024539744247638939e-01,6.516231071203386627e-01,6.827701635792922108e-01,7.512547357170736850e-01,5.907678925609720633e-01,6.316522184825665853e-01,5.999105495680577826e-01,6.878349519554453062e-01,6.336645423154892987e-01,6.168450680194405011e-01,6.657710001545995571e-01,6.919161248597529568e-01,6.435989201560740058e-01,6.541144806774903397e-01,7.095789804466332562e-01,6.811799296835255868e-01,6.255295518474870420e-01,5.872718060511318283e-01,6.909210301613999405e-01,5.877119095942855420e-01,6.873862198324774964e-01,6.397945032696604750e-01,6.499597437940579647e-01,5.950707810353664806e-01,6.073025867906485242e-01,6.914631647007657422e-01,6.298172683190146337e-01,6.361978418207436814e-01,5.122510194276149731e-01,7.183159021135244737e-01,6.438454844213197248e-01,6.693753783211531250e-01,7.091461454016646515e-01,5.834665246412278350e-01,5.676723893896390427e-01,5.497286279147031163e-01,6.633513214335324815e-01,6.649555047060582424e-01,5.451394497002924888e-01,5.525815145622681168e-01
6.643157484893433828e-01,7.234267395303414228e-01,6.675210739945126592e-01,6.904083888545430314e-01,6.959288454650389699e-01,6.470725704452301441e-01,6.694191509365109427e-01,6.940296243332217951e-01,6.895207604387270095e-01,6.954876364292503776e-01,6.398016816151212982e-01,6.785500033570849299e-01,7.455046864009672314e-01,5.986784547331391870e-01,6.810474354055975343e-01,6.471793264564578152e-01,6.734869855334177924e-01,7.375655211288693058e-01,5.939959135304658799e-01,6.435386011126863481e-01,7.231482910927161667e-01,6.310564123626992705e-01,6.821766427561639645e-01,6.837160504021698726e-01,5.738116696516299964e-01,6.336911008290122549e-01,6.390009124739142177e-01,6.031914596036240805e-01,5.834296173693911403e-01,6.703497064994445864e-01,6.495294076767770264e-01,6.961098418590525583e-01,5.984222914649771630e-01,6.626115637898554178e-01,6.309839209457203113e-01,6.844532341437490341e-01,7.062734422884933139e-01,5.908727099985729980e-01,6.048857281754880244e-01,6.439090279313947063e-01,6.425196267551148699e-01,6.670706125247588547e-01,5.536986220008751625e-01,6.332830950492420730e-01,5.884558622559870056e-01,5.683239835300138987e-01,6.462277973180724500e-01,7.119741708906580646e-01,6.540214784853912722e-01,6.075679132531042193e-01,6.415919198217729935e-01,6.218471705322301535e-01,6.001187733517650003e-01,6.819907491986507697e-01,6.364758396574579091e-01,6.180234194674973924e-01,5.847203475479546553e-01,5.370689391908722854e-01,6.623757759100761255e-01,6.109768984718536577e-01
6.909131626522103664e-01,6.433173629867235954e-01,6.536913860585007452e-01,6.666445144310231274e-01,6.903064010207147216e-01,7.001652109633457188e-01,6.900565463210015515e-01,6.348941158877970947e-01,6.794270474022863215e-01,6.774762521978210383e-01,6.942378696794098136e-01,6.810918760983116771e-01,6.095237175465092472e-01,7.225364214059897261e-01,6.627269164103325449e-01,6.808478847971736192e-01,7.114489607068860133e-01,7.257646355047193687e-01,7.123455194844441341e-01,7.340847327553718937e-01,6.967453531640400710e-01,5.876183262938962093e-01,6.061812063981759646e-01,6.858713695758019702e-01,6.710249273125221681e-01,7.244479134018486643e-01,6.396699711150877210e-01,5.787920875326617587e-01,6.375629879950528434e-01,6.540982603190395039e-01,7.158143610626679365e-01,6.738419134385752463e-01,6.513098548421549783e-01,6.306705977265535390e-01,6.186427570242369889e-01,6.929321050662775594e-01,6.283568205027554310e-01,5.926376773106120099e-01,5.984029248996627359e-01,7.535689045645318496e-01,6.468140322215448768e-01,5.755503171565484744e-01,6.526978189707883793e-01,6.272246001226446932e-01,5.932313447700907627e-01,6.205690414863802573e-01,5.839531290938893004e-01,6.105362897593719085e-01,5.788611285192913902e-01,5.758762099046398353e-01,6.079570413188177813e-01,7.288738189438802584e-01,6.118698261869794930e-01,6.482658765291112735e-01,6.886970593827071996e-01,5.404830878619033552e-01,6.266080931757644912e-01,5.883260176933386987e-01,5.043458661759646633e-01,6.428609188630476368e-01
6.965924920379237273e-01,6.483792588485119968e-01,6.714158507346394966e-01,6.536059588640215079e-01,7.189872049107645102e-01,7.039081116760975698e-01,6.502699591523846134e-01,6.537013178233690436e-01,6.854939735152829616e-01,6.824395491423077553e-01,7.122952685713396237e-01,6.320111229401703667e-01,6.738571176299437138e-01,6.751774568850102964e-01,6.436103211036724447e-01,6.417424811221053016e-01,6.801201709192270517e-01,6.447671514810096038e-01,7.273123758216257784e-01,5.868456785479481130e-01,6.861266099826479614e-01,6.671114058878027109e-01,6.758091297027257749e-01,6.324543828370099430e-01,7.601371290963395699e-01,6.339191880239900545e-01,6.369468111137812638e-01,5.895815475281654949e-01,6.399205251940666139e-01,6.781450000740547601e-01,6.494215261095647174e-01,6.488624614485363207e-01,6.628145994563363619e-01,6.609373160283602555e-01,6.137476556034192621e-01,5.973842330124481403e-01,6.604256494637874564e-01,6.429792872683780525e-01,6.260628942651068618e-01,6.107708820626489565e-01,6.560208035844210528e-01,5.823499916647735253e-01,6.172673514787696547e-01,5.559322414374554544e-01,6.289686295831733442e-01,5.929032199451131913e-01,7.104100576637486508e-01,5.815943461110946178e-01,6.680692948277127119e-01,5.224094353605808205e-01,6.768076029215885914e-01,5.788513512850881337e-01,6.494209116348044208e-01,6.567165978456274145e-01,5.684248929149506857e-01,5.910298335555205229e-01,5.536129711449675472e-01,6.299154595036068338e-01,5.678716582343412700e-01,6.023345206484581604e-01
7.515642815821724776e-01,6.848829444251243181e-01,7.018364913233126057e-01,6.954424789063075041e-01,6.807719624608423725e-01,6.840034649788823140e-01,7.126489950271562845e-01,7.081075201243868245e-01,6.610799709800515567e-01,6.881326256893723903e-01,6.957358768520233161e-01,6.933938609188440294e-01,6.926364714462159844e-01,6.457010874696001990e-01,6.871390854591915565e-01,6.588137372269591285e-01,6.664623899014566755e-01,6.534520688597189597e-01,6.161303248958693857e-01,6.927319867754303528e-01,7.248945780069420142e-01,6.093028406890047544e-01,6.714113035010373931e-01,7.026528111791987552e-01,6.640617660493470797e-01,7.734673448287416875e-01,6.829442941394370248e-01,6.403579909742140863e-01,6.463789428799875392e-01,6.638110116157438512e-01,6.784775996196779069e-01,6.484522804433009435e-01,6.579688327718596907e-01,6.274463598145892940e-01,6.487554711103147298e-01,6.332801016469324917e-01,6.265287769405746277e-01,7.030683788063222250e-01,5.763064623151495924e-01,6.889492964207339920e-01,6.336608227059973286e-01,6.242463083563027926e-01,6.372054184380514519e-01,6.012484196763874245e-01,5.508470602893613677e-01,6.181143224292532379e-01,5.435289884348841749e-01,6.204006323456183747e-01,6.642257371896855833e-01,5.683826332440956586e-01,5.426712380434757232e-01,6.285688530909568916e-01,5.546622018504854257e-01,5.775283222906932856e-01,6.439320581581479130e-01,6.081913627899088182e-01,5.527377573513626574e-01,6.262810495620423357e-01,6.507031738152494471e-01,6.500526828477866115e-01
7.123172542099253102e-01,7.208950799326161452e-01,7.015666446931199118e-01,6.735620024727732025e-01,6.961190425661401004e-01,6.754595148435674767e-01,6.907596019723427627e-01,6.946435714154354235e-01,6.455303379820060972e-01,6.476119423294279809e-01,6.372245800968467933e-01,6.756401677063160749e-01,6.028245337740473220e-01,7.065040846775838546e-01,7.451305977461977204e-01,6.311921744290291958e-01,6.484102463411260953e-01,6.902269232513891239e-01,5.473074558673654000e-01,6.511466989167773445e-01,6.739450468481509304e-01,6.024862362969016782e-01,7.091026073073991576e-01,5.719600413162421182e-01,6.201959275131572191e-01,6.704685451139840158e-01,6.775804253483117545e-01,6.250437342010251029e-01,6.083794043342568569e-01,6.736498323361841400e-01,6.323731488265746936e-01,5.693308163111463482e-01,6.165038884460825042e-01,5.518348877110035300e-01,5.654478594425641491e-01,5.753103328549215023e-01,6.132494695181140987e-01,6.190624185074612429e-01,6.595970354591583762e-01,6.944576518343394955e-01,6.944512289863663534e-01,5.622192957613162401e-01,5.744260019069007406e-01,5.706731862752054685e-01,5.655671103762395235e-01,6.422001238284351654e-01,6.233741801864114418e-01,6.238358780427446515e-01,6.273432920368391397e-01,5.893150498373426194e-01,5.786886130836600417e-01,6.400668021036779454e-01,6.529581041003365005e-01,5.370355109243424296e-01,5.444027787051386458e-01,6.760850172141636971e-01,6.160573729310714342e-01,6.627783832299012357e-01,5.393412875375677151e-01,6.202524757866285654e-01
6.578604366551309424e-01,7.534756577778631836e-01,6.371375632045180870e-01,6.834876437957884132e-01,6.807326426951082476e-01,6.896254181062309030e-01,6.693011927228246227e-01,6.731141422269371066e-01,6.708764582768532714e-01,6.612550658813666216e-01,6.125740054420045766e-01,6.688655969847522309e-01,6.034762208511377235e-01,5.983388445748569762e-01,6.720482148820063895e-01,6.286185319926723691e-01,6.107835043167834099e-01,6.220684547841072165e-01,6.810533229461203097e-01,6.793034345573281119e-01,6.682250611129554319e-01,5.808890011792319230e-01,6.674859922528002532e-01,6.719139513095607752e-01,6.400852834896346710e-01,6.857723760181245742e-01,6.535765630554827288e-01,6.557040723832399109e-01,6.714360818087425908e-01,6.324313111458801373e-01,6.930520448611690032e-01,7.162775943725561145e-01,6.988437465394609083e-01,5.986866961946720744e-01,6.132745994703892034e-01,6.155220855479487385e-01,6.292587604218268238e-01,6.015269488620559324e-01,6.734444508418879760e-01,5.794363849437536018e-01,6.616874978973047439e-01,5.869097564963506874e-01,4.661728423342034189e-01,6.344621650268904567e-01,5.949125419730962872e-01,5.489943430021508863e-01,6.997318999778103787e-01,6.910101146767219094e-01,5.690999006053703013e-01,6.237210369149289724e-01,5.672502041147662322e-01,6.052958727013650897e-01,5.423425850486502942e-01,6.747061967669776283e-01,6.560607738399528710e-01,7.410293144979962499e-01,6.212366848031873889e-01,6.102402237297590570e-01,6.279373814898494555e-01,5.403457201829882095e-01
6.803780804301312601e-01,6.629226830749757049e-01,6.732591475513192147e-01,6.614015702501628846e-01,6.349513814914690135e-01,6.462878435613961248e-01,6.894952370971650923e-01,6.521916435600983997e-01,6.921863264770056201e-01,6.757284059909002272e-01,6.610885647696942424e-01,6.694616907216502932e-01,6.882987422648432219e-01,6.186096515158935327e-01,6.211294515632515001e-01,6.322012920541728587e-01,6.327616489552251311e-01,6.643651706237487797e-01,6.549437288928642298e-01,6.077358814036173396e-01,6.898043893217951084e-01,6.761602857873179051e-01,7.064749870062013715e-01,7.136316702740386209e-01,6.874558453728848439e-01,6.081559141840027216e-01,7.324469958133599246e-01,6.415174292760170704e-01,7.542098652460180741e-01,5.967804527328401942e-01,6.096737682130870528e-01,6.313842234517306196e-01,6.123868029673988911e-01,7.316592375107310309e-01,6.051710280955437948e-01,5.820689667326397476e-01,6.667699153459342165e-01,5.518284561522177611e-01,6.517077358453352565e-01,6.796013127726824310e-01,5.564506438738848759e-01,6.578583283386942870e-01,6.487798593674656278e-01,6.587631045486392889e-01,4.984500561027790377e-01,6.733551026827331309e-01,5.859209437536823106e-01,6.076627554844782342e-01,6.664903866557129186e-01,5.979616363087518760e-01,5.755436963291566954e-01,7.037806749277593088e-01,6.222871486703557276e-01,5.171201964111176164e-01,7.007780990942313881e-01,5.590207042414994110e-01,6.061292494591237201e-01,5.965568814905556350e-01,5.863041409337883536e-01,6.852913137901757157e-01
6.995782514412135500e-01,6.762909827972768406e-01,6.319951664137803959e-01,7.107671666444937975e-01,6.883901986609263224e-01,6.597247682475453345e-01,6.979485321594312008e-01,6.627994590655058582e-01,6.330780659440112812e-01,6.433401002093447341e-01,6.466494725778417774e-01,6.830910360965930517e-01,6.355520900685729391e-01,6.808548549163189190e-01,6.308633468017885715e-01,6.584888055133475415e-01,6.680392135893661321e-01,6.570469463374275509e-01,6.278278381957901333e-01,7.007368779183872354e-01,6.348483594757446946e-01,6.583686585451598017e-01,6.139807376747229428e-01,6.025723251179980755e-01,6.546850189425069688e-01,6.608244501353662814e-01,7.061140801725317440e-01,6.507872586605553122e-01,5.992148414115657795e-01,6.330503104865485842e-01,6.449261463492854674e-01,6.328651144480452739e-01,6.014282582125474175e-01,6.537686314366236706e-01,6.218927323023974996e-01,6.652921622107330624e-01,6.478392073142533736e-01,6.351284565057706555e-01,5.929978335066324879e-01,6.136639671895955939e-01,5.964529867537018415e-01,6.384385767299705083e-01,5.981999251181723265e-01,6.303682190767914140e-01,6.022279293076494566e-01,5.584823974871737651e-01,6.416149737380519857e-01,6.211087361865660350e-01,6.021129044756963200e-01,5.902206365202350424e-01,6.864719201912815594e-01,6.688642704244597281e-01,6.192344553834236986e-01,5.356068558594759832e-01,6.349328233796456278e-01,5.335118434002799059e-01,5.800967999631149175e-01,5.838521928341108280e-01,5.589687049244035366e-01,6.301782835506555269e-01
7.429308090231422357e-01,6.683855508139437962e-01,6.383735889660132612e-01,6.308816346119610063e-01,6.413071881511323014e-01,6.252157974755646608e-01,6.882792058724636064e-01,6.589201260027599538e-01,6.664901110486686209e-01,6.715078846642040800e-01,7.073157076854823533e-01,6.642690524249654782e-01,6.390778544815352014e-01,6.576101470757382828e-01,6.072636117092918839e-01,6.414324435548003356e-01,6.847886087294364765e-01,6.279893782047853978e-01,6.724428195254440466e-01,6.167215690945083706e-01,6.082036635909390254e-01,7.005900784497625100e-01,6.329072221023943623e-01,6.271446685955860412e-01,6.439341370091221650e-01,6.236415535744221916e-01,6.544428070911040285e-01,6.166457143834109811e-01,5.996267571226482351e-01,5.503185652727340393e-01,6.756800049484439352e-01,6.230214261163171674e-01,6.635553390534232321e-01,6.300856286376168569e-01,6.501107973463829959e-01,6.190168618292308800e-01,6.792198250886392064e-01,6.210241932652229568e-01,6.189183590218014785e-01,6.702556731364717191e-01,6.497007705448157866e-01,5.738797386168321690e-01,5.882774498841290001e-01,6.964135508188651347e-01,5.731683831219624992e-01,5.416214943803627779e-01,5.982665628199446139e-01,5.963568505376444229e-01,6.297685297878584665e-01,5.939617268847354747e-01,6.720369691618468533e-01,6.422079438823546926e-01,5.648707005145631177e-01,4.723251489445479123e-01,5.570658492534656947e-01,5.722166313033528739e-01,6.523962448619380350e-01,7.028864854946340612e-01,5.418508692326600151e-01,6.629230529514604786e-01
6.956835335592062020e-01,6.692866321701711474e-01,6.765266857731967454e-01,6.722939867519442947e-01,6.892249408787828324e-01,7.020871598173018535e-01,6.514319147119561615e-01,7.182415278590806862e-01,6.650232412197005782e-01,6.914033093284877030e-01,6.143425937271259629e-01,6.524947946157090284e-01,7.044819261768516805e-01,6.263525029391884269e-01,6.740331294425491171e-01,6.865357726028562535e-01,7.102661649716114356e-01,6.238341538773726214e-01,6.340148105503329301e-01,6.409171341526818111e-01,6.249020952858954647e-01,6.261242406518797710e-01,6.254128820375656206e-01,6.292645526803118949e-01,6.180786580583863543e-01,6.208165796187644636e-01,6.338817125583411372e-01,5.967103449910482471e-01,5.414944761674096441e-01,6.832348154376798322e-01,6.222578936528458948e-01,6.004708862352088339e-01,6.312920464962983313e-01,6.207196388564077960e-01,6.341560668438129822e-01,6.488151942268794992e-01,6.310295321020961135e-01,6.438489714481490100e-01,5.792311834865537801e-01,5.962071310294793092e-01,6.784377644804514551e-01,5.359874726467865891e-01,5.588054483106024151e-01,6.486229734725569296e-01,6.227876836348501532e-01,5.759371527566876647e-01,6.461437615860350370e-01,6.183416118188166388e-01,6.808035152142848379e-01,5.838959483771477554e-01,4.782122891842490731e-01,5.798268818122060964e-01,5.745196920996100687e-01,6.391567532719570899e-01,6.587237252441159319e-01,7.081782636330762326e-01,6.244257308526867112e-01,6.719171021926517717e-01,6.201277988007214415e-01,6.364618801162089667e-01
6.601527633376970128e-01,6.394716190877784978e-01,6.935620498974015558e-01,6.610961275707152307e-01,6.512157197246706275e-01,6.574921679336238611e-01,6.606992124398953781e-01,6.838067477021400054e-01,6.897715201804660579e-01,6.395662618792185006e-01,6.508003451804598161e-01,6.550208422352431503e-01,6.394712227184489173e-01,6.502549995736555122e-01,6.563486977680417223e-01,7.175637132579838484e-01,6.127076288720083586e-01,6.260541266910942815e-01,6.352222651552266175e-01,5.824685349955143199e-01,6.323519161289664625e-01,6.089032558859740485e-01,6.766381395790743714e-01,6.912604612525905523e-01,7.031753182665658741e-01,6.590816761184773442e-01,6.063217076185616339e-01,6.524099036400666796e-01,6.544272966287096871e-01,6.121688422855802170e-01,6.312567747890283076e-01,5.992388009976692409e-01,7.306700462595352441e-01,6.779237896858265611e-01,5.815847206064654884e-01,6.398436950973662718e-01,6.452234913767739277e-01,6.412246140085645640e-01,5.696227055434832653e-01,6.772866376880365413e-01,5.475005342168086653e-01,5.585945166532898520e-01,6.022876118774518339e-01,5.640481630022520232e-01,6.386068520236636292e-01,5.665895570567318629e-01,5.506935903999736759e-01,6.613851444629194054e-01,6.520402309460170409e-01,5.866401498092260747e-01,6.293784529308545928e-01,6.107670904511816046e-01,6.628867737044042974e-01,5.656399238349630876e-01,6.138652167480505017e-01,4.922453120618576206e-01,5.334438631913643869e-01,6.712392033967014005e-01,6.365609282446611505e-01,5.819197601010752674e-01
6.115060646265563227e-01,6.171003640422433323e-01,7.011701802028551533e-01,6.130113738612001928e-01,6.273883529667745318e-01,6.527300418399144544e-01,6.425979762441537124e-01,6.908544021278075764e-01,6.691043816415050971e-01,7.284140164090546765e-01,6.112154083843507335e-01,6.573580689431481883e-01,6.579510121032781100e-01,6.639830184490781440e-01,6.748969622430580628e-01,6.131647678529745793e-01,5.921092493841777493e-01,7.371854891024213208e-01,6.947471588731104486e-01,6.739056521004881395e-01,5.811281383285483715e-01,6.349549522255591993e-01,6.200920570684587130e-01,6.235787835439566829e-01,6.777910501424583289e-01,6.148173402074624816e-01,6.521954970834806797e-01,6.876293117625648099e-01,6.604699329852083967e-01,6.160790132677816944e-01,6.858076370652835818e-01,6.742785993083261209e-01,6.449252526721814816e-01,7.040589511166401859e-01,5.757566594474395893e-01,6.471564566901114590e-01,5.859243124257916824e-01,5.955096447168799489e-01,5.749100271553092556e-01,5.587342371780379402e-01,6.588783817833846479e-01,6.198766999040241643e-01,5.752506398940842036e-01,5.583325349230567891e-01,6.238447280686696406e-01,5.843023459913313511e-01,6.992828109339864762e-01,5.841664337611891522e-01,6.759058517180941417e-01,5.087802555840797991e-01,7.249702430000606324e-01,5.630494857695704791e-01,5.791729863251356969e-01,6.650072064010510431e-01,7.494492896027302731e-01,5.780301405228098766e-01,5.666548101470779697e-01,6.339478344928853870e-01,6.050262616228165857e-01,6.090596092436958431e-01
7.347326555614274168e-01,6.918852024696536818e-01,6.042144071511335035e-01,5.925701023720960636e-01,7.102024510651008260e-01,6.705073639629346438e-01,6.270710350734112204e-01,5.798962674526100258e-01,6.204142311217252237e-01,6.619623903733907744e-01,6.662081769105211437e-01,6.514671497504224140e-01,6.053632936929869146e-01,6.846037153930186747e-01,7.156915041095875951e-01,6.253495493017777740e-01,6.191265891360367979e-01,5.848180079704532464e-01,6.210032763808708278e-01,6.521353918314671816e-01,7.293658738122433816e-01,6.341102692974563970e-01,7.051131034243918183e-01,6.288007203851674332e-01,5.719503132251452238e-01,6.024725265869192992e-01,6.694871214844897445e-01,5.649376501735103862e-01,5.788228429308119871e-01,6.392196456037835262e-01,6.231589578056296874e-01,6.496536598285740371e-01,6.414817597249073966e-01,6.163191526527650455e-01,6.497262979430895591e-01,6.399882270769549075e-01,6.851184229946902793e-01,6.508085313669473848e-01,5.944165492222801550e-01,6.370691615887177361e-01,5.856089166159472725e-01,6.137233541349220722e-01,5.952250495877358105e-01,5.403208614165145862e-01,6.378339443773705097e-01,5.695847475715607455e-01,6.805268423052737159e-01,5.120034824138721685e-01,5.779082864891504911e-01,5.978495896315545455e-01,4.974224838058228793e-01,5.444958435496591864e-01,5.911234087480086163e-01,6.814400881214269790e-01,5.211275665372386845e-01,6.500214218427491364e-01,5.360498083484805942e-01,5.596864705185787825e-01,6.444059810306260738e-01,6.166662050162043940e-01
6.518607841252609392e-01,6.851797710246450013e-01,6.904818594888638694e-01,6.790979309980411660e-01,6.355635722020507306e-01,6.028968602461877158e-01,6.286810304515094705e-01,6.182398281041920907e-01,6.293019379980259176e-01,6.124549630815425694e-01,6.238894622300041881e-01,5.904999992544590626e-01,6.408289071360002698e-01,7.078043241363509708e-01,7.345795540438830873e-01,6.400484537231335702e-01,6.379348681377119412e-01,6.465413661994628969e-01,6.772672781632930183e-01,6.409151153585905814e-01,6.260248249887554461e-01,6.697632142204065220e-01,6.418461592320926501e-01,6.612838228719322142e-01,5.767739253770389762e-01,6.647630251697702608e-01,6.529037740578961246e-01,6.895735116105943252e-01,6.253456721102088611e-01,5.614108886546621546e-01,6.895755110625868545e-01,5.859358993902578083e-01,6.171114281902119192e-01,6.327636231789859345e-01,6.246587070150251275e-01,7.010198785141564803e-01,6.083041375649205218e-01,5.690822667827670767e-01,5.872143137027346915e-01,5.327939697119129514e-01,5.840003310346909560e-01,6.263786645764702898e-01,6.611389272038035170e-01,6.064942550563791057e-01,6.331039341897778394e-01,6.549080262929820595e-01,6.477291511588156858e-01,5.885489390727594028e-01,5.424050120953538556e-01,5.817285309087982803e-01,5.880223439884741943e-01,6.342475475185537226e-01,5.628110442217368892e-01,4.910974527903594344e-01,5.697633106904154143e-01,5.792692267206278611e-01,5.843285419379171675e-01,6.369949762062504517e-01,5.999824679660513693e-01,5.644576027257103279e-01
6.822532709750490643e-01,6.853072920805656221e-01,6.481954141149415261e-01,6.458688759961190851e-01,6.374884245238650049e-01,6.349225407613869887e-01,6.423023802668598181e-01,6.489934505108930773e-01,6.702104853989860889e-01,6.261799308661306629e-01,5.842623495078269613e-01,6.894471063754611384e-01,5.992583159763396061e-01,6.164517178827368937e-01,6.028684484389200682e-01,6.992590726914873489e-01,6.632396051636055834e-01,6.396409545215806514e-01,6.739969181264691134e-01,6.339099296728769595e-01,6.567928221180135973e-01,6.135819416427528150e-01,6.245866362119401050e-01,6.131315436743685066e-01,6.322651820061666594e-01,6.179065071710825308e-01,6.646887706190632850e-01,6.534847519754859446e-01,5.917473368288379554e-01,5.868741976427092055e-01,5.923573137525817156e-01,6.065078809578928754e-01,6.359483278237975101e-01,6.410975355999678493e-01,6.755575276858543088e-01,6.450469584458092820e-01,6.304570211133286861e-01,6.548242048421195616e-01,6.068334004715428831e-01,5.300231379113433672e-01,5.921884418057234978e-01,5.832276263520754789e-01,5.898287754981185183e-01,6.155284097414022160e-01,6.210274781777240793e-01,4.635622530602075964e-01,6.610717715873226652e-01,6.024396573051107318e-01,6.582579266127166484e-01,5.849395907907362080e-01,5.503367297520294077e-01,6.092935875424568826e-01,5.610353017162114098e-01,5.255965767374597419e-01,6.169452836752100655e-01,5.793173867985197401e-01,6.485349940760806176e-01,5.065661646319183919e-01,5.836004089387406557e-01,5.320119717143921845e-01
6.732635668758976122e-01,7.019977794179708130e-01,6.323854513148141621e-01,5.765441677304439239e-01,6.865944388607243543e-01,6.346057466547843084e-01,6.454584104261347210e-01,6.910153066217515905e-01,6.798570867879554225e-01,7.157134938625688836e-01,6.439254239932672430e-01,6.247567649686801561e-01,6.554053842131178920e-01,7.061776133950143919e-01,6.565666332940907068e-01,6.192232830549395661e-01,5.982922311152436556e-01,5.932035004383099386e-01,6.277546764520460787e-01,6.136072303070291278e-01,6.392046931475536820e-01,6.093754506037003527e-01,6.295217103499044509e-01,6.463478021799502482e-01,7.002187005585789326e-01,6.755510507377777696e-01,6.116533595909524612e-01,5.890947091116123246e-01,6.449733568254061300e-01,6.467803065546349206e-01,6.877832831661052637e-01,6.423045851869491063e-01,5.416311165552919471e-01,6.369063967381818347e-01,6.196966634429912357e-01,5.951616589220930509e-01,6.065627398200149623e-01,5.796676714346757908e-01,6.319068448663586191e-01,6.251382685980427789e-01,6.037559630796073273e-01,6.143505639747486313e-01,5.538720634542284582e-01,7.310554879449256971e-01,5.922934955341673247e-01,6.164466760416051905e-01,5.560755689090683962e-01,5.890180135109137627e-01,6.135595616813150910e-01,6.067621318293137112e-01,6.138941211713564439e-01,5.212802249605895666e-01,6.069655935394373536e-01,5.939650260122120162e-01,5.331661886683469742e-01,6.512195067754451561e-01,5.333608327778959213e-01,5.235134840747260876e-01,6.507092770061327913e-01,6.722508694659283801e-01
6.296526456688046336e-01,6.103051447320253509e-01,6.416974744346390924e-01,6.671704798157307437e-01,6.418558740851776356e-01,6.822871861981796293e-01,6.353458559197150413e-01,5.958416647540383249e-01,6.242006655095095891e-01,6.543439867221704231e-01,6.720688398620822124e-01,6.053844438746613932e-01,6.407826504745107732e-01,6.090196736122068799e-01,6.700925912640298687e-01,5.690463933915486106e-01,6.680433307237942930e-01,5.826294833378001803e-01,6.429304406093112600e-01,6.170627316914172322e-01,6.089181628734851026e-01,6.723496837816349547e-01,5.933733247059087557e-01,6.130253983310145482e-01,6.610957663383562055e-01,6.542405404511990596e-01,5.452649109723940457e-01,6.340816892299721008e-01,6.151957143335107236e-01,6.253618832083631673e-01,6.040869293326699419e-01,6.392351263085948032e-01,6.681907173347997331e-01,5.926798748838123521e-01,5.786561763634545663e-01,5.997430129623860795e-01,6.076935119914756989e-01,6.053942322815577537e-01,6.533636774478068787e-01,6.645567803950586105e-01,5.764289183661985838e-01,6.748759428457604681e-01,6.817715332363014635e-01,6.261477998445832416e-01,5.604507677960581802e-01,6.850234243452196781e-01,5.392751038467432645e-01,5.441769987430979949e-01,6.589514021884603778e-01,5.315062837277576557e-01,5.822629002572701218e-01,5.575953514824580903e-01,5.758858484647318976e-01,6.417337525901951611e-01,5.788245963305449493e-01,5.575174091949208766e-01,6.011303513777873642e-01,5.122799665066128938e-01,5.612069338291746368e-01,6.523517009508508213e-01
6.304875508434881759e-01,6.486254061524970860e-01,6.438659488146221133e-01,6.173034828088170833e-01,6.623185425556114003e-01,7.134045219218421163e-01,6.695767590641723555e-01,6.098638286354429727e-01,6.037297347574186457e-01,6.513531519501308820e-01,6.479465090156758533e-01,6.253855570949873321e-01,6.988615027085748332e-01,6.519183362900765610e-01,6.685847097267332284e-01,6.234659601953045360e-01,6.335482561671099688e-01,6.565451139654745472e-01,6.950597476218401960e-01,6.114725109983734086e-01,6.503152088994097468e-01,6.055908094630483296e-01,6.773572973466527314e-01,6.677856891741443812e-01,6.361252144698439359e-01,5.821175116613748202e-01,5.400685793836521587e-01,6.043924407580820723e-01,5.536150291458393768e-01,6.843886457160343051e-01,6.538029884027547478e-01,6.156049992437611085e-01,6.897166521198078160e-01,6.120488733751369148e-01,6.016845730991644547e-01,5.841330235250177250e-01,6.179431373865147403e-01,5.418625513779103953e-01,5.716051563382922307e-01,6.296520226887327709e-01,6.417102346542880031e-01,5.878233767914149421e-01,6.362603864445620649e-01,6.056212715362375709e-01,5.994466950407818517e-01,6.141294325296879908e-01,4.656133040926461741e-01,6.147943950272997116e-01,5.826787278672270753e-01,5.729171496003480080e-01,5.946902335424791852e-01,7.083927833029017851e-01,5.923772094906389896e-01,5.283343332259857750e-01,5.865584357509318059e-01,5.366244136228083272e-01,5.566297361928076448e-01,6.019347344357560692e-01,5.925734982935624284e-01,6.304845421187028620e-01
