9.590866104960620309e-01,6.525983129546766293e-01,7.939771942785567305e-01,4.963590667765835351e-01,6.982315993717740366e-01,8.060336524342048836e-01,7.231567928146775959e-01,8.253734297661198260e-01,7.320107679118710298e-01,6.629531420384106033e-01,4.327960100637339158e-01,5.945351400040406187e-01,6.405262099269198872e-01,8.256148840177107706e-01,8.275207812389873130e-01,8.319291992078454712e-01,6.543612251764510113e-01,7.712535612808564256e-01,7.401306427486297190e-01,5.670111441794054574e-01,6.302204294015325559e-01,7.250222425488621614e-01,5.793280728062480955e-01,7.729830216227850936e-01,4.012646272007431847e-01,7.261250049802157047e-01,5.596363178117998993e-01,4.965595636687075154e-01,4.950104209180743453e-01,5.234834448400774720e-01,5.179486579547230019e-01,3.676827870353374106e-01,2.429077804080624348e-01,3.212191067897458563e-01,1.841847032596357070e-01,2.680933971225277768e-01,4.209785550513263641e-01,1.793790210101919858e-01,4.417460610733299764e-01,3.281370491758014984e-01,3.794049424310474983e-01,6.026826913466176716e-02,1.279811756703936321e-01,3.405296322538895470e-01,1.790995162478807023e-01,3.176408834412217663e-01,3.918315778468897670e-01,1.877537744796450858e-01,3.846362396161306929e-02,2.312421156565909186e-01,2.263304737014912860e-01,5.072365496163122600e-01,1.566159388068050495e-01,1.949313148930152950e-01,2.790550083217015476e-01,2.408376804845580206e-03,8.539203194109243333e-02,2.240594965195450428e-01,-1.256437564585940470e-01,3.998540174440254891e-01
5.565784181282784626e-01,9.040101976778771586e-01,9.950031800604944854e-01,7.565104093232518645e-01,8.575992677372301642e-01,7.891247309305647883e-01,6.234259225228024892e-01,6.978676893587635321e-01,8.454643762565063891e-01,8.353477496115413459e-01,5.296697495925367649e-01,7.835283013596758828e-01,7.750130389650985441e-01,5.591462330246766976e-01,8.378081742891090311e-01,7.513963799738294647e-01,7.554432982918004580e-01,8.271971973025606939e-01,7.645451508416327702e-01,6.946853067681670879e-01,7.649562588927268925e-01,5.318741711427276142e-01,6.899263510552855472e-01,7.520089492513968299e-01,6.542327174405562218e-01,6.860140088275377135e-01,5.115937082615953369e-01,2.928745536479130940e-01,6.106746532523816828e-01,4.405996757290820409e-01,5.215743382770683390e-01,4.878291338277270794e-01,4.026653872759813346e-01,4.872571559569013888e-01,1.307866035843022190e-01,1.415454486110024335e-01,3.764630210169603863e-01,1.355205078760855775e-01,7.948529893261244150e-02,2.343557420509359557e-01,2.018455309530146347e-01,4.749435282186668661e-01,1.246983277789996541e-01,2.882077813685968160e-01,5.426063962452550710e-02,9.695213348751667570e-02,9.129691272662224244e-02,-3.783588518616165693e-03,1.803753079621772393e-01,3.403788835944644431e-01,1.150799595385667562e-01,2.336309717180705126e-01,2.230349235145673015e-01,3.567560901453600830e-01,-1.207947668028774429e-01,-7.600275762587144560e-03,5.505284759545949758e-01,1.798934369072521799e-01,1.884108820282099916e-01,2.327678628450220444e-01
7.318661314649992367e-01,7.798604614180791872e-01,7.164997630727166777e-01,9.611428880059571522e-01,9.384097130952785415e-01,5.125251488099158426e-01,7.321886795018183181e-01,7.288111467168856272e-01,7.110266871755281937e-01,7.754009952642346715e-01,7.119956591395036893e-01,6.854576046753926288e-01,6.370801239634914515e-01,7.814756267073899032e-01,5.984262570464501385e-01,7.826038246883747496e-01,8.198252152298743933e-01,6.114700983944103552e-01,7.245938183478872752e-01,6.501809844255398430e-01,6.489427335061261903e-01,8.351286181094831340e-01,7.181583480379212236e-01,5.870490162616708307e-01,6.539887085778034459e-01,6.983130297133921527e-01,3.976292721354097170e-01,5.746889866229081267e-01,5.619892190363825479e-01,5.208671142777063778e-01,4.074189278170898265e-01,4.917770702968407015e-01,3.136301324069107332e-01,2.812325267084115898e-01,3.575127226280114257e-01,6.103224929576855917e-01,3.387766595000151204e-01,5.117065987608502287e-01,7.801286760641802653e-02,5.005732140264148589e-01,-6.931427809632850334e-04,1.332778799447909002e-01,5.687377720848572071e-01,4.714982880596171877e-02,1.310440192956617567e-01,1.312432125066203825e-01,3.530099445434403682e-01,3.163134509918653636e-01,2.523812514912762150e-01,5.204291679533262771e-01,3.050325550566670429e-01,7.358945423352244997e-02,1.065327780197895119e-01,1.264589699959953739e-01,1.579467832004169403e-01,3.001870959035620734e-01,3.102136550423033046e-01,3.874625245225922499e-02,4.301923737620242383e-01,6.142730557449539719e-02
6.165043494254911494e-01,8.364242474018597218e-01,5.714264917193564441e-01,7.963699370522221432e-01,9.940140990251723485e-01,8.697243538243792926e-01,9.066545814268648362e-01,9.242890245226791368e-01,6.510443717568561439e-01,6.467966946885349566e-01,6.886525234202217627e-01,7.612264926447880331e-01,7.873059812843382632e-01,8.194905585580951612e-01,4.527912162426155906e-01,7.653234928930926495e-01,8.130582908402687048e-01,6.390121071230296934e-01,4.757323500564824004e-01,6.373330497359213087e-01,6.747710378600331182e-01,6.358682757097884330e-01,8.050042754574222581e-01,6.507760377762424886e-01,7.311968280767213724e-01,3.386263000568224268e-01,1.477463520107646366e-01,7.326391524753208540e-01,4.136339694356964136e-01,3.827844010794606011e-01,6.212404691270718704e-01,4.871685134506648085e-01,2.659827966143943345e-01,4.598415682242228963e-01,4.683399543759126371e-01,2.611669190113273809e-01,8.616242355208740544e-02,4.046701901395313716e-01,8.334324804238538165e-02,3.557608952637505428e-01,4.218463559170306243e-01,6.255197663104296035e-01,5.854381170209667085e-01,2.628070191273697009e-01,7.440899709425919002e-03,3.539833619705455847e-01,-3.210004699487249008e-02,2.552381073159857849e-01,4.054627728337438231e-01,3.070575252055650628e-01,2.725742638438398702e-01,2.842215709171395654e-01,4.604508881677685933e-02,5.521853119743801441e-01,4.576450818653967079e-01,2.512474859355550150e-01,4.294712468575586639e-01,3.650520097332567160e-02,-1.260531823164036669e-01,1.862670820208364997e-01
7.710993999184896364e-01,7.586924181725770433e-01,6.756753948426370560e-01,7.166397376612025916e-01,7.598677280693919567e-01,9.397462859884724296e-01,9.987098239929436128e-01,9.151787062525487126e-01,8.931066489005239362e-01,8.495512918498387966e-01,8.165947278738243664e-01,8.873454272830715306e-01,7.633374473794450887e-01,8.311782112918939536e-01,7.439122370765564041e-01,8.177631256421774575e-01,8.495420573319474311e-01,7.952899091428977663e-01,6.275361924399529556e-01,5.424739293818562347e-01,7.119569130282938918e-01,7.130456471030666155e-01,6.565529358344520672e-01,7.279887873330788128e-01,3.705933795635775740e-01,2.220972600215902482e-01,6.007796062187609198e-01,2.204919352205851057e-01,3.749371887028766781e-01,5.316620770109747873e-01,2.936607097331450644e-01,3.442384982021749473e-01,3.235004338359335208e-01,-2.397703275124253575e-01,-1.980176130436222051e-02,2.401850856817190072e-01,1.294577010527246663e-01,-7.169681469178268082e-03,1.171276676101896397e-01,4.537494608920537020e-01,2.099524111241007629e-01,-1.622704377758907995e-02,1.064719724530734657e-01,1.812058643900736343e-01,2.421118182574010513e-01,3.158752631905672459e-01,1.245125744187614708e-01,2.163229489229117897e-01,4.477021818787535468e-03,3.897361875201353909e-01,1.457406871504708656e-01,1.671605317181108219e-01,1.614179022338839767e-02,2.849215015779130722e-01,4.361458317098517723e-01,3.789019107158100863e-01,4.208665099581281044e-02,2.016833103501503577e-01,8.097382373436978753e-02,-2.467316614769161573e-02
8.413283602051553345e-01,7.612340770666775613e-01,5.380048198106024415e-01,6.993693037185551020e-01,7.870067542449797893e-01,5.246305061986175078e-01,9.195133857036015268e-01,9.985123947626641794e-01,6.656802194985799170e-01,6.399206789506219906e-01,8.268369547453566781e-01,7.221686657621452232e-01,6.135703417749021060e-01,5.972241798508830524e-01,7.947098476808214240e-01,7.477432609638755556e-01,7.428356108004192659e-01,7.729841374448526148e-01,6.983402690408174740e-01,7.230408340218452690e-01,7.228002861389988265e-01,6.540324280676056423e-01,7.030812723958678179e-01,7.450608665177477219e-01,6.941140759997848075e-01,5.514772382087005376e-01,5.140446594459486818e-01,6.039012284205738101e-01,5.412799135571122466e-01,5.142677631603188582e-01,3.833144312455763481e-01,2.316458196504520006e-01,2.605083781956231692e-01,3.811728228331517920e-01,3.230081305900900368e-01,3.057396985464849726e-01,1.653304900733477134e-01,3.119424930083235514e-01,2.601964861804521023e-01,8.204182409514024221e-02,4.205819503858069242e-01,-3.407922719182966687e-02,2.970899325008259373e-01,2.161480965036822188e-01,4.424374969873794139e-03,3.347284931669089469e-01,3.019984945117883957e-01,2.321328954561757141e-01,3.186210497684547893e-01,2.033520005407014053e-01,3.251785245267271307e-01,5.367925240145345750e-02,3.680582597242447462e-02,1.357104651455839917e-01,2.025399838797314889e-01,2.568279057407418797e-01,2.455626618799620076e-01,1.635839421770423907e-01,1.803647314129170898e-01,-4.675798291846694488e-02
7.282145629281486787e-01,7.663773827646366277e-01,8.217008476519589433e-01,5.844828412822696828e-01,6.531019717516809431e-01,4.949931992620587029e-01,5.497627136401146419e-01,7.714878007122981662e-01,9.967410547362920425e-01,6.724347552432031749e-01,4.858558486783066677e-01,8.379218224400538650e-01,8.310785757239711469e-01,6.537661712506931400e-01,7.750911316272166562e-01,7.199208942267293354e-01,9.486286707903157644e-01,7.817651572229911139e-01,8.684592320581525637e-01,7.709205906298548516e-01,7.515916750489400888e-01,8.625888514318690303e-01,6.435202441503993231e-01,6.982996018125489091e-01,3.636129018677299318e-01,3.665044649091309115e-01,4.928878535900880209e-01,3.504546418263320695e-01,5.908070694967209047e-01,3.495498578149477953e-01,4.012348337306453905e-01,2.302808450020804032e-01,5.676310142954263949e-01,3.578134890088626174e-01,4.839902471718204313e-01,5.064541261695330032e-01,2.194765928233484154e-01,5.175986948124650100e-01,2.246396147745292338e-01,1.255530857056050831e-01,4.750863611203972603e-01,4.014683268430044860e-01,2.878688744965501867e-01,4.081302940869740992e-01,4.525345718832389785e-01,2.573282802257423341e-02,2.116129151178925694e-01,3.256725529974924815e-01,1.520694320167465252e-01,2.578591654503671893e-01,1.380327871139200302e-01,2.793992003881096697e-01,1.430366450280108059e-01,2.358191399355042961e-01,2.912204293271190153e-02,5.823554068647162074e-01,2.850168425538911476e-01,1.072268713726157036e-01,6.587776414346144249e-02,2.415675054957608370e-01
6.683618028414484158e-01,6.702264839550815534e-01,7.674710889126924451e-01,7.981673343298048007e-01,8.115129022685587667e-01,8.582825337257190546e-01,6.498458653299314935e-01,8.388794540848900638e-01,8.029385557539745477e-01,6.114683047997734322e-01,4.896830404876958420e-01,3.526090549794657636e-01,4.180436404478481971e-01,6.289128525824805305e-01,5.736501835654997938e-01,7.892475850758176037e-01,6.424355163612153197e-01,8.245671803742793404e-01,8.184167046315973248e-01,6.489067258707355013e-01,8.796492797136556963e-01,2.622924261630752429e-01,7.002330991341152444e-01,6.393917030339835161e-01,4.002661109203472511e-01,4.247264075789056181e-01,2.376109477877107190e-01,2.734025730785928365e-01,4.841585063136230604e-01,3.129466783068427516e-01,3.991095517196239228e-01,5.080198166810554472e-01,1.658689118661220985e-01,3.864766604950003459e-01,3.072962293347770713e-01,3.667578096651313846e-01,2.131661853919750715e-01,-3.710863333317127033e-02,1.810684238027433779e-01,2.619497543983017041e-01,2.557691286412841492e-01,-5.929829475410248671e-03,3.568518417206408833e-01,8.309347381841004909e-02,4.236418338681454121e-01,1.397192086511587772e-01,1.010322643889701028e-01,-4.547802804179129632e-04,2.127166442299795457e-01,2.879048668427101540e-02,2.181971978110458232e-01,3.574494748470786742e-01,2.189850830468041409e-01,-1.048578870855787909e-01,-3.261457664149450437e-03,2.009306508557744397e-01,1.176992280911455246e-01,2.718000883078700025e-01,1.904012853973161834e-01,4.149318809353963466e-01
6.519680691974026887e-01,6.416800701760498882e-01,7.598193374578865456e-01,8.285691118662821264e-01,8.632020720139497172e-01,7.768942952405269997e-01,8.014400843112505779e-01,6.803120758204929119e-01,7.703809765371396612e-01,8.399772308299908730e-01,2.694996418118320580e-01,8.403440887810157411e-01,4.344644928508991089e-01,3.624195862307073579e-01,9.555275861399523674e-01,1.818779898257276151e-01,7.327221070980414197e-01,4.784238838225041701e-01,6.329928118776259049e-01,4.325080657346103696e-01,5.147673723990031647e-01,6.417178567282292301e-01,4.457073437283246564e-01,3.854608384557258183e-01,4.834682640416039234e-01,1.880861179037784381e-01,6.874573066079110728e-02,2.332618289127308397e-01,3.178151800130661897e-01,1.997105124093639106e-01,1.202747722277498488e-01,4.432559614124447767e-01,3.996788308698654979e-01,5.627548800876727153e-01,2.509947870105054268e-01,1.793172413182379243e-01,4.184898856666799394e-01,3.274910248693648773e-01,3.952018493043561453e-01,1.857502304267737991e-01,4.046163320955873388e-01,1.447057284723209103e-01,1.390276891544187376e-01,3.102107188909769553e-01,2.285903584805270283e-01,4.679497638644439239e-01,1.586250329944211557e-01,2.851875533235622706e-01,6.996375177525127054e-02,2.082810237703638934e-01,1.945707526437109591e-01,4.315702841048466576e-01,2.475921783348060123e-01,4.180758392903763943e-01,3.711512823042872888e-01,5.854346461155020970e-02,-1.667843449723580701e-02,-2.385649967276959153e-03,-1.353154357312579339e-02,-6.880172095064832072e-02
6.323575141458863680e-01,8.219509444558775746e-01,6.213096891211877804e-01,7.243510133707142806e-01,7.327028952411938079e-01,6.591406214408405129e-01,8.066275423065665251e-01,7.267820421831617805e-01,8.007087847499587685e-01,6.862561381278349248e-01,6.718152955964939999e-01,6.935610538362444455e-01,3.445310988468934243e-01,9.811790717277938390e-01,4.454460208372649777e-01,7.292275634898273129e-01,8.929170475602807300e-02,4.675350065508721009e-01,4.279576918223547688e-01,6.501956579606009701e-01,4.993188368424700263e-01,4.223881170692598275e-01,3.502863961288502082e-01,3.167912126332238509e-01,4.379208023184785192e-01,4.269640905248812679e-01,4.365057649226914416e-01,3.060811344371171527e-01,4.207704884596059070e-01,-2.381062356143641770e-02,1.321288985253436521e-01,4.796147722578897321e-01,6.646822266861496242e-01,1.763808408513485582e-01,4.195227035713212649e-01,5.596023448323746985e-01,1.217116186835049893e-02,5.134148266712386111e-01,2.582381179706113583e-01,9.991818383696150774e-02,3.119461524888246240e-01,4.637043553551375430e-01,7.929426812269739500e-02,3.868566295603835248e-01,-2.575865822767452462e-01,4.625903681170182580e-01,2.241632872049815484e-01,6.459824797920894757e-02,1.664697161438701001e-01,2.688395459090783257e-01,-2.509264206272238118e-02,-5.636659866983934064e-02,8.910510179895976546e-02,1.101104665913755776e-01,8.992318541557089984e-02,1.693779324728160174e-01,-1.678266370428243559e-01,4.033257838655495142e-01,2.343700968011645513e-01,8.740095258273151979e-02
5.765414808262003810e-01,6.575984083390784551e-01,7.254969082881683740e-01,7.691835702163976052e-01,8.175960379241846709e-01,8.562019384700769731e-01,7.327697369674538441e-01,8.235026773867222261e-01,6.772754476057680773e-01,6.634850956212792195e-01,6.000087711511929989e-01,3.960105264348136034e-01,7.240240253684797622e-01,3.996153634811618061e-02,4.687601638566881168e-01,5.214022833897059561e-01,2.500823282482502186e-01,5.535973759601564397e-03,3.492302316431866727e-01,2.821701637443251309e-01,2.254210188779458279e-01,2.446861778355344796e-01,3.196438498025130359e-01,3.447719118261710070e-01,5.441269265934950417e-01,3.271416236330748628e-01,2.656637449561157216e-01,2.820298476914052596e-02,8.242264518774541915e-02,1.550903564377170418e-01,2.157120829825850128e-01,-7.158686100313375877e-02,5.540358525123583178e-01,5.499085904612731335e-02,2.129664534641345364e-01,2.242149039520494880e-01,4.299000903735398782e-01,1.621752470287816938e-01,1.268330428457254411e-01,5.359820113763029692e-01,4.087254117424565791e-01,-2.911590139275176403e-01,6.015969812882007023e-02,2.379115437218438101e-01,3.987700382452302739e-01,4.016419905110388960e-02,3.976828793490562175e-01,2.656095014820761824e-01,8.180682373452566325e-02,3.472297599501483201e-01,3.726659923267426899e-01,2.921106935146847161e-01,-3.958740347475092625e-02,8.482633521070492150e-03,2.202510712927928105e-01,2.629478965827690695e-01,-1.766149631075105420e-01,1.742066760375328982e-01,3.664842194788964225e-01,1.953340127321774311e-01
4.110148581639229137e-01,6.764409967354678699e-01,5.511052040471740021e-01,6.204813486621070240e-01,6.633979886296998973e-01,6.929629203681215710e-01,8.037549258122366203e-01,7.974219384830395496e-01,6.159439278879199620e-01,7.617840071605765928e-01,7.591755921760372505e-01,4.121124960205048704e-01,3.300857348820238069e-01,5.007558451160605273e-01,-2.438623325492728644e-01,3.103322224001830998e-01,6.742417423641080543e-01,4.942048605520638627e-01,2.368755231890627422e-01,2.346951299214257158e-01,6.524588908067157078e-01,7.693094281718800831e-01,-2.378272937699232176e-02,3.592315256786543509e-01,5.014625908679886113e-01,-9.739913224160649807e-02,2.014336323954494801e-01,3.102621721138235644e-01,1.327168704319754353e-02,2.416373487237154227e-01,1.029401710240096107e-01,2.783228700112763687e-01,-1.228505656787599876e-01,3.882660880761260591e-01,4.974594310447567058e-01,2.784863463235550118e-01,2.678682930109873572e-01,2.464373717311972578e-01,2.197547352795255760e-01,5.523287293358547512e-01,8.906127889780132700e-02,8.078120269398755826e-02,1.300128726800986456e-01,2.525551197913619705e-01,4.115720366423457621e-01,-7.276543107924224318e-02,4.680123686451440612e-01,5.312054971911558399e-01,3.208522473203174186e-01,4.771460368044450062e-01,2.773813575518858654e-01,1.702199898158878733e-01,3.041460969207728793e-01,1.855429500349699556e-01,2.595597762841755918e-01,2.011158036694637302e-02,4.078853658199905752e-01,2.814749270063804376e-01,3.332916744548565235e-01,3.343441605394172345e-01
6.587639308660616644e-01,8.458446843251803404e-01,7.710663873795360335e-01,8.537842490543005036e-01,8.654796134698907739e-01,6.701788139810197498e-01,8.294721982475768973e-01,8.081958582020722925e-01,6.465321140955515578e-01,6.846579454963503952e-01,7.147792817432037094e-01,8.928476071659906532e-01,2.114616377887258702e-01,5.368836609596603499e-02,2.904948940985233735e-02,6.169636600645710400e-01,4.482724723724968996e-01,5.046919738610137207e-01,6.060407542255833446e-01,5.521346440925918309e-01,4.161477029078426426e-01,5.198605623839130940e-01,2.377152632692481615e-01,-1.367507570939302530e-02,1.415451169966609191e-01,4.578913490028031497e-01,7.187519764253455512e-02,-1.170711339997111688e-01,1.571908370605370753e-01,2.081958937568269830e-01,1.569011817219993221e-01,1.820500937105863082e-01,2.933861682479971256e-01,1.653140914742161072e-01,1.515550838088029484e-01,-2.474200304257588579e-01,5.620986033026722506e-01,3.257994452157896292e-01,1.081511834084145224e-01,3.512145218222187948e-01,6.783131886698734805e-03,2.884440827728710910e-01,3.465189653920290325e-01,2.904667346214934165e-01,2.880463678537107941e-01,1.473292693000306519e-01,3.926801863240251822e-01,6.137107637893174372e-02,1.298112466371617035e-01,2.310135239321727540e-01,3.383457203544232295e-01,4.156708665764307642e-01,3.981638978603092016e-01,1.895677225916476694e-01,2.136894990231399394e-01,1.811711780848280218e-01,1.295081802806272719e-01,3.660920218396229164e-01,1.399611832568792014e-01,5.002077975166610013e-01
5.810970927610381587e-01,6.480434430246069244e-01,5.586081496604121677e-01,7.205543745561654445e-01,6.274894029456713485e-01,5.222498281516014806e-01,7.960673567129704642e-01,4.936648509517658212e-01,7.056617729251122295e-01,8.052026516637637021e-01,8.691017203994799711e-01,5.995099762450597503e-01,5.865124841191271532e-01,4.116923693601394207e-01,-3.517497557386707607e-02,4.961355582841962819e-02,7.472813557223814684e-02,-1.837830462831355760e-01,2.932443471816933989e-01,4.872301344377842902e-01,1.648252599551365827e-01,4.856207753835137808e-01,-5.442782372265647650e-02,-2.826041281272186345e-01,2.844692952488815374e-01,1.616165648869888061e-01,1.634695716921893277e-02,4.272292521458681547e-01,-3.510395906703665803e-02,4.081094192524803432e-01,-3.071514977554296033e-02,2.059741013580183022e-01,5.062894690366870343e-01,4.222355348434543854e-01,2.897497740451433490e-01,4.730454786642394605e-01,2.252194427259611997e-01,1.921889513605495592e-01,4.385072063177659629e-01,1.509953058672181825e-01,2.259312620845417841e-01,3.249597985654739674e-01,2.917890032883389551e-01,-1.976088704575282573e-01,3.559919068715873824e-01,3.788388542560397476e-01,3.160400424370592432e-01,4.233734602825007798e-01,-1.654984276343311050e-02,2.071618855965453032e-01,3.863637889262269143e-01,1.607401836483936253e-01,4.213713927386794067e-01,4.221123812854625512e-02,7.322956386376458515e-02,8.285774317370371567e-02,1.797930051317259414e-01,1.816827026428002034e-01,1.597253632818093350e-01,7.768332558266873022e-02
8.073898685340834547e-01,8.166793992381619072e-01,6.812969384708157383e-01,6.583504926434399218e-01,7.844009714926639676e-01,7.596906749119385349e-01,7.369847820200723376e-01,8.297483608426912127e-01,6.740708274455098348e-01,6.971327059606127197e-01,6.659338868612872941e-01,5.506096749538984536e-01,6.187471403944575510e-01,3.759207493945542766e-01,2.236425164208023231e-01,3.115510240886832927e-01,2.069900206074949955e-01,3.159380924055791295e-01,-1.174947694110188914e-02,5.852531758641823512e-01,1.687253177350843403e-01,-7.398664817260144910e-02,1.775098948089426643e-01,3.663412357693668353e-01,2.043134332898912664e-01,3.090983442402391312e-01,1.426659174227267735e-01,5.017159950556158987e-02,4.269505337684585955e-01,7.110742401021383219e-02,2.349296343590821790e-01,3.522727096719258655e-01,2.684176429039869527e-01,2.011805140530237845e-01,2.913974501302296072e-01,5.994402230494793038e-01,2.664703427045919115e-01,5.224802743450672748e-01,3.839294937268642599e-02,1.020987544843910688e-01,2.511431066655250843e-01,2.469971825547575273e-01,4.340364638806485376e-01,-5.471582883696707311e-02,2.416244639167760833e-01,1.518244984115157403e-01,6.076228935794424080e-03,-2.121584595253614425e-01,2.276547703756183483e-01,2.410622728733733400e-01,4.240551818239072790e-01,-5.215217811965044969e-02,3.236636131480589151e-01,1.623731605679563095e-01,2.371832464787477224e-01,4.766460889757292430e-01,1.822705527881429699e-01,5.139901096924613944e-01,2.107093438092573767e-01,1.203691852968896275e-01
5.742490974107188340e-01,6.479362660825235265e-01,7.446627053586719613e-01,6.270195574936872074e-01,7.005237918054649793e-01,8.084854589738966757e-01,7.766038877109722183e-01,8.699441491485228051e-01,8.034044930832269227e-01,8.824820093694795142e-01,8.098807395789545671e-01,7.808428169221716120e-01,6.383019714548106016e-01,6.611113480837622625e-01,2.912649318291366529e-01,2.838408357471336463e-01,3.392170695280563031e-01,6.330038283621897133e-01,2.209957251050932159e-01,1.345497902940749335e-01,4.864587107608832062e-01,7.171916061938068965e-02,1.676523756414212696e-01,2.268002566340976967e-01,3.618477651881477075e-01,3.460646030709647603e-01,-5.678940741428444017e-02,2.888864883737990441e-01,2.937247305598362709e-02,5.291724495840215148e-02,5.956041677865310524e-02,6.288434855947352409e-01,4.041471793601286722e-01,1.831641441285430660e-01,8.706926610319758175e-02,1.279954876547932385e-01,3.912837488297893351e-01,2.800988797051450208e-01,-6.929241860451970658e-02,3.969134889523462384e-02,1.136019359817879160e-01,3.144904677987730990e-01,3.696415460003784487e-02,8.300148378223787260e-02,1.840462474749239574e-01,1.956198754333714207e-01,3.833343688204444710e-01,2.161526581506671152e-01,2.960502485482104373e-01,3.145471062762281722e-01,3.651966513257544067e-01,-6.463433630556934817e-02,1.346910970291829712e-01,1.509957421020856061e-01,8.302244526626502419e-02,8.659148529768864733e-02,2.456039778198883944e-02,3.835767487073485915e-01,2.755702634349564972e-01,-5.793646181098712628e-02
8.118226666065770925e-01,8.131517931207431493e-01,7.201506492179807761e-01,5.607236465965651506e-01,7.478337107533482575e-01,6.947287161744843953e-01,8.336199125093293194e-01,7.933135308092419402e-01,7.380691339960098185e-01,7.149654611763361922e-01,6.894226999336687811e-01,6.147762443659130494e-01,7.411599989907193820e-01,7.364845374998378880e-01,7.884731023837170394e-01,4.071762774802957230e-01,-2.862591616716736453e-02,1.028884002315316043e-01,-2.619204238226557901e-02,9.361143857916130739e-02,2.701399621292883690e-01,3.357422749791066918e-02,-2.157194205985989502e-02,-3.671897643660437804e-02,3.148618987425179094e-01,-1.213209543094130941e-02,1.091751178015677032e-01,-1.986948883377837038e-01,3.524214736401636849e-01,3.157444106611751455e-01,1.219848495718825337e-01,1.753729455652674463e-01,1.009694033421587589e-01,6.232264548574977248e-01,4.077239465733556445e-01,3.240680257594739655e-01,2.461192550546290880e-01,3.111684997440012923e-01,-1.509868595471264285e-02,4.147299874145738974e-01,4.484909607676101362e-01,5.987720433112581064e-01,2.054194311371019543e-01,-6.384457622083471173e-02,2.360150347843418817e-01,2.779795519882199972e-01,1.514870866460644450e-01,-7.271002597896979169e-02,2.776662248728677396e-01,2.429524301298776889e-01,3.798242021117938239e-02,1.696432385670229581e-01,4.622695247622397585e-01,-3.873905018913137519e-03,9.523518671002387248e-02,2.663450453766521009e-01,-4.644239466524796578e-02,3.902478198061398174e-01,2.792253066313778870e-02,1.015360317355960273e-01
5.655054417998744976e-01,6.675044354956499726e-01,8.060214402237096953e-01,4.243686334899011148e-01,7.101644536173311595e-01,6.955784270562104243e-01,6.216485889253740016e-01,6.488265012443229507e-01,4.970599441688942077e-01,6.997618382025196926e-01,7.034526645536681722e-01,7.919678609329230401e-01,3.188554569040872866e-01,6.315000114204526449e-01,-3.194598833872541645e-03,4.407838604759885537e-01,-7.059836078519629576e-02,1.126613846627726734e-01,-1.175492542352531977e-01,2.449503486560501153e-01,-3.058250342866475433e-03,-3.332160878858759223e-01,-1.429232268822807073e-01,2.319395483535259539e-01,4.256175935784048403e-01,2.597226363915335901e-01,1.361545892685201986e-01,1.525484645630217628e-01,1.043442589503739831e-01,1.465415890348815420e-01,2.338597381499569194e-01,3.029633335882029876e-01,2.748315889436708237e-01,1.466280324924193468e-01,3.121226575186347718e-01,1.037841157905933648e-01,2.627941667622899491e-01,2.731640796312625463e-01,2.292284340980944857e-01,4.028651890761295595e-01,2.080875819142122274e-01,1.965673923036344861e-01,2.274019066581216622e-02,-3.835116132004682266e-01,3.702850742655207639e-01,1.174644895759335561e-01,3.141176944420837613e-01,2.965779835577745938e-01,1.547716126783250101e-01,-3.152966795281809259e-02,1.921135166488577017e-01,1.557461443442280657e-01,1.577690735734613714e-01,-2.295077434507237710e-02,4.983378580738068164e-01,1.048918048714819334e-01,9.798953724587126934e-02,1.555492174222647406e-01,1.180051055766514756e-01,1.278367951961243976e-01
5.410168813524560694e-01,6.500048466176390205e-01,7.655124070429706329e-01,7.547565574790817688e-01,6.714309259954014397e-01,7.706290999305560607e-01,6.494125823212241189e-01,5.133484940719261758e-01,6.221472969362589200e-01,6.207740758682026572e-01,4.030854464835331719e-01,5.606442290553144137e-01,7.745089209913114114e-01,8.033633885136361175e-02,2.270658596567120546e-01,2.254418523209476485e-02,-6.406794820001593047e-03,-1.516749322986732373e-04,-6.877933408255880454e-02,3.142668427172120582e-01,2.787509893022607071e-02,-1.145691293707399999e-01,3.528357971274990734e-01,-1.008351308695419057e-01,9.228520996806132901e-03,1.313396486497789561e-01,1.096360359319752814e-01,1.803261201982257478e-01,-2.791025347440417165e-02,-2.243724841630249656e-01,2.297066539784108630e-01,1.416463398802967309e-02,9.987690265638979326e-02,1.785373963323602930e-01,3.573018629588010642e-01,2.085993076276292102e-01,2.479551611942628353e-01,4.121556082165455104e-01,-8.060420283632185878e-02,4.058456865489227239e-01,4.094264253507510359e-02,7.605915312330523148e-02,2.752988172942075762e-01,3.170194726585261469e-01,-6.785468880766543261e-03,2.828301509994776142e-01,2.057775831331277172e-01,2.417990406585890373e-01,3.113521888503183455e-01,3.827065478406690424e-01,5.085393779720585039e-01,-5.791112021765813800e-02,4.532983640836552031e-02,2.605245051015937507e-01,1.295906672297661433e-01,5.443977743737856700e-01,1.913244807883298093e-01,3.566956135939458039e-01,2.319674441733664272e-02,4.096937722722580055e-01
7.947336064726280291e-01,7.264655094195280327e-01,7.347261031107282792e-01,5.845217380654895711e-01,6.483386185704058668e-01,8.411170482479493060e-01,7.212550449741940151e-01,8.092715407295341112e-01,4.710899714112468106e-01,7.071977936275720689e-01,6.184532939009911301e-01,5.288127748747749601e-01,5.474862592117839544e-01,5.103663016896133886e-01,2.727030202456981467e-01,7.000887408199325812e-02,2.806202588002169040e-01,2.823274881944098924e-01,4.748229962127524795e-01,2.620403987546876534e-01,1.950178144489294607e-01,-1.538677642502205012e-01,1.106465774255354917e-01,1.754506575635350618e-02,-5.664453983372761542e-02,1.831615406292200487e-01,3.520527698459056665e-01,6.736988180582312302e-02,-8.393453524711298741e-02,2.439610122352304233e-01,6.961099998498487817e-02,2.776148819609449703e-01,1.853150154036040664e-01,1.041402917366173186e-01,1.115688133152453465e-01,5.497107224292576699e-01,1.733203257757986171e-01,1.895331869283271853e-01,4.287136173579405574e-01,2.829364652031901017e-01,1.871123172648598010e-01,2.652642339998734222e-02,1.717376105061153291e-01,4.299415534346986284e-02,3.899577994494994870e-01,1.280100040107533810e-01,1.340248527639689193e-02,1.133844802413829927e-01,2.596949532020169649e-01,-1.367242486164632620e-01,1.109678549486595445e-01,-8.169451958015348791e-02,3.277217094168256573e-01,1.499350575822677722e-01,1.316559419401173991e-01,-1.069660925504399840e-01,3.442556372584893998e-01,1.049492560268520808e-01,2.132711872142821485e-01,-1.337085287986929383e-01
6.258943378221843989e-01,6.465194935544656962e-01,7.241074479683684562e-01,5.995430430699991708e-01,7.868880766302207563e-01,6.335555256600328145e-01,7.395427666791645205e-01,5.391132959027946647e-01,5.920761049846031687e-01,6.548975889088195501e-01,6.829827096201596115e-01,6.490140252478913130e-01,2.126172592923065707e-01,1.846668934301590459e-01,2.993590538581766824e-01,-5.267568136533906827e-03,2.280783648726483759e-02,-5.619924902109037917e-02,1.757354164433668625e-02,-1.353333217143410927e-01,1.933658856356678668e-01,-1.833905260122046799e-01,-7.046280845390343051e-02,-2.251766602509395754e-01,-2.834968696612301664e-01,-1.707115289753736442e-01,1.200295554395416631e-01,3.493776211123462150e-01,4.325157955805886689e-01,3.050926525555600066e-01,-4.880781497274576386e-02,3.869631672812201550e-01,1.787822207934801066e-01,-4.468625379365441519e-02,9.809014360945614297e-02,4.756591703337121335e-01,5.122755196872925687e-01,-3.335682611383007645e-02,9.789647901338090208e-02,1.697977314021971718e-01,1.795260101729758695e-01,2.775950304831236171e-01,1.639731564250709872e-01,1.703881084423005537e-02,5.779476136233029360e-01,9.703300133163346441e-02,2.686920819084188672e-01,2.564016338463500633e-01,5.898054371770202614e-02,-8.314068854052054924e-02,2.172746506706579039e-01,1.604629909303776913e-01,-3.985236014099755725e-02,3.234072522068319189e-01,5.873819159107077775e-02,1.414085695616534577e-01,2.866361932864851525e-01,3.945037830787608835e-01,6.884062328895845795e-01,4.347339716791811526e-01
8.043164717162323285e-01,5.595382254117690080e-01,7.122405752195583029e-01,7.031638031933682420e-01,6.106443625275973508e-01,5.125507973743133050e-01,6.672121495232150590e-01,6.837455541245184287e-01,4.402348293799462908e-01,7.695146163747539347e-01,5.297895973597342989e-01,4.174478389043047022e-01,2.289847850795073136e-01,1.796316809530501546e-01,1.736367668651175866e-01,-2.751205098793959025e-01,-9.198190514593350409e-02,3.206269066040025595e-01,-3.933888146327452207e-01,-2.877099544822200872e-01,-1.374047765364437290e-01,-1.020646360743546338e-01,1.934003233303564495e-01,1.932844195503341800e-01,4.361514202599570816e-02,-1.133174352690872605e-01,2.895319035502421090e-01,-4.444286049736249217e-02,7.869053289243208016e-02,6.214292494962884994e-02,9.707479473913312173e-02,7.922031752868849419e-02,1.765974119846968615e-01,1.739701177212656658e-01,3.904885476828639512e-01,2.382118979252517699e-02,-1.817214743915113173e-01,3.572409727145439140e-01,-8.297535191203117555e-02,-7.653458197177497990e-04,1.963112990085969234e-01,2.452800575357054202e-01,-3.113898834240603347e-02,2.458845570622598675e-01,1.217160206573198317e-01,-1.430936625944752294e-01,1.741303144116745361e-01,8.397282514627611716e-02,-1.104147386607281095e-01,3.356889810432215349e-01,1.214602609565063329e-01,1.160856987375910726e-01,2.909354075637330395e-01,5.649075684256833763e-02,2.904268878174675605e-01,7.969584679768917934e-02,6.787717577896799914e-02,1.658650749910823841e-01,4.259848504076232389e-01,-9.058684823894101734e-02
6.326787560584363757e-01,2.750759125746446432e-01,7.964094819537678172e-01,7.020320204755730042e-01,7.107027873395221906e-01,7.321952188041651599e-01,6.820263142275102553e-01,3.747169434891005624e-01,2.365130428936360052e-01,7.129291132192254743e-01,5.898279948008946505e-01,3.619755528749669660e-01,4.897948849254288861e-01,1.752053971158278323e-01,-4.920106594507533959e-02,2.809478676198852165e-01,2.496069399503986208e-01,1.948070338389704115e-01,2.867806408421340048e-01,5.041530851922024770e-01,-4.173844415419550313e-01,1.705419967538257531e-03,-1.499778258987777835e-01,-2.257855558289565967e-01,1.736274272805522489e-01,1.797796467468408196e-02,1.705411692117186073e-01,-1.655815256921641665e-01,2.214354675717512266e-01,9.393242698161578808e-02,2.243390200373926446e-01,2.883956147225180677e-01,2.262438575071675229e-01,2.788356846286611512e-01,3.944031370407893311e-01,2.526071961688839407e-01,5.497996497621807782e-02,2.322817420079167638e-01,3.409734417685518770e-01,8.547034190632142592e-02,2.011849194350132652e-01,5.294644738659899652e-02,1.589280313129416977e-01,5.606329134586675311e-02,1.267840222295206765e-01,1.894266531874314041e-02,1.962765243953063510e-01,3.679734834510173802e-01,4.566509558266511060e-01,4.070775008253559868e-01,-1.717700184990766099e-01,2.140123394854648864e-01,7.398343830127435128e-02,3.475912583709090398e-01,2.026225794284463588e-01,1.318358051337285564e-01,-3.509310799091212157e-02,4.894642871840631376e-02,2.553736753011833782e-01,-1.804204735640893564e-01
7.026930248404705814e-01,7.337410431324140614e-01,6.700221874882213990e-01,6.203149320264909061e-01,5.946434691383342130e-01,6.905419261247234264e-01,6.269897520033069771e-01,3.568657928961872505e-01,4.898840945010274339e-01,5.918942339632753402e-01,4.766799764207919621e-01,2.833350946800141656e-01,7.622728664671632459e-02,3.746173189959985939e-01,-3.779916128150909715e-01,-1.692121129383436229e-01,3.014581279631177724e-01,3.496001167223689032e-01,-9.497599672039019891e-02,1.429037919461170238e-02,4.452428228898600709e-02,-5.087688767573798065e-01,-2.920204054385669434e-01,1.272827233422594573e-01,1.363428186391114072e-01,4.724760804296182504e-01,1.965912600670186028e-01,3.748090181595599424e-02,-5.054327943180726701e-02,-1.969997822897801565e-01,6.652277004391449200e-01,5.397454255293937520e-02,-2.283823540801846463e-01,1.892283647766562493e-01,2.431398902135812889e-01,2.604997091135395904e-01,2.259459857409651939e-01,2.418546116842826277e-01,6.921996701284321984e-02,3.589052105589332631e-01,1.206855283010608015e-01,1.544251034256053645e-01,3.669740133937481330e-01,6.263933989855761941e-02,4.954711034884964199e-02,1.763792246469623737e-01,8.412179399432154203e-02,2.036697893633167278e-01,5.193119164268759080e-01,-6.590416820328340308e-02,2.282078903938412895e-01,2.702120556242638139e-01,-1.908906242264813424e-01,2.909053635070847355e-01,9.950074266240721554e-02,1.601563605721983419e-01,-1.068083936512042448e-01,3.586741712861969411e-01,1.583138825267666472e-01,2.020269156095387542e-01
5.120221663246942168e-01,5.496460621426081383e-01,5.426917337915115880e-01,7.283597018498010334e-01,7.101273203953681890e-01,5.082126831416453605e-01,6.958206198477226989e-01,6.126113224826713610e-01,4.646797751294072798e-01,3.626670155209249513e-01,2.417968646659110488e-01,2.870137430663844968e-01,6.233159288209798587e-01,1.715282546376203365e-01,1.799533896166590485e-01,-1.143321135495263680e-01,8.573422329370518347e-02,3.006877360462783533e-01,-7.656211589122438599e-02,7.567422941591786523e-02,-2.807748986216414555e-01,2.211689823234461727e-01,-1.320341223602291003e-01,2.083776859534184622e-01,5.629442704388385593e-02,-1.982953788157347241e-01,2.115813797176664957e-01,2.922900538705340279e-01,2.596083049748962313e-01,-1.514430375300546971e-01,1.838159048464932666e-01,2.809979383759987973e-02,1.795730850874101836e-01,2.033682238580754587e-01,4.539584164686377710e-01,-1.075159807459996203e-01,-1.425347428561807572e-01,1.135283667536397118e-01,3.590809693528869140e-01,-1.605212195023849875e-01,4.790597889859229963e-01,9.816770149214719410e-02,1.115505556501393825e-01,1.637295450264582564e-01,5.964156172224314156e-01,3.783391444228634964e-02,-1.670828844597027907e-01,3.370728529209415791e-01,-7.829227021796383856e-02,-1.173548174091292376e-02,3.394141659926369625e-01,2.294093444146089456e-01,3.042174283405771895e-01,3.476188962601873267e-01,1.207458759614837424e-01,-6.240378922883129537e-02,-2.790474371616995519e-01,4.000918140615515872e-01,3.235158214045927849e-01,3.297987722439735259e-01
5.316171869867257760e-01,7.187781402243599294e-01,3.505219854786686962e-01,6.619993091427149867e-01,6.292908117683526648e-01,5.911957218386778568e-01,3.778227496159525245e-01,3.805844682101295895e-01,4.890538864603241609e-01,6.400784095104425919e-01,6.072451247638581684e-01,1.546249903890396793e-01,2.045911173765991298e-01,-1.399070041785791252e-01,1.516879056408975135e-01,-3.327596423364881373e-02,2.403604658110432002e-01,1.486344278635881033e-01,4.222215840596207914e-01,-1.771496375362495712e-01,2.946047816401116057e-02,2.265887593379631026e-01,-2.684752826001060022e-01,-1.359621932987270798e-01,2.946641132942203270e-02,3.438210445551515559e-01,8.399775103912104912e-02,7.587220184971468773e-02,3.806581862822356888e-01,1.244181140947251824e-01,7.516031572521286730e-02,2.203204460770446238e-01,1.693996937618626186e-01,2.827738302979673213e-01,8.454968737885480701e-02,-9.266449895841291640e-02,1.069894618639769951e-01,3.652860197169227521e-03,1.324878052542086126e-01,9.300835221593424518e-02,-8.445917696113635752e-04,3.783442885115514964e-01,8.084985302104108484e-02,2.885894925217034057e-01,3.888840198374768353e-01,2.148511150967103434e-01,1.483978671838377950e-01,-3.435914079668694332e-01,3.808679770601751668e-01,-2.718068804679243944e-02,2.592334457462524000e-01,-1.335214201273598467e-01,4.431117057617605104e-01,1.516704420622569938e-01,1.483051087634578435e-01,1.268042955981272257e-01,8.209327339459751571e-02,-1.437017261220934275e-02,4.628293820677556458e-01,-2.414111883637620054e-02
4.497807784026907063e-01,3.798565254971039695e-01,6.960061639765847685e-01,4.999921700321838247e-01,3.537649081733796330e-01,4.341225296201189354e-01,4.319722765890690042e-01,4.588384212559336595e-01,3.662513294068611147e-01,7.061370548805261105e-02,2.782735873159314921e-01,1.251591841833745167e-01,3.329918901762895511e-01,1.697118019318450410e-01,-1.057991163986042593e-01,1.234627195294040192e-01,-8.116213168688037050e-02,5.740012351951211123e-02,-3.249900032369436031e-01,4.004199154855113685e-01,2.021977046652346510e-01,-8.212347438592459969e-02,-8.778349975969901298e-02,5.012787794261443219e-02,-1.986912655024116459e-01,1.044535527947416248e-01,3.099458812035761276e-02,2.550358816560948649e-01,5.270916385652292535e-02,-8.941429563155002536e-02,-8.696618251822643697e-02,-1.335353191541042983e-01,-3.469010737337464845e-02,5.447617542935255797e-01,2.650249972141621724e-01,2.575947814023697435e-01,1.597481999649896234e-01,5.941609108440800702e-01,8.734770647957380840e-02,1.959848148969562665e-01,3.313448562620718851e-01,-2.643686573104240822e-01,1.268057261577738015e-01,-1.748543506918706636e-01,3.595062184969007868e-01,1.490691534499307691e-01,1.982516679538728344e-01,1.767722895071714151e-01,3.075396911478819328e-01,4.989300725954469717e-01,-2.762332927802361310e-02,-1.691189492455557608e-01,3.923454783724472650e-01,1.413083732205690224e-01,2.203359992264310174e-01,3.110171518000104385e-01,-4.429979812796658659e-03,5.796629513741542450e-01,-4.090673644128432762e-02,5.928368807424303638e-02
2.917358631497752319e-01,1.183298827502127504e-01,4.076456789028662375e-01,4.893211526895632768e-01,3.560437043725183104e-01,3.024077151928932228e-01,1.035694946202594391e-01,2.935701836193864711e-01,1.658754352649464692e-01,5.985965256313724447e-01,-2.390312529025185803e-02,1.304272218239768133e-01,1.887995922407363358e-01,-4.078319110877288156e-01,1.367672946159028402e-01,1.533733282630975470e-01,9.992729592212790113e-02,-1.379298687752622266e-01,4.365154089507315704e-02,-1.934607336334213251e-02,-7.908331424970617418e-02,2.576986666734318310e-01,2.679159466189400263e-01,4.007100065780185849e-01,1.334066902090897365e-02,2.084889289097537901e-01,1.162340862789794371e-01,3.716867163198461776e-01,-8.006326227769773596e-02,9.491319389828949127e-02,2.072317226607673091e-01,2.447949355060241028e-01,-1.901337271640610171e-01,-5.059653264226733616e-02,4.291809531004601719e-01,-9.532353231449127579e-03,1.868999198488703606e-01,5.450903937811499983e-02,2.963221231393865507e-01,5.376629987215189033e-01,3.541700593675969344e-01,1.470304661549096115e-01,-1.804070278711936148e-01,1.761018480626607152e-01,7.057339080073871118e-02,1.765542635321400988e-01,-3.257157420964492539e-02,1.393841758583690416e-01,7.597763051928949074e-02,4.978768423476238880e-02,2.269005899086985190e-01,-3.317205546851488274e-01,7.907392150677423903e-02,2.094774283186138231e-01,2.004582494727826236e-01,1.278174410698336705e-01,5.022573966532843937e-01,2.355921147826448847e-01,2.630755208476198703e-01,3.498969176602351183e-01
6.142231255402794826e-02,3.963839917473817587e-01,4.804741566573461631e-01,4.330310782761127575e-01,7.483202811824347933e-02,9.647072369227500943e-02,4.957065425847598239e-01,3.520148988516932920e-01,1.279926488044264565e-01,-4.606882294123178928e-02,-3.091726998148603897e-02,-2.725645315917993861e-01,1.038744158211419855e-01,-3.673020958538076863e-01,9.553496646338516252e-02,8.150782075366329316e-02,-6.412421752839086997e-02,-4.882990356046391645e-01,-4.544744921324633258e-01,-3.277447080043602301e-01,6.528809973921670395e-02,4.645554574554771471e-02,-2.193206293955279607e-01,1.608635467807172925e-01,-2.578072199107604434e-01,5.449075248187239262e-02,-1.634449377684437932e-01,1.141613360186672504e-01,3.856090797697256933e-01,3.658996806374929522e-01,1.411524526739716678e-01,1.669436384557981823e-01,-1.239328408430870471e-01,3.195425344982715243e-01,4.535850685018741890e-01,-1.783001503220490724e-01,7.754891451852882756e-02,-4.429007466193655984e-02,4.529416673713090868e-02,1.503390624075388871e-01,1.394433261203689711e-02,9.045699062596226914e-02,5.636493595554716851e-01,9.991331962656360699e-02,2.626876410605460954e-01,9.304132307291383686e-02,2.726340396833634716e-01,1.874891154954529959e-01,2.360764688276765499e-01,2.870243835103236663e-01,1.187640343620533778e-01,4.321950139750459496e-01,1.243754838608231300e-01,-5.437140238944038195e-02,2.761352291444364379e-02,1.743628737091367786e-01,1.772501489752900117e-01,-2.299702101682618571e-02,1.073491818696280797e-01,1.426292278725162788e-01
1.633779748135311682e-01,4.640798671974554201e-01,2.714474476681548801e-02,-4.900695788972343064e-02,2.232804747123553479e-01,-6.978039478479550195e-02,-7.848551955927543511e-02,2.375090873213452913e-01,2.890805568703681550e-01,9.506522109594428560e-02,-2.152624371575587864e-02,-8.450416921382411517e-02,1.729070802574031451e-02,-2.517390102070758973e-01,3.718047695976788025e-02,-1.276273114625758598e-01,5.175950378168488186e-02,-4.399640141441607533e-02,1.489935808035986464e-01,1.270404698431271406e-01,-9.736085638257915842e-02,7.084941001386887982e-02,1.084341720309827707e-02,3.372555510064870893e-02,1.174881376547664696e-01,3.625893775467040059e-01,-2.112899748586296589e-01,2.392324304328143428e-02,2.456621998157520470e-01,-2.432152908905779454e-01,-1.052783462713590204e-02,-1.354877282760548127e-02,-2.310158384711566981e-01,1.993720498014165121e-01,1.851637520953500204e-01,-1.433917434095586807e-01,1.486522099615771586e-01,-2.528037039555361409e-01,-7.214269137633647078e-02,2.943226515740223204e-01,-5.551044532621026567e-02,3.938744464318578165e-01,1.128196535567817377e-01,1.013816621281986297e-01,-1.415709373289879003e-01,4.792487990703758055e-02,6.251222580395994211e-01,2.429217721013998688e-02,3.080438330736013364e-01,5.828889112941238251e-03,5.393288762450021423e-01,3.699686803791376599e-01,-8.142612439194620369e-03,-1.960009531502215853e-04,-3.842706815706515427e-02,-7.594831448325617407e-02,1.391406465306973816e-01,2.083862046143119540e-01,-4.864073305299572436e-02,1.043701114542320008e-01
2.660416065977723732e-01,2.843607251401012448e-01,1.283536429409726787e-01,6.740616371174103227e-02,1.023051828270447466e-01,2.920758997057933820e-02,3.902540972022850996e-01,2.141265372031103398e-01,1.761022338522419128e-01,-4.623258805236660912e-02,-7.030951470398884018e-01,2.532721048094465077e-01,-5.141688934210588563e-02,5.946055070564131018e-02,2.408721664227099768e-01,-1.960548220375457791e-03,2.711517192721689673e-01,-4.524814440973318197e-02,7.952911605353546465e-02,5.422867567586170390e-02,2.876616246229467544e-01,2.383683361939509943e-02,-1.020823547105476348e-01,1.141091131750188170e-02,1.833577202536025297e-01,-1.185573037210584102e-01,1.891009751328791635e-02,2.120742895506845527e-01,1.914421751994437038e-01,4.644480132608115597e-02,3.854776876688055520e-02,-1.424678946870505392e-01,1.174533453559640367e-01,-6.481591657342065937e-02,1.633113110379558752e-01,3.470786612138194727e-01,3.664707424507927525e-01,9.519004645392031838e-02,1.524665020669822568e-01,-1.007637550571498924e-01,8.681994300001946718e-02,5.275641527334932190e-01,-1.903223487524166035e-01,2.979746507511615294e-01,-1.583278993665386825e-01,-2.169260409454724370e-01,3.524240683343175806e-02,6.437064355590293996e-01,2.845876464409781703e-01,4.247161227713915355e-01,-1.007290661780021745e-01,2.276638210788737848e-01,2.611452790483546060e-01,1.935511573787934703e-01,1.984276758315349221e-01,3.091518252553084323e-01,1.832926498250259661e-01,2.063739253001877771e-01,3.114995271246465136e-01,-9.973056906131458343e-02
-1.111978291635365712e-01,3.450776118583691043e-01,4.193865062032407498e-01,4.373764828090414558e-01,-1.949708749914971229e-01,-1.475054541171799960e-01,-8.770939369918495307e-03,7.541030983917222652e-02,1.037565845474053006e-01,-1.499708608550001133e-02,-7.137030293808532821e-02,-1.488490098992861221e-01,-5.395816496260767703e-02,-1.499239456881435173e-01,-1.185017085898827371e-01,1.367180295693477474e-02,9.639597615096394401e-02,-2.345205186598569025e-01,1.902093492268214503e-01,6.639488079044330790e-03,-8.513514970174232421e-02,4.001924582961730037e-01,2.224252633485071518e-01,1.725543273104214737e-01,5.793529044385131721e-02,1.245400735286044808e-01,1.507533044816221357e-01,7.074690297178361231e-02,2.139067538330761964e-01,2.480747728001422292e-01,-4.589053138572535273e-02,1.887472434490697348e-02,1.158035827563266285e-01,-1.233662931209548140e-02,-1.958178716738722125e-01,2.285421301456908583e-01,2.346314254476828121e-01,1.089212186725983383e-01,1.078768804565063133e-01,2.747268201341465654e-01,2.073999140481022074e-01,6.278819007212645131e-02,-1.401477563641054525e-01,2.598795056140573156e-01,4.027285408164675284e-01,2.261027604404060865e-01,-1.738357807644160674e-02,-1.168909622336530285e-01,-1.757542594027072247e-01,1.932341725364001561e-01,7.208754049088493543e-02,3.639218160014930925e-01,7.180909185406313122e-02,-1.652731305872635892e-02,4.066112076924612850e-01,3.136066482146808443e-02,1.421168567390426740e-01,1.303500361749488634e-01,1.165326589621626663e-01,2.336206353451399098e-01
3.028687328938149403e-01,-3.093088244187858432e-04,-1.423321691544480183e-01,-1.501436051908905389e-02,2.729080429806028940e-01,-2.942435211631279079e-01,-3.680594786086462122e-02,-1.961122608529291544e-01,1.966636169746874274e-01,3.747247246350520755e-01,-3.689833464954733744e-01,3.671512753605472856e-02,-5.610270920195242761e-02,-1.342751513303187261e-01,-1.886385374413289406e-01,4.105671231467238058e-02,-2.848820611388637181e-01,1.225046525939668118e-01,6.582093452631114505e-02,2.446085162945336733e-01,-1.256761254657914884e-01,-2.753357660645837021e-02,1.560491929451502877e-02,-1.098666385190857769e-01,-1.341402087887905992e-01,9.631494850049718282e-02,-3.800950245407913597e-02,1.920441726484942713e-01,1.371908941559457362e-01,3.267741417894547418e-01,-2.087609297080126880e-01,1.563888391839183267e-01,-1.481906832693822007e-01,7.483028224174700926e-02,2.379482593882167318e-01,6.594452503289013889e-02,-1.154874498855535253e-01,1.995270373289537991e-01,3.998691837329537146e-01,1.298545258089286170e-01,1.442555078743415486e-01,2.642961774912414574e-01,3.071231177480849839e-01,5.993137315504222518e-02,3.180944675112011844e-01,3.276720044970014567e-01,2.302802333400977286e-02,1.477731305745650092e-01,-8.521303328540828781e-02,2.013618098865215256e-01,-7.768340754589556085e-02,-4.295894587510068474e-02,1.352606422675508846e-01,1.917816017264271644e-01,-5.124262957123124768e-02,2.406700586616963844e-01,1.729611522981993887e-01,-8.266824792621116358e-02,1.870593642297470605e-01,2.431269543277159717e-01
-5.479597348664783096e-02,-7.724385140730778698e-02,-2.114094092769571165e-01,-1.127198334252156597e-01,-2.799883318016828659e-01,-4.099404109688179476e-01,-2.124523873662236828e-01,1.201058953476630692e-01,-1.363664892320276822e-01,-3.536907579249231048e-01,1.041184710326058804e-01,4.060120044892250729e-02,-1.027213919350523641e-01,-2.747758495158142411e-01,-4.007047423824050200e-03,5.104518891506236444e-02,1.116538175327845550e-01,2.514062191867046936e-01,-1.286397815167139623e-03,2.394927114734494711e-01,4.958172925662194391e-02,7.520515145986414463e-02,2.227955494193898378e-01,-4.210841604000432892e-02,7.757667131773984814e-02,4.672574018942858565e-02,1.795470976854406930e-01,8.745093327315356033e-03,-8.037620106461659808e-02,3.744494128839237490e-01,3.303979544076023345e-01,3.874999571164240431e-01,1.372184551263564700e-01,3.595267693132206954e-01,-1.596015640530365487e-02,2.878008201580068981e-01,4.728871931093533432e-01,1.271690531647567401e-01,5.161749141941773811e-01,9.361020710186779281e-02,3.019126329207946768e-01,4.243743769311916769e-01,7.493807987080450261e-02,4.434437290890152344e-02,-7.201960412998609229e-02,2.193840009188635087e-01,-6.237502275178188199e-02,-8.222564662650584666e-02,-1.796682868519954290e-01,-3.500077064752293160e-02,1.101492186488322311e-01,-1.377873100548551999e-01,2.234301499114557110e-01,2.590265748217411845e-01,1.307363204349726582e-01,-7.330021616154444586e-02,3.570213248257708694e-01,-2.066057386225206849e-01,1.040879821560981161e-01,-3.897042424284247186e-02
-1.561319780449017536e-01,-1.104684092826229563e-01,9.067205949277599986e-02,-3.541086656037407687e-01,2.058693256325189735e-01,-9.487710691423777154e-02,3.157603488871851133e-02,-5.201559876532400872e-02,-1.768507434045628601e-01,-2.745869484455366605e-01,-3.014513599325979731e-01,1.671190068929679640e-01,-2.191692010427840481e-02,-1.506010687189184849e-01,-1.705382632641510854e-01,-1.823221999976695762e-01,-4.363958433798728609e-02,-4.450481590170017598e-02,3.108077907628342684e-01,8.371004604338168342e-02,1.433202116081982447e-01,2.054422723117599325e-01,-2.243767948065031881e-01,4.083333262273840247e-02,7.812712428965372380e-02,1.632070413243799922e-01,-3.109596215193154434e-01,-1.160349986457795551e-01,-1.739694428755046984e-01,3.556948159375063895e-02,-3.944446982009484071e-01,-2.358221370390651273e-01,3.564143986205202397e-02,-5.661433187262828598e-02,-7.513095863326897661e-02,-6.745116210488286135e-02,1.007116010250346319e-02,-7.901236726666184540e-02,1.017521867692123827e-01,1.297476102636327400e-01,-1.404655487758675325e-01,2.816535321624555888e-01,3.089839952718209659e-01,2.656660815978064555e-02,-5.759515276602666933e-02,-1.689874108882098019e-02,3.267617862440975740e-01,1.606342450340571965e-02,5.761413979088096660e-02,1.003503606212436672e-01,1.574179776098626193e-01,9.908893636638138602e-02,2.481435900663423177e-01,4.927927050270223264e-01,3.302787593392189081e-01,1.027336465826445833e-01,1.873109594198381911e-01,-1.478723721529234536e-01,-1.104680874840773680e-01,-9.905244240508488673e-02
2.119903620309320780e-01,-6.634077066811164269e-02,-1.018872335048758571e-01,-2.899731758845845442e-01,-8.370006441097870009e-02,-3.649641360887531660e-01,2.328262988295927427e-01,5.669419402080443093e-02,-3.836114542156363744e-02,-6.012545728893532726e-02,-4.432051136028062333e-01,1.971277942379817405e-01,-6.900709311246866484e-03,3.712797900633525994e-01,1.426334740916238020e-01,-8.623310894619946876e-02,-1.365001019355382150e-01,-9.347172860764949021e-02,9.809767923846499094e-02,-1.793753108740733793e-01,1.720437391991376797e-01,-1.993296966793634828e-01,4.399855233758445117e-01,8.728819967881845665e-02,2.685983381320658503e-01,-6.248209988591067743e-02,1.956357833438124860e-01,-2.330684273166557241e-01,-1.142314532524570520e-01,2.512736817135065026e-01,1.410424652125736311e-01,-3.091768690189216143e-02,-6.308221981466491379e-02,-1.569053995766766796e-01,3.200291087783466160e-01,3.267557524876988362e-01,2.404332322299625457e-01,-5.332464417773130627e-02,2.303566293906381401e-01,-5.434454782115272220e-02,2.861911560874375593e-01,1.342149271255963505e-01,3.000736900238145100e-01,1.936879631917815536e-01,1.662522610998324046e-01,1.478439022721433349e-01,1.006068931512533321e-01,3.650028704544799885e-01,1.913552753329166856e-01,3.010074656121431921e-02,-1.547842188359252989e-02,5.737055291941658419e-01,-1.467428142342681596e-01,2.103643429124761322e-01,2.341731875559124043e-01,9.862986385697318503e-02,-1.061367142887536252e-01,2.744078928577755039e-01,1.834146438365231169e-01,2.342300953765945049e-01
-6.450092820946060068e-02,-2.538960269365872491e-01,7.782295296829892794e-02,-2.464616991110143984e-01,-2.005557134315015533e-01,-7.941404945216870570e-02,-1.977334676566977478e-01,1.777188581432319059e-01,-1.624627959851201175e-01,-3.644853012318232111e-01,-1.905584850671777075e-01,-3.633416904207028564e-01,4.305718603335433048e-02,-2.962228508810641620e-02,2.258248692547496772e-01,5.306347534269380967e-02,9.368480719389030154e-02,1.597323794208993231e-01,-6.311206698027879702e-02,-7.075704891217687864e-02,2.455578959213411960e-01,6.728822004567862336e-02,1.193652524131699477e-01,-8.015590240095696317e-02,-1.600842154049941790e-01,1.109410913679213656e-01,-3.145371415814702809e-01,8.305413002190650817e-02,6.844616446375192953e-02,-7.112968994144371060e-02,-1.485240508052968755e-01,3.224833629647296807e-01,-6.837769297226639620e-02,-2.630732262738511018e-01,4.184844578693674988e-01,6.278775250624160642e-02,3.797323524642827186e-01,-6.814391782815690246e-02,7.897422229557779505e-02,-2.506831134676313841e-02,-5.761791154781803308e-03,-2.553483837019441746e-02,1.690755137424275190e-01,1.349857374678948285e-01,4.510522629057348021e-02,1.404302863368936671e-01,2.685762843571518621e-01,1.599344129497981548e-01,2.730150175269284718e-01,6.657982578706239662e-02,-6.367384712802229285e-02,-2.055395154977022326e-02,2.848701500422471389e-01,1.407722743836841151e-01,3.252322626661144911e-01,4.834004853311060224e-01,3.570384679536307143e-02,1.562991127309350248e-01,2.074234485300575359e-01,4.731973144912828694e-02
-1.102352746241239412e-01,-1.706584610256697832e-01,-2.439432576660024166e-01,-4.026510202023159124e-01,-1.417053347821580767e-01,1.389694513206793901e-02,-1.658256375203076838e-01,-2.459002479705666711e-01,-1.997736118651546877e-01,-6.577130903395897454e-02,6.340908426620409100e-02,-7.154045687962687361e-02,-1.562523890776384705e-01,-3.026492780194711685e-02,-1.041903390778917970e-01,-4.030459995683776109e-01,2.382282743596198515e-01,1.147313484564384395e-01,8.119835716693435401e-02,2.724780197589677377e-01,3.685212163094653270e-01,-1.943294611068299704e-01,2.190307001448338897e-01,1.436182933517385352e-01,-9.762849302684620256e-02,4.650320178403422600e-01,2.209802501873949290e-02,2.312148090429046454e-01,3.826668530803102874e-01,-4.256115896859540698e-02,2.660779191567236301e-02,-2.600072860059282065e-01,2.359025612441510711e-01,2.319830796928695760e-02,1.397005609887846389e-01,4.240010245767772412e-02,1.446227809797364094e-01,-1.265833709802229590e-01,4.962138310295818172e-02,9.986324339647573156e-02,-8.986804199734768628e-02,-1.741918990960800717e-01,2.907938967585277368e-02,2.840370755954934601e-01,-5.230933596386239115e-02,-5.289233648804764210e-02,-1.455897753290012475e-01,2.094967680011379230e-01,2.546612827358923359e-01,1.562714658836495962e-01,-1.241294782340169808e-02,1.774018491289231503e-01,1.157411827330158127e-01,-2.266052755243584682e-01,4.465538761705000748e-01,4.996706959310054375e-01,1.574831807330156486e-01,-1.437074876200455653e-01,-1.422384467992625079e-01,1.012894555032282061e-02
-1.633215210370462245e-01,-3.729522863983573133e-01,1.133540115763241179e-01,-1.135453755045448404e-01,-2.480360856878673914e-01,6.175728486672873302e-02,1.624619174681003475e-01,-1.965561728495913152e-01,-7.075085255688218049e-03,-1.213936164463214895e-01,-1.030833138989277475e-01,1.504336570362670988e-01,5.251720006868441926e-02,-3.789758233290927564e-02,1.338483896422473785e-01,2.919043129088022548e-01,1.942349557432555274e-01,1.590678078469955903e-01,1.877707256476644077e-02,-1.105959429913236092e-01,2.448244588705360270e-01,-1.249962296800973122e-01,-1.285337869880542605e-01,3.759891916967559311e-01,2.380942852549333133e-01,1.808530502689995323e-01,2.104901478366685286e-01,-4.109752286000008248e-02,3.092176198430020007e-01,9.405521955233149545e-02,1.358790336473439664e-01,7.407715806740484965e-02,9.146930083788669397e-02,4.537137373708777580e-03,1.684495774047714556e-01,-2.152556674195027497e-02,-1.427428461006601812e-01,-2.839433702461850381e-02,-1.271392973608628796e-01,1.505296360814713241e-01,2.221718695983371517e-01,-3.155755370673284377e-01,2.745192530321143298e-01,2.276020909772938638e-01,3.102346975502817683e-01,4.763211545248650924e-02,7.420749272820702236e-02,3.871978993007117037e-02,1.464657453221664130e-01,2.068148957817470546e-01,2.498487271799879339e-01,1.868185512180471908e-01,-1.351863183364688734e-02,4.247915872746103882e-02,2.542532873690885320e-01,2.900065766762844333e-01,-1.767168941661829279e-02,-9.196292270698067095e-02,-1.638569099732752610e-01,2.808222853008501829e-01
8.311461929263204429e-02,-4.226051955724382525e-01,-3.953336118623968498e-01,-1.387739964962391229e-02,-2.042442995481582105e-02,1.045755312532358483e-01,5.406426965994446526e-02,3.910197344767440963e-02,-8.969544656540050231e-02,3.858516067224430218e-02,-1.157029815662437289e-01,-9.971112555142414013e-02,1.052135689017720255e-01,2.870064413452328433e-01,-6.700316385587305745e-02,-3.323357110449293161e-02,-1.113125649766539826e-01,-1.212476756398395555e-01,-2.904439560624857281e-02,-5.371699121460197374e-02,5.556997943694021863e-02,3.329299696339543813e-01,-3.925691757679920096e-02,1.129332241301844730e-01,-6.907985510973380094e-02,1.702030057120699769e-01,1.519806335567038535e-01,1.138821675075070150e-01,-2.135922370377786039e-01,-1.816174392899351231e-01,2.396178711841263631e-01,-1.629327827287111174e-01,-9.478511463155174510e-02,-1.480876741746099401e-01,1.543225008848105040e-01,6.204475281175873130e-02,3.068999955483895370e-01,4.013980962440862749e-02,1.239528520933553118e-01,1.129295664049284192e-01,-3.853607756858409145e-02,1.599074144242570161e-01,3.589263828602388684e-01,-1.498156293409509399e-01,1.258453500367953670e-01,-2.839516398070061065e-01,-3.564973970660299113e-02,1.530422668475363290e-01,1.636377582653727458e-01,1.446397899893173654e-02,2.418118956653486362e-01,1.742713350957875162e-02,-1.208457940039953625e-02,1.250692526546168248e-01,-1.514256952834259207e-01,-1.360404968011629800e-01,3.152112474618322668e-01,6.455331931563892955e-02,5.273874908504946335e-01,2.495219357613469580e-01
-1.837450844354834301e-01,-5.242500104168841268e-01,-1.352706490667032468e-01,-1.022863958330644252e-01,-1.937292914014603767e-02,-2.635921772516394701e-01,3.217235750828567609e-02,-2.048369646847275072e-01,1.894397491152893520e-01,9.029079227899040883e-02,1.509621126418269621e-01,1.154365493295751860e-01,-4.998037204658203198e-02,3.349297291653177688e-02,1.766275685883674229e-01,3.538072842218151909e-02,2.482730916523860909e-01,-2.970784633108837780e-01,1.240898953928170484e-01,-2.363440619318690761e-01,2.718421355078940449e-01,8.054884057568970079e-02,-1.239654962699939383e-01,2.363214609176963847e-03,-1.694134906674188978e-01,6.343835059021291078e-02,3.227363124565926222e-01,-5.932631122019338399e-02,1.313678927372021188e-01,-6.875598662433259067e-02,-8.411684350709039415e-02,2.535036272764840115e-01,5.063252582467257096e-02,-4.042898869295621228e-02,-4.014813510907395966e-02,-2.690623231285272365e-01,-1.977002555237577786e-01,1.749054066178868383e-01,-1.099761911797227931e-01,-1.562029368912854488e-01,1.324462022740979794e-02,1.627514879118216462e-01,-2.001257353724803512e-01,2.166706186905130171e-01,1.221802015451830259e-01,6.873477895061340659e-01,5.805313100551656724e-02,1.097384225085328985e-01,6.594114585797597461e-02,1.364736186450507816e-01,-3.804740151755096056e-01,6.736954418015972390e-03,3.842267415123012952e-01,-2.841310873811211946e-02,4.427112480427680130e-01,-7.952593360483695140e-02,2.719235284973217093e-01,-1.388061230543320354e-02,-9.912885941410889967e-02,1.433473860321449744e-01
4.574080832713582623e-02,3.719995697049412881e-02,2.271636637685597315e-01,2.212822670228744570e-01,-1.601974638083631386e-01,1.893376373529024603e-01,8.085876082648585372e-02,-4.754705028237206366e-02,-9.882474980622271699e-02,-1.621196547218104606e-02,-9.504580227086349697e-02,1.859979958636430730e-01,-6.255368370202647743e-02,-3.769131433760740113e-01,1.312634405079782240e-01,1.900449535199894291e-01,-6.853494910233215096e-03,2.630578742735366626e-01,1.486541668286684992e-01,8.795903675294555746e-02,4.395082291928584933e-02,1.243832258059287127e-01,9.001542978462957756e-02,3.045658921476116499e-01,2.947783168293076697e-02,1.372355272694197326e-01,2.922676646505037446e-01,2.207039992490625602e-01,2.084805446112846308e-02,7.699276127523679847e-02,7.641279545047688360e-02,5.307802932449136313e-02,1.411796337672721613e-01,1.070897372031212325e-01,-1.588949068859076275e-01,4.579157670785458795e-02,-2.156604931694940386e-01,1.995387460326699114e-01,1.578785312223460191e-01,8.719701876598258405e-02,1.975967746030037608e-01,4.929372724267665207e-02,2.632129336964936228e-01,3.398774522553798527e-01,-2.098588373864039222e-02,2.203107057405338520e-01,-6.674436431098125511e-02,2.610793274008059717e-01,4.604967749949148148e-01,2.162169670766947438e-01,1.540543277789179766e-01,3.126433806250272229e-01,8.251999363631046247e-02,-1.299300995496967537e-01,-4.551717005812370292e-02,6.486771204017419135e-02,1.429186914604699543e-01,2.797993348809154623e-01,-3.079266661261899074e-01,1.320555800801875568e-01
-3.900495111109864715e-02,-1.187603777668112953e-01,6.719854416843659695e-02,4.864419731942084546e-01,2.132409764823892107e-01,-8.326039654091331454e-02,-3.295697609127266892e-02,2.079483265566955674e-01,2.502199943503780055e-02,3.148466141700631549e-02,-1.380110209744482286e-01,2.024459601673396780e-01,1.468971079337740848e-01,-1.210832922692968786e-02,-3.913230431963499178e-02,3.248671768555644324e-02,-1.742986805477201584e-01,8.250502937954376503e-02,1.818032302138255021e-02,-5.047807708777830860e-02,3.612041690004693661e-01,3.345519327710068658e-01,1.204670065660963935e-01,1.542658348771471233e-01,2.842313820353762899e-01,1.437792815177184880e-01,5.483351809723131451e-03,-3.951516725382359096e-02,8.810568802604412664e-02,2.270668103171560315e-01,2.407367884495247856e-01,2.073344666847127260e-01,-9.942817545384528832e-02,-3.111021382702027632e-02,3.493958355207175126e-01,1.196347507398856091e-01,7.020967021351831247e-03,6.422005500388157373e-02,4.045197499120591761e-02,-1.393010199734422971e-01,3.406242552031134574e-01,7.229509262779851286e-02,3.823027013500487348e-01,2.095745826696411851e-01,5.244337357828463692e-02,7.490472443958687276e-02,-8.675682322107350353e-02,-3.615336355555206355e-02,9.456642061854017567e-02,3.265011841460271347e-01,3.730608737059524366e-02,-3.181346713861672726e-02,-2.931846083996029750e-01,1.915734371083166188e-01,3.477068492406041322e-01,-1.633129131653431876e-01,-6.814644354535977222e-02,6.236732471616087542e-02,2.493931524341690478e-02,-4.641204731109575127e-02
-1.217305808154374447e-01,-3.154815538398043073e-01,1.024975100073377970e-01,-4.066681466485819879e-02,1.372644462855584779e-01,4.748895268050554175e-01,3.380691497162048864e-01,-1.031698126029207963e-01,-1.504729991083091356e-01,2.645632700205783477e-02,-1.979811823113523939e-01,8.387647528907384020e-02,1.923434065896169332e-01,1.656892684235515834e-01,-2.954200777651802001e-01,2.022980429050603157e-01,2.632804453457909810e-01,4.187826670888495362e-01,7.393463153448358305e-02,-7.698688519957234966e-02,-2.089264027903938725e-01,-1.947394042048474494e-01,5.771867455382843209e-02,2.475279403653797838e-01,3.791310572119772626e-01,2.668729519209949164e-01,1.514491676254120789e-01,8.043684213874972150e-03,4.137382383927296070e-01,3.888716441053583633e-02,6.240070228299956362e-02,-1.125730340263098039e-01,-8.591935199862359152e-02,-1.582637735203315243e-01,-3.023248845671107632e-01,2.152045923834489116e-01,-6.946169223584158434e-03,1.179590387346247660e-01,1.072634460548850949e-01,-3.125157279686774370e-01,1.759031091102037855e-02,-3.074425176856916339e-02,1.642000679017898562e-02,-1.834649760024112675e-01,2.141425015159528211e-01,-2.888576635715018881e-01,-1.266908600503650062e-01,5.226602473288950446e-01,4.585303861460442998e-01,5.478629351479979981e-02,2.410283402968489419e-01,-1.081902810013789240e-01,2.077009687596509946e-01,9.293610656567134753e-02,2.778759339057810807e-01,3.102348334153516227e-02,3.230880412845399396e-01,-2.087274641348181581e-01,-4.651989188981743573e-02,2.530379851937605840e-01
1.838535990102274989e-02,-1.181039514668804219e-01,1.502312781324905977e-01,7.143437500220919945e-02,-4.363964088299815414e-02,2.381163493429642453e-01,-2.681034916115427880e-01,-3.115169077607460313e-01,-7.372776985196653754e-02,3.320367142270966299e-01,3.288393986502305411e-01,2.146346137033043056e-01,3.173604432278733789e-01,-2.841660287101910876e-01,1.725425868904308657e-01,-1.230331082237854333e-02,1.659222917417938203e-01,-1.755786835194670381e-01,-1.975111562859369896e-01,3.038833619986529566e-01,8.577235703314174675e-02,-2.112649735683334862e-01,3.634253143615315262e-01,2.789158117915732094e-01,3.309753123410328901e-01,4.233770069083644255e-02,2.306334325000456431e-01,-2.494902992065697878e-01,2.563377904513081118e-01,2.172944006403076389e-01,1.380974424129062170e-02,1.072720086998427413e-01,-2.829913021186433730e-02,1.478357536482572121e-01,-1.120273229392990955e-01,-2.099362837469251342e-01,3.382489963003610517e-02,2.386948089805574769e-01,2.453904312765550766e-01,2.365223450472456468e-01,-1.269487392065491993e-01,-5.651127187254023632e-03,-2.282875799967776231e-03,-2.960082003770693124e-02,-2.612997018249481052e-01,3.693439610074369245e-02,-2.692174077795803644e-01,1.480986611654473706e-01,-1.485316335593666326e-01,5.519094902786292334e-02,2.020893285046705401e-01,1.582040652184900920e-01,4.240051674650411329e-01,5.158246937621939476e-02,2.664908816175119988e-01,1.549927424939280263e-01,-7.427024291260216071e-02,-1.124100637585637302e-01,2.130860240274938255e-01,-2.695635467851668216e-02
4.404527715531519547e-03,1.411902585380236108e-01,2.240324428104086274e-01,4.727517477156405468e-01,1.885362445086682937e-01,8.104970201777511596e-02,4.462995896196444434e-01,1.569733065942520711e-01,-1.982720955365628590e-01,1.307763966643023246e-01,4.222189447999520617e-03,2.506385224034585191e-01,1.000263863605508757e-01,9.166717723625113223e-02,4.947280870371521810e-02,1.757663813440078493e-01,4.880529253881984997e-02,1.611996345558048271e-01,1.797326088791682541e-01,1.279157079571598410e-01,2.948565768806628018e-01,9.371523430905707996e-02,-1.970071112621610554e-01,-8.548743343545366080e-02,2.176159235404195036e-01,2.588263476472880131e-01,7.709120549187357951e-02,2.803043977410112422e-02,1.629464619416367832e-01,-2.686180879975658131e-01,2.353522233464337976e-01,5.669903739467715281e-02,2.718098001699880695e-01,5.205243433750170734e-01,-1.966959364494604567e-01,8.418971203576448847e-02,5.492308148416785718e-02,1.547120277814127698e-01,8.566282714362383199e-02,1.291565745512580909e-01,3.587619103668897025e-01,-8.583748259276670345e-02,3.726187854738157168e-01,-8.812913621098035499e-02,-3.025479861019395034e-02,1.762979293697991834e-01,-4.319359815730273999e-02,7.415796825134869652e-02,1.714795958471089232e-01,-1.102340266525140694e-01,1.218578549962205937e-01,5.033250851777486545e-01,3.331615862355419289e-01,-2.618840202171280884e-01,2.358174296382829077e-02,3.066499346820125149e-01,9.254621053562199495e-02,-2.127147533834961024e-02,5.431424674154604337e-02,4.209685268464323782e-01
1.164555278929228638e-01,1.194091758523802005e-01,1.826581953223292004e-02,-5.014181053079742878e-02,1.459997729134744626e-01,1.501934232375162215e-01,-2.584861604483612019e-01,2.113822349152211788e-01,-2.111917920398248272e-01,2.563277414195654913e-01,-7.536317038261622359e-02,-1.052433609166085332e-01,-5.999782128663845582e-03,1.095221304145707758e-01,1.747513736321363587e-01,4.932270484254140663e-02,2.100982722197050276e-02,3.616292673142191272e-01,4.214466108004728540e-01,9.136748698218095932e-02,2.232175967777832726e-01,1.564893216563376099e-01,7.849765241872086463e-02,2.947560705549048810e-01,-9.164618800361415407e-02,2.580213428812105358e-01,2.654989121262402163e-02,-1.290400857990195438e-01,2.764471219243479494e-01,7.857858217604844764e-02,1.448013864145937246e-01,3.841488028348439832e-01,-2.199326234590894269e-01,-1.620448105745475554e-03,-1.203605322749357054e-02,8.228081985202120863e-02,-1.430033523587347921e-01,4.730217022116273151e-02,7.022433296606574171e-02,-5.031617454615836676e-02,1.445737033294432483e-01,5.427432869570979201e-02,-1.616634339574559986e-01,1.075505380541083023e-01,-4.285520939217474928e-02,-3.044823384397709470e-02,6.887333351261044900e-02,-1.208498822669214628e-01,1.403978953535376106e-01,-1.262516842311613430e-01,1.809396671156482395e-02,1.478626202368048259e-01,-1.071701746561647683e-01,1.413505259591482709e-04,-2.572562944397279727e-01,-5.609885213066544141e-02,1.814929685354143563e-01,-9.882557436872722867e-02,-1.819374177532224190e-01,-2.299790189820755393e-01
8.353225499889035954e-02,2.689019088785236655e-01,-1.245743057126962039e-01,2.576238619116442280e-02,-1.823254832326071107e-01,-5.941327587966856866e-02,1.233399533133730380e-01,3.225677507489802670e-02,5.416767197033590664e-01,-1.934869761361158666e-02,-1.226579037105968162e-01,1.158127839246162749e-01,9.448927013841443290e-02,8.950311184284112653e-02,-3.889287921354571409e-02,5.007488349580770798e-02,9.343762629855975610e-02,3.379982800546270372e-02,2.976659437570202682e-01,-6.521027573679791245e-02,1.276979418704589087e-01,2.223365585029572489e-01,-1.139056774214267376e-01,2.136194142080973246e-01,7.729101327293302903e-02,1.511076547738006148e-01,2.683692574487996918e-01,4.583082623049234555e-02,9.081594298305324664e-02,-2.808835263438783647e-01,4.484817348688108218e-02,2.149011257160428623e-01,-8.355274316582549099e-02,-2.045587540863278431e-01,-6.788385469847638132e-02,-8.862929338014036151e-02,-1.556136991848282025e-01,2.855175292548411958e-01,1.921511890521742857e-02,-1.122453654170631615e-01,-1.570150730236900549e-01,2.407069670377856296e-01,-1.330087699140353741e-01,-1.172519855416872259e-01,-5.355901387933015723e-04,-3.747258264312667425e-02,2.944082449461830620e-01,9.098670976568841440e-02,4.075012894944267106e-01,3.768504054326337616e-01,-4.126077453544126084e-02,-5.383896960697991119e-02,-1.782557313116917841e-01,9.061233468787119327e-02,7.752489286318997586e-04,1.239780014740700931e-01,-3.221747388475538348e-02,3.101787798920460082e-01,2.529923932346486715e-01,2.190348083351361941e-01
2.417736705097003891e-01,2.230713809254617763e-01,-1.913276392158840267e-01,1.314784925721216857e-01,1.551448064441538766e-01,6.054450203635444033e-02,2.131116386144024377e-01,9.478736838779835971e-02,2.915713093496674624e-01,3.503367323117394933e-02,-1.655565102609048433e-01,-1.094512029359403921e-01,7.988350350343215167e-02,-4.429774156855563194e-01,6.555527903588242999e-02,2.019058393369280446e-01,1.563751236182482629e-01,3.930939470541565117e-01,8.281455339604348875e-02,-5.115793340328107786e-02,-3.404940202441215646e-01,2.265542935622540388e-01,1.132610579065508327e-01,-1.085223048152850894e-01,1.962037618580114440e-01,-1.211117870653120702e-02,1.429864751677099588e-01,4.241179610035307190e-01,2.249028396538224894e-01,-1.123748822601765562e-01,2.993663421702708605e-01,1.871514712011385362e-01,-9.267841656433659092e-02,-1.473814028581389712e-01,-2.469573185605276888e-01,1.770651056069048046e-01,1.858484638517647336e-01,7.096364429809065566e-02,-3.280000519386531282e-02,4.742605036167100996e-02,-1.662008750291624898e-02,2.640751244725170754e-01,-1.110879668824726468e-01,1.967114801487104825e-01,1.151682693552022602e-01,1.690520679854559116e-01,2.604140113861532768e-01,2.374655870688684445e-01,2.609431276397712329e-01,2.293507945489108302e-01,-1.959875733326721381e-02,-4.352273799026976087e-02,-2.568536579244596815e-02,2.649489162469878534e-01,1.369764730623744542e-01,2.729539022076680754e-01,-3.013943146588524830e-02,-1.418734009558891285e-01,2.548257822256321803e-01,2.721035963225666987e-01
-1.308463949250518732e-01,1.140966326451957197e-01,1.229686411996440132e-01,-4.324885566026302752e-02,-1.134148876686213309e-01,2.348283236177501065e-01,1.276522282884736958e-01,9.137319839564614354e-02,-1.030648391797778646e-01,2.376748697102585572e-01,-9.057844544563238565e-02,3.210823565242981736e-01,-1.138017595152832351e-01,-2.908913194085656073e-01,6.840160957546791154e-02,1.126628232675369323e-01,-8.036098011842492117e-02,2.313904400400052519e-01,2.338533149362863883e-01,-2.013721153572936573e-01,9.103740598165041553e-02,2.518083099514574208e-01,4.547448581981013149e-02,-1.395486083279506295e-01,2.763897334106638626e-01,1.682191179048316831e-01,2.242217046418830753e-02,-2.640626070681609816e-01,1.915889626081840047e-01,1.515593896208412006e-01,4.031965023569642620e-02,2.472468987575366928e-01,3.069020190219645672e-02,-2.524110942999883145e-01,-2.147166400760382454e-01,1.824318985904037349e-01,-1.317507341004248156e-01,2.231309866695102284e-01,5.182389474878966451e-02,-4.838817107413516394e-02,2.368476042774715282e-02,7.559523156973410596e-02,2.020038306837931008e-01,1.998452560929666610e-01,2.344823954029002788e-01,2.055441022424779052e-01,-4.805930864339656716e-02,-1.197928891081756486e-01,2.244526840349727048e-01,1.788788099099447582e-02,-1.132575878435071459e-01,-2.676750071297037126e-01,-2.600138299961693988e-01,1.584988133539335653e-01,4.709683044585368239e-01,1.853227968368726941e-01,-1.253626976837227125e-01,1.389954896275901741e-01,2.479688753915189336e-01,-3.610306326595062731e-02
1.236161000874592408e-01,-1.405310475225017286e-01,3.697453456224354396e-01,4.951808718706461609e-02,1.216259733605738608e-01,1.450749097610553595e-01,1.188994151690791201e-01,-8.759152216095775212e-02,-3.992710678043305539e-02,8.205366166335371220e-03,-2.169566311181521101e-01,2.225694913889540716e-01,1.311985386245709262e-01,8.108310386058033281e-02,-2.551367480162217705e-01,-2.315541328891968509e-01,1.137524499983331577e-01,2.043186070086671080e-01,1.637534703128878943e-01,5.627843840906349149e-02,3.402093829580254969e-02,-3.416035321869960364e-03,5.212560682330362460e-02,-1.617094358822788736e-01,-8.959389169001945319e-02,9.677068635715017908e-02,2.853981757334474456e-01,-1.175463280176687608e-01,2.584443112175986434e-01,1.482997703768418384e-04,2.613876440072505636e-01,5.492130417948250937e-02,3.615360495779514349e-01,4.182821614695660106e-02,-2.871774823143521255e-02,-4.359779783673199682e-02,-1.731490647500484592e-01,1.330626648330038853e-01,7.722627832562083128e-02,5.352088625049421511e-01,8.482651034070665119e-02,-1.219470915884985317e-02,-2.488993037011209483e-02,1.960084377114929555e-01,1.317273649704426564e-01,4.226751127363139598e-02,2.416740390189532073e-01,-8.484721362299585401e-02,-3.023793801107531043e-01,2.545497624336417464e-01,7.320739311922938586e-02,7.671262904326743570e-02,2.000553249114271070e-01,3.985932619790111264e-01,2.401401720431544651e-01,1.071571903709846590e-01,-7.414393768707945587e-02,7.834030139699253714e-02,3.482272798613793019e-01,1.175798088183392237e-01
-9.709405114295066586e-02,1.716515743433833785e-01,3.298409221249095635e-01,-7.126947183205362135e-02,3.539263211203574899e-01,-5.759825579787224148e-02,4.363881860304539839e-01,-8.739958101943187674e-02,1.616874477067358484e-01,-6.441684236049226298e-02,1.930134083706708525e-01,-1.564505214139922940e-01,1.768653386327673771e-01,2.007163281026510815e-01,1.426684966300852675e-01,2.772067382991054152e-01,1.175686616496014469e-01,1.712509176878644346e-01,5.595138975702549505e-02,9.474229083350715896e-02,-2.371561063201043373e-01,3.962573153010011118e-01,1.246576909474325368e-01,1.609123678234264387e-02,1.836393386837389397e-01,9.998944786178409760e-03,-1.052342791007716133e-01,8.683739447726861183e-02,-1.904617989420181456e-01,-1.380944877323930786e-01,5.857775140848506812e-01,2.023231867631039016e-01,2.509289127621313620e-01,6.939261468265778277e-02,1.844718968048651986e-01,-3.139879952965918264e-02,1.418962558989331768e-01,2.874081352452875077e-02,2.350875395858096906e-01,1.212206397987361794e-01,5.848074610740100834e-03,-2.023579642878980400e-01,4.613968569813355070e-02,-7.453180691816999048e-02,3.748736397105341400e-02,2.206065211484948829e-01,1.875166635673425064e-01,-2.752699849580941827e-02,2.258721354726518360e-01,2.259751687894128239e-02,-5.595639629568609219e-02,1.751730809707851555e-01,3.822982928349107357e-01,3.560582769641909562e-01,1.756680901571862630e-01,2.166362654578811997e-01,2.759517230917126196e-01,1.802967126487101945e-01,1.407512838880290995e-01,-8.859005894347696253e-03
1.463478384671778598e-01,9.245319436334471785e-02,1.593394362130377273e-01,1.916488391494565111e-02,2.766380679776967444e-01,-2.605758180224689302e-01,-1.457881417323854678e-01,-2.002413492162353204e-01,3.417568105330869854e-01,-7.017886093067531028e-02,-1.209732072182760909e-01,2.709377295406948383e-01,-9.844609866235634610e-02,1.262254873933538468e-01,1.655293443150164800e-01,-6.113505460182533553e-03,9.141571606039404496e-02,7.495150793861107830e-02,-1.102666440122238994e-01,2.260659982289404124e-01,3.385829392931894583e-02,3.011318084209272383e-01,4.089422381069626050e-02,9.443600600599991179e-02,-1.333047009549518103e-01,-7.531314895296495338e-02,2.412621052519915155e-01,-1.978676316922757875e-02,2.441794806173243904e-01,-1.190766607349222211e-01,-4.412689996145968577e-04,-2.343625865894752580e-01,2.138040126557893272e-01,-2.643630974556315794e-01,1.014703996426708464e-02,5.962729754197092225e-02,2.088167295799056578e-01,1.658763605680816933e-01,-1.143392818161303170e-01,4.114655541050555310e-01,2.295490721773102705e-01,8.541289099823465292e-02,1.371655482688720895e-01,-4.906550594424322759e-02,-2.980597437939723759e-01,-4.209104755706435941e-01,3.440190971949711463e-01,6.246536886823631646e-02,1.146701619889811154e-02,1.148562740434132257e-01,-7.459855958431611811e-02,5.753832495801922686e-01,-1.162398907615753013e-01,-3.293223326894274550e-01,1.362272157116527216e-01,-2.294896382933047096e-01,1.670440455828065551e-01,-1.584946899327109929e-02,-2.315682818013070909e-01,-2.264456395296504110e-01
9.173990314113611780e-03,2.634949763870553241e-01,-6.607577846430097435e-02,1.770901230590958275e-01,4.335924700245136765e-01,2.776601439405420105e-02,2.009476006295277950e-01,2.771807756448929072e-01,1.499529230196539054e-01,4.543043222964154859e-01,-1.474617757261306727e-01,6.008354481953638582e-02,1.881368763424208501e-01,1.057892442841769920e-01,4.311670724223765072e-01,3.932973022200386692e-01,1.838628283826314880e-01,-9.270192085708020557e-02,1.461572055304339868e-01,4.791544906416579930e-01,-1.471665097090502639e-01,3.967619824603421663e-01,1.287379497762853875e-01,2.366272544102211994e-01,2.771141501135151453e-01,-2.151197343208669233e-01,-1.053294566406123151e-03,1.598989135547107254e-01,-2.314629222368978501e-01,1.010687771333442786e-01,1.348673485197455224e-01,6.817103125656368695e-04,-4.728658113136305352e-02,1.637386863127424930e-01,-1.052740204784545358e-01,1.442033468919670137e-02,1.060760157272924581e-01,-1.280750516083561386e-01,-8.549883840067930285e-02,-1.019540692784717678e-01,-1.142366156921151149e-01,9.470397643274420033e-03,-2.234227577149517502e-02,3.688333758600513823e-01,-6.824810419337796856e-03,2.504592614634247941e-02,-1.202160486072459955e-01,-6.867282782144898401e-02,-1.803327254083375575e-01,1.813322936663914198e-01,-1.035105001084834359e-01,2.633194884250971701e-01,2.453328611700059947e-01,-2.434575015671818221e-01,-1.398316475686595672e-01,1.521448492759236437e-01,3.033575841698500294e-02,2.538823197867107889e-02,1.912455436063026648e-01,2.594126787258483890e-01
7.700858235237462157e-01,-1.712783100751314597e-02,7.466841991856697225e-02,-4.648355623624454008e-02,3.121068510926955364e-01,3.890016554292020090e-01,2.561676807671209866e-01,-1.199053202705617355e-01,1.422594269021988100e-01,4.658336210447070469e-01,3.013041240296924217e-01,1.561426387124826565e-01,-7.029635000468226202e-02,3.998917141234006323e-01,-3.322960976123809362e-01,-3.071032996751660304e-01,1.836374407621662042e-01,3.084512544935230083e-01,2.092067050107742146e-02,-7.627170435950754446e-02,1.706615042606238197e-01,2.210984203153948113e-01,-8.819473181544464080e-02,-1.101536167214401674e-01,-1.896114121843397449e-01,1.175437451773485298e-01,-4.033395955761851989e-03,-3.348236612006151580e-02,-3.256290728773618415e-02,-4.064761550972052773e-02,-1.274329853281633562e-01,4.940979022302129098e-02,1.746855392155293174e-01,6.521415346709590055e-02,-1.872021361525852412e-01,-1.578789097837567657e-01,8.512409335142209765e-02,7.424139176264955842e-02,7.959455689958165603e-02,-1.630937480293591368e-01,-6.855125934048297842e-02,-7.851182494047595495e-02,1.949288291938128526e-01,6.066807957896848402e-02,-7.134229110531940810e-02,2.300238734210470481e-01,3.839683485511454775e-01,-2.621985044799420295e-01,8.640209692884244508e-02,6.774979821288507065e-02,-2.334394240063004111e-01,1.014923108243291211e-01,-8.337559471905217623e-02,1.446808256784103963e-01,1.484128510665335687e-01,1.174097740599500533e-01,2.397921349702464844e-01,3.599217816191711827e-02,1.401956729182226025e-01,1.188096483658870745e-01
3.287724675896358528e-02,3.261549081321378774e-01,2.322819539636514496e-01,-2.214617064107930397e-02,5.640849369383201667e-02,1.167771962545304833e-02,7.531482261625645214e-02,1.368094279317443873e-01,3.834056829132359567e-02,-2.735057335507308229e-01,7.378332665964165704e-02,6.431649759635182928e-02,1.534975771966242686e-01,-2.662937199500242658e-01,1.386229115917577970e-01,4.334066129679668700e-02,2.112700182117985270e-02,2.097900335475701428e-01,9.639911457564312447e-02,3.921813584251813145e-01,-2.401419385979513405e-02,-1.757899809464096297e-01,1.193734259140488723e-04,4.163973150788186778e-02,-3.904474017873156289e-01,8.570673970704098532e-02,-9.960478002581973911e-02,3.732254316908648617e-01,2.764989474121086199e-01,2.411311541033561712e-02,5.042300291094155285e-02,4.896683033357207004e-01,1.627202358994921383e-01,-2.951996481906520378e-02,-3.281474077865158961e-02,-2.130327327592149850e-02,4.110415375408437919e-03,7.955167012790483050e-02,2.122983041440430207e-01,-1.237935947314337398e-01,5.010035956929762696e-02,-1.377882052408901381e-01,2.277857047989891720e-02,-3.105706345409784963e-01,-1.901860835424338814e-01,1.616040183253626139e-01,-8.730980386997967690e-02,3.097804142021640811e-02,1.434665995691384588e-01,2.226748338392755266e-01,-2.156265832149801415e-02,7.346832010067712304e-02,2.548080621021004410e-01,-1.616315523954323929e-01,1.804566513444135212e-01,-9.567367122291385584e-02,-1.576244959845856664e-01,1.336874892983393459e-01,9.255076646839220655e-02,-1.163705928227773412e-03
6.449811568149031726e-02,5.736806931170910367e-02,3.517291123726772328e-01,6.367318746506619997e-02,7.404654031398080760e-02,-5.975515909447726148e-02,2.274406932052681629e-01,8.048710183661947348e-02,5.536604794399446750e-01,-2.993135358802065382e-03,2.661855993653742258e-01,3.088717289882457750e-01,5.867829010509697379e-02,2.156474610161331074e-01,-6.748921447767325561e-03,-2.797638119765576484e-02,1.132370161929268926e-01,1.685049375289251750e-01,-8.954442734289089212e-02,2.146570991923183180e-01,-1.301199034031938206e-01,5.519234512211056154e-02,9.937075743072072698e-02,2.229376776885574896e-01,-4.569996726163207817e-02,-5.773579198386147304e-02,-1.052618567440068154e-01,4.921495488901327098e-02,-3.750078445641619879e-02,-2.170727478540665223e-01,4.979127909038645605e-02,1.206939653199338436e-01,1.939529263604843345e-01,9.479846218714801931e-02,-1.978620060698706856e-02,2.983362878194720236e-01,3.705114520255706201e-02,-1.145437690260064922e-02,2.091496365865689877e-01,2.642596716640359666e-01,-2.095896518152025878e-01,-2.173941919745804238e-02,3.278590702870867735e-02,7.116264069167343997e-02,-8.241689523931280958e-02,-2.686178571344088328e-01,2.157029616670275707e-01,-8.403724878740700954e-02,1.541045342706235943e-01,-1.682076018618699348e-02,1.536557767901503557e-01,3.813066022902891761e-01,4.229968945445343742e-01,-2.334322359739350039e-01,3.544865300234769645e-01,-1.142469349249678190e-01,2.290930722615296955e-01,1.012740618569152318e-01,6.048436122474241949e-02,-4.504673212335628257e-02
5.658643820674220948e-02,2.378735283620351804e-01,-3.946530450144659641e-01,1.046278797202027377e-01,1.255345836754521438e-01,-1.406300299062362424e-01,8.799272925248678712e-02,4.522032199840140404e-02,3.407502229373608749e-02,4.076520559186543741e-02,-5.020764981652701964e-02,1.622484107313993951e-01,-1.326578336628622123e-01,1.954092084370595839e-01,-1.885910577723681758e-02,-1.482370492116736327e-01,2.076552682322894139e-01,1.059687616984511804e-01,2.487415411273525001e-01,2.268140295715732058e-01,1.044546011676763947e-01,-3.785350874118240672e-01,-3.540526685606977253e-01,2.520010598163617208e-02,1.671763525038998111e-01,3.177403217516555078e-01,1.597423515000191974e-01,1.684019079087747117e-01,-2.799153523689239947e-02,-1.294918977378679836e-01,-2.542180332991126335e-01,-1.715864264736006173e-01,1.411480387650074775e-01,-2.952584199096803808e-01,6.987006904864652423e-02,9.403875041394763046e-02,2.036138208315673714e-01,-2.543255391911969365e-03,5.383482482142881373e-03,7.565194254478600777e-02,2.101406497988533018e-01,-1.074320358914519942e-02,-3.108169774600821889e-02,-7.061355995736925961e-02,-9.789982004099077872e-02,3.447542924611556037e-02,1.068106463992675170e-01,1.526179297105451360e-01,1.426855989135955294e-01,2.405727545021518199e-01,-1.075857479046337384e-01,-5.833798453942993373e-02,-3.973109043498635091e-03,-3.850500184328490838e-01,-2.049322626279002080e-01,-1.826307406794926702e-01,-3.194440934871580762e-01,2.293184525583975009e-01,1.092638996369763305e-01,-7.494964916598036153e-02
7.313473403863397782e-02,-2.526905370149859498e-01,-1.509358996620758231e-01,-1.939865078086888128e-01,1.185315882024356310e-01,1.280379255955073625e-01,2.252749670005786409e-01,-6.421879807086893974e-03,1.684273641906709196e-01,5.303972443595454667e-02,-1.981753382178426670e-01,2.851504203478239519e-01,-2.324646752694813773e-02,6.949917920849903175e-02,-7.839106479769845925e-02,1.065373300342021406e-01,-2.790601349258101799e-02,3.092306620459819161e-02,-9.604979667276328237e-02,2.159690278921343742e-01,2.366979899997515707e-02,1.104209875024806664e-01,9.797675166873454078e-02,1.026987278466904019e-01,-6.369494458873534160e-02,-8.128028357766113599e-02,-7.156570363417580349e-02,1.081930107426262444e-01,-6.702435693342410905e-02,3.198892014625781544e-01,4.422654581338411606e-01,3.033804774084234573e-02,1.937735339665862255e-02,8.605419521489021673e-03,1.837220283688277278e-01,3.894108358985322593e-01,8.962540029791044027e-02,2.398532506990726232e-01,9.981812420933391938e-02,1.551553635891541882e-01,-2.394659164999464185e-01,-3.330173870721191975e-01,-8.356494960497998226e-02,3.460774696588836408e-01,8.658082472140100905e-02,-4.871007536049383468e-02,7.799636980862699465e-02,8.073171001570950134e-02,7.697810406799157623e-02,2.205891228103588619e-01,-1.047817734854929739e-01,-3.656456519063831095e-02,5.250963724107779798e-03,1.040891816398564484e-01,1.009577439607626664e-01,-8.704404120141018275e-02,8.619059280306934356e-02,1.355650918731465815e-01,3.124086070510380120e-01,6.431891903310089920e-02
-2.973749661077414452e-01,3.080143034108405800e-02,-2.570651867468386545e-02,1.255007211213083063e-01,8.096803650200226632e-02,2.476202147081145721e-01,1.180729760979247339e-01,-7.525701101871189180e-02,1.099919030078613282e-02,7.673341472072506275e-02,-1.962436261271705562e-01,-1.555796893121212943e-01,4.912004520372311583e-02,-2.139743572570845520e-01,2.382434864580379730e-01,1.177087605605522808e-01,-8.692581427254879312e-02,5.140488643104388355e-01,1.049034889812840987e-01,5.082339067254193488e-02,-1.177885745295151054e-01,3.705137987811300826e-02,8.224609012837971744e-02,-2.459563002169544710e-01,2.287134869155128258e-01,1.460898499094777647e-01,-7.785290824793218711e-02,1.848216212629855693e-01,3.437041219906773470e-01,-1.058289980016259013e-01,4.692889291935788826e-02,-7.313261626038344843e-02,-2.443876748375448799e-02,-4.402649102763171035e-02,5.858793270981448031e-02,-1.966661717502869444e-01,-3.769236148361219951e-02,-2.320594463586888971e-03,-3.384204535156976057e-02,9.511724140719113318e-02,3.288008004433328191e-01,-5.722741027188451429e-02,-1.136513514215777426e-01,-1.757400511733591131e-01,-4.226285362074174157e-01,1.058228363856383442e-01,-8.267286040809455894e-02,-1.470840876330119507e-01,1.997109554969017375e-01,-2.122604368859595803e-01,1.409903506921425520e-01,-1.937682343264202356e-01,1.596859195590110969e-01,2.096022667945728613e-01,8.253571447899168967e-02,2.749122027389733214e-01,2.670154128344173206e-01,1.281007231966647397e-01,-1.855299032012469596e-01,5.348940202891542400e-02
