-6.488265487748869909e-01,-8.397363269246271855e-01,-6.447980063039639997e-01,-8.101429715250718644e-01,-7.794428283418863845e-01,-8.036393630850918735e-01,-7.649839784584021585e-01,-7.876401218929641734e-01,-8.514902843436011892e-01,-8.380955220760363256e-01,-8.438692668337018921e-01,-7.960808056079609063e-01,-8.149511844713035469e-01,-8.080923328273584838e-01,-8.247197806460050407e-01,-8.000338061726794958e-01,-8.116024828398960000e-01,-7.996203038145454078e-01,-8.375125849030879976e-01,-8.187339657145364935e-01,-8.163468885356335303e-01,-8.331699863914565629e-01,-7.840484790257953307e-01,-7.805664066521997846e-01,-7.924680636766379127e-01,-7.878159316877153540e-01,-7.037439498786859371e-01,-6.794843874714910914e-01,-6.521778784606830914e-01,-7.032535867207975189e-01,-6.521091573509644190e-01,-6.416137381003239604e-01,-6.218978009348004043e-01,-6.585334367183273141e-01,-6.091398657158324514e-01,-6.994825093818193285e-01,-5.989415980160626152e-01,-6.078325585052988256e-01,-5.839942043725582232e-01,-6.592483901075717467e-01,-6.737702744297348056e-01,-3.343329662827099757e-01,-5.573824471603631148e-01,-5.881813223809297941e-01,-4.413977668175915747e-01,5.036300311944963415e-03,-2.042857303365686050e-01,-6.961996355337538023e-02,-9.174223333929973356e-02,1.273691241816938234e-02,-1.476357110394623806e-01,-1.647120875046070576e-01,-5.891971515761975503e-02,-1.186634291645469325e-01,-4.010054392975773846e-02,-1.575470849375577576e-01,-2.565719529707730789e-02,2.416415893372947377e-01,3.088611656644987269e-01,-7.361698253957198179e-02
-3.718911314406737056e-01,-6.336670775860036020e-01,-8.484281946448660738e-01,-6.902033141221293189e-01,-5.641558431933515472e-01,-8.426454524702698956e-01,-8.105240053861233473e-01,-8.713559892002793461e-01,-6.270782572726327775e-01,-7.277008072162490793e-01,-7.499885446827396773e-01,-7.093588034881304072e-01,-7.140938015635402980e-01,-7.938243979459203015e-01,-7.750792067788194739e-01,-8.388968955059814547e-01,-7.774479363984281299e-01,-8.219685753911871728e-01,-7.834365504672667901e-01,-8.069592676426795563e-01,-7.463587739702198798e-01,-7.930862779569397558e-01,-8.095875440594518802e-01,-7.632208619571698716e-01,-7.621003218430487669e-01,-6.846798547040334748e-01,-6.451179516998344354e-01,-6.783545343564894026e-01,-6.721814157226084774e-01,-6.305998179695702088e-01,-6.536461452366242320e-01,-6.631272696306316217e-01,-5.944303467658123008e-01,-6.242929154181722229e-01,-5.961739974851025803e-01,-6.525306008109790223e-01,-6.661898047811609658e-01,-6.134641645203225968e-01,-5.447866267970079557e-01,-6.682654922969011313e-01,-5.750356805875711519e-01,-3.970552181819489990e-01,-5.419819670596460748e-01,-2.453809710001177424e-01,-1.512441781419239240e-01,-1.332047996501896925e-01,-1.019833980990466349e-01,-4.350526237931275908e-01,3.376909775592835256e-02,-3.008393259159103938e-01,-1.346790452280889894e-01,-2.661749536139220718e-01,-1.193455173386000767e-01,1.486482418275558437e-01,1.408424470579678900e-01,-1.128516210277238363e-01,5.784222193009593005e-02,-5.028177759395839608e-02,2.633331918487370471e-01,2.409795151185214479e-01
-4.145908035068273101e-01,-4.955751666266148270e-01,-6.226789256625289148e-01,-7.763760585643905143e-01,-8.696351608864576477e-01,-6.183682772419284435e-01,-8.621121054954563601e-01,-6.763942731760530513e-01,-7.717765590074632254e-01,-6.259618135531426208e-01,-6.782695600015689052e-01,-8.518162719212923895e-01,-8.512360605205444575e-01,-8.197008682711505179e-01,-7.899769647932337602e-01,-6.675101602090518504e-01,-7.359301089011124342e-01,-7.871267212249997147e-01,-7.985773592591590697e-01,-7.507240156125372099e-01,-7.376987426962073879e-01,-7.749966457785916196e-01,-7.934130923571869332e-01,-7.915977147116780577e-01,-7.750898958358967139e-01,-7.009682984976371989e-01,-6.915582636454088439e-01,-6.459086963834366202e-01,-6.549583973963412076e-01,-5.762571852720272947e-01,-6.534316396827337670e-01,-6.540328896852228846e-01,-6.317398560656478645e-01,-6.401316741636727814e-01,-6.703241005942852659e-01,-6.290779653522768911e-01,-5.483313689660672674e-01,-5.917173833815784212e-01,-5.549244912738899860e-01,-4.207257881344189099e-01,-5.176921988326047552e-01,-4.654983794443480205e-01,-6.900909436674360631e-01,-4.495690343597243954e-01,-3.150144597282332759e-01,4.321622422434445721e-02,-1.313383971756130197e-01,-1.694839304720312523e-01,-1.587104007919442616e-01,2.360492527454070011e-01,-5.550237356834977070e-02,-3.720571253246724441e-01,5.152257328802019309e-02,1.507377986189493979e-01,2.552235528462463293e-02,3.010691396821208454e-01,-1.798523973508608931e-01,-2.103643785883859557e-02,4.691028936250707382e-02,1.426008628809753431e-01
-1.721208256073487042e-01,-6.717764489773043746e-01,-5.950378980420101271e-01,-6.459438555352235989e-01,-7.322080397052632694e-01,-8.378583334065903276e-01,-8.900164379711034135e-01,-8.620311269020085598e-01,-7.302155271799428693e-01,-6.975517885996203038e-01,-5.906148137286153510e-01,-6.040900633020277466e-01,-6.694715884993513999e-01,-7.266960755251712367e-01,-7.717543847480585750e-01,-6.954515899611387608e-01,-7.583444481132500803e-01,-7.871415873142012520e-01,-8.059219902277579006e-01,-7.320535263775710400e-01,-7.784477441688764099e-01,-7.301163224848675748e-01,-7.098872939108684665e-01,-7.574686433921290485e-01,-6.460790304226402547e-01,-6.379851488778481849e-01,-6.828857758692344904e-01,-6.529616916684437555e-01,-6.311379215442788349e-01,-6.541317372719811507e-01,-6.358862357676615673e-01,-6.105176635300192389e-01,-5.400644128524775267e-01,-5.917230538687713315e-01,-6.404397147038192184e-01,-6.571906536017232403e-01,-6.133641875215131156e-01,-6.673603424184598731e-01,-5.784703694198002344e-01,-4.479426474222863996e-01,-4.900349511237704903e-01,-5.002642895647705368e-01,-3.445121830249900929e-01,-4.865003560643152980e-01,-3.825518620748368237e-01,2.950414323988020948e-01,-5.838602585634468378e-02,-2.005259483750441163e-01,8.965055224349641194e-02,1.085325813547197982e-01,4.058065043052194731e-01,-1.502985903472361384e-01,3.106326388713226416e-01,1.513888580194715575e-02,2.933239102915864427e-01,7.940641744749518671e-02,3.370484908542664693e-02,3.593024907726340058e-03,-8.853615108645246368e-02,-1.551706986997987980e-01
-3.138472048706072437e-01,-4.785322847281710534e-01,-5.852914143159260174e-01,-6.476796572941193597e-01,-6.512525385470108175e-01,-7.045744760494154768e-01,-7.845322931580163139e-01,-8.580168140819541822e-01,-8.915900087832770993e-01,-8.398148488545832402e-01,-7.240582079613305799e-01,-6.839976991351048863e-01,-5.642873818687167420e-01,-6.516142135172112715e-01,-7.810564993815398704e-01,-7.217295144305835297e-01,-5.663823395338624112e-01,-5.762887177675694028e-01,-8.177362716957320421e-01,-7.277406343749176498e-01,-8.154127172073548646e-01,-8.249880894983269153e-01,-7.832592581914743501e-01,-7.499237995285639169e-01,-7.363835545956308737e-01,-7.392882048393867311e-01,-6.798173570652379372e-01,-7.099665160747620218e-01,-6.947708293114753797e-01,-6.208564738855637533e-01,-5.993949794388170327e-01,-5.786792807045249010e-01,-5.813105667288789302e-01,-6.083037212208420863e-01,-5.704907411085338165e-01,-5.877584594710056898e-01,-4.970024634490205484e-01,-5.929292623223715308e-01,-3.759018630191217625e-01,-4.177120156682779251e-01,-4.914566636408601030e-01,-2.660116571341595848e-01,-3.528449945360199180e-01,1.264600603734766879e-03,-3.452942769935754552e-01,-1.793273165235446248e-02,-4.030490565247484003e-02,-3.759055180572370286e-02,-3.083587141783734054e-01,5.226648017887107478e-02,-7.957485694638161133e-02,8.234848554271557985e-02,4.206621940128880688e-01,3.088083170340772954e-01,2.893113202254695565e-02,1.161539472125352884e-01,3.365733392064836904e-01,3.427044318103761311e-01,1.538710076714505104e-01,-9.589961357523650587e-02
-5.087803007621868323e-01,-2.535174990276991558e-01,-4.599703586865636074e-01,-6.166667798414285917e-01,-5.302264318434939394e-01,-6.002640229233738856e-01,-6.630838650795556344e-01,-7.639024533560579977e-01,-8.224415725104687880e-01,-8.623214366910978423e-01,-8.926165226136042463e-01,-8.213505481018099630e-01,-5.835571188108920060e-01,-7.451618708249939660e-01,-5.707370293583244880e-01,-7.124396187814528991e-01,-5.361294149597496395e-01,-7.285446985435355405e-01,-8.218144916455925042e-01,-7.546840268008457864e-01,-7.598862709428553242e-01,-6.211803147059247188e-01,-7.281952782241426503e-01,-7.799640127537268430e-01,-6.237519487714368038e-01,-7.065346361386033447e-01,-6.625877891529603492e-01,-6.256734843941693658e-01,-6.967991101215390559e-01,-6.006112692904663763e-01,-6.123909223865672269e-01,-6.352197370708062563e-01,-6.583675152902979111e-01,-6.573898141559155750e-01,-6.149440081757011622e-01,-6.069607625541835194e-01,-5.406427634037714869e-01,-5.671737185862830710e-01,-5.622145463035792545e-01,-4.044287916128926352e-01,-5.725805608478469200e-01,-1.213688227565153654e-01,-2.230766517492555230e-03,-2.440844710926935723e-01,-4.567953312647028419e-01,-5.843448988638868524e-01,-5.458205925899637379e-01,-1.960815631792811042e-01,-4.629470189867147534e-01,-1.947457188109110726e-01,-3.922440650944812868e-01,-1.077184404303466268e-03,-7.659511699929706652e-02,5.077312810950802557e-01,3.175007821601368851e-01,1.432726404520410779e-01,3.417872370890823186e-01,2.657126844550505851e-01,1.307558575741841478e-01,3.006644492121327006e-01
-1.456425576692340074e-01,-3.883145839602377691e-01,-4.090060557848382849e-01,-5.139735159503897588e-01,-5.030430257175224629e-01,-6.068085530082758527e-01,-6.584027890264876337e-01,-7.184102211404143068e-01,-8.172145932707781668e-01,-7.930622732887331328e-01,-8.343703518708702749e-01,-8.549191908113700222e-01,-7.954503206829796058e-01,-4.898203939960626974e-01,-8.089441844956721805e-01,-8.201854671735511193e-01,-5.317879612327069960e-01,-6.230408247314770387e-01,-6.431798026184928352e-01,-8.147971643293910882e-01,-7.065136570180519104e-01,-7.248923286482403805e-01,-7.777173873005177596e-01,-5.760274951847952352e-01,-7.224476711356755398e-01,-7.184027751178440058e-01,-6.363909150863560349e-01,-5.714545486480786529e-01,-6.414756574129671929e-01,-5.989713573710442329e-01,-6.194353458813595115e-01,-6.211145641156081698e-01,-6.339345156828508632e-01,-6.063873346431799538e-01,-6.713915704655752936e-01,-3.892712951877226324e-01,-6.571795879136919094e-01,-5.908875823985840769e-01,-4.936201125801608081e-01,-2.444846475123858554e-01,4.961931830717544734e-02,-2.348288965540756834e-01,-5.870740730745603875e-01,-1.241600309235065813e-01,1.954972480348973196e-01,-3.776127152296616662e-01,-2.613204406515859390e-01,-2.592130702390262886e-01,-8.770525422752942224e-02,-2.091029295310587073e-03,-4.530734542500036710e-01,-2.488834433667515833e-01,-1.546050206287564455e-01,3.866635228381651301e-01,1.903386945301810407e-01,1.310591103299277027e-01,3.506714669718572486e-01,3.068981609447327119e-01,5.014266167643380845e-01,6.528763234947837502e-01
-1.846646843542535665e-01,-4.348898168088455307e-01,-9.545561392292130354e-02,-5.716995550466321685e-01,-5.278466934328582827e-01,-6.771386025922914165e-01,-6.205798272207825317e-01,-6.441224696214833401e-01,-6.396074965383694577e-01,-7.819317219630613769e-01,-7.597427244710397432e-01,-7.929503466958933711e-01,-8.246703211213775031e-01,-8.487575238072997408e-01,-8.445654575330490133e-01,-8.361978997439776240e-01,-7.558469431909107250e-01,-7.200051138096290604e-01,-7.874880969541765419e-01,-6.946015571718863191e-01,-6.887758438064827127e-01,-5.474628563878725096e-01,-4.698400776500778475e-01,-5.856858289702080445e-01,-7.284420600226461096e-01,-6.578013946337307738e-01,-5.096316056932603811e-01,-6.044189715575499777e-01,-6.491314777322101381e-01,-5.877502523404009027e-01,-6.814600536884957149e-01,-6.178460953284490298e-01,-6.318889370633473668e-01,-5.645189030336069669e-01,-2.254455825276061309e-01,-4.399553282744989025e-01,-3.428354546329529517e-01,-1.593070383313442417e-01,-3.439346458173894727e-01,-3.631626489160631466e-01,-2.301489772854348106e-03,1.839199695136349288e-01,9.971685470776939231e-02,4.351313023389465767e-02,-1.196181128385529480e-01,-3.951650809436735301e-01,-8.115539784795340605e-02,1.571107646416395887e-01,7.917041936197924401e-02,-2.050912320363809105e-01,7.054286987146454746e-02,4.552315399854844208e-02,-2.026909384604795306e-01,-9.282756239486825156e-02,-5.509355149043305977e-02,3.066646162411635346e-01,2.492258006132465620e-01,1.355930038980533159e-01,3.534632575516623576e-01,2.962737932357715764e-01
-1.742720057835528136e-01,2.651808333483791219e-02,-3.053978633239985974e-01,-3.974154198102202717e-01,-5.797458592413702316e-01,-7.240114816368938833e-01,-5.958049713448045903e-01,-6.889303429738348195e-01,-6.677363377479222928e-01,-6.293192879267520690e-01,-7.232954739702885938e-01,-7.113538847798467346e-01,-7.628304535836193390e-01,-7.916029610495363134e-01,-8.043686827103062598e-01,-8.396047798177871391e-01,-8.327385287127638813e-01,-6.668775871735292959e-01,-6.539688238599054015e-01,-4.555251492011718750e-01,-4.604739501140848179e-01,-5.118783827073942749e-01,-5.964426994728585507e-01,-5.064266759036161192e-01,-6.355260041657848635e-01,-6.000830818229510033e-01,-6.681531392989819018e-01,-6.088572739097652953e-01,-5.990975041308449489e-01,-4.898797758858027263e-01,-5.923151279576923667e-01,-5.675269853511463181e-01,-5.812147897877758540e-01,-2.370553964431287852e-01,-8.123098551146459845e-02,-5.822816832552907274e-01,-2.133737676445584541e-01,-4.558165375110739825e-01,-2.402375879156591343e-01,-2.557573656841579113e-01,-1.087110900961326676e-01,6.438874508875059091e-03,6.605027980061651052e-03,-1.888390127914357230e-01,-2.487553580613978410e-01,-1.696396234958853499e-01,-2.655863614070955725e-01,-1.700092059375152842e-01,-2.102197398250871818e-01,2.545320965221326004e-01,3.132723635997485684e-02,1.325767371834177255e-01,-2.130720977744592626e-01,-1.077021868781575104e-01,-5.647356303044624715e-02,-7.666312698816443727e-02,4.440015680857021252e-01,1.740077725534226460e-01,1.590494942504770137e-01,6.029310683802733412e-02
-5.008379775743341394e-02,-2.924550133720024148e-01,-4.421168299231470478e-01,-3.544680437878828805e-01,-5.101303287414520327e-01,-6.938809656924673774e-01,-6.212265112032385739e-01,-7.514813747400626021e-01,-6.234592790256043848e-01,-6.930374885915933092e-01,-7.565608266376373514e-01,-6.738633089461152359e-01,-6.807277595981436891e-01,-7.312089476541100419e-01,-7.421897214087174177e-01,-7.790748502779900608e-01,-7.905283722668001722e-01,-8.010546002412001210e-01,-6.138253881992037364e-01,-6.312664331400823503e-01,-3.512309587869687499e-01,-4.678595141291482240e-01,-7.588566271057101131e-01,-4.714535622357402533e-01,-6.325257365763187201e-01,-6.545162186824302619e-01,-5.266911084276342248e-01,-6.448935634276214968e-01,-5.429177788508046110e-01,-6.655631710700629089e-01,-5.682569553476887192e-01,-5.186907216177691904e-01,-4.426341718755020804e-01,-5.518354416476605184e-01,-5.548406015609576025e-01,-1.890758401974990122e-01,-1.377872651389518144e-01,-9.260814897758593012e-02,2.681201752131274693e-02,-2.829958095221977166e-01,-7.457856519796271511e-02,-2.979602212161920893e-01,-2.078608941370155283e-01,-2.908701198464332810e-02,1.649399735976769810e-02,1.948895603879347016e-02,-1.451464916869465993e-02,1.913409078095190674e-02,2.508713768103930652e-01,2.378913372397327142e-01,8.693953865900530542e-02,5.431506558639591642e-01,-4.458500063316928053e-02,1.897653538032693932e-01,5.339633917512111999e-02,1.193500598042331468e-01,-3.581495417999249198e-01,-4.417746559953524693e-02,-2.598489036329689264e-02,-1.738503271661139549e-01
-2.773697016601542886e-01,-2.485842305877166217e-02,-2.617819720779458459e-01,-5.415694233778203248e-01,-4.850902302698615332e-01,-5.120557717746015980e-01,-4.210955725952861828e-01,-6.481097834705645822e-01,-6.618517204445992785e-01,-6.587921410881778517e-01,-5.941853710819104961e-01,-6.680788550871482601e-01,-6.267825230460906116e-01,-6.645984343993892596e-01,-6.985841527038683108e-01,-7.176703350961886052e-01,-7.231475054332202612e-01,-7.512862560595785499e-01,-7.447405407795203436e-01,-7.561634244919797077e-01,-6.410998190053966983e-01,-5.483703254286496076e-01,-3.556955132289779664e-01,-7.318936331357331904e-01,-6.088190104200353892e-01,-5.699394622391988907e-01,-5.642083239090444069e-01,-6.433478154503537993e-01,-4.938231752711129130e-01,-5.927584594742086876e-01,-5.608545402826625725e-01,-4.606466632250155735e-01,-5.545427615146192313e-01,6.438399145047755956e-02,4.811266620391293353e-02,-1.045154410894255370e-01,3.019792830879245923e-02,-6.004069700424850137e-02,-9.612643992679421878e-02,-3.090361517810190084e-01,-2.100181542724129657e-01,-1.806430806849096959e-01,-1.848468881686519960e-01,-9.060188503363880708e-02,1.013289406504446488e-01,2.477088820315308249e-01,1.075779685492765092e-01,-5.287249875923973746e-02,4.338230739849110451e-01,5.778483457219019126e-01,2.044395096571433590e-01,4.473263875907408371e-01,2.036568496518710858e-01,2.144091662657710839e-01,2.115459441924691097e-01,-1.424427397249109772e-01,2.265293470926471320e-01,-1.528165363967900515e-02,1.829662841436980325e-01,-6.775883876966526387e-02
-3.695752689996605889e-01,-2.644846839312082198e-01,-4.242930684411348741e-02,-3.034260669904151886e-01,-2.628601276015699040e-01,-3.281916388965219755e-01,-5.940334621471763388e-01,-6.085923630961520558e-01,-6.293487159265017672e-01,-6.954518613849700603e-01,-5.573939035934902808e-01,-7.337187398926446891e-01,-5.873137012094299392e-01,-5.901337808750205527e-01,-6.361035739926164112e-01,-6.553183711190460059e-01,-6.743857610372173683e-01,-6.822910275496957277e-01,-6.767756555600038526e-01,-7.036028559765284962e-01,-3.011919008908944817e-01,-6.546349831892306348e-01,-5.911464634678975649e-01,-6.436251454476294986e-01,-6.266044067869919187e-01,-5.774078493692760272e-01,-5.841217103567547531e-01,-6.392045872249216831e-01,-5.218113170823169833e-01,-4.657543751875484750e-01,-4.030745161211116701e-01,-4.467645806635123229e-01,-2.649529868595719706e-01,-3.778732637396575167e-01,-2.298690809129427248e-01,-8.062403956078818823e-02,-8.023192687922539590e-02,-2.074309426911235543e-01,1.493332347079194822e-01,-4.806446617957879086e-01,-3.025814324557625778e-01,-1.447898959415327147e-01,-1.446208314791253835e-01,-5.362543680073543484e-02,-1.836704039033575375e-01,7.765227638966590296e-02,-1.420438933217250121e-01,-1.392728788713156474e-01,2.622110062233851679e-01,1.214139361832002884e-01,3.149942525200664090e-01,2.313182599933386319e-01,3.994793133181519240e-02,4.005996375086711692e-01,3.448511738018187889e-01,1.603050754469852734e-01,3.491904568181662394e-01,4.174473062405711365e-01,-1.950969786683885432e-01,1.045355182584248172e-01
-1.104438922845283333e-01,-4.885420943718560838e-01,-4.456572047475774179e-01,-6.014089234005166595e-01,-5.112524407051138864e-01,-1.412345447960081102e-01,-5.219786939342668797e-01,-5.705214025333205097e-01,-6.687340060743407477e-01,-6.314355972494093416e-01,-6.284114745535861468e-01,-9.203396805075865217e-01,-5.596154291157995342e-01,-5.450264090281942142e-01,-5.747694052979422930e-01,-5.932816096145293594e-01,-6.188797602567629452e-01,-6.229659921036123649e-01,-6.232617383605788541e-01,-6.248682082874303934e-01,-6.213411638903401091e-01,-3.892998496699492383e-01,-6.059965675436485011e-01,-2.186825046518195426e-01,-6.566793843477707338e-01,-6.173697921405064681e-01,-6.356442448801603584e-01,-4.585871627473561141e-01,-6.334719740141412370e-01,-4.564590132944454370e-01,-4.990703209470172541e-01,-2.795495128076136426e-01,-3.980506894850150412e-01,-3.194360578071508416e-01,7.587113930197542100e-02,-7.539164560926080172e-02,-3.187697694206720334e-01,-2.693139100807941944e-01,-3.631817016023131117e-01,-3.899034387973991378e-01,-3.982116794818336691e-01,-3.198184859524549895e-01,1.012327388033992526e-01,2.515883139830800072e-02,3.068970829403750433e-01,-2.833458170306501489e-01,4.226467497732852019e-01,2.676013181960774645e-01,2.815364920188578868e-02,1.121257483740269734e-01,1.280892531366328857e-02,2.687002904322204899e-01,4.178514813316139831e-01,3.437131241119875114e-01,1.673777588177684794e-01,-1.787733359342008523e-03,1.119394376668458035e-01,2.578635593480704813e-01,-1.129779977072350172e-01,1.453802816010271726e-01
-9.933669961047182639e-02,-2.425514914551257506e-01,-1.324393156403655958e-01,-1.622405500132955980e-01,-3.425622508083540074e-01,-4.522795925430830866e-01,-4.648128501904135734e-01,-5.202485178478092331e-01,-5.841784157925550280e-01,-5.196709248733251130e-01,-7.332214703001517231e-01,-4.349751847425912255e-01,-5.468633541572447410e-01,-5.056224205159404184e-01,-5.096709273603408086e-01,-5.348082722702333092e-01,-5.588830328942682169e-01,-5.645904620854953482e-01,-5.789067024812701856e-01,-5.819812877567672738e-01,-5.276219200712144453e-01,-5.527009740047036379e-01,-5.382120790996411941e-01,1.856006067826958539e-01,-4.345835491465694922e-01,-3.660230966372122752e-01,-3.005587122968576552e-01,-4.091948391895849357e-01,-3.529900050497077890e-01,-4.732058392901567490e-01,-4.817245463693715091e-01,-4.371041010490426260e-01,-3.744583528097127911e-01,-1.992393513694982743e-01,3.247561978672584143e-02,-2.383315608838885713e-01,-1.139934225854176003e-01,-1.535102761990417841e-01,-2.220257405296539033e-01,-3.101119504492454437e-01,1.326021424368454549e-01,-1.354093770850166023e-01,-1.456523114336119584e-01,4.840582685527183848e-01,-5.534664865014056814e-03,-1.275238328858303294e-01,4.715131441083418584e-02,1.620515630111160066e-01,-1.118840461555774130e-01,6.549261813667046628e-01,3.381737838047042116e-02,3.282032955592159018e-01,5.040139042746250020e-03,1.396842306105825493e-01,3.226202398441132546e-01,3.310911005383522232e-01,2.169895892379847258e-01,1.294406728675680796e-01,4.608851285828594047e-01,3.680197813013978969e-01
-5.087080048798413301e-02,-2.943883861536572555e-01,-3.087355294140371464e-01,-1.545300494250044163e-02,-2.397248296073186680e-01,-5.762251859858860126e-01,-2.101378958908722561e-01,-3.452892823325827698e-01,-6.682925749903810830e-01,-7.481113664824721177e-01,-5.511134213173390917e-01,-4.885691155721991197e-01,-5.378031503608797781e-01,-4.098184420906162972e-01,-4.430030366764060590e-01,-4.689260094735067108e-01,-5.007447091050035715e-01,-5.089032610222615771e-01,-5.179917255357023853e-01,-5.202871051267815572e-01,-5.067111082373910724e-01,-5.132676237980587919e-01,-4.849927560868184662e-01,9.017293854928776220e-02,-3.697620492341099907e-01,-4.545999724322193347e-01,-2.400043544398128559e-01,-3.201613814450771645e-01,-4.575955813635485536e-01,-4.606780805073888985e-01,-4.285703300109240388e-01,-3.705032048721824678e-01,-2.813538222133142308e-01,-1.330663435184953336e-01,1.296790732357853138e-01,1.119804015394715302e-02,-8.696945544566256348e-02,6.391146085950771827e-02,-7.835750452702758273e-02,-1.967103801190547147e-02,1.131267143294230476e-01,-1.854076001567079857e-01,-1.668161697655507758e-01,3.904019932987797814e-01,-1.459709518389571414e-01,-1.425827152353994487e-01,-3.371287649483023507e-01,7.593636179131103836e-02,2.437695929395027328e-01,2.654220733260294618e-01,1.892598344504537733e-01,3.789876682908038894e-03,1.475088897990194936e-01,4.143731795832758524e-01,3.274966022994553194e-01,2.798954888374508565e-01,2.115992697172820736e-01,1.201800418463939285e-01,1.099501540875504890e-01,4.316019552868225473e-01
7.905331127924176970e-02,-2.655936306230349264e-01,-2.826143288963264832e-01,-1.672906650373456316e-01,-6.979491467855247766e-02,-2.544791197246829562e-01,-5.667202426589776909e-01,-6.154866335951032497e-01,-5.687992378378815550e-01,-8.311341236080400652e-01,-7.186861673508558868e-01,-5.840029947422896717e-01,-4.477261687321904549e-01,-4.246588754790637243e-01,-4.072358547875635226e-01,-4.232032257662751151e-01,-4.393007204467829219e-01,-4.482527208436936084e-01,-4.580231156966375616e-01,-4.595501934246191134e-01,-4.375334807668084247e-01,-4.123015605038010678e-01,-3.277912486282174021e-01,-1.174051513729943430e-01,-3.868065933070056750e-01,-3.534578874801397319e-01,-3.903629784550743387e-01,-4.020579297189162959e-01,-3.760096432803805011e-01,-3.764413724264028538e-01,-4.856276060708998310e-01,-3.033196814406075026e-01,-1.020828774798010069e-01,-2.133476516408282231e-01,-3.467108600170228927e-01,-1.171081586334644931e-01,1.671286340712252738e-01,3.211802705946999459e-01,1.054197984812315497e-01,3.272684198151844248e-02,2.797347619823877807e-01,-1.059830232660767813e-01,3.214364878694334626e-01,4.389885895237347624e-01,1.981012039537472652e-02,-2.352478109549285129e-02,-7.235503839617599131e-02,-2.221549773187973531e-01,4.508618326692156314e-02,9.500492116312546365e-02,7.140956647464932749e-02,2.957001504062721220e-01,4.120810260034301065e-01,2.199940648965868495e-01,3.427176397969510790e-01,1.545395840620762962e-01,1.684784142593066525e-01,2.312099160758370187e-01,1.147050254469470232e-01,5.382868806883091273e-02
4.140987397056623831e-02,-2.995114987975452947e-01,-2.143164674974629147e-01,-2.394670634683637722e-01,-1.959785495066101654e-02,-4.686295092216895553e-01,-6.479505729836217975e-01,-4.503131883414907000e-01,-5.215756499121602108e-01,-6.032559616303161398e-01,-5.640423831875802652e-01,-9.714770141744230036e-01,-4.878013247498531046e-01,-3.410570306458532430e-01,-3.521703895942747686e-01,-3.923778206166121385e-01,-3.816090303443652743e-01,-3.914646443589360203e-01,-3.907736467745953068e-01,-3.726423632374177841e-01,-3.792095140152842991e-01,-3.519437127725466574e-01,-3.215936072688830860e-01,-3.398610262657871806e-01,-3.791497027540913778e-01,-4.063282785495473948e-01,-2.940021471904123995e-01,-2.792825841554950617e-01,-3.194449462478351487e-01,-2.579052956066069657e-01,-2.481998649196939244e-01,-3.007531898347755583e-01,-1.871092618588782730e-01,-3.298269832744963326e-01,5.204256633512484992e-02,-2.266115355117336583e-01,-2.408836093065483408e-01,-3.787793556531224293e-02,1.624432131898312925e-01,1.463309951919313512e-01,-5.672467472334781491e-02,-1.246588427560262058e-01,-1.147331110135696441e-01,-2.995661351775639747e-01,5.449753730719851530e-02,-5.528838885415006399e-02,-1.861173617200145292e-01,-9.532389336227133081e-02,1.233397592858906933e-01,2.353404886179217836e-01,2.278271347574259420e-01,1.908142093124331473e-01,2.116466023233926630e-01,6.044694097851961712e-02,1.340761075556610137e-02,1.144664030581343389e-01,1.601626977543913199e-01,1.315754003144770090e-01,3.535895085063228693e-01,7.079900553240077443e-02
-1.096734917536901222e-02,-3.324508138965586168e-01,-8.574389085256049758e-02,3.088712308283004734e-02,-1.920237402416818950e-01,-4.327251592530803603e-01,-2.210420579552349329e-01,-4.786575789648161994e-01,-5.353979556286788677e-01,-4.940751391141774418e-01,-6.238291674738299930e-01,-9.754812406846058437e-01,-7.849342416570870284e-01,-3.140549561610788132e-01,-2.934546265238708873e-01,-3.138859565986513167e-01,-3.151196245678033470e-01,-3.349026127439970746e-01,-3.340534346366358931e-01,-3.262044023715909846e-01,-3.004767317015632488e-01,-1.454300165477614148e-01,-1.919644245228985802e-01,-2.647402182779722279e-01,-3.076784804535166451e-01,-2.214191098675604985e-01,-3.403501058931662770e-01,-3.973005717876645360e-01,-2.708462817737079531e-01,-2.406018554202360438e-01,-2.543420984516950867e-01,-5.033079977643314384e-01,-8.878793597397260928e-02,3.871477439694818307e-02,-1.357967425515696491e-01,-1.185192089046885194e-01,4.878048131641662954e-02,-9.004972915856915283e-02,-2.675712130922524579e-01,-2.920218143171817715e-01,-1.476209982853810276e-01,1.203417683758197104e-01,6.597645107857394442e-02,1.117601384917119162e-01,1.457887467331641096e-01,-7.135437189264083602e-02,-1.295997096973213469e-01,1.055093304489406192e-01,2.190512897829113934e-03,4.911628436428169993e-03,3.206878471814905152e-01,1.752069951322134667e-01,5.062053555218491013e-02,-1.777584494794510681e-02,6.994669539091324939e-02,-5.063835983289162457e-02,-3.664609874666043682e-02,1.454095948247098591e-01,2.129417964268332797e-01,1.478807100386725915e-01
3.405336131215599971e-01,1.485351353141324271e-01,-4.637556291599417291e-01,-2.382436924670950640e-01,-2.477563734565121079e-01,-1.955942354206824940e-01,-7.541129874049568027e-01,-3.016327427391073401e-01,-3.236050748995878412e-01,-5.203165341380994180e-01,-2.132858951160723771e-01,-8.984709734006950388e-01,-4.255577791639709728e-01,-1.935289653913234154e-01,-2.486265995846392851e-01,-2.537762268581253977e-01,-2.807486638276793789e-01,-2.732862195017314866e-01,-2.757368796460714644e-01,-2.721120192919375125e-01,-2.518008212343564312e-01,1.516846575212055237e-02,7.227756027102784538e-03,-2.679776979450652630e-01,-4.124914341380927496e-01,-2.905958186707399693e-01,-3.506745756011954152e-01,-3.186153633588151846e-01,-4.601012313387877195e-01,-3.611331141864543293e-01,-3.838543546261149464e-01,-7.353423777150662477e-02,-1.831821492397807394e-01,-1.423214766949741916e-01,-9.797528339612907033e-02,1.673992763137741729e-02,1.926629434629627546e-01,-1.340591141387162399e-01,-2.407861618463223718e-01,-2.208042074364359453e-01,-8.207574402949982528e-02,-8.619529754534532850e-03,-9.280634208559346288e-03,-1.148525425028321251e-01,1.269744159395721529e-02,-4.321805698939773857e-03,-2.083165605532078524e-01,-6.403408773882349192e-02,1.071675127559420099e-01,-2.432522829678706311e-01,8.919145292494073951e-02,3.358199771565150149e-01,2.072639541846593436e-01,2.273345391109523328e-01,4.062927171370744328e-01,-9.358202248131733403e-02,1.726562626150606738e-01,1.711474781825375602e-01,-5.774542060320957126e-02,1.860871036249837629e-01
-2.152730100631582155e-01,-1.963579988211821559e-01,-7.659653219599060758e-02,-3.261565733557049152e-01,-2.409904292927363689e-01,-6.824712417068947712e-01,-2.997432828479884570e-01,-4.875697250079277234e-01,-5.501333053982300214e-01,-5.094145418870452691e-01,-9.898993492803755956e-01,-6.280095673130071665e-01,-6.166326022066602741e-01,-1.941522832193901538e-01,-1.796453782198184079e-01,-1.883345235095511272e-01,-2.351656390141209640e-01,-2.366274066285592448e-01,-2.175450419215528564e-01,-2.054354412058870538e-01,-2.027575364372581970e-02,-1.053541884403774720e-01,1.568523328465082009e-02,-1.802592364528591007e-01,-2.646968995955254478e-01,-2.203968416637656913e-01,-2.315503693566872412e-01,-1.505497018567291401e-01,-1.833304042103420795e-01,-3.499791022124482121e-01,-7.115502259179888600e-02,1.770091235974361465e-01,-4.030015823224105537e-02,-2.636360200524773267e-01,2.103210458653334280e-01,4.096421825714041676e-02,-6.521879546124845217e-02,-2.478436762836558338e-01,-2.505684918711056364e-01,6.642518933444793716e-02,-1.521397564750148479e-01,-2.313778855911317878e-01,-1.056791256876201714e-02,3.045053727212424649e-02,-7.151547120075821273e-02,3.013736351520728829e-01,-1.125388866976861080e-01,-1.090927129153203695e-01,-1.125114808220913504e-01,-1.853497861281122039e-01,-4.211764202500640764e-01,4.150096061538675885e-02,3.038816664918642663e-01,3.936981873285834155e-01,1.740978017261772259e-01,2.421324039267084560e-01,2.055953761382603717e-01,-3.412694735330063511e-01,1.528791747251428412e-01,-2.119272248349294771e-02
-2.770360524043885553e-01,-1.247655101782502440e-01,-3.524698862155103418e-01,-2.474936128525107581e-01,-3.973351634033214230e-01,-5.573308236444226571e-01,-4.353029572465140218e-01,-5.010085316936597755e-01,-4.090401631459669174e-01,-5.560744515991050685e-01,-5.533278966027727064e-01,-4.803654515875188658e-01,-4.800829254746065144e-01,-1.125174998556341954e-01,-1.132251228166347712e-01,-1.426900218363096329e-01,-1.537372166030476772e-01,-1.733313431112383507e-01,-1.612954375212603542e-01,-1.447458684966545228e-01,4.896588122846225188e-02,6.277743844001962628e-03,-7.168160329792369612e-02,-3.261399030951396827e-01,-3.682865881585872248e-01,-1.385799912410399237e-01,-2.675859880374492628e-01,-2.489025153061711904e-01,-2.614575524309291632e-01,-1.996293281159706723e-01,-2.505189267116713081e-01,-1.093711345437831939e-01,1.032652380972293588e-01,-2.652482580286274483e-01,7.326202459621275476e-02,1.387865590668332094e-01,-8.511491653803607282e-02,-7.130371276637218272e-03,-5.217126626667221989e-02,8.259030808077300057e-03,2.820453028984175603e-01,-3.312796104921421625e-01,3.221982899085840818e-02,-1.360171980833568550e-01,1.573339417324391420e-01,-1.812798827066500751e-01,-3.035817024341160297e-01,7.189888536144260767e-02,3.041617588907228817e-02,-2.488688908777611231e-01,-4.388741087306232691e-01,1.305739515063623624e-01,3.466283737934714587e-02,4.654144455011763881e-01,2.654998354452267062e-01,6.873606886795310955e-02,-4.926857312003483230e-02,6.808653472409881280e-02,4.743543881987548616e-01,-6.225934228837692527e-03
1.303022519877848340e-01,-1.726327895393274803e-01,-1.325810216355082782e-01,-3.227203208412857682e-01,-3.037201890276793881e-01,-1.608814344783420780e-01,-6.850236924491689972e-02,-1.774342314992078395e-01,-4.734732524140799481e-01,-9.912507012862544764e-01,-4.304191229413145692e-01,-6.105803946754220224e-01,-5.070112614786896899e-01,-3.663836141981917371e-02,3.160452804219052864e-02,-1.096129365069449246e-01,-1.210629310512459644e-01,-1.066873084706406322e-01,-1.067731253442068401e-01,2.690308135713442850e-03,2.966978851623992136e-02,3.033723368524812551e-03,-7.288697424614538900e-02,-2.811816474309170588e-01,-2.224501476420151502e-01,-4.879439997578376154e-02,-1.914841866051303076e-01,-2.676444807611305654e-01,3.803625828462658259e-02,-2.491232095822634440e-01,-1.321234459005366790e-01,-1.545710505436721505e-01,-2.246823447635637461e-01,-1.963835004390709210e-02,-2.039469863826286547e-02,-6.335803744189172186e-03,-3.175079022173763477e-01,-1.578236753091242228e-01,-1.038074176760364481e-01,-9.365178689184794347e-03,-2.784568132242960445e-02,1.243652519966455261e-01,-6.106701131491550777e-02,-6.727814145688239267e-02,-5.926802805176915878e-02,-3.114275142898632609e-01,6.482140220989016099e-02,1.608033214228098140e-01,-1.954040487237672721e-02,-7.261023907159866453e-02,-2.725195931251736536e-01,-2.966973918596044202e-02,-2.708086934005046742e-01,1.338038818137569363e-01,2.342269932930544640e-01,-3.378065254438215176e-02,3.741548104152903065e-02,4.264275473421871854e-01,4.590754195699055934e-02,3.360937897603543112e-01
-3.042738990932487564e-01,1.332813855725064334e-01,-2.040940666157660954e-01,-2.038580755297006719e-01,-3.456597808571902908e-01,-5.502149624204871747e-01,-2.122649697293624571e-01,-4.075808280159807784e-01,-9.814626139727977705e-01,-4.863246250857347630e-01,-4.435912601216773221e-01,-5.652331655101507923e-01,-5.897124684842833808e-01,8.673127464163769146e-03,-1.741190930509590312e-02,-4.736089757101082098e-02,-9.293709979047902470e-02,-4.744468163358939172e-02,-4.400120634017913590e-02,1.824341591553724912e-02,1.311874386491599168e-02,2.184108675910412939e-02,-5.294567976933276660e-02,-4.048237477109645210e-01,-2.378787865896801745e-01,-1.146344295078112613e-01,-2.209840865736047988e-01,-1.163277674926157107e-01,-1.347620893122444818e-01,-1.722141173572943051e-01,-4.013499810484287555e-02,-3.903883536213763328e-02,-2.169354985159994698e-01,-8.007693987897257504e-02,-1.291891943920463470e-01,7.368939098599322501e-02,-2.542474373893351819e-02,1.359168123311301803e-02,3.126917770741775154e-02,1.240688301792262568e-02,-3.990480943864177510e-01,7.571760543929932641e-02,-1.942507797963024807e-01,-1.119896750546889030e-01,1.049160369530621683e-05,-9.085560080137296268e-02,-2.792235852261725215e-01,-6.765261669497424357e-03,5.930547792090616610e-02,2.802399026742226698e-02,-2.749879192566122010e-01,-2.545314930419625421e-01,1.240593672531467712e-01,2.988533198456432283e-01,1.685254641867410252e-01,2.106249301622339920e-01,1.951260771069826538e-01,3.646096935694478208e-02,2.650431895715421593e-01,2.358101229235328167e-01
-7.043899933826486270e-02,2.477435643561977374e-01,6.232659886159055279e-02,2.157776621717399923e-03,-2.896316016553515671e-01,-1.677671031431518522e-01,-4.102266940242612625e-01,-9.726137647505301853e-01,-7.446218763236488458e-01,-3.398127675686013482e-01,-5.996576830986947160e-01,-2.582439106190975719e-01,5.217690697059666066e-02,-5.098303672467269579e-03,-3.499356504003973967e-02,-7.588214661497519331e-03,6.678270248516135661e-03,3.077140346895934847e-04,2.512696491425975460e-03,-2.135189464148554497e-02,-8.565267371216657780e-03,-3.171627765772230129e-02,-2.377734022121293089e-01,-3.422742049126813457e-01,-2.008115087797646969e-01,-2.486611617178896283e-01,-2.377520832079773605e-01,-1.997985463360676395e-01,8.541893983643018828e-02,-7.161005270888667895e-02,-2.191211200620342692e-01,-6.731833575165557977e-03,-6.420128954192408366e-02,-9.659382771148802838e-02,1.305482451810605592e-02,1.186614427207757644e-01,-2.247019033792116427e-01,-1.827712553897515857e-01,-2.967079123816720454e-01,-2.123542934863713594e-01,-6.078265139073944084e-02,2.124617819662676099e-01,-1.432573147736699859e-01,-2.786346517832002934e-01,-3.650927183091551287e-01,1.080430197092247246e-01,-2.302322482559249761e-01,1.189839884173996831e-01,1.564892094178972348e-01,3.519867916584503570e-02,1.427881716939984336e-01,-1.288391153198190087e-01,-4.966256602452978619e-02,8.429523064280244893e-02,1.308242821500874009e-01,3.442245857715530155e-01,2.425237160305838136e-01,-2.230998071458891729e-01,-2.815864203499022361e-02,-4.620864540656356712e-02
-2.222855596005201551e-01,3.592800120514644258e-02,-4.847061770109987178e-01,-3.127457900103463029e-01,-1.468812604409491240e-01,-9.206448100847742788e-01,-9.462215813921963647e-01,-9.538443408012142744e-01,-2.671232914624059318e-01,-4.514606852772521384e-01,-6.648122659247494015e-01,-2.390444859844292336e-01,1.580644663161235031e-01,1.004081313050437380e-01,9.779677122382256227e-02,7.185003144078769277e-02,3.176877690144129518e-02,2.462830750745834043e-03,-1.708568113710027744e-02,-2.647274311848097847e-02,-1.685607469374673928e-02,-3.863369907237344802e-02,-3.411601966396798358e-01,-3.032198112605111184e-01,-3.417747138141080110e-01,-2.747093393839563080e-01,-2.160915788404408622e-01,-1.626104824838880136e-01,6.545358462420770851e-02,-1.621442813113462833e-01,-1.877520364310347467e-01,1.726968435612025177e-02,-8.438432303114756783e-02,-4.292088378031916340e-02,1.527325359151386341e-01,-1.021554481337987597e-01,-1.464909812655037780e-01,-6.963666609311936276e-03,-1.989044935984837503e-01,-6.696974444305020535e-02,-3.948441847635433127e-02,-2.213804539413120887e-01,-2.244789923492128136e-01,-7.467171036100246628e-02,-5.575436810508690305e-02,-1.377516362814485973e-01,7.041228413366578884e-03,-3.756224753185509746e-01,-1.111483864536559965e-02,2.194416982136854211e-02,1.760544233195482366e-01,-1.653806731110260830e-01,1.091000372286654169e-01,2.605589469796557589e-01,1.481029288343191641e-01,-5.415341262552036961e-02,-4.025930632268953646e-02,2.150715187909763570e-01,1.362475095632994793e-01,5.811986565736837473e-02
8.483897098419035387e-02,8.226273363668332173e-02,-8.317495063087045892e-01,-8.772071152650724457e-01,-9.053529648253896278e-01,-7.975310881213574232e-01,-1.640074533946653812e-01,-5.510235396510847483e-01,-3.060938161701826088e-01,-3.001070763379048881e-04,-3.303330138193797394e-01,-2.743411725853635019e-01,1.948844152074032665e-01,1.314411139506591886e-01,1.050914267644420530e-01,7.817812546988030242e-02,-6.754270431491724014e-02,3.207543866996832860e-02,-4.068672579946521622e-02,-5.176279610505879480e-02,-9.535118106793917525e-02,-1.095822812912882471e-01,-3.877337010455709221e-01,-2.128368231675808742e-01,-1.468891842808760506e-01,-8.726339502820616711e-02,-2.041880504571798871e-01,-5.412579131329810916e-02,-8.043263729854319144e-02,-1.427659458904162182e-01,-1.568997242314520701e-01,-1.147398729943723550e-01,-2.244076223733824094e-01,-8.503552674191554306e-02,-1.116617214755396270e-01,2.148162789841370213e-01,-9.974488976324247247e-02,7.089003236695422261e-02,4.832252768416235578e-02,-1.913507445516637318e-01,-1.427900443970075983e-01,-3.137322438573647565e-03,-3.283093781415362122e-01,-1.165505054474341717e-01,-1.429066080570897401e-01,-1.345066443882053375e-01,7.447444942609857121e-02,-7.135005098547932134e-02,-1.133990064545281617e-01,-1.847984999449093502e-01,-2.953165424952376439e-01,-2.270618014682022068e-01,4.752734515041717039e-02,1.230094833258950776e-01,1.538777271912365185e-01,-3.648442410721435825e-01,-1.255541912106980795e-01,-1.627185788332582983e-01,1.510405292170715653e-02,-1.155837860203099698e-01
-7.806215297520113783e-01,-2.372061871177767178e-01,-8.420178108809015516e-01,-8.927572641016487953e-01,-5.869377430558896380e-01,-6.135815833074214076e-01,-2.388368323263619641e-01,-2.346137095944841877e-01,-5.811339374849431305e-01,-1.506237101462909178e-01,-4.016187707738380075e-01,2.751211407431269351e-01,2.174103188224046634e-01,1.898315393353262603e-01,1.760489184071924174e-01,4.385747155236469769e-02,-1.161531402633020349e-01,-2.321127643882633929e-02,-5.546245695820833932e-02,-5.747705817242841630e-02,-6.793514794451080419e-02,-2.373173185727202872e-01,-3.329331856898211095e-01,-1.153051754298017872e-01,-1.569790876743945296e-01,-3.627241474822053280e-01,-1.530605141034856731e-01,-1.025502354112683978e-01,-2.447229502258691514e-01,-8.670532072792778988e-02,-2.176629297277650754e-01,-2.877252788135978845e-01,-1.855831317061527597e-01,1.529830260746999418e-02,-1.501644184903558679e-02,2.619523272686705151e-02,4.345430394484202374e-02,-8.618579497606319861e-02,-1.714689546366448547e-01,1.012499301069771374e-01,-9.628084162189798345e-02,-1.567056750075213611e-01,-6.446456791960600285e-02,-9.385564858645771558e-02,6.567268040991444678e-02,-5.374734871044455076e-02,-1.327515387290448788e-02,-1.148770342273809086e-01,-1.142956090565660637e-01,-1.620059385620205017e-01,-1.887966719645716163e-01,6.963660099888163701e-03,-1.632965250545906633e-01,2.774379068516967251e-01,9.258560971590801270e-02,-1.347377003264828565e-01,-9.021744870798764854e-04,-7.043253425000231549e-02,2.014361403493631839e-02,-5.758296923639605758e-04
-2.956941330224195918e-01,-1.742286724096522021e-01,-2.731603732126943740e-01,-9.963198965950148533e-02,2.196256153820508143e-03,-4.701100292726333174e-02,-3.626921887801681232e-01,-3.316019482397666307e-01,-4.601519810832481738e-01,-2.741158849951215726e-01,3.152384580218505206e-01,2.218563964803134392e-01,2.160606180471899562e-01,1.268607771593099065e-01,1.565642375360089544e-01,-1.999504300671514634e-01,-4.165829642550328976e-02,-1.288177681546424647e-01,-1.512256564291599437e-01,-1.384970753850070790e-01,-1.213650570464193806e-01,-3.083997303238766863e-01,-3.402774501809736063e-01,-4.630029610466483980e-01,-3.589921100490549022e-01,-4.223477635850373946e-01,-7.752251504476299904e-02,-1.616927667497331522e-01,1.178614289562187195e-01,-2.002047866538854137e-01,-2.079584910679516396e-01,-1.499922774994802942e-02,-1.914445601609225389e-01,-1.849854744254940953e-01,1.195330572857360441e-01,2.416579108963229083e-01,-1.074200128849056163e-01,-5.712738297653770919e-02,-4.484745096740895276e-01,-1.098809638680077611e-01,-2.730620913572409658e-01,-3.013650834357318661e-02,-1.070441580191152688e-02,1.590100094560706612e-01,-3.713360486998583398e-02,2.274337052620323818e-01,-2.340178835880771524e-01,-8.521683187929010583e-02,-1.034462179103701196e-02,-1.567187789233318029e-01,1.092721298454667200e-01,1.264871322300848977e-01,-1.260379740397521986e-01,-1.864455767172395473e-01,1.616960643207280834e-01,1.797965072452983315e-01,8.732256263188273304e-02,-3.079322425821020559e-01,-1.675085263853272333e-01,-3.161828520153879551e-02
-1.522731210691863303e-03,-6.696607679374365352e-02,-5.801010852996854039e-01,-3.008060141049502256e-01,1.200793540451845498e-01,-4.296217445642116495e-01,-1.814961155852058694e-01,-2.553970110111984937e-01,-2.469081618598251426e-01,3.537252020931143104e-01,3.537931195631908166e-01,3.222507856807800830e-01,2.695991293842253111e-01,7.837884699205815986e-02,-2.304192532576413155e-01,-1.070628357857629637e-01,-1.386484416700914379e-01,-1.521071018700675404e-01,-9.239818346430270224e-02,-2.818664428547828366e-02,-1.540048821033860038e-01,-2.338000961994021465e-01,-9.829768854532097699e-02,-2.568752245564429604e-01,-1.493803770017076149e-01,-2.333787110822256872e-01,-2.041982496304954042e-01,1.583583408328388953e-01,-1.328638428701831853e-01,-4.653696267915500423e-02,-1.872805104831898881e-01,-1.252601215575442350e-01,-2.295227494208305630e-01,-1.758245519891772912e-01,-8.982556980042516459e-02,-6.871360524296150907e-02,-2.257423751972855719e-01,-9.158986081475761071e-03,2.719266568488589164e-01,-6.866706626802109026e-02,-1.168532922419817377e-01,-2.154304693857068409e-01,-1.672493068216326095e-01,2.501116033374681802e-01,-1.371717466821321119e-01,4.855971536246975195e-02,-8.093967518435365993e-02,1.484321359889968425e-02,-2.448747733595607601e-02,2.641245076654569202e-02,-9.685099732024196606e-02,-2.529368543429443283e-01,-9.886891602864086859e-02,-1.383670365444922001e-01,-2.803197852071644403e-01,2.927870046456787501e-01,-1.187304494540912872e-02,-8.247904104567946315e-02,2.557646312553968349e-02,3.444847554372700293e-01
3.703384679618041408e-01,2.617013676386316101e-01,-3.685206340877735798e-01,-4.171874815865653230e-01,-2.790528690940147771e-01,-2.604659029304429163e-01,-1.507262380594064644e-01,-8.902643902310827806e-02,4.574862864418162145e-01,4.039024695295959089e-01,3.864881751875520743e-01,1.270003497324628805e-01,1.291935175552710868e-01,4.500139347990766980e-02,-2.282807312237626340e-01,-4.623604878589299139e-02,-1.913744147067093782e-01,-1.994398459854634931e-01,-1.840710268477418199e-01,-2.001001502278409172e-01,-2.679655101629242475e-01,-3.428412292219246149e-01,-3.798760558236399243e-01,-3.901807562950081465e-01,-2.368994348811504502e-01,-1.956955647876761351e-01,-1.432156182040404957e-01,-9.045278224432472952e-03,6.291193067475743528e-02,-2.178963905202175311e-01,-1.394822156459936124e-01,-1.499000307354255435e-01,-1.715634121864150624e-02,-8.117051369306894221e-03,2.062428553257246722e-01,4.713391950453704737e-02,-1.563808497444332812e-01,7.608539247661010030e-02,2.120604764007402721e-01,-6.053351372903009731e-02,-6.149534271513949074e-02,-2.104273972679406024e-01,-1.610745968077441914e-01,3.812378709412804489e-02,2.678240767999860994e-01,-2.813829056259933292e-01,-2.007718095984797058e-01,-2.731111311229286187e-01,1.251828567956991267e-01,-1.139020836840607676e-01,8.875802191304291155e-02,-2.594678872352181309e-01,-2.834933614645351319e-01,-1.428613460016151804e-01,-9.086373692795816914e-02,-8.839134792829468623e-02,-1.218858781927605328e-01,-1.375241977656921633e-01,1.512311900333375703e-01,7.483245024268933565e-02
1.939270364518771994e-01,5.476454477704608553e-02,-5.968332311492090259e-02,-2.338875820119619142e-01,-7.547003862778053906e-02,-9.284884977410071127e-02,4.740685416484525794e-01,4.579352354051475227e-01,4.720454240698111481e-01,-2.246307515066054139e-01,7.655840959865416184e-02,2.162598940093167776e-01,2.854556888594715347e-01,-2.961751114488762049e-01,-2.700666502410021264e-01,-2.538095707620371955e-01,-1.429526600062245856e-01,-7.010397075780486209e-02,-1.542675973881645346e-01,-1.395370180034367080e-01,-2.459787783104710746e-01,-2.819390293922571233e-01,-1.748825394171067693e-01,-1.476631933481250269e-01,-9.162516043701263158e-02,-3.635421846147589980e-02,1.004120182346447676e-01,4.708729332086584313e-02,-8.121093102689609655e-02,-1.335435401164883906e-01,7.372307234896811889e-02,-2.139971245763121199e-02,1.241724852803404444e-01,7.356573087031181672e-03,-1.171513500717372702e-01,-2.912693187303536796e-02,-2.458171880588878172e-02,9.342778428177361816e-02,9.250814651028058111e-02,-1.331605940942960364e-01,1.908031135804268974e-01,-1.394817678035655262e-01,1.390346523267551038e-01,9.754689796522217349e-02,2.795762001854291620e-02,-3.138690685178080475e-02,-8.516809336082928339e-02,1.455302921497652127e-02,-8.199946428534057863e-02,2.325654176287051400e-01,-1.877637631741488258e-03,-8.597532066875876455e-02,9.896166732566231972e-02,-4.956389823159621649e-02,7.445235685747364496e-02,-2.417410318878810693e-01,-2.130767199716572802e-01,1.138929861381102332e-01,-6.338427859320956703e-02,-3.245226270725947160e-01
-4.161641269144293609e-02,-9.219445254186282857e-02,-3.152325396660757839e-01,6.806985658625028801e-01,6.312487770545740506e-01,5.669966262551929814e-01,3.454747241500842891e-01,-2.099923538817733137e-01,1.245382053704124498e-01,-1.714332763766964196e-01,2.410859873339876169e-01,8.855443582854360951e-02,-2.625522938084294822e-01,-3.387107290439667073e-01,-2.328572451487646577e-01,-1.295843064728862959e-01,-1.580036769244999584e-01,-1.804542802632074783e-01,-1.507701581758020271e-01,8.831417589184721584e-02,7.327916059666547688e-02,-4.736403246237905762e-01,-2.219087953762028387e-01,-1.368550280782578343e-01,-3.879034745474796431e-02,-3.022329028025735193e-02,-6.001278006631107637e-02,-7.829742727292390847e-02,-3.390024721429223120e-02,1.808237521021527905e-01,-1.872656845375688175e-02,-1.343453943755014979e-01,7.368906756279218484e-02,3.504135341677863114e-01,-2.718051032528881472e-01,-6.854006151375818812e-02,-2.113646178634076556e-03,-2.720398725773052750e-01,3.037411728745315065e-02,7.525234076540604500e-02,6.790351882231240865e-02,-4.001163566862185605e-02,4.288443225409044150e-03,2.235019130704864465e-01,-1.304401162868593367e-01,-1.762347954986935861e-01,3.024711699550873822e-01,-2.281135583374639675e-01,-2.226310726805489915e-01,-1.595004856555123918e-01,-1.289883787560196782e-01,-2.128334871087474434e-01,1.338592818079218649e-01,2.684286101112012268e-01,-1.697914351570453673e-01,-1.922935453363737446e-01,-1.767879080696714220e-02,-1.756572274072257939e-02,2.027249029510458378e-03,-2.879933741699062383e-02
9.210370252265207003e-02,-2.057670555726427986e-01,5.250016722093157895e-02,4.121454518161954406e-01,-2.037204328449150614e-01,1.374302592053861516e-01,-1.591805693527953980e-01,5.930882015469163271e-02,1.693806830459923807e-01,2.755621327767738826e-01,3.759943236465256855e-01,1.190019222930508852e-01,-3.483595809807774057e-01,-3.497761405320134465e-01,-2.853254581928169609e-01,-6.126802668183626427e-02,-3.661551534030763611e-01,-3.104344757445368641e-01,-5.881844113127553397e-01,-5.070006529282524710e-01,-4.042219273680712210e-01,-3.586113345624170057e-01,-2.352079676535817065e-01,-3.170766860553057009e-01,-4.571701118011917836e-02,9.402111605868987421e-02,-2.507874846841056521e-02,-6.250224951653562955e-02,-1.299865879879720243e-01,1.058380558626471901e-01,-2.081759537098268886e-01,-3.149065787157324936e-02,-4.691979323080204545e-02,-4.186999689395539542e-02,3.547257960768047252e-02,1.776549393844532865e-01,-4.040015106821977925e-02,-3.463796215909940024e-01,-8.075484243154356853e-03,3.765416253752420506e-01,-2.498787609830649681e-01,2.536300917901005425e-01,-2.823387715940707809e-01,9.527068249852672921e-03,-9.513607598340041716e-02,-1.151109229860353654e-02,1.768483568813279949e-01,-2.316651035025429350e-01,-1.227749579933139212e-01,4.661971298288216520e-02,-9.428713078460423946e-02,-1.221769556588344664e-02,3.437359112183798610e-02,1.379334148388378645e-01,-1.108368495784295936e-02,2.098173026383671341e-02,-4.679162415933864339e-02,-4.452542702786720097e-02,-1.661205100750670349e-01,2.933014609634708170e-01
1.355829858392696985e-01,-2.672644410221622913e-01,-1.963370955273752161e-02,1.668406596349922555e-01,-1.853774464180044379e-01,-3.874913584841242487e-01,4.355424566341751236e-01,1.619598854980357494e-01,3.622683440231833640e-01,4.859453343013052651e-01,2.396093090589588304e-01,-3.065357359805518378e-01,-3.787520280235690540e-01,-4.530236976736167764e-01,-2.321057200581937430e-01,-3.652611758139036047e-01,-8.988435154617370471e-02,-3.080041345276940401e-01,-5.755803989197855186e-01,-1.487326609169798142e-01,-2.919827878018838585e-01,-4.984886495920247684e-01,-3.304653105009915937e-01,-1.326742482149848024e-01,-2.795640609624803763e-01,-5.663503119382867594e-03,3.182233055378637376e-02,1.147386680875625287e-01,-7.953838951150775383e-02,-4.715448692403012218e-03,1.689307022835349614e-01,2.166490357019228430e-01,-1.548936807594250564e-02,1.517251863524672895e-01,2.159159536248330125e-01,-2.341000261383935077e-01,-1.794157078570265684e-01,1.211835599508095662e-01,-1.475384951225319763e-01,1.420926082946739333e-01,-4.526825026219577670e-03,-2.853991015812641918e-01,-3.191270245721235521e-01,1.855754991278691923e-01,-2.187257522779234853e-01,-3.458151871009079170e-01,-2.600460843799501376e-01,-1.935979363189906932e-01,1.055401851947117137e-01,-5.407917697246700413e-03,-1.387096429016887456e-02,-1.038066667604734261e-01,1.006341603715807526e-01,-5.381159675064485504e-02,-2.121651363539441282e-01,-2.466922108735079000e-01,-2.559580811459773453e-01,-6.181340208122400315e-02,-2.165812985080675934e-01,-1.453544730196573431e-01
1.214261900116231363e-01,-1.765557631793748528e-01,3.050977843812721635e-02,-1.117040442954682772e-01,-2.442266991728250236e-01,2.297553835215200221e-02,1.209223265919703583e-01,1.250391705814427878e-01,1.350293462985692750e-01,2.179820058326394638e-01,-4.163405528541851419e-01,-4.110903512566231877e-01,-3.524307038697768180e-01,-1.731342261005849870e-01,-3.308733010867742630e-01,-3.421210061686545956e-01,-4.406346847340972817e-01,-2.856860627371926031e-01,-4.482670583397315167e-01,-3.872994276650404410e-01,6.515460147273938532e-03,1.679880722737862181e-02,-1.764066708082434598e-01,-2.635453707320001455e-03,4.636886399895721184e-02,-1.986317919632814566e-01,-6.993471224319500190e-02,-3.577135721622581171e-02,5.261891973884029461e-02,1.550413195922508147e-01,2.403482787090898687e-01,1.278163266616000326e-01,2.271006604301635257e-01,1.518111121448368663e-02,1.004088918291569377e-01,1.857634727813369524e-01,-2.213605643658839439e-01,1.318740766728339897e-01,5.460224408546421326e-02,7.006811995272030358e-02,1.456854792258281128e-01,1.228669427919434065e-01,-2.750136293207717797e-01,1.042141960254925337e-01,-4.415609202311195081e-02,7.918930682423128142e-02,-2.225537115187929404e-01,-1.194252310318202753e-01,-2.307866141614605959e-01,-3.599487877769215194e-01,-6.546820002961337148e-02,2.209789180083046589e-02,1.081688388352687602e-01,-2.822982722184913529e-01,8.948489930731338970e-02,-1.814221609494376664e-01,-2.021258780246823483e-01,-2.351913326379534708e-01,3.098345332988817688e-02,8.267575055331283229e-02
-3.724263165592395231e-02,1.252699976200071785e-01,1.522861842398573751e-01,-4.231909649250243932e-01,-3.221385199014646927e-01,1.018734172431877277e-01,9.361355759990008796e-02,2.609833586935879635e-01,8.769367473880322617e-02,-4.210422007501939956e-01,-2.272926828410776756e-01,-3.056903222740581794e-01,4.138408144639613845e-02,5.154368281178113576e-02,-2.667023377333331835e-01,-6.472114856907753566e-01,-2.972647255423807033e-01,-2.885293298084304903e-01,-8.526312567449109703e-02,-2.702519413674934756e-01,-3.184247940377624847e-02,1.102388783073512679e-01,3.764701900767834092e-02,4.294026930470352249e-02,1.299010197151452550e-01,-1.629908323143789417e-01,9.052312277433324783e-02,-1.807110510410421811e-01,1.046021228140492365e-01,1.887453464891809263e-01,2.614157972052258416e-01,1.161998217514419035e-01,4.816915224603759288e-02,2.889324408715398529e-01,-1.614676130078797622e-01,6.563973283254070923e-02,1.257830652068074942e-02,-3.910049504141087096e-01,-1.873237755656157744e-01,7.094781923549328684e-02,-5.680931457924036365e-02,8.449044731785024243e-02,-3.462773158714056998e-01,-1.331797862788544062e-01,-2.489572388667578018e-01,-2.304345877603004578e-01,-3.618987079935026552e-02,-2.377300912275578937e-01,-2.542365092539635718e-01,-4.054045058352107045e-03,9.748036611303037557e-02,-4.097104186517718655e-02,6.927267399406793202e-02,-4.869715215663887597e-02,-6.143003634989802064e-02,-2.026118373445554843e-01,3.339962822805908887e-05,-1.432792359156722373e-01,-2.989051339456628154e-01,-1.482423464936752922e-01
-2.612466169783945191e-01,-3.321564045890568195e-03,-2.187901420702401956e-01,-6.471470753852096025e-02,1.021753664623629571e-01,3.598528091095852810e-01,3.563176652934391120e-01,-1.053030689495443734e-01,-2.655606663091560904e-01,-3.286366077379010986e-01,2.110279758133412342e-01,-3.846804929241810500e-01,-5.249203772727285555e-01,-4.457212993420883729e-01,-5.683743787407778969e-01,-3.507877377770247107e-01,-4.349593983307696865e-01,-1.837809171655751528e-01,-2.443742529878091541e-01,-7.357210320711479734e-02,-2.034649028929461784e-02,2.384437941771492403e-02,6.430609260305977619e-03,6.312035391556145014e-02,-1.628101618251223404e-01,-1.287498979420434453e-01,1.477296547368280033e-01,2.680659840625240209e-01,1.410547989252800283e-01,5.936148121490758545e-02,1.576304049839333532e-01,9.439314036597151736e-02,1.737631248211305990e-01,5.188781093456112936e-02,1.608620176950603109e-01,9.155686511759229818e-02,4.821864166047949707e-02,1.532877512954453070e-01,-2.339585796360751230e-02,-1.149817699295210965e-01,-1.366537024673176448e-01,1.821342279374397743e-01,-9.988594354428421973e-02,1.578542750593511790e-01,6.833352009076232303e-02,-9.074059276681537001e-02,4.691117326218778305e-01,1.353292049085546289e-01,-1.306510522923573225e-01,7.520365856252939074e-02,-2.167186783590182020e-01,-4.081533768257261663e-02,-1.764190300328775246e-02,-3.029110198428135517e-02,2.058850278568896131e-01,-1.342486548767681531e-01,-4.621840110212183106e-01,-3.012467770437687875e-02,-9.836997819854011171e-02,-2.734253783815105976e-01
-3.774649697023922668e-02,2.425789461693870219e-01,6.771867657819681530e-02,2.941110694443390683e-01,3.624202899838249725e-01,-1.236421979045524144e-01,-4.455869047461303856e-01,-1.914195098253416716e-01,-4.661703627755151014e-01,-1.931003912168273440e-01,-6.869132770389454468e-01,-1.039015212817838429e-01,-2.814879050996733634e-01,-6.353127948177270112e-02,-2.414133052837341142e-01,-4.054486723977143714e-01,-2.651383353679442889e-01,-2.239230321576268778e-01,-6.886696544265030751e-02,-2.274126099242377852e-01,-3.239701259961824675e-02,-1.525392306332983561e-01,4.255460917089305406e-01,-1.132065564666983742e-01,2.554323181798919262e-01,3.312267098733029380e-02,3.765105245030897496e-01,1.634101163775041887e-01,1.051128843985678490e-01,2.344762966947147587e-01,-7.448627717983157936e-04,3.642429015191447350e-01,9.457486938744411042e-02,6.939064927842727992e-02,2.072172662139660504e-01,9.357508739848346968e-02,1.385952249495031319e-01,1.083326965860031132e-01,-2.417651345875931196e-02,8.525207041308476008e-02,2.576152553866103423e-01,-8.011575752368427922e-03,-1.519349680270152825e-01,-5.463605330589438487e-03,-7.642472472985867467e-03,-2.085683803370174394e-01,-3.165715135458905399e-02,1.217666943944077512e-01,7.890570797953709581e-02,-2.390762748167165608e-01,1.820573133779013753e-01,-1.009805378558856076e-01,-1.583288890062348186e-01,-3.027373095073681436e-02,-7.414480127284969746e-02,1.128543553940489497e-01,-2.153980256523118919e-01,-9.571889313865769577e-02,-3.776837782317921666e-01,-8.471329320327586343e-02
2.304304746689847805e-01,3.858496291873033113e-01,-8.442864392323962824e-03,-2.771511981054204377e-01,-5.087883907088418534e-01,-3.051957516857480290e-01,-3.627269571303650686e-01,-6.304884551506348411e-02,-2.679964239137118676e-01,-1.265764459594996283e-01,-3.243159047076458190e-01,-2.817946800197773105e-01,-4.813198397798864048e-01,-4.326971553055683484e-01,-4.171303353319138485e-01,-2.039061407219819877e-01,3.291401602280964733e-02,-8.097485943832324895e-02,-4.879106967222328339e-02,2.722472086330104263e-02,1.178770425163171709e-01,1.535817623154816028e-02,2.774535493978479983e-01,3.845124231474938981e-01,3.621319948260332683e-02,4.821466398688730726e-01,2.674842136806517834e-01,5.486615168349263660e-01,1.788270659828827547e-01,3.217178616450305784e-01,1.721733503379377361e-01,4.042729570371971226e-01,-2.721092248030781979e-01,-4.708745267105866883e-02,1.019731325594246812e-01,2.497770032864434220e-01,3.075571232607448961e-03,-1.166301573021453208e-01,2.353081326374837356e-01,1.148493029986402958e-01,1.812763381737410584e-01,-1.643871565391332723e-01,-6.936387018635319091e-02,3.590029596359092245e-01,-8.033753294063199213e-02,-1.401484572279174667e-01,-8.184075868657880726e-02,-1.523697026443818214e-01,4.773847712492516882e-02,-2.161700170106046759e-01,1.860921893854887710e-01,1.183356827680795420e-02,2.108441044753750493e-01,-1.624098418545246170e-01,4.108108480525406864e-02,-2.245343925080895420e-01,9.443225766050564185e-02,-2.324333202431232981e-01,-2.831304138096525369e-01,1.058880242924008230e-01
-3.527866032728588230e-02,-3.546562482704725960e-01,-7.129764976621904005e-01,-1.487929464285445980e-01,-2.538186698283488307e-01,-1.670665231454157573e-01,-2.819142360388571245e-01,-5.948907106397629541e-01,-1.449206184289711097e-01,-3.811631338420758963e-01,-3.155513274162689008e-01,-1.407454954837226713e-01,-3.530650108198881698e-01,-8.011413296043629062e-02,-3.458224746885756318e-01,1.248445223713291318e-03,3.193456555870012592e-02,-6.904068454857989132e-03,1.733477985714020897e-01,-1.338369102793147414e-01,-1.185657041451291943e-01,9.833959139164800967e-02,2.542491534013669452e-01,4.680000821296640967e-01,2.711069779092984411e-01,3.444149397110313204e-01,3.822586606965115430e-01,1.039314119709603829e-01,-1.771800551238619445e-02,2.500677709205300081e-01,-1.436989744707706795e-01,2.313367222467441753e-01,5.155824228128320641e-01,1.992862502273876901e-01,1.924236887869020252e-01,-1.459638386119279652e-01,-5.777226803415416029e-02,2.935079759353749207e-01,2.311324304976651034e-01,-8.381617326254245381e-02,1.455132333580034798e-01,1.314252047407323820e-01,7.797486447950108604e-03,2.138760318942601810e-02,-8.772967206605128410e-02,-1.219505970149643570e-01,-3.973781942324815242e-02,-5.033104247799870257e-02,3.542823090735534863e-02,7.977743993832295266e-02,-2.721470799565951504e-01,6.771481287974163987e-02,-9.768114805188912730e-02,-5.847282986032870111e-02,-1.546903278366900704e-02,1.670043490334155445e-02,4.529404754662787191e-02,1.467171882953306472e-01,-1.367623182693047945e-01,-1.131887746297517705e-01
7.999707689140594935e-02,2.186803186960738568e-02,6.472802535993132933e-02,-2.387294779706995995e-01,-1.977352116120854597e-01,-3.755829926140909908e-02,-5.327615892332844272e-01,-1.309286944227219252e-01,-3.381291007343684707e-01,-3.732953600444385289e-01,-2.176482251017188285e-01,-1.603495974619411069e-01,-1.579273909481472837e-01,-2.790391885881218781e-02,1.750235990996770463e-01,2.853850238651953891e-02,2.393059359284097076e-01,5.299186941164474307e-02,-1.854971565482904927e-01,2.757693483923558952e-01,5.028218237151350634e-01,5.458231273021302288e-01,2.514674131688031666e-01,3.375034977029733319e-01,3.586836625528726508e-01,4.138354821212762991e-01,1.908426255069022304e-01,4.773222370078842869e-01,7.131111373960418928e-03,1.650975549021129474e-01,3.646527287357875791e-01,-1.461837901612663138e-01,1.884194948930991986e-01,1.339205381789251859e-01,1.133191664236828655e-01,2.256780787238548969e-01,8.234675116123902489e-03,1.163347333223516966e-01,1.664358651661821953e-01,2.446423316564158568e-01,1.375655100625169658e-01,-1.762704153347261771e-01,-1.161783418272709090e-01,1.049655183562216709e-01,-3.653583158606591580e-02,-1.584947681299085920e-01,-1.182177510718029206e-01,7.038582242299551775e-03,2.686045444266286220e-01,-8.518751496094803533e-02,-7.202528872419021455e-02,2.060936809223134873e-03,-1.012475168483050955e-02,-3.093865853957302181e-01,-2.029374502724737295e-01,-3.515374803803829329e-02,-1.023821664284171352e-02,2.841325564805061710e-01,2.636654965487996161e-01,-2.042532434235462824e-01
1.731020217209658374e-01,-2.785400549302632367e-01,-2.803164019854584854e-01,-9.002558897642098934e-02,5.989553867814166599e-02,-9.749978242402726480e-02,-9.363898965819471981e-03,-1.979945806737387071e-01,-1.757962850109131003e-01,-2.241441917515407112e-01,-1.569726999198766959e-01,1.873622200802611479e-02,3.646587238070391201e-01,-3.471176508572099140e-01,1.942828505023578844e-01,2.317133262261888427e-01,3.607419615713536309e-01,5.623188347856137304e-01,4.851913748727866849e-01,5.391175421692367964e-01,4.415384803067844421e-01,3.452054891012165672e-01,3.679368084402925843e-01,2.406742611922826625e-01,5.371098133453873213e-01,-3.853740538233615953e-02,3.483600741724516281e-01,-1.398786308416520921e-02,1.802812566453687315e-01,-5.700686851625844445e-03,3.179247991395691142e-01,1.598680540519608895e-01,9.784075256808877352e-02,6.943184513616577902e-02,-9.579131522158254586e-02,4.599028713697048132e-02,1.300017020953500857e-01,1.860379697399351384e-01,8.586232433606925951e-02,-2.435836796017432082e-01,-1.240031898069201277e-01,3.535974911131152254e-01,3.720248933516297485e-01,2.200582822052496168e-01,4.200429275716355444e-03,-5.146037121647648732e-02,-5.864693709646574826e-02,9.354551026578715456e-02,-1.291723894502695702e-01,1.538929335240090193e-02,3.890475356773025195e-02,-8.396124673481530562e-03,1.112510563404181391e-01,-3.744449358382587884e-02,-7.069203271420680668e-02,-2.963015306071720700e-01,1.945642120354019455e-01,1.915174261579280501e-01,2.855495032119781951e-01,4.263164345731711158e-02
2.538460182826475231e-01,7.023355283913100822e-01,7.507019157735000947e-01,2.733522843775202382e-01,4.951618273248827029e-02,-5.482349362803410481e-02,-3.037396562825895804e-02,2.881693070326115658e-01,2.006795305655794670e-01,2.244305925610722008e-01,8.986388472677386483e-03,4.528288558427759347e-02,-6.867843655132081782e-02,4.681283862233396320e-01,3.123637278617228397e-01,3.434185206535248502e-01,3.444129706732788065e-01,2.709344741363463038e-01,5.579735975714115170e-01,3.902213613128412417e-01,3.518337352416384123e-01,3.921068330915137845e-01,4.553444503286832590e-01,3.867690431172302601e-01,3.139406559377784511e-02,5.742433835877683995e-02,2.695605939736754886e-01,-5.832596835736615637e-02,2.850418088820659279e-01,-8.750080932991230465e-02,1.693452504292935201e-01,2.688026600344953221e-02,3.859340417124177414e-01,2.379767151489389776e-01,1.845485300318136235e-01,-1.003926179928291695e-01,2.159434593622411858e-01,3.274554524098229891e-01,1.032909436570671469e-01,2.688122211428928959e-02,3.928576702809937621e-02,2.197917676891073258e-01,2.034445559111667801e-01,1.149274878316233622e-01,4.948215033240788326e-03,2.513063113237787860e-01,-5.881944299724457814e-02,-3.044133577382640565e-02,1.418556973441460478e-01,-5.319621856440417268e-02,-1.097875777758231114e-01,2.676284845894276176e-01,-8.288040676596908352e-02,-1.975477733141598191e-01,1.702705998291463574e-01,-1.360313899297502238e-02,-5.363685217704999841e-02,-1.841579819372651250e-01,-1.620215905502286891e-02,2.446614269454260859e-01
3.368220056898714176e-01,4.368150206649178413e-01,6.228040187690062623e-01,5.174202229904196759e-01,6.520698535078742752e-01,5.918600836447213132e-01,4.419309872255856031e-01,6.894711993778545045e-01,5.712335194318650666e-01,6.027020827286634352e-01,6.164280802248930380e-01,4.194003570573737738e-01,4.372238359877255176e-01,4.138251194355743179e-01,2.615786543070358627e-01,2.705271097701602567e-01,2.306199180773775836e-01,2.161704158767026596e-01,5.102998368453051103e-01,4.062623487005729284e-01,3.455044195314177502e-01,4.011164134327914743e-01,5.345420834172815994e-01,1.175909147417260742e-01,-1.690212580097619766e-01,-2.906148377774546709e-01,4.475421813976381280e-01,1.953523166105317066e-01,3.862694439312668315e-01,1.928295813036227935e-01,-1.090766048396083071e-01,1.797613358097835956e-01,5.283816883592920011e-01,1.430127478732815538e-01,2.820461003498737629e-01,-8.618266734113744915e-03,-1.792011029324041826e-01,8.143836339141492797e-02,2.327313974886366099e-01,2.406436053020615251e-01,5.485948973733697359e-02,4.488786106981124818e-02,6.606804877439480250e-02,8.571728948578310331e-03,-8.863850197500999784e-02,-2.507189827722541842e-02,4.682958379132708820e-02,-1.351538783202158311e-01,-3.061201274722044063e-01,-1.048495586876583702e-01,-4.227476294511536281e-01,1.933784489433725273e-01,3.162413850682598004e-02,-7.362185532490295170e-03,-9.243534719423009138e-02,-1.667428165961764019e-01,3.337420977449763737e-01,-3.033776280578831530e-01,4.729269089545536792e-02,-3.994001907135236347e-03
3.527164071297159142e-01,4.568764994634753052e-01,5.497725205796062387e-01,1.903287429625985516e-01,-1.688945671297738954e-02,6.157803644481023575e-01,6.643559971046395507e-01,4.422685869486613908e-01,4.230733315756732837e-01,3.709841953190331498e-01,3.282929030407045756e-01,3.234770529832589059e-01,7.900989785246330388e-02,2.243418477405575984e-01,5.610967598184932736e-01,4.470609520569002737e-01,4.847914240288515586e-01,5.000084268636492135e-01,5.712753279418663066e-01,4.096769682690689640e-01,3.233028222912042171e-01,3.924056888682333488e-01,1.990390917313728525e-01,7.145384334209126109e-02,1.719393641627510738e-01,2.765326380712423981e-01,1.578387434912906784e-01,3.551255786720064478e-01,-1.370615360141121120e-01,2.989799440087470561e-01,5.824116031309125585e-01,-1.038218563067929701e-01,1.803692826763100554e-01,2.114100909256748026e-02,-1.169979177925727955e-02,2.635754167116585167e-01,1.325086554760855628e-01,1.661506646572740720e-01,6.159603786690187599e-02,2.069037180150046784e-01,6.675660129912146246e-02,7.499619653681224851e-02,2.166631411022147680e-01,-1.069006708822864693e-01,9.686153293084343030e-02,2.262919149990585965e-01,5.072964991264276857e-02,1.999417818423905868e-01,-1.941260488558383401e-01,1.498527379148965888e-01,7.147150478006673857e-02,-1.119259224127483743e-01,-2.302272023250278576e-01,7.305097185227463208e-02,-1.776219690198315715e-01,2.826285892578606074e-01,-2.409442507147163681e-01,1.850034638946818077e-01,1.397128669683251889e-01,1.208965243043430143e-01
-2.742757731984758404e-02,8.622954212986631839e-02,3.922826670813197025e-01,5.152326538076317242e-01,5.146901937488388423e-01,4.234767584067430368e-01,1.795752136176561875e-01,4.335147729529884586e-01,3.223559319160157477e-01,1.400946864184506035e-01,4.189743276793734816e-01,5.517049700330705075e-01,3.838815290679172820e-01,5.254193817298438152e-01,5.605908223874325191e-01,3.246038817533850596e-01,4.709794573168135656e-01,4.105000537292385343e-01,-1.744732589355854624e-02,5.319784276754087049e-01,-2.310888231210486699e-01,-5.539342326152400797e-02,2.403943769409030706e-01,-1.084654122500381401e-01,3.154780413779238041e-02,1.240913545813012442e-01,7.102128513973221535e-02,1.878036850158121551e-01,-4.656551793571910014e-02,9.039616505716385753e-02,1.115685683605376344e-01,2.607468319462374340e-01,-9.072138431498386058e-03,8.574854390103051061e-02,1.065153589956973484e-01,2.116441007283827724e-01,2.069933204468572541e-01,3.543337459208418250e-01,1.120291655349983373e-01,1.259321590884377451e-01,8.629833830737003442e-02,2.791866850364711494e-01,-4.203070679761873596e-02,-1.084321511781418702e-02,-1.520813166773167247e-01,1.695387444639885333e-01,1.384158476890515743e-01,4.059480772527948589e-02,-5.265009800144548890e-02,3.136255757129022270e-01,4.602819769897740360e-02,-3.277187777321972639e-01,6.144288188410196305e-02,1.367948321433197501e-01,2.652565817053308475e-02,-1.551748076050691316e-01,-1.516560454769426136e-01,-3.591916505961145062e-02,-3.915084563975441689e-01,-1.029499704823594042e-01
-1.115329098745643649e-01,-1.690465543725148262e-02,2.486623408847718208e-01,1.738365886444639963e-01,5.697044433303857236e-01,5.857344688765877549e-01,4.503614953290459022e-01,5.385016675939237052e-01,4.893556444811708595e-01,4.852784507635728994e-01,4.482292986179480243e-01,3.433204020603242146e-01,4.472122511232157760e-01,5.529881458566994201e-01,4.882076465782231867e-01,2.506522749199251443e-01,1.060104357868087571e-01,-1.581186431036262496e-01,3.072661437604367052e-01,-1.051440377734413900e-01,1.199205802709946839e-01,-1.464302991139964372e-01,3.978861341298778886e-01,2.872000914943428906e-01,8.409200193449396787e-02,1.760109238573345780e-01,7.191027395241171571e-02,1.962655381229738705e-01,1.242723792382770809e-01,2.879242943145116085e-01,2.176133423637341691e-01,-3.026439381147129695e-02,2.379239101798411582e-01,1.607488674091324676e-01,1.696334670119711840e-01,1.568733230636399634e-01,6.430863430468123157e-03,-1.481383721804229760e-02,9.850360654482803735e-04,2.281835167864573743e-01,2.501458547502133367e-01,8.843268567120041168e-02,-1.866768589915250298e-01,-2.827605489905890002e-01,2.598468837561084266e-01,-1.541362385617763286e-01,-3.611585201491657182e-02,1.308752169947935418e-01,-2.236742171117967470e-01,-3.211649243450552804e-01,-1.209979240487374791e-01,-1.712826161886108617e-02,-3.598414647782405273e-01,-9.403094858039730275e-02,2.265405788898130768e-01,3.442250426057854029e-01,-5.899844375953873510e-02,-1.282614173120578127e-01,-8.035321393154445935e-02,4.194315047371570404e-02
-9.360148277996536981e-02,-2.668573809754912762e-01,3.521368623538215781e-01,-2.193446069914278262e-01,6.206889495925195510e-02,-3.824619453723199225e-03,2.146277707336649299e-01,-2.469653799616320922e-01,-9.958670911500429324e-02,5.526648235772780859e-01,6.023908870267210558e-01,4.097384746470785766e-01,3.259183299786519994e-01,3.345902316550826150e-01,1.851072919983178244e-01,-5.647167387269091954e-02,-1.608421769724565631e-01,9.809041506340573924e-02,1.028324321703650013e-01,2.369013016715983411e-01,1.495401693096508333e-01,-5.638827394881319732e-02,2.835096170468122123e-01,2.218817531889612921e-02,-1.947982485925682170e-02,-1.668650014836333198e-02,-1.825450404898342482e-01,-1.794308079440663506e-01,2.646759056131776089e-01,2.236904144180545950e-02,2.383567624920278905e-01,5.167989635496315209e-02,3.667911908027844392e-01,2.935436612167864334e-01,2.164080547900251728e-03,4.410197391311700410e-01,3.632215580410106531e-02,1.452179686619863852e-01,2.454196938876935796e-01,-8.208124776293850011e-02,-1.857871705211656954e-01,9.513086274852719515e-02,6.642246060792489359e-02,-9.622255786114788934e-02,-7.373645197855493993e-02,-1.662973882285696536e-01,-1.137232198789448478e-01,4.618169642637395128e-02,-4.989329187725410550e-03,-3.652297619542563267e-01,-4.232629173424314051e-02,3.153608904547696157e-01,-1.843153872919348346e-01,3.475385506968105970e-02,3.996542894663678014e-02,1.563322375234726990e-03,1.102603913103478162e-02,-1.968063331768423602e-02,-2.268464070318403358e-01,1.629537569798316099e-01
-3.328555815426408881e-01,-1.382032732404005759e-01,3.336548723740824229e-01,-1.469883843300921755e-01,-2.503210248273380900e-01,-9.590477309118101978e-02,1.999897356500048018e-01,1.491503641008950498e-01,2.388576267396880226e-01,-1.374737200726129094e-01,2.096070722329906599e-01,-1.045007476076399155e-01,-3.387514594514363653e-01,5.284287815085440126e-02,-7.848658226378865677e-02,-3.342532472598752080e-01,2.141376967150017685e-01,4.163662796107027164e-01,-5.060035129801974119e-01,3.057505657229798168e-01,-1.128172282948115279e-01,1.756205950626178180e-01,-2.859362227004849655e-01,1.951607659078904294e-02,1.356734789997191548e-01,2.011653491294933538e-01,4.023647081714002427e-01,-1.301679097966465526e-01,-5.094183394668607562e-02,-3.221630119085200361e-02,5.658564610872190981e-02,2.437954137459104054e-01,1.481003063809925857e-01,2.204776550526265366e-01,1.205842924458571941e-01,8.029150393245051975e-02,2.754025625703454550e-01,4.679317104990208392e-02,8.658311946606042642e-02,4.922610235821490154e-01,3.402008743841306027e-01,-6.533540231745207927e-02,7.257932365612101977e-02,1.160671488890249597e-01,7.076330367341301386e-01,-1.755349134545583500e-01,1.196244181344459506e-01,2.157631048391559503e-01,-2.271563545687159749e-02,-2.487144880225033994e-01,-3.150513502344060579e-01,1.831788166995659828e-01,-2.200609797448086769e-01,-1.285988002757095239e-01,2.040664948083234231e-01,8.452732165046110413e-02,3.722278053659873187e-01,-2.821154719190906990e-01,-9.570598408651445621e-02,-3.587682418041521215e-02
-4.295024532245883542e-01,-2.238598669549029252e-01,-1.099753175988393561e-01,-2.205593802719120478e-01,2.447010346456971602e-02,5.293070698380906297e-02,-1.584797611685921093e-01,2.841779052005100614e-01,2.043532849058929401e-01,-6.620458777240607884e-02,8.738032733944441077e-02,2.196031318294005552e-01,-2.395946320714186298e-02,-2.192888323693400476e-01,-2.322175399311271760e-01,-8.112769282414504513e-02,1.174226034081161385e-01,4.644098428987426530e-01,1.259743801435346880e-02,2.601773493447526175e-01,8.380144109717505008e-02,-9.492727437576484184e-02,-2.895652120924422507e-02,3.206365719340686371e-01,1.988355732308656754e-01,2.162581165111237824e-01,1.085707132991497320e-01,3.886816088672878089e-01,3.056157718718093830e-01,3.874490806284992817e-02,-2.000406118221830301e-02,2.062766128987228442e-01,3.576342305379438535e-01,3.974592397627431661e-01,1.815152812394907611e-01,6.786335234818456456e-03,-1.147181303209106329e-01,7.441934689123748392e-02,-8.506374239870281850e-02,-1.879275416834422785e-01,3.220235269395702593e-01,5.944661457605922295e-02,3.038543136774445874e-01,3.782230307528771096e-01,2.154283585018299529e-01,1.200118595744891908e-01,-1.866796125271442397e-01,-1.792067408316813104e-01,2.119162347299869964e-01,5.299581767782912678e-02,-5.722159126306647359e-02,-1.849119761548330687e-01,-1.932535169661276642e-01,-3.737630848364826841e-01,-2.751907743479015678e-01,-1.428539209509830932e-01,-7.124498357848310648e-02,2.364502335017563267e-02,-2.497147454305922998e-01,1.457758340065110902e-01
-2.271855321457240673e-01,5.623602635262736626e-02,5.326977950171592202e-02,1.442738232679246502e-01,-2.411640437661156586e-02,3.409867411548591631e-01,-1.451644272273330816e-01,1.528757131875771724e-01,-1.265242404702807688e-01,-1.921567631176543944e-01,1.504477562929142365e-01,2.417850788431047948e-01,-2.961420163713402998e-01,2.788258283127927339e-01,-1.814208846834308719e-03,-2.330085478168809898e-01,3.186673788477488722e-01,-4.930091963954327111e-02,-2.956625479223496944e-01,1.112325603492318737e-01,1.271736602873386190e-01,-3.294260902391558249e-02,5.641245178874189359e-02,-1.325209414998234150e-02,-5.188736228057878874e-02,-2.751974531021438297e-01,1.450994783926951859e-01,2.413097049930731097e-01,1.570937592417203099e-01,1.794118107935095685e-01,3.968709080688700985e-02,-4.678042586502114686e-01,1.691349250860886000e-01,1.401841801583436631e-01,2.098608103332696706e-01,1.483210782093678515e-01,3.945920471986401057e-01,2.336257549935081279e-01,3.328121174308995012e-01,1.786292452254346630e-01,-1.562599238356935094e-01,-1.680967907775470296e-02,1.271675361078963840e-02,-2.510574147717716670e-02,2.343385065781206367e-01,2.100579942501579755e-01,-3.148651595560422733e-02,-1.425393836416661009e-01,-2.686229451371263677e-01,-8.148127258154827524e-02,-1.198295116224363382e-01,2.461010032020297944e-01,3.056944160586017589e-01,3.973015948530544787e-03,-1.454258458647020302e-01,7.369741416054670369e-02,1.091219141200139714e-01,2.661135550859557442e-01,-7.123049975849427007e-02,2.790350292449425562e-01
-2.283864952930193468e-02,-1.134708906362091457e-01,1.379291986395047853e-01,-1.205141630331915820e-01,-2.712776129083604992e-01,-1.014638266953453299e-01,4.649004175344410572e-01,6.222518785768561822e-02,-4.772370681010425220e-02,-8.677997820393286432e-02,-7.567904916354742384e-02,-1.187994290987078594e-01,-7.069277543798929697e-02,-2.092370360159012677e-01,1.696285715364714286e-01,1.545650469834388731e-02,-7.981444837886747523e-02,4.540808279460352426e-02,1.763992885540537417e-02,1.929962409925015110e-01,-9.351594947612996978e-02,1.719140893343331922e-01,-2.776770430573606216e-02,1.586484750024393098e-01,-2.152178178017230825e-01,-9.000382666673355236e-02,-6.763005250084937192e-02,1.520886820062798406e-01,1.912883049911735245e-01,2.697207426555989218e-01,1.489531321913363793e-01,-1.786607756923215204e-02,-2.780854714709402042e-03,8.689608365994883413e-03,-2.956346720295331965e-01,1.530238706849838815e-01,1.641712350875815241e-01,3.646864174893809096e-01,2.975625076094120525e-01,3.322162514247910536e-01,-8.113299890610065068e-02,2.503482550115295746e-01,1.701747559689693878e-01,9.005457018909382438e-02,1.897008136965932720e-02,-1.301043041866933869e-01,-7.997462943965398530e-02,-1.599069693621775756e-01,-4.477011737538272307e-01,-1.578822323323951504e-01,-2.917934316707470124e-02,-2.333281995760158323e-01,-8.935343211643795303e-02,-2.447518358011840922e-02,-4.789758548875698851e-01,3.269998737186987636e-01,-1.811907184124569858e-01,1.081894406773923067e-01,-2.031994023965434312e-02,1.019785288640399357e-01
3.427283688796667338e-01,6.481445196300615608e-02,3.215026478944311983e-02,-9.707048722810193708e-02,-2.531976543255066159e-01,1.260572478274780139e-01,-2.139402056338770008e-01,4.531046281830979072e-02,-1.740827322879472394e-01,-8.510007047456111251e-02,-1.702728186525522269e-01,9.941891452862863798e-02,-3.306481084271006843e-03,3.153771983472705709e-02,3.961037734924613418e-01,-2.893108087373502113e-01,-1.764381744378774527e-02,-1.816866414217430947e-01,-1.976225096545919380e-01,2.687030904566277134e-01,2.487347338578680400e-01,-4.726129062119290014e-02,3.219996623773545563e-01,3.389513106163491440e-01,3.069058813237266620e-02,5.722040310751633774e-01,2.549580097658155076e-01,5.119478138643519805e-02,-9.670443342574486234e-02,1.275098374720164962e-01,-2.908380856049526050e-02,-5.754314260723290136e-02,3.624151278856892894e-02,3.526247616292191855e-01,2.981871987919390565e-01,1.495153194909159822e-01,1.029124172034053403e-01,3.266119741959810918e-01,4.866811280027152908e-01,2.541186113796513046e-01,4.688501854161059024e-02,4.800404295248469899e-02,5.708279096683590952e-03,3.846747762482323751e-01,2.355404032428932981e-01,-1.083825017842132699e-01,4.266754676170318727e-02,-3.826026778839636180e-03,-2.893639336625846159e-01,-2.407569921362028853e-01,5.508561260039690488e-02,-1.587290899141256817e-01,8.461692946817979399e-02,-5.121921889232665392e-02,3.109479746988993293e-02,-3.217458721675595795e-02,-3.158395928375270362e-02,2.209416885127621910e-01,1.876710947644694982e-01,1.338441496514312656e-01
-1.613344675381061036e-02,-1.682569379861426628e-01,-1.675625097003193287e-01,1.728503058860204541e-02,-5.714653261282011398e-02,-1.978085992444008900e-01,1.530576324787356612e-01,4.737921982914901353e-02,-6.414188605312463876e-02,3.296440759527894532e-02,3.618690393645609404e-01,2.006651749475452107e-05,1.142870258748355239e-01,2.492421875042112323e-01,-6.807105339029827229e-02,-2.736139685106331321e-01,-1.148066377457788861e-01,7.532557567102692031e-02,7.573538546723354581e-02,1.231231146877916939e-02,2.784536031495596364e-01,1.053405226336544126e-01,1.532965447751042931e-01,5.441966113882694411e-02,2.982323247520590193e-01,4.336611740134482806e-01,-5.774774553167884295e-02,2.907191471582788456e-01,4.004931695935914915e-01,1.875834027440175314e-02,-7.394255432612516221e-02,-3.252577667724618898e-02,3.032480292726453808e-01,8.949945647314648534e-02,2.485968480120716306e-01,2.333374810795957599e-01,3.120755402392538791e-01,2.484134696569844925e-01,8.820862591835326727e-02,2.085975108733147468e-02,1.971097981112561182e-01,1.580202080591701086e-01,3.402124917709429819e-01,3.289758496832145829e-01,2.464096370905015654e-01,1.925647234225151827e-01,-1.295015203489185973e-02,-3.303707881574821092e-01,-4.733997133718584327e-02,-1.278624984358613659e-01,-1.238764385943735558e-01,-2.424806235016059852e-01,-1.562132820869682470e-01,-1.003902832414823310e-01,2.023511838282775754e-01,-1.325062147207257401e-01,-6.799839747527064784e-03,-1.678968018451175992e-01,1.220634486101882937e-01,-2.548861852559983765e-01
-2.053516323692756163e-01,-3.767834120132092929e-02,-1.535448395696268065e-01,-6.225828867891747276e-02,-4.599875235636532306e-02,3.235234379859482368e-01,-3.309434665225621797e-01,-3.899606149621937662e-02,2.559994737353758071e-02,9.930370423715216555e-02,-7.510538828480979590e-02,-2.648583184584922812e-01,-1.710287131116051129e-01,-3.975129262340303810e-02,1.049138588960751434e-01,-2.074678884697264691e-01,1.312202921134542066e-01,3.267319362853485787e-01,-6.920254285302993025e-02,-4.132133406617663485e-02,1.596004126109942800e-01,2.348015819299285600e-01,8.434799448739924155e-02,-2.889615836924326331e-01,2.890261929715389755e-01,2.432598037802621849e-01,1.376493642419854280e-01,7.101162271975064444e-02,3.629515318789016676e-01,3.356521632874952255e-02,3.571082189417034702e-01,4.056879432714767253e-01,2.805438176602336187e-01,2.122987396250541892e-01,2.393588880187869639e-01,5.045186380449667718e-01,1.079382077940838486e-01,1.959965198277454079e-01,-3.356464418011564227e-02,-2.334587056432038954e-01,2.282520467993302271e-01,2.446387600848731192e-01,4.489316637533634358e-02,1.986916624624915362e-01,1.800473201724689110e-01,8.973594793009974369e-02,-3.215991891106851491e-02,3.079936138332971599e-02,-5.355780714656477315e-03,-2.025465325845969278e-01,3.788557058290250440e-02,-1.532948986831662030e-01,-4.255942843101271356e-01,-2.411402879042012226e-01,-3.421092995328430253e-01,-1.434824049534426382e-01,-2.273138751664489088e-01,-1.468806118789520165e-01,-2.726411412861702299e-01,4.013972109067882876e-02
-1.427556149761386728e-01,4.670992523601610186e-02,5.257598803753168321e-02,2.127907489753107784e-01,-4.866681661128420544e-02,-3.073335259859115778e-02,-3.338192976421633373e-02,-1.173947620775251666e-01,-5.443503085446602802e-02,1.737002645333571293e-01,2.886977798508661985e-01,-3.115243308830624724e-01,1.479107732028880906e-01,2.985845473605962530e-01,9.791135073088055862e-02,8.593076431637045043e-02,-2.307479685075189413e-02,-1.529933145328442323e-01,-1.590266711346716155e-01,-1.610313799510655342e-01,1.041305415369772475e-01,-1.221349988563407152e-01,-4.050318524883669835e-01,1.489669799705171938e-01,3.821641273901050795e-01,2.411618951058835114e-01,-1.441365236007386141e-01,9.460269632114400029e-02,8.016527387486396816e-02,1.140065809844766215e-01,-1.905218687503763483e-02,2.179626414269350276e-01,1.874326905796809550e-01,-8.341192570152317076e-02,1.184598733558885064e-01,4.223672654867340059e-02,1.366297188773348825e-01,1.492281031340300657e-01,1.574088778829349500e-01,1.270453813295878975e-01,5.157041577510952657e-02,-8.425089606419482180e-02,-9.941271726240430429e-03,3.534663237766626498e-01,3.747007053322923276e-01,5.522275751436499062e-03,-1.236123760067458360e-01,5.529605468526882506e-02,-2.694513397391378740e-01,-4.504671272600909715e-01,-4.217828506726298277e-01,-1.556632405598227728e-02,-1.224666850362071263e-01,-7.439177819167593075e-02,1.012239744001507125e-01,4.730421353417596682e-03,-1.257217025366227370e-01,4.678408415366384909e-02,9.708527017273023418e-02,6.337075368712299928e-02
1.514846211638902207e-01,-1.372725044748833723e-01,-2.311178478532353309e-01,3.396064869342032000e-01,3.843330634412757130e-01,-5.747397487306012132e-02,-5.849767956858116513e-02,1.733736705482142038e-01,-3.166585574316151119e-02,5.372431639601647074e-02,1.495236533104618293e-01,6.067351411307544407e-01,-1.614167505415578241e-01,-1.908130421324583104e-01,-6.676328356236525818e-02,3.065706332767431097e-01,-1.374047394287594981e-01,-1.673163703051581408e-01,6.194513692647558856e-02,9.577798522962381600e-02,9.472427259520679876e-02,4.000711818006209564e-01,3.320109763404432979e-01,2.452939366477106531e-01,-2.858087738019310202e-03,9.998316909689161647e-02,1.525784795184987330e-01,3.030312145202826990e-01,-2.368467261100581367e-01,2.361905402333951687e-01,7.060780053715015603e-02,1.007635691364627871e-03,5.389576357332315215e-01,3.946566407164064927e-03,8.159020252384861782e-02,1.001617400141474185e-01,2.413545287667526185e-01,3.160451982449331565e-01,1.946272491205029986e-01,2.601403560402623105e-01,1.064543233689732860e-01,5.047359381983247684e-02,1.630269374797261028e-01,5.146324896041553076e-01,1.662475453503768907e-01,8.408329868846056709e-02,6.933660895107973676e-02,-2.409953861275923245e-02,-5.911341418135492715e-02,4.092116259773719011e-02,-2.316157890097524097e-01,-5.709325044233741486e-02,-5.183971693233901945e-02,-2.282640419559598954e-01,-1.709808086975816155e-01,-2.133219108598116004e-02,-4.553146396260888129e-01,-3.445775515270765865e-01,-1.494886869409334240e-01,-1.039769729666764064e-01
3.401632923943631592e-03,3.258658064459896697e-01,-3.176271443149599610e-02,2.777640803034160943e-01,1.882126465460100539e-01,3.771984463171698110e-01,-1.113108101181631004e-01,1.189330921826935727e-01,7.770910412202709783e-02,3.718112480315601820e-01,-1.776643292078615155e-01,-5.203606177790771892e-02,-5.942717505942274325e-02,-1.424938371974641405e-01,4.105957857285366108e-01,1.857627503775830247e-01,1.217122813301818596e-01,-1.058381135366766451e-01,1.775670958750931727e-01,-1.184206195275235018e-01,-1.338549274253346133e-01,4.374966180502206647e-01,1.752701547065103616e-01,2.762311817963841176e-01,1.600661397576578354e-02,2.088870223632965373e-01,2.255621803934055036e-01,-4.910245238193014505e-01,-7.694040541949304091e-02,1.403362874469001320e-01,-4.189154155319656236e-02,4.108371363981587199e-01,2.247696679013405086e-01,3.866886145094576843e-01,1.718528121512321594e-01,1.918731699361141407e-01,1.592870714174089708e-01,-2.448807100708527140e-01,4.145473361944359558e-01,6.711633347454518117e-02,3.179774779834060316e-01,-1.451888408782356643e-01,1.027796058196625423e-01,2.692417163772466981e-01,2.472936015330198800e-01,1.337097916631154182e-01,1.356363713263101511e-01,1.881224599560819138e-02,3.073851236504464013e-01,2.485176636287321147e-02,-2.212499157163754226e-01,-2.136650619154778497e-01,-1.420267710408441297e-01,-2.558044626831537660e-01,-2.950880777549652612e-01,-4.349865916532131283e-01,-1.401272053540302265e-01,-1.904380399317363859e-01,-1.917779563826096934e-01,-1.771575499661162956e-01
7.937649876540360527e-02,-2.233402275427845696e-01,-2.749341409906979061e-01,1.496236103787783323e-01,-2.218733540340128152e-01,-1.815625930100491781e-01,1.187251460892253530e-01,-1.221305280179317138e-01,-4.939672720797692873e-02,-3.095356661463919898e-02,2.059134129356766374e-01,-7.293362557278387781e-02,-1.148639384272600872e-01,2.347656010985254074e-02,-1.221641289639886219e-01,4.087615101060635553e-02,9.217964711671081113e-02,6.634942688151881929e-02,-1.254777556563499985e-01,2.817551179295470914e-02,1.431414242083874355e-01,4.465364519290290213e-01,-7.341135660284694997e-02,1.802761239320828379e-01,-4.742695293348977298e-02,9.532877256348330774e-02,-4.649256822631054331e-01,2.040706598254621862e-01,2.853805514872614912e-01,4.094731495211297312e-01,3.620515967520080425e-01,1.602540028144795736e-01,3.900164255814620451e-01,2.434252314826822194e-01,4.469559920269418340e-02,-1.976049650838344607e-01,3.110123998555910374e-01,2.045627005104379281e-01,2.867387657860692163e-01,3.409991411262641714e-01,2.380563485865576645e-01,1.302511769027780431e-01,3.056154366525959398e-01,3.505471879182704004e-02,3.059186961525331427e-01,-7.774846369157750563e-03,1.352307897868791284e-02,2.115593950428054093e-01,-4.817817645189530901e-02,-6.504458485861111527e-02,-2.209865504323969554e-01,1.807213631566294554e-01,-1.017211488870924108e-01,-8.529576636173161197e-02,-4.266133272462251935e-01,-2.413167010024415970e-01,-8.851166125267852236e-02,-2.001426041600836148e-01,-2.824699660715329075e-01,-3.037048771175475670e-01
-1.948381606669848110e-01,-1.158788012604796969e-01,-1.964291145164485108e-01,2.336163866537046552e-01,-2.758134485480583931e-01,-1.883102760893525240e-01,3.076186774014827430e-02,4.143753534151720791e-02,2.153747762505780761e-01,-1.645495651288266248e-01,-1.319242327204969180e-02,-7.029111999491738719e-03,3.016616258749543755e-01,3.485196995976667655e-01,3.312304729629007016e-01,-1.089814960731600585e-01,-7.018490147385522682e-02,4.568687134291234131e-02,-6.326161654656391187e-02,3.916204179259538676e-01,3.366628080473214601e-01,-5.366842045586396603e-02,2.402015465153347351e-01,4.179163034630824225e-02,9.693514483377095592e-02,-2.219150726198479140e-01,1.712682874288776885e-02,1.332952735458457771e-01,1.516579371287767319e-01,2.248230125512072630e-01,2.756037237718753641e-01,1.795220298557363425e-01,2.361726711526515587e-01,4.347102335592022415e-01,-6.637831434033544808e-02,5.609760719679817154e-01,3.406251208826601706e-01,3.764053750453372760e-01,3.293280217821267231e-01,1.123291000023975555e-01,9.645858744491110637e-02,4.273959455458659074e-01,3.355870872807822924e-01,-2.444718481891077211e-01,6.148425117802063244e-01,2.276795857329899364e-01,9.227995579492272171e-02,2.649608531513604204e-01,2.856728786390451136e-01,3.332241910716370326e-01,-1.968826123298887953e-01,-1.496529470227870792e-02,1.037928275845222126e-01,-8.818233496594130028e-02,-1.984591113790635242e-01,-1.867781163557868940e-01,-5.017290674760516156e-02,-2.723645365409319563e-01,-3.930984105649357185e-02,-1.157796827466151257e-01
