5.715037207637471139e-01,8.161863578803266739e-01,7.352497665444500674e-01,6.598129830516367145e-01,7.286176103870817267e-01,7.343627006526649570e-01,5.605287602586301876e-01,8.002554729518200904e-01,4.506845877730240590e-01,4.076671236199946868e-01,2.487444972642636754e-01,8.485399541837596038e-02,1.048340413947261018e-01,8.017866725243964765e-02,1.186746284198953727e-01,-2.110785499347110350e-01,2.281876433951676719e-01,1.885164574525269032e-01,2.704819445124945765e-01,9.324788274097237095e-02,1.297774997573845034e-02,-4.427596064788334035e-02,1.322635853978477716e-01,-6.687682425330532254e-02,3.094229446156811919e-02,1.421832159230809745e-01,1.027064464903137131e-01,-2.672659794417710927e-02,-6.000426443765845275e-02,4.104040636842320837e-03,-1.215771235242095738e-01,-8.415850299894570008e-02,-3.398967293378964971e-01,2.654933501407004681e-01,-2.133352773019441262e-01,-4.533384175883244278e-03,1.412826381763353512e-01,-1.482002216433932207e-01,1.949350520682401888e-01,-8.863547407649993715e-02,1.672636532483018912e-01,2.508173724902124091e-01,5.281980917609914450e-02,1.025332773339781844e-01,2.055023473501147446e-01,-5.797256108649384565e-02,8.088414194057511053e-02,-5.197584105948244160e-02,-2.075854732569297756e-01,2.266312296330734721e-01,1.233739850730776466e-01,1.504362939259918375e-01,-9.493737101728835781e-02,2.447946488568590317e-01,2.024645578754419029e-01,-2.625595875486018693e-01,-1.735648286173624988e-01,1.138983327199315776e-01,-5.553504766382980767e-02,-2.330144913435145543e-02
6.532099210039559178e-01,5.711546144252576118e-01,7.337972534729750862e-01,6.523721741113825967e-01,6.524701357428595028e-01,6.496848459522573949e-01,6.457513837840160864e-01,6.420560805722431708e-01,5.424682045320590174e-01,6.942840637519157587e-01,5.051267450138887671e-01,4.126164745386775579e-01,4.284813294799215133e-01,1.330732164338519485e-01,9.314185076197240357e-03,2.061717345682033756e-02,7.477155591957000691e-02,2.041299333294267423e-02,1.886146080400551983e-01,1.665470683488534109e-01,-5.231196490141121203e-02,3.493716243137386795e-02,-1.946889297474502928e-02,8.813891738139832677e-02,-2.928785471534373075e-02,-2.008457136825448353e-01,4.600572463128099199e-01,-6.637797324481985173e-02,3.956151956849501827e-02,2.396428563284943303e-01,1.384723205588404560e-01,9.951860866747772039e-02,-1.737727927744958101e-01,-4.550244823938276451e-02,-1.086871389768346019e-01,-3.828745530099820354e-02,1.274553542821298645e-02,7.278613437749364978e-02,3.317946616658965509e-01,5.693771435878418330e-02,-2.617690949716894311e-01,-2.824598376910708586e-01,1.442140468275361076e-01,1.608070894307343096e-02,1.918394670931800328e-01,-2.247868375306806554e-01,1.388454805692904692e-01,-6.966836064557194175e-02,-1.238786189919544450e-01,-5.113679206210040157e-02,6.684699813971545224e-02,-2.831072272101180926e-02,4.442607766953236142e-02,-1.209138873269641756e-01,1.007941708637838342e-03,9.529326974458358912e-02,-1.214766421465393320e-01,-5.495173590828154875e-02,-1.125620165330822875e-01,1.221136392583426211e-01
7.344120315534639065e-01,5.710511422094043388e-01,7.343198988982082565e-01,5.706877805970766993e-01,7.337908912662035599e-01,6.166904968816602217e-01,8.102978703894342383e-01,6.489363052450245473e-01,7.936340031170722176e-01,7.905056914610285590e-01,7.117290468314209084e-01,5.456984679983837294e-01,5.813316304597802020e-01,4.361298646610242136e-01,2.600139539433822256e-01,3.935777870381335780e-02,-8.163486407708586690e-02,1.238139904077852071e-01,1.316020120266739035e-01,-2.479981672005068527e-01,-1.796089537406701520e-01,-2.644798291237268617e-01,3.507376076853753188e-01,2.168107225561565765e-01,3.476512004834099168e-01,8.814170024847300944e-02,-1.274838931521297403e-01,-3.250843909652278430e-01,1.750287543565713366e-01,1.015622176158662363e-02,2.290430768869773925e-01,-1.350426072333839600e-01,3.880831889240646260e-01,1.720499924909495715e-01,6.002865144075941739e-02,2.548965928202436837e-01,-1.137250147593264343e-01,1.407797949955715278e-01,1.604601936661412542e-01,1.970585238144597628e-01,-6.434330472049050453e-02,5.039025221669676119e-02,6.230886278100604414e-02,1.283543225920651676e-01,2.198810475615606969e-02,-8.019168201238814631e-02,-2.279234978007954326e-01,1.547055448120530363e-01,-2.514054463698660036e-01,-7.871166889803618560e-02,3.141512012185786462e-01,1.192646255423264606e-01,-2.663139468422449641e-01,9.077609401786375376e-02,2.419559318740818754e-01,1.271658091314563088e-01,-1.153891147926488225e-01,-3.643565650549774881e-01,2.446391478313030346e-02,-1.123102645420212681e-01
5.710400541981500711e-01,8.155331460311716629e-01,7.358012578409987015e-01,6.515221050222443910e-01,7.305387535561655987e-01,5.670779864996046138e-01,7.337672913623238813e-01,7.346949370868044449e-01,8.128631685923674022e-01,8.189454240498527104e-01,8.192955089537727886e-01,4.717888669271150803e-01,7.550639704266731700e-01,7.227412420828563944e-01,5.808232504081061176e-01,4.574100866851661396e-01,3.864950574912822678e-01,2.872521476491102232e-01,-2.054772125680561293e-02,7.718952239998430609e-02,-1.714833101763089257e-02,3.924272124648271048e-02,1.225532184297849735e-02,-1.198265310484823570e-01,7.474352416099387664e-02,-9.742865615168735949e-02,-8.781428589248404387e-03,3.797303921252982717e-02,2.196165319677727962e-02,1.193674044116512095e-01,-1.290452005508886391e-01,8.412008873468498904e-02,1.218317658718745013e-02,1.274013670190500269e-01,2.586442688141569329e-02,3.139166486645027232e-02,-1.845517307310821642e-01,2.548703944831262613e-01,-2.418535819428209166e-01,-2.279904054956751192e-01,-3.365056616729406209e-03,1.756182931177950601e-02,-4.112181577592298465e-02,5.959000206077778167e-02,6.007595645254750621e-02,-1.839633706873955443e-03,2.439903592683214661e-01,-7.791118185316844857e-02,-8.830311460340142804e-02,-8.682590208673780091e-03,2.358946859393581674e-01,1.156371559427500362e-01,7.696006806008379164e-02,3.843185907492273623e-01,-2.844446269508739064e-02,-2.490168226545650398e-01,2.499383629661031669e-01,-2.131033921575530010e-01,2.665683279929754734e-01,8.088749990816962443e-02
5.700315460902748432e-01,6.533725730547399468e-01,7.330517868060675291e-01,7.334329347143424549e-01,7.309835199778120796e-01,4.820116236236290375e-01,7.314472255537134426e-01,7.270271386544535641e-01,7.293887662561242546e-01,6.461174249793417701e-01,5.696296409353527324e-01,7.931176408864549776e-01,7.791884454370084923e-01,7.606733901294456812e-01,4.918727589570301428e-01,4.120992327768099872e-01,5.156149621324450649e-01,3.987061269355073323e-01,2.046479234022489935e-01,-2.367626054538653213e-01,-2.979863437914017643e-01,-2.629841201004670115e-01,-3.906055662150858393e-02,2.647861571086879695e-01,-2.281722886054342314e-02,-9.155185230754957215e-02,5.357136436117474615e-02,9.534264337500669706e-02,-7.738714656654546720e-02,4.212147143687188233e-01,2.503665049038464874e-01,-9.457799048016549137e-02,-7.720704715431092602e-02,-5.581521525071821838e-02,7.470528285402944051e-03,-1.440559441531074902e-01,9.023694197110998516e-02,1.297475528646604426e-01,-2.883216757188771309e-02,2.183656268663329014e-01,-1.852456396508166125e-01,2.894459726786676734e-01,2.441788931750500102e-01,-1.129314811380732753e-01,1.542666823840591894e-01,-1.048538213301741379e-01,8.252967599772284557e-02,-9.106447167380624097e-02,1.279256851094749403e-01,2.135431000960234110e-02,1.760562263826114804e-01,2.439857690330771156e-01,-1.558673561189014012e-01,3.737379059074413812e-02,1.939522693232967887e-01,-6.565646119584564455e-02,-1.852237899397601861e-02,8.058036311681218700e-02,3.614914477937496984e-01,-1.718656447518961961e-01
6.536394326622134709e-01,5.704589835122280128e-01,6.508891619869933143e-01,7.329497418398391861e-01,5.718182885966133222e-01,6.546645419104891728e-01,5.701263214385299261e-01,7.217705725767129543e-01,7.247641730213447708e-01,5.626398249867882173e-01,7.397361181479249481e-01,6.303817464248824276e-01,6.457707837831525577e-01,7.371577120168509856e-01,7.002357955356499630e-01,5.402845932491503467e-01,6.632936169317809050e-01,2.956006914298433541e-01,4.193110493832856167e-01,-1.319010663698669816e-01,1.096783368380690182e-01,-1.263799309716508446e-01,-4.425361034936139970e-01,-6.533588740259649481e-03,-2.472811562687711184e-01,-1.430062282589198708e-01,1.340128146335204939e-01,8.325826503416962343e-02,1.053786396255362440e-01,4.532851774465459366e-02,-1.078175250355738468e-01,-3.093681502420840904e-02,-1.058066395990364672e-01,2.200211381499013741e-01,-3.051431086912448354e-01,5.142020051288074406e-02,5.936700727640009667e-02,1.926528515613455395e-01,9.207608427727231176e-03,1.399718745340852166e-01,3.884819021111125814e-02,-1.385970249067236494e-03,2.094322134440301103e-02,-2.673778234832556097e-02,1.086540722202735676e-01,1.531300270027712573e-01,9.604998171707404553e-02,1.726545772942636447e-01,-7.061289594135662651e-02,-3.193916250965634501e-02,-2.691496664899924868e-02,3.299124706292966280e-02,2.452192880355533178e-01,-1.623253152093551976e-01,8.144419469345690055e-02,1.033131836464251747e-06,-3.830361941562977768e-02,-2.402467509407000407e-02,-3.983002139374711842e-02,2.026682376278299454e-03
7.347422049117330323e-01,7.343902194336887623e-01,5.701389633870737050e-01,6.549613867318987426e-01,7.342011512079926749e-01,8.170176047771947614e-01,7.248563000054433214e-01,6.527399280915073820e-01,7.245356813901456805e-01,6.353973035187516771e-01,7.274624371860171079e-01,5.719370005079446040e-01,6.900573505915199579e-01,6.795818850434705016e-01,6.892863530217030466e-01,6.896065120962794337e-01,5.997692483771941419e-01,5.445168923306196174e-01,2.392912106168415265e-01,-2.107254989955647528e-01,3.611212064602519201e-01,2.111585167603268476e-01,-2.035267439112085908e-01,-2.443634592683731621e-01,-1.887725025957381064e-01,3.579336365430118017e-01,6.500324597367265755e-02,2.593145747649606703e-01,9.172367328297663380e-02,-1.095976792436419850e-01,-4.121142226446876111e-01,1.877383315518336704e-01,6.180416075607022414e-02,4.298222514761687596e-01,3.721521323285357230e-01,-1.790644166460516051e-01,-4.023546168768986631e-01,-1.161333837725844476e-01,4.296353777107341787e-01,5.098713313468840325e-02,1.391336265562302943e-01,-8.401957971915442053e-03,1.164934669354433378e-01,1.294152885035770818e-03,6.576065984725573688e-02,1.592721020553811984e-01,1.222150159512491313e-01,1.788690595006016959e-01,1.582272266980561158e-03,-1.552644615424390029e-01,1.835977468117224176e-01,-2.917606592968204349e-01,-2.719882233947623074e-01,-2.628009297959139554e-02,2.444855578914642003e-01,-5.391096202778165869e-02,-1.899679722599759424e-01,-8.300694252688867181e-02,-2.957734558414431419e-02,-9.966034694396135041e-02
6.494268717301958649e-01,8.140375888635261736e-01,6.504233000327401815e-01,6.485704942631070891e-01,7.312476623744847970e-01,6.519693519802153281e-01,8.135501832022924429e-01,8.046867709783358524e-01,8.145220693365204934e-01,7.219013925702514323e-01,7.155889488701308032e-01,5.495162409208809162e-01,7.177089021607688801e-01,7.021759743623241512e-01,6.096974101347543140e-01,6.920244247315536779e-01,5.985985732901397682e-01,5.915341376038439902e-01,3.264434454958638487e-01,2.061928588249768365e-02,3.162001616898882927e-01,3.096619511638347769e-02,-1.177971292020492805e-01,-9.940226555764446192e-02,2.087690543927809422e-02,-3.457999225372375696e-01,1.096920514546562558e-01,1.023212286411715778e-02,-2.922470988645494705e-01,1.011417179847988040e-01,2.498965889727287615e-01,-2.095975345304727233e-01,-3.108158018238228459e-01,-9.970609581683219369e-02,2.426628718704698928e-01,1.715766041342584036e-01,2.551954971698845442e-01,2.020609652358033304e-01,-1.453594865823406579e-01,2.536096784676294957e-02,2.325196387803289411e-01,2.271252543387542455e-01,3.050957319342112450e-01,9.072544174252887561e-02,1.287565455835488169e-02,-9.467372076013237658e-02,3.674754511886750563e-02,1.551033770244780730e-01,-9.192485692468446712e-02,1.293050309494966910e-01,3.780579299791174686e-01,1.449404212066410513e-01,-6.763991974788183259e-02,-1.475673732339502775e-01,-1.515831485676339130e-01,8.012507153280234301e-03,6.640581489384693448e-02,1.287296411485954195e-01,6.951194491843823431e-02,-1.111799737328307211e-02
6.513405247563065492e-01,8.167164521873099270e-01,5.696020343399309516e-01,6.466921908337645020e-01,6.486645921042187846e-01,4.655173543679683723e-01,7.314490397680001310e-01,7.243120449130404648e-01,7.193894600408382578e-01,7.278281309093890261e-01,7.192663678096703483e-01,7.914104498271097299e-01,6.297314359170129716e-01,6.790284176204999245e-01,6.104225640137002085e-01,6.909365828517712860e-01,4.664476163874394787e-01,5.519883229762140298e-01,4.034377242413839104e-01,3.340003003880577248e-01,1.649260712038171373e-01,4.358392043814987571e-01,7.554810317976035083e-02,1.185032126887072823e-02,-1.267343638997445697e-02,-3.799551181432340302e-02,-2.011469676017166586e-01,1.013518433274189778e-01,6.139772255407701523e-02,-1.384368047568399450e-02,2.162532986816077807e-01,9.565425053640115582e-02,5.232093679931557745e-02,2.524441437479253425e-01,-1.237795488081670781e-01,2.857927780121490846e-01,7.704396393734420923e-02,-1.829861048321511641e-01,2.219475990846708768e-01,-8.990238761157406944e-02,-1.972909858014317563e-01,1.355471413953204286e-02,1.121817261062519611e-01,-3.546748741776160618e-01,7.235831498276479312e-02,2.877640521169039789e-01,1.510053790167656118e-01,-2.744623259576139951e-02,1.713336828390430583e-02,1.117965014159160164e-01,1.852825608305426197e-01,2.046801690263473361e-01,5.012610760523859843e-02,1.434524867660076919e-01,1.273104679303420084e-01,3.874720025467622841e-01,-1.079810447981587596e-01,-8.062199276475934956e-03,-1.921031000540254496e-01,8.752944930397173195e-02
5.715481871629499722e-01,4.882805250316565870e-01,6.525234940919515392e-01,8.042196394808488469e-01,7.318583538337386507e-01,7.291507219708009968e-01,7.328228875904281292e-01,7.281368232783043126e-01,4.130965370463540731e-01,6.547716765792231941e-01,7.288291459538055461e-01,7.928411486590858370e-01,8.138901680213483925e-01,5.627069085871256870e-01,6.076159728389620707e-01,6.911035155224525273e-01,7.604850320719040990e-01,4.966316148348661197e-01,3.441549406465467809e-01,5.018215639585071886e-01,2.746073166767736273e-01,4.522344386988450538e-01,1.920217339415461466e-01,-1.815566935028538678e-02,8.482681943968908844e-02,-1.211253710219710317e-01,-2.578647646102044666e-02,-1.434680653642474435e-01,-1.373521910494116260e-01,1.846831071196950724e-01,-6.365099283607389413e-02,-4.371615451102692923e-02,7.863290576019588141e-02,-5.544639162300211283e-02,1.567942699406505713e-01,-1.365060189215225317e-01,-8.235199508892918074e-02,5.364081397715023680e-01,7.419756067177651904e-04,-1.615169316548278888e-01,7.120491971592612934e-02,6.558428040627908850e-02,1.818902504815771148e-01,5.807180294610447824e-02,2.284640151314147882e-01,-1.767166766566449776e-02,3.023304086850264194e-01,-1.603650410833338813e-01,2.040888194895310037e-01,3.288157825593129302e-01,3.769665293671214945e-01,5.515765572190297478e-02,-7.644228323236556752e-03,-4.278404419584042051e-02,-3.720113333834095259e-01,-3.342116330361095955e-02,-2.182597325123628862e-01,-1.307435693642651775e-01,1.017119426272756338e-01,2.379852987129069675e-01
6.472508920389088427e-01,4.874218910719639308e-01,7.315395301481008028e-01,4.874295066567464474e-01,6.363655364306753937e-01,4.056224978836632244e-01,8.174671531780145495e-01,8.102664260875865887e-01,8.097831344106684037e-01,7.936173994592089498e-01,8.099773699519104975e-01,6.457619085963324235e-01,6.280413854555809694e-01,6.128341845782723230e-01,7.048260096650740270e-01,7.106479836076546874e-01,7.479510015500993036e-01,6.197612421977024555e-01,4.047537557198616076e-01,4.793757559785496447e-01,4.860369416109720092e-02,-5.388248941467332909e-03,1.640774194815095011e-02,-4.884828450454434950e-02,-2.033543157932498624e-01,4.590054731531671706e-02,3.047244865543853320e-01,-3.763285665784351641e-01,-2.630606181245687680e-01,1.813364856325817009e-01,3.338989400547959924e-02,1.634813467816595145e-01,1.142294121495875947e-01,1.220134419213406499e-02,-1.613765340155781935e-01,5.929555510803290186e-02,-3.071064614072860355e-03,2.783594545345066118e-01,2.929175819088852828e-01,-1.361749705009777378e-01,-2.511554579265872778e-01,-4.632208122583338777e-02,3.016679623182791925e-01,-3.925248692996780031e-01,-9.970356541005735707e-02,-7.164901962598373142e-02,7.363880256920221634e-02,1.069516103531835058e-02,9.840850882364901575e-02,4.046301070941288880e-01,2.095504165656859041e-01,1.689372373795066662e-01,1.402646105493519924e-01,-1.734913844638462932e-01,2.603637094463746582e-01,2.963359956747482760e-01,2.236604269467096506e-01,1.597044159694218507e-02,-3.481382399964401408e-02,2.326281895003912137e-01
6.528500681635347469e-01,7.671104681435425565e-01,7.084027983235170467e-01,6.565792754119865737e-01,8.100475388378709507e-01,5.564585060161080232e-01,7.224369217576663837e-01,4.079920869604508060e-01,7.102243333750903886e-01,7.990291350540513760e-01,7.907453704381378623e-01,5.710637264165342453e-01,6.208370903051272371e-01,6.113695922478562528e-01,6.837530910378195603e-01,5.373143248423197793e-01,4.844201227018467004e-01,4.378383722654074495e-01,5.107681487845263657e-01,6.326375601047364849e-01,4.138497247271905044e-01,7.750050817639933531e-02,-3.927045250081647593e-02,1.502693877133679801e-01,-4.603489597232102715e-01,-9.022052595924322932e-03,-2.472971616924144606e-02,-1.886463548744908292e-01,-2.329261820052591081e-01,-3.056655197420555803e-01,1.472231666310922504e-01,-4.731887580263183929e-02,5.035926942336992063e-02,3.089968490549790947e-01,6.698779485010526724e-02,2.866669540271341021e-01,-9.575258537275896376e-02,7.107403805374704064e-02,1.555506315623909619e-01,2.569494000833646430e-01,1.204486247447076747e-01,-2.784913461140630653e-01,1.659936494956508746e-01,1.943443676238383322e-01,-3.924016064838635742e-01,-1.031682731185174229e-01,1.703598279063606447e-01,-3.009351848686792064e-02,-1.974335646233333907e-01,-7.556120550308956241e-02,-4.614252632372653484e-03,-1.357688445041992931e-01,2.368824822376647821e-01,4.103846610645577320e-01,9.046767706533290210e-02,1.596805825153881919e-01,-1.205144647921065071e-01,-9.223389607681417579e-02,2.564721537092853193e-02,9.911230148014285590e-02
8.016943418785423825e-01,7.400762657122654797e-01,8.145026275437572405e-01,6.463016533121713758e-01,6.566933609387162196e-01,7.280013970306788984e-01,5.732121286740199384e-01,6.585272007825573315e-01,6.392509667481591773e-01,5.610795354935873558e-01,7.249123247277620141e-01,6.430771959480281463e-01,4.684216816522093763e-01,7.817883240724257110e-01,5.233278724167916840e-01,5.237197738849336259e-01,5.716022581822252091e-01,3.134716859216872820e-01,6.041454425517333027e-01,4.413279896090556709e-01,3.463646489203895951e-01,1.526467497582422728e-01,4.473326879483856544e-01,4.497724986549250237e-01,-5.807836084285959016e-02,-1.458827215056641147e-01,-3.471148624483076373e-01,-2.831442668675588914e-01,3.077884060969417884e-02,7.345337933694492949e-02,-2.179180024123048010e-01,8.725265407621521016e-03,-1.859294559193793717e-01,-8.109355197236244039e-02,-1.540984506286400268e-01,2.596121276828124436e-01,2.797559465918419974e-02,1.492842333713320646e-01,5.403421906362234489e-02,-6.598011872295894351e-03,-2.556069945045321562e-02,4.379967576263688045e-01,-5.082293180554006001e-02,-1.237093647055820256e-01,2.355511951893671241e-02,7.610540057324999275e-02,2.063806812813673286e-02,4.787262461685902470e-02,2.815541421467597227e-01,3.196748025714648556e-01,-5.137081212571622396e-02,2.836773883926825279e-01,1.172628803609907788e-01,9.474647968991056768e-02,1.358839788153223260e-01,3.862855718773444691e-02,1.018706205934854364e-01,-3.773005773115729045e-01,9.753187614810032713e-02,8.592753619368145857e-02
7.413019751767351284e-01,5.711962397134908720e-01,5.498357445849693104e-01,7.349434219017525471e-01,7.314579737374996560e-01,7.260874095389819871e-01,4.077659913614969933e-01,7.169371197001962459e-01,6.336376912990788757e-01,6.621750015535237122e-01,7.047371489776443898e-01,7.352444394241868242e-01,6.292298061934540332e-01,7.760373461206058199e-01,6.910311323712567955e-01,7.819572226706591467e-01,8.009247385898902172e-01,7.112716751960375117e-01,5.204809598734442266e-01,5.651182666237154484e-01,1.899858682354489958e-01,6.612528916817076441e-01,-1.836338346430193558e-01,5.584604336754249720e-01,1.706088831861305444e-01,-9.267205568084371792e-02,5.723466317083136801e-02,6.754822322816066149e-02,7.634295043612482692e-03,-2.716649464402202119e-01,4.970119721169778682e-02,6.548675890511848618e-02,3.006819618198773303e-01,-9.149965236128861090e-02,-5.040561912479284146e-02,3.158877464818324876e-01,-9.245886734630092904e-03,6.118761575644553197e-02,1.024412430937137880e-01,-2.483443055546382394e-01,1.941332195544359096e-01,2.148318102889036907e-01,1.303714262589267536e-01,-1.800864166004490508e-01,2.589518667040614508e-01,5.575119463724922259e-02,-2.566303958423097470e-02,1.507762163086349139e-01,1.821619860041653605e-01,-2.500100189192902556e-01,1.241734497258177028e-01,-2.368678153909352935e-01,2.490913834559976281e-01,7.219234159612179791e-02,2.421992939722231175e-01,-2.740411095900269212e-01,3.907401978376265350e-02,-6.445402521563455001e-02,-1.289885432715916769e-01,2.442159737077848336e-01
6.430751489159363121e-01,6.459511342913648591e-01,7.295815355621858567e-01,6.397005982366538168e-01,6.468238306536499005e-01,7.236684650954322562e-01,5.643442923826932356e-01,4.866864964613736300e-01,7.088741136109442120e-01,5.435052416253365326e-01,7.856296014273916883e-01,5.402332880445921415e-01,5.443550355523459894e-01,6.785975057130690935e-01,6.066955610048323511e-01,6.721226270525844093e-01,6.416016127655927992e-01,4.640342773397428400e-01,5.469808303362089230e-01,4.608265085946430806e-01,5.460880874433835519e-01,1.656102045363138653e-01,1.509021210822545332e-02,2.793486779590899013e-02,2.085493840148044120e-01,1.219434339291935732e-01,1.620979051042990560e-01,2.513752956348301870e-01,1.559980517851030368e-01,-2.900769134063492793e-01,-4.171719568281241630e-02,-1.086024009156660169e-01,-1.314988622158547726e-01,2.945119438427616920e-01,-6.233997674084080023e-03,8.572635666914299457e-02,9.053296088238474426e-02,-2.763185405095229252e-01,6.164166024004998912e-01,-3.180519581375769456e-02,-2.884370386309954015e-01,-3.874798517922413699e-01,-8.051357453321913993e-02,2.062546679788991241e-02,-2.835575857265360544e-01,-6.234799760610328090e-02,1.469145008929106100e-01,4.649829439651131935e-02,2.542320474546274633e-01,2.688215335953610396e-01,1.403204366832274397e-01,-1.121435601419475125e-01,1.415851783264688302e-01,-2.394806128848762650e-01,-1.688399449910007177e-01,3.068311271727087661e-02,-9.400635158855059903e-02,-8.909969897883179835e-02,-2.119930413795578783e-02,-6.258228935265304493e-02
6.369902350240412847e-01,6.389087768795336242e-01,5.796990342979916333e-01,6.305597594522021065e-01,6.357236835461275160e-01,8.186719746119622831e-01,6.429009773719134291e-01,5.441730869731359332e-01,4.013473670132211568e-01,6.133378612643567429e-01,6.375766410341652257e-01,6.240630431795849420e-01,8.161183939381730923e-01,6.685870917523601964e-01,6.000501765320782610e-01,6.499459691445970133e-01,6.091172148285347587e-01,3.916926073530982988e-01,5.474905930314639679e-01,6.141297612404354733e-02,4.016803261655105817e-01,4.506311515582538396e-01,2.140669545961205456e-01,1.109636571448335829e-01,-1.819867418907353540e-01,-2.264793568444630201e-01,-8.588311828286721017e-02,-1.082345313023791722e-01,-1.492986294168152650e-02,-1.448205620810010807e-01,-6.882348170595610493e-02,-2.772155323616632902e-02,7.432394491443712614e-02,1.564901357971344720e-01,2.099602671226511175e-01,1.550536994333952534e-01,-2.017172498202922382e-02,2.532946482082524264e-01,3.649920244733529939e-01,4.125801833586693057e-01,-1.825598942840195860e-01,4.334686092476820463e-01,-6.859366583837875342e-02,2.042357723549842741e-01,-8.595588875135698470e-02,2.316216267490472380e-01,2.496871018806126608e-01,-1.401333792387680910e-01,-3.793036526730454716e-02,-7.958225117900549761e-02,1.780081743671611538e-01,1.833586470061149831e-01,-1.211445793403333748e-01,-4.058282562721746700e-01,-1.244535777405716137e-01,1.129736894762377319e-01,-1.485098975221559869e-01,-1.599568617975389573e-01,2.858221576680253229e-01,-9.637837521481063419e-04
7.219382415721964374e-01,5.632819770341189747e-01,5.570990692606321293e-01,6.388129384267019484e-01,7.352893356085450360e-01,5.611933380820040007e-01,7.195529371329609791e-01,7.424264841964974826e-01,6.280961450882157626e-01,7.337047515229987438e-01,4.800253574295079706e-01,6.885733310413856278e-01,7.920596637324622824e-01,4.534661252475561399e-01,6.042704841270961635e-01,7.583867741133472062e-01,6.105396878138946715e-01,6.402220265139924038e-01,5.050432325568843250e-01,3.929644062637656643e-01,3.867992034987097205e-01,2.464348113991527423e-01,1.822208542190450198e-01,2.924810883411800289e-01,1.798633323778148219e-01,4.817737074574444944e-02,-3.696271620475861108e-01,1.044934573371734121e-01,-2.078170509181374581e-01,1.981196758355067630e-02,-7.931193137022765627e-02,-3.034910158884401854e-01,-3.872886308181263670e-01,1.155442080960591422e-01,2.730523158590968461e-02,1.363952251116651582e-01,3.815678239820213813e-01,-8.783689663904077627e-02,3.898052126436990505e-01,2.724278603717212449e-02,2.678678073122516823e-01,-1.668831131623782216e-01,7.557432909429916135e-02,1.814207101667426325e-01,-4.554363055326288851e-02,-1.746740229408592221e-02,9.950748895996387733e-02,4.783521635427623320e-02,1.830063288085893511e-02,1.752955964327201355e-01,1.699156114883149105e-01,1.809759226642870464e-02,1.139962007053196003e-01,-1.452896411360475940e-02,3.928476159620818142e-02,1.295387698331441351e-01,1.750554333578451804e-01,-3.080824208333898251e-01,-2.066270846637824690e-02,3.441964563821710010e-01
5.541855522352971963e-01,6.440043711438633300e-01,7.140972728254326718e-01,6.464618334605745087e-01,6.317761433609588861e-01,7.104563906130627604e-01,7.929083505800479381e-01,7.200900662145717224e-01,6.311283513967541614e-01,5.379477374804758627e-01,6.466762871115209199e-01,5.254315713032534640e-01,7.973398396460894544e-01,4.539404773508958213e-01,5.250012112231747796e-01,6.537728430582107064e-01,6.031128678476767035e-01,3.462864968496943141e-01,4.754379398111874266e-01,4.815009275331761929e-01,4.056336286661781365e-01,1.982264987216838248e-01,3.291796532512025197e-01,1.118005472545143403e-01,-7.638664231105003755e-02,6.156488414366832057e-02,-1.094722201291269820e-01,-3.596656668191252626e-01,-3.183998926548275293e-02,9.116959868190699368e-02,-3.643174272788222978e-02,4.828762304652821358e-02,-5.536886488212224011e-02,6.755844909717774460e-02,-9.906425714112366415e-03,2.404303733863975140e-02,-1.064247279108944400e-01,-2.772101391142299878e-02,8.355368405068271109e-02,2.511636182233145664e-01,1.240418995815082415e-01,-2.040902999170956036e-02,1.546823167574189195e-01,1.008965182189013911e-02,-5.653938247282430489e-03,2.554247830410237841e-01,-2.102182492892606669e-01,6.095778335918344837e-04,-9.744835503000701116e-02,-6.449336887248272032e-02,-3.779163942855549158e-02,3.336066521808528362e-01,1.754389495264716547e-01,1.016563424301304697e-01,2.897802644285171203e-01,2.194658056917181965e-01,2.650394803984138514e-01,-3.254353928034336985e-01,2.614967571803800683e-01,2.443785498153397406e-01
7.137436918630587490e-01,6.530366831035573361e-01,7.176635675678225690e-01,7.219970023661506087e-01,6.125970619352960611e-01,7.772392432850016020e-01,4.706422676146997941e-01,5.508850241600835584e-01,7.579674555728606045e-01,6.461155451640856473e-01,6.212413513751078309e-01,7.010684761813059662e-01,5.557724118494208332e-01,6.146561520811035795e-01,5.313979022278841891e-01,6.507684050512382301e-01,4.550596274280904185e-01,5.348085524368977328e-01,4.017661031250428505e-01,4.104724592211154155e-01,2.735758134709737055e-01,9.379061674742229793e-02,1.692096634706488911e-01,2.657691882938840733e-01,-9.698910619647467535e-02,-2.167494687354233618e-01,1.928333717670437097e-01,8.441819887064362649e-02,4.873590959018288260e-02,8.995516305953759131e-03,-1.570272660128534115e-01,4.489172666394151967e-02,1.319714326962868056e-01,-3.679789101578068156e-01,1.078506574393873763e-01,-9.920059630693550679e-02,8.757466776571355693e-02,3.819041230397853814e-01,1.561944026798357532e-01,-4.487091660765407664e-02,2.124813754473710292e-01,-2.715696591555825240e-02,1.152674996698603849e-01,9.976913409107390773e-02,5.669772813718931825e-02,2.968559955027571529e-01,2.018304306880297772e-01,-2.263732355917853073e-02,-7.638074805374896192e-02,1.148030413618540690e-01,-2.933633273098336103e-01,-1.705099946785130355e-02,2.369004723583421068e-01,-2.763634755437494039e-02,-4.204012719481318300e-02,-9.423676045176870852e-02,-1.122769068609779097e-01,4.017400439338907059e-02,1.520773061037896667e-01,-5.504786494738572733e-02
6.420516409716563455e-01,6.466989625712052936e-01,6.442006291803481499e-01,7.426425849112965327e-01,7.237290118613100010e-01,7.737023221252401495e-01,4.819031351867361090e-01,6.202444607061343707e-01,5.629032554113579945e-01,5.316033675575837503e-01,8.039917484246243973e-01,5.861140407642164707e-01,7.534843293402474496e-01,7.460379274772890312e-01,7.215520490590822122e-01,4.903621036177095438e-01,4.226424109233224979e-01,5.545105487171505532e-01,3.602897793594704856e-01,2.469461780850796748e-02,3.453719441729673489e-01,6.192504606677384782e-02,1.203777688623585210e-02,-3.276947066721604823e-02,6.463857157424222899e-02,1.862110761923676389e-02,-3.369076952228400867e-01,-1.693604507256737390e-01,-1.792794920562061356e-01,-2.108688500747685768e-01,-2.330071795146108349e-01,1.465912667358208465e-01,1.054834633649781583e-02,1.559229762460737356e-01,4.033310252390226447e-02,3.252106727487550364e-01,-2.065743711328328069e-01,1.114495915214815946e-01,8.873261197605196438e-03,5.735542726827943388e-02,3.311404207777888242e-01,1.292575024892194668e-01,1.381009958895157985e-01,2.271510503263139691e-01,1.632444899643828440e-01,-3.440795969963892503e-02,5.184424553429570898e-02,-2.947929086282785778e-03,4.114484095184283569e-02,3.818904691434307219e-01,8.103509345991402602e-02,-3.992600566749653357e-01,-3.333362748582328616e-01,8.403496268898942578e-02,-1.848893967947355388e-01,1.867564272027447958e-01,-1.235504910992526045e-01,-7.685480275435660480e-02,2.931161606300700800e-02,1.449521512536551260e-01
7.231288143434417837e-01,7.048700860969441262e-01,5.722679722020890258e-01,5.418170896825688088e-01,7.027767360755412529e-01,7.030366050834325753e-01,7.009449796079720851e-01,6.227983158359744476e-01,5.214120751852387992e-01,7.195718462699145501e-01,6.888821328262972887e-01,6.746829480352255493e-01,6.122083793537793639e-01,5.787359884236270569e-01,5.310232026393032490e-01,6.123282714789074488e-01,5.430022661019814345e-01,3.847331438856182451e-01,2.488656479132608790e-01,3.951856651075586480e-01,2.396887035589043702e-01,4.023408159442882770e-01,2.257979792938022423e-01,1.940654323582809426e-01,-1.649138984142605735e-01,1.637866755943008790e-01,-4.592344710736809277e-02,-4.234027484045563838e-01,1.723784893663028173e-01,-1.243075393194646161e-01,-8.029692126108982364e-02,5.192417333939769453e-03,-5.342001336748035401e-02,-5.923822142716415884e-02,-1.014013791632219219e-01,6.874077963478242292e-02,2.453069875801306421e-01,-1.985126483865200242e-01,8.538235236773349113e-02,1.129543386834606089e-01,2.206162293321330820e-02,3.203084791903919593e-01,4.229896896769551051e-01,-6.822350532655840905e-03,9.826835397358256452e-02,-1.229305861260301808e-01,2.691204886195824320e-01,-4.862277333832745047e-02,3.646325648679692860e-02,1.846386144333180268e-01,2.538206262685910319e-01,3.123540623060014898e-01,3.064885698074698017e-01,4.157377321585604690e-01,7.081308835656585643e-02,-3.754099838051271065e-02,-9.620899509654898263e-02,2.443124640327057617e-01,1.334097301409539471e-01,-3.029676451941921145e-01
7.062873215025742279e-01,8.102050559735702873e-01,7.062409333785255594e-01,4.890402954149476455e-01,6.449356008586757394e-01,6.267394278523874540e-01,7.119716898104526681e-01,5.398188796769367581e-01,7.239939955340394251e-01,6.903758238595798513e-01,6.096080541314845558e-01,6.349266580589459918e-01,6.078432118599335077e-01,5.551778841797236907e-01,6.166471845677767849e-01,4.766172419655513304e-01,2.679029948277663609e-01,5.909101596253287791e-01,3.869914250985047599e-01,4.657996114248506569e-01,1.868225777550719668e-01,1.412560394626148075e-01,2.404964074053387024e-01,-3.228537010895718984e-01,8.266764304259632823e-02,-1.461348601876861497e-01,-4.770711911049067139e-02,-1.747037907225300057e-01,-9.894793528258408188e-02,-7.768268216627573219e-02,-2.131929011705460120e-01,1.358942801139470802e-01,-1.644275181314505674e-01,-4.617309084158024435e-01,-2.321691845457523884e-01,8.815607175063094880e-02,2.242204213628526122e-01,-7.248987154565680879e-02,1.068802206318703735e-01,5.484426589422163045e-02,2.274599177980223819e-01,-2.589095899393462075e-02,-6.434770551173249649e-03,1.103959342986109843e-01,1.117341989546749657e-03,-2.522627188358256278e-01,-1.906812838521507181e-01,2.098885933447036112e-01,1.845712885470197906e-01,-3.466400558676781540e-01,-1.041743462119600616e-01,-1.320970225109729390e-01,4.578106089202814699e-01,4.423281725085133342e-02,3.415194136353306709e-01,1.116889765836479587e-01,-6.144341634914385168e-03,2.820903271877130414e-01,2.783656046145965846e-01,3.584692056754658074e-01
6.319540837012460610e-01,6.994242943927250211e-01,8.215462346053830078e-01,7.101083619045412965e-01,7.094058894896955181e-01,6.404488906832498385e-01,6.874470350236098204e-01,6.920230037553974922e-01,4.417067586190547845e-01,7.158244084036196053e-01,6.686121781225010663e-01,6.021126986664662173e-01,7.295450748912444272e-01,4.904345782261366193e-01,6.340707482332939016e-01,5.059536613768593760e-01,3.440559419594816926e-01,5.526944748711033473e-01,4.186106369544909667e-01,2.815391351070973824e-01,2.853061536250270924e-01,2.504837730972280657e-02,1.479111162146144465e-01,3.542561289795943535e-01,-4.860831900507099623e-02,1.716364079456957070e-01,1.853215605917822861e-01,-1.982335131937383588e-01,-1.451959509972256812e-01,6.467446512586329244e-02,-5.073796793844990299e-02,1.032809030064087974e-01,2.228162769477047903e-02,-1.952389390595066498e-01,2.627473800498280054e-01,-1.784297079815554965e-01,-2.741058911328348446e-01,-9.906593758079966505e-02,-4.576234522255227810e-02,-1.656584527458151990e-01,-7.963838350204610617e-02,-1.893744609802539836e-01,4.376622908727044459e-02,2.411387890969315662e-01,1.777689497245386607e-01,-1.322455241829137429e-02,2.218165424823768592e-02,1.783618035384286829e-02,8.205012710686548916e-02,2.715183983831216952e-01,1.659019113803720524e-01,2.467413077308042713e-01,3.870139953656887011e-01,1.483463737416377271e-01,-1.056648632601562277e-01,6.146884965880131807e-02,-1.890610936651823115e-01,8.652881560491978985e-02,-1.338302415692125547e-01,-1.578950049662106725e-01
7.655145666381055758e-01,7.766435565541336405e-01,6.207569862853958842e-01,6.248415833002780584e-01,7.776160866825139184e-01,6.900689567743441000e-01,6.445019229727368959e-01,5.324442140018916803e-01,4.453158199032843934e-01,6.507300897906761472e-01,6.067263344250377610e-01,6.400798052580538577e-01,6.024106435207496890e-01,5.019196416642168757e-01,5.789494896798553780e-01,5.013346192482318608e-01,3.499195098818319027e-01,2.748401405849348889e-01,3.059500968702238977e-01,4.282051224536360112e-01,2.145751006646444137e-01,-4.191727790624961980e-02,3.498612143481972803e-01,-1.565802660366477084e-01,5.313342370568938794e-02,6.234085898347260096e-02,1.227561803913046479e-01,-3.360447023867482730e-01,-1.114103240221810953e-01,4.524604548839940288e-02,1.055917776210356374e-01,-9.074461748558809715e-02,-9.521097679372658718e-02,-4.770400099565602625e-02,-2.972357273356067073e-03,9.029182661058986203e-02,7.018489907612139589e-02,-1.725611229203735664e-01,1.462077830462306383e-01,4.092104418718922609e-01,1.427669134085243763e-01,-3.656435785794308335e-02,2.009010475415271696e-02,-3.209636420448388344e-02,-5.924201542214348887e-02,5.476016334606630120e-02,3.235970502153576178e-01,-2.242526030248803010e-02,2.243471171937999331e-01,-4.755258682463483350e-02,9.698359846140819016e-03,-4.411849585087145864e-01,-4.208818552164700355e-02,7.796148923842474709e-02,5.520505550847010223e-01,7.819413776651795928e-04,6.087233682201073082e-01,-2.488363012627194948e-01,-4.506218502718712382e-01,-1.028942651889783698e-02
6.248989191799020348e-01,7.670212600056116603e-01,6.138533470654226054e-01,7.688403823883831478e-01,4.507830947780820385e-01,6.807733044693877744e-01,6.189847378323225513e-01,4.088962256359711667e-01,5.856781550969218930e-01,6.439981237058394203e-01,7.122674539250062331e-01,5.152923275591042573e-01,6.047810743992501070e-01,4.333240507824654419e-01,6.000737202297157236e-01,2.431465982102775369e-01,5.613978049428690609e-01,1.323507181107729247e-01,2.365805197703611529e-01,2.357189250736613229e-01,-1.009526049302762393e-02,2.677853819167095861e-01,4.369434579062640434e-01,1.250572267699693874e-01,1.891001265409409382e-01,1.108934240046895725e-01,-3.437316891461542762e-02,-1.588853552015963844e-01,-1.886557296021361685e-01,1.390255996693003926e-01,-2.171782237964408890e-01,-2.930944622128055510e-01,-4.300115656434230077e-02,1.100685874280778742e-01,-8.005798247325113248e-02,-5.668579936821975529e-02,1.701595407974177687e-01,-1.188793815478638577e-01,1.307320051809222061e-01,1.734901292773174909e-03,2.060592823772366133e-01,-1.180786155847650259e-01,-2.071646614248368046e-01,3.616274527775448222e-02,3.791674583150221878e-01,-1.423061102396358246e-01,2.190980049157692788e-01,2.053029874065281091e-01,1.064357943170645138e-01,8.359471436286051993e-02,3.903188890365248964e-01,-2.493617862037196820e-01,1.160255303489747536e-01,-2.740082665617671331e-01,1.909973897995287939e-01,2.522977427862049260e-01,1.202906423832920124e-01,1.710328594385777667e-01,1.225576229026607289e-01,1.839606895495995431e-01
8.061300378849148851e-01,5.948904873264305726e-01,6.458307035565730159e-01,6.258627507311431692e-01,5.509905559684956655e-01,7.651953849585912959e-01,6.455778522277049181e-01,5.536478525435958309e-01,5.853120186413904857e-01,6.567859362616739194e-01,6.908249031891642300e-01,6.814853654900153712e-01,4.338145267493674351e-01,1.308757685707952478e-01,2.550231386921929522e-01,6.140204971154641367e-01,5.174894491253835271e-01,3.446707452967837648e-01,1.115975893978454481e-01,2.215707968918891047e-01,2.013571176629080917e-01,1.319214307466575753e-01,4.487041620241874473e-01,-3.168856377971601690e-02,-1.112583496306628617e-01,-2.307123797257655817e-01,4.299396540305834569e-02,-2.636077605066886598e-01,-9.525976559798057797e-02,9.441423510939984942e-02,-1.267399081723923349e-01,-2.396742719114418330e-01,1.172901313276386859e-01,2.324902080724309261e-01,1.331647947076844418e-01,2.194429588210818349e-01,4.358748190909691317e-02,-8.925589730982219638e-02,-4.528156630529082266e-02,2.464877710583258941e-01,1.799413572391647675e-01,3.184099540039205811e-01,2.314524762686859527e-01,2.691983534357810237e-01,-1.240229598410217404e-01,2.232901679083001880e-03,3.537286782909639937e-01,6.263805269832357914e-02,2.440818979412243406e-01,-1.715086913784447196e-03,-3.980841373026633434e-02,-2.078982901263219940e-01,7.769107650687515076e-02,-1.267189834573770324e-01,-4.796098040350710995e-02,-2.924315133041440751e-01,1.146991500508603989e-01,2.425762525456388319e-01,2.118145822278420104e-02,3.438975718906432388e-01
6.821422735616471389e-01,6.910811864594949006e-01,5.966860123640965741e-01,7.026419872258625743e-01,5.262465076557607535e-01,7.639265643609616241e-01,6.564334728111800299e-01,6.892368123382986989e-01,5.970941568196783678e-01,5.009350879780052335e-01,6.236684112847366013e-01,3.279866646752586101e-01,5.012944265081766826e-01,4.842677788044252307e-01,1.380867181669806487e-01,5.359794061834757262e-01,3.888875345111114656e-01,5.353208988600784979e-01,4.117505762128513824e-01,-1.986503109795731137e-01,3.218461823635392349e-01,3.093380338305619093e-01,7.039191427631150133e-02,-9.781298741203769270e-03,1.671699423483161695e-01,-6.760927851128070709e-02,1.060213534382249689e-01,-2.647449648034247982e-01,1.810638928025237182e-01,-1.828156347506520729e-01,-2.611633306157142287e-01,-2.447746866467979676e-01,-2.189586403119106461e-01,-4.136442327199052298e-03,-2.986453977818283034e-01,2.433683425580970838e-01,3.743942122352443558e-02,-9.979013411375350917e-02,-1.791096459792712037e-01,-3.784139858711633303e-02,-2.623164724606617121e-02,1.389528517070173219e-01,6.449439064715223324e-02,2.878759374790670345e-01,1.247089006601195954e-01,1.948754795208423318e-01,3.116533704029379459e-01,3.192925389179347428e-01,-8.650872791478773915e-02,3.697993191744159414e-01,3.683492019867261325e-02,9.361076990991021307e-02,-1.854230873423353687e-01,2.154314564576773616e-01,8.750811269686661897e-02,-5.059343810691618870e-03,-4.767784605661272712e-01,1.792729285522104976e-01,9.180363289354816214e-02,1.437898377851106191e-01
5.972772324119512977e-01,6.010474944980390699e-01,6.296742634354930424e-01,7.146188283776820915e-01,6.410033139242454769e-01,3.228251744499992526e-01,4.823555601866603704e-01,6.952150688704371584e-01,5.731784097485691509e-01,6.564178967431848477e-01,6.259909618895660444e-01,4.178832270071413113e-01,6.570552916615038930e-01,6.298407180236818004e-01,3.020031327120729081e-01,1.891773535007828522e-01,5.199247484161684252e-01,6.179943012188779949e-01,5.039229202145840691e-01,2.039402830899851582e-01,4.415412801616824118e-02,-2.624943750168709511e-01,6.788228012777122733e-02,1.266699954883966639e-01,1.585586198528678714e-01,-3.995185459121424754e-01,-3.994440438725097020e-01,-2.350917965015706865e-02,-1.608166114270296043e-01,-1.654651230044785204e-01,-2.173173847079770682e-01,-1.507310132637612685e-03,8.508162363610724532e-02,2.199573255374925596e-01,-6.345406765947016192e-02,-1.451961094230027893e-01,1.666316421913152657e-01,-5.016768769282038687e-02,9.499577200928678578e-02,4.766324785686636145e-02,2.019032665174362307e-01,-7.198529055352341499e-02,1.154367450868086092e-01,7.058285928399553322e-02,-8.796270189824820229e-02,5.373905854537359972e-02,-1.515551196372784404e-01,-8.776264427849982119e-02,4.922947576312703966e-01,1.997521475553153125e-01,2.917254871955267115e-01,-1.012147709540893725e-01,-2.859297353696593769e-02,-4.481458757782189745e-02,-3.128091706140725958e-02,4.578605800496571843e-01,2.065628720493735970e-01,7.776571819795792539e-02,1.502522996461951865e-01,-1.916706999023919944e-01
6.287799900575780088e-01,5.086768416435538676e-01,5.483326459740545111e-01,5.493832926319793808e-01,5.776908479100758553e-01,2.921234714412142552e-01,3.897276336172774691e-01,6.433553373616712756e-01,3.494165063238000579e-01,3.539130900498327348e-01,5.114896077930973783e-01,6.043039539174273056e-01,3.891271216641561947e-01,6.228040191522977720e-01,4.525001211344504282e-01,4.160550684614944816e-01,1.839643780257615990e-01,1.560869472827915716e-01,3.102613211795554604e-01,1.034063429475253065e-01,-6.968377627395587470e-02,2.587372798768862170e-01,3.931974827618046897e-02,-4.723512632038941866e-02,1.402114172886085031e-01,-5.576087941413681789e-03,2.576379116066624952e-01,1.460871562381341748e-01,-4.109334278979364652e-01,-1.471087035168213430e-01,-3.288637853093908658e-01,-1.487153648836816444e-01,-1.474570164734992639e-01,-1.562697895699152739e-01,1.941502283671538154e-01,-2.473610353590624256e-01,2.349602582653933514e-01,3.358969856092672984e-02,-8.324668582763983249e-04,8.319757707671317226e-02,-7.657071072585674987e-02,3.592687234693802689e-01,-2.039269705621483617e-02,1.141971840428516460e-01,-1.008099749923836025e-01,1.225073264575320675e-01,-1.268581911430038123e-01,1.181463903301223917e-01,1.668791178625889382e-01,3.177813581562828338e-01,-1.923394463805956911e-01,5.445477756943338521e-02,3.816133411393387020e-01,-3.434164716451763855e-02,1.918265919808293668e-02,1.352191984784429646e-01,3.601760370781820209e-01,-4.140939329873534192e-01,2.357867456547805413e-02,-9.898366135310707192e-02
5.797998986747163741e-01,6.281320740784175349e-01,5.221199617162348705e-01,4.900763133662539017e-01,4.077971695853205292e-01,4.736503469252065779e-01,3.116446016757759563e-01,4.909891804000784954e-01,5.821488174286064687e-01,4.461627953619865528e-01,4.767083110912508914e-01,-1.475281185188639411e-02,3.333310535433624544e-01,3.195796874922939845e-01,2.700935699532946432e-01,2.656344824111739333e-01,4.487088830285011487e-01,3.838140384520526971e-01,4.954669344452744539e-01,3.541209893549221999e-01,5.797129236562530152e-02,-8.670609337448420897e-03,-2.107740989192557479e-01,1.012581813773133499e-01,-4.210161497893724625e-01,-1.880905578280984702e-01,-2.507517528162702680e-01,-9.203518287380128837e-02,-7.977020044057331338e-02,1.675699752036832399e-02,8.453481457164160884e-02,1.074004149398925453e-02,2.015454276816651402e-01,-2.032223191579783650e-01,3.214756046146289847e-01,1.914625684220369328e-01,2.192601489535857609e-02,3.379332965556116064e-01,5.301444152374410607e-02,8.247128403037494448e-02,-4.488377059385021961e-01,-1.313161589085304337e-02,1.626202779522331887e-01,1.934791043437324720e-01,-2.117085852688182016e-02,6.402907197936588690e-02,-6.809492292280804049e-02,9.249802843774285188e-02,2.176102837177237015e-01,2.520308288128682572e-01,2.540741157470082223e-01,-2.129973089064414113e-02,2.713636344684431378e-01,1.415525099658852815e-01,3.533663964374757910e-02,4.991349951475179680e-02,6.048652761554997037e-02,-3.748035815252385300e-02,4.592252996816283128e-02,-2.378284898171427741e-01
4.505722975042351086e-01,4.594929157766435845e-01,4.591092102435840872e-01,3.479883387578614484e-01,3.057095411008471375e-01,3.649791037488773204e-01,2.719423913968842532e-01,2.387965562076796444e-01,5.000430164644604769e-01,6.291748120782030274e-01,5.265169019135913786e-02,6.445867737382078300e-01,4.261562817349857646e-01,2.975392670151960073e-01,2.711159256582840738e-01,1.867880271022305527e-01,1.603608801474349921e-01,1.528152164908297139e-01,3.663424750195215518e-01,2.752361844875449992e-01,1.811898162138620150e-01,-1.799065172515891264e-01,-4.746822143717999154e-02,2.906511741882006339e-01,-1.722970473266012548e-01,-2.244510146421067609e-01,-9.786097011931962908e-02,-2.080952495568304597e-02,-3.182265869471168074e-01,-2.119379963251202259e-01,1.367310393515568934e-01,-3.052036160292411204e-01,-1.341271236078938334e-01,-3.051650021012399655e-02,-7.477751037268323686e-02,1.372602415705710677e-01,-2.537352749477082142e-02,-1.432073044589342037e-01,2.640784546667542809e-01,-1.005265725768484941e-01,-2.525346071829978056e-01,6.662652589783911450e-02,9.423082232698230809e-02,-2.136886784983390297e-01,-2.711603240134023984e-01,6.526552034654856116e-02,-2.118108153645661268e-02,1.089497752652872214e-01,1.662959319436468353e-01,4.266640663573004200e-01,2.189923396627653229e-01,3.731723191863232231e-02,1.012900974501187434e-01,8.035566135660176731e-03,8.973461681519874500e-02,-1.816779419388890870e-01,2.358096907447256307e-01,7.886633291041275640e-02,4.669868700796359628e-01,1.175101659565420779e-02
6.537456007562038041e-01,3.761548252295247030e-01,5.848096029497094062e-01,3.602857284006805161e-01,2.011474292370606654e-01,6.080213462180860118e-01,4.849086867761357444e-01,4.772851391635191121e-01,3.272122839932707361e-01,6.578957569085903678e-01,4.517549128011316695e-01,4.534189841711816493e-01,3.198327772169943239e-01,3.489201357210802712e-01,9.037836071243951497e-02,2.384600160080954656e-01,4.156942088070881280e-01,1.857534437993323129e-01,1.931130119944933221e-01,-1.752891073270370637e-01,-1.343579163714340718e-01,-4.089698668129959636e-01,1.807797620925673532e-01,4.427053482853558070e-02,1.927578605362751107e-01,2.800519844259663493e-02,6.629157099244240015e-02,7.655416111568991155e-02,-1.534162740137051117e-01,1.074635577806590525e-01,-5.028173048727405808e-02,1.250886276414295284e-02,-2.290702559741718825e-01,1.717147517484676478e-01,1.987303515339354509e-01,3.546761464502765637e-01,2.118763425511616949e-01,-2.011619385770964941e-01,-1.437215784052954803e-01,-1.291607530728997033e-01,2.367020463132713665e-02,6.757130059907055786e-02,1.747576615576443559e-01,4.323057993643318331e-01,3.373801949479996454e-01,2.511605762005614251e-01,-1.936752083695352233e-01,-4.283480635754141272e-03,-1.549623164428793332e-01,2.402386999125934453e-01,-7.017308811206442176e-02,-1.889889232817855425e-01,-6.733755852634656924e-02,7.444624593696611004e-02,-4.666881751667724398e-02,1.908855691349399808e-01,-1.259474899031717554e-01,-1.214012925410510278e-02,-3.175256504715958106e-01,-1.262112115967621018e-01
5.672188878979583793e-01,3.869294660698924804e-01,2.941366514353400130e-01,5.575211408301884441e-01,3.259741545769467841e-01,3.586662861588941209e-01,3.593337049090026825e-01,3.893719185406094851e-01,5.756739014185123793e-01,4.714822096957230757e-01,2.781371527901295715e-01,4.155133951436752460e-01,3.784692147797302786e-01,3.435701023978088853e-01,4.598271796111358389e-01,2.322191292985198441e-01,2.487959027496607634e-01,1.396161148396135032e-01,1.439338726705123028e-01,9.380966243629892953e-02,-1.055095949324795779e-01,-2.160659185514394454e-01,-8.941039708376577466e-02,8.543580772938423606e-02,3.377877256386431770e-01,-2.795647962578621804e-01,-2.690034050094526341e-01,-3.897203154192496188e-01,-7.074743013956449889e-02,-2.580485526175960720e-01,-9.755458903428834705e-02,2.738756593840607073e-02,1.361653121580760073e-01,-1.548632842420127331e-01,-1.925705777443794398e-01,3.107401306682843201e-01,2.312224928704310067e-01,-3.314715819480413828e-01,-7.921071355021411242e-02,2.298943727184946939e-01,2.938829296407811098e-01,6.103492430545577607e-02,3.225703281471106187e-01,-5.822997561129622524e-02,-2.166581034146866647e-01,2.779921252249331065e-01,3.427006670479585959e-01,7.981281537107789981e-02,2.864191979166979540e-01,-7.913504053236054478e-03,1.639598067441200846e-01,3.643360739811363214e-03,-1.148146409364121379e-01,5.234309265867653771e-01,-2.125149535137257628e-01,1.149631566984444207e-02,4.565112722002098167e-01,2.528427808606825145e-01,-9.211265316534151051e-03,1.621347484095957692e-01
2.506408657193827105e-01,2.592160788354266332e-01,5.208182157670393497e-01,3.747904389845568285e-01,6.664167885029553817e-01,1.703449251417472887e-01,2.947492292176885909e-01,1.686009697854881639e-01,7.919194903363185878e-02,3.328368329906378209e-01,2.481819572521115624e-01,2.573183769291678136e-01,2.427819678175096030e-01,2.039716018845726120e-01,4.887054252563352574e-01,8.081889318266047284e-02,-2.057630417032423331e-01,-3.626742689765108940e-01,-1.558695397735779253e-01,3.470324735762024548e-02,2.835225736509044969e-01,-1.473882944424106944e-01,2.231037807408415286e-01,-1.744299419656070160e-01,2.489142033348820671e-02,-4.076685523755724239e-01,-4.461280743758157530e-01,3.110740046082529631e-01,3.917161200481850125e-02,1.141397007040706501e-03,-2.486786162183423146e-02,-1.679560965848607423e-01,1.389647720409511733e-01,-1.809920596204724619e-01,1.096222199515854562e-01,5.278650931411095482e-02,-4.918609393884298270e-02,-6.951924232346858024e-02,3.136149638699355369e-01,-5.118322428543594510e-02,7.253535862745388862e-02,4.572646899104571006e-01,7.392480052518779488e-02,9.414591070648567483e-02,2.337419541275043700e-01,5.081836969474361199e-02,-4.734387055362882651e-02,-2.150588763550076443e-01,3.309484416346559210e-01,3.801698912988085016e-02,1.118219633422850440e-01,4.179823736045960025e-01,2.281806922166054186e-01,1.291973328077514194e-01,7.633190049794055798e-02,3.200356406072654702e-01,1.174083425691559712e-01,2.216666970738066789e-01,-7.853992545188541452e-02,-2.910626831826410021e-01
3.376195081809109100e-01,3.476167499565857577e-01,-1.042598025153048877e-02,4.655007961663485405e-01,3.271244823726810469e-01,3.967260679060628514e-01,3.179816900887776354e-01,2.709281877562292329e-01,2.046851739329429987e-01,2.145367673526180907e-01,2.409702087475281557e-02,2.758630158698864854e-01,1.432243537839582581e-01,-2.571488129224214214e-01,3.639653592583729780e-01,4.103789323401890177e-01,-2.755496104307072341e-02,-1.931157233905831661e-01,-3.976851946969983329e-03,-8.253963962959232070e-02,-4.541982227580188547e-01,-3.288102547042479618e-01,-1.498201403196533499e-01,-3.849376714041426173e-02,-1.901194748355008318e-02,-2.435571620952285410e-01,1.778517495636978973e-02,-1.350870707264247295e-01,1.052605723357050022e-01,1.811001415386540303e-01,2.969044831611937219e-01,8.835714609820173593e-02,-1.200222938180763588e-01,-3.990466330105112425e-01,3.006897057566672582e-01,2.013494016528901143e-01,-3.423720150687771802e-01,-1.201833693350139731e-01,6.110724796307331896e-02,-7.042396570817811841e-02,-2.873568824745140193e-02,2.958422279415778844e-01,1.579460170990232282e-01,1.520910295872211493e-01,-3.331884903088117023e-01,-1.261870507845788648e-03,2.181274607247258857e-01,4.410411665311346485e-02,2.774683350851673280e-01,1.268886719143804721e-02,-3.927969573041120016e-02,3.321758566797254897e-01,1.256607881349847411e-01,-2.102333866510426932e-02,3.288890795017656576e-01,-1.026883402686726808e-02,6.016290898894629396e-02,-1.465464775688972154e-01,-2.205604015881965085e-01,2.527183094582784451e-01
5.671763706573000885e-01,4.084987473840279715e-01,2.324003448093069080e-01,2.541294362370328797e-01,1.860717487761249234e-01,2.794436077104342497e-01,-8.754669103997137153e-04,1.804719343598998882e-01,7.173750254604269183e-02,-2.289129607211410067e-01,3.553017637606160628e-01,3.021147813758351397e-01,-3.912792916903394536e-02,1.721844379243555323e-01,8.188257553637560970e-02,-4.779681228171642898e-02,1.699860212147932814e-01,-2.424087344079339790e-02,-1.497988971257930291e-01,3.319029382185519766e-02,1.465428717394092195e-01,-7.177878284636637907e-02,-7.900293216502460303e-02,-1.535138349131909274e-03,-6.573486387355390037e-02,-3.090516429495318018e-01,2.257791308404604735e-01,7.550484448923480696e-02,2.630891695840371081e-01,2.685896240359224654e-02,-1.277683390964696464e-01,-1.897374849453124512e-01,-1.477983779823734412e-01,-2.030305129478922888e-01,-2.123973044794452147e-01,-1.644754327207813005e-01,-4.168002315148456871e-01,1.072881050861823893e-01,2.732474425114900934e-02,7.636052646067902072e-02,2.389643348762063302e-01,3.895644686305325261e-02,2.343760936255946947e-01,1.989694964495553331e-01,-2.970227433345029762e-03,1.000175969516853558e-01,8.514517884160159589e-02,3.597389850389132171e-01,-9.505638732454996243e-02,4.134346815287964771e-01,3.071897075404453892e-01,5.648255024656138878e-02,-3.114786893256883404e-01,2.153555667129098544e-02,2.008767804165995652e-01,2.994058265152532150e-01,8.816110605474540562e-02,1.889626204129002118e-01,-1.684836604741054844e-01,3.191036648344924842e-01
4.901015076917482338e-02,1.267168841334053719e-01,4.793428196278863573e-02,-7.314468947879464167e-02,1.086440606062112069e-01,3.442877491999838946e-01,1.003610416674090428e-01,-1.025311512631128519e-01,3.445288537450864608e-01,4.905524205490655598e-01,4.518859257191784051e-01,1.202689903142804273e-01,1.120696156503363794e-01,-3.520602465307851731e-02,-1.603801880225094734e-01,1.431228375786022800e-01,-1.241820911012768008e-01,-8.430572170471388460e-02,-3.029339737225577034e-01,-2.688917860460350306e-01,-2.004168739202936977e-01,-1.145660453717964045e-01,-1.257918536765749162e-01,1.540037383621971623e-01,-1.550106166525679063e-01,1.203113219574157150e-01,2.969430068028748940e-02,-2.761725014218976426e-01,-3.284690660661013228e-01,-3.542877131688094705e-01,1.396227485781416922e-01,-1.518494339147501704e-01,-8.775966233640197095e-03,7.612028974482598631e-03,-1.699539626713430784e-01,3.490476471104675404e-03,3.729324449380572257e-03,1.609436212316274761e-01,2.803709678228892832e-01,-1.720104096773644731e-03,9.061812332111411628e-02,6.179958114861481416e-02,5.511412694611609320e-01,2.613497767699070606e-01,-1.527688797976241575e-01,-1.285295004686764497e-01,2.208853163091998584e-01,7.138292248536233509e-02,2.326659133110094424e-01,1.719639077393234072e-01,7.473065547318639978e-02,2.438112045147959039e-01,4.382314923309721388e-01,1.596983845191667917e-01,3.124049143358836877e-01,2.330929074938211110e-01,1.827285403169726374e-01,5.086022869042959582e-02,1.191084337689403069e-02,1.979190593238611406e-01
3.562454911444420391e-01,2.078466687954007575e-01,1.949283976198261659e-01,6.022774519989335662e-01,1.896988979543159926e-01,-1.577544002350384222e-01,3.126297319017021237e-01,5.062006495473884149e-01,-1.130221884636026797e-01,6.486388288130810753e-02,-7.538472894007619551e-02,-1.067513719740620648e-01,1.033388795892268008e-01,-5.462142366119206865e-02,3.818049565778274812e-01,1.714818785471839899e-02,-3.315514654543538775e-02,-8.384433157047979646e-02,-2.595515935432762267e-01,-1.321074557426130947e-01,-1.654336689511620440e-01,-3.300687919624794575e-01,-1.391457399531523809e-01,-1.039481920053133279e-01,-1.521642051711697141e-01,-2.677717731608740270e-01,1.240768861135271434e-01,-1.657274418586543452e-01,-4.453099884603338166e-01,-1.964819158621781414e-01,2.096502466907969597e-01,-6.584494478586530586e-02,1.400744855546010581e-01,5.170133930902869046e-02,-1.606028170578779847e-03,-5.794441543839019826e-02,1.246394737990175715e-02,2.957427742175741114e-01,2.723885925378431994e-01,1.710849701859900318e-01,5.834965725513554385e-02,3.916010186816578503e-02,1.327167158945261605e-01,7.658259144136764229e-02,-1.722419425526142689e-01,2.663392811078497124e-01,3.949852560028360715e-01,9.870174231294662204e-02,-1.127875617121116003e-01,-8.052426585854588481e-03,-8.173134867303445683e-02,2.375846658282692592e-01,6.587031261978652796e-02,-3.562352618882455579e-02,-7.687656924356291166e-02,3.433645674793877056e-01,-5.493259264228286115e-02,4.057230661188861442e-01,-6.128628511758806713e-02,1.982796928571002315e-01
2.857636571168114537e-01,1.899033240616959939e-01,3.269024349966335730e-01,1.708234321938007227e-01,2.362808634125793394e-01,-8.691350354677565559e-02,3.532772431438981897e-01,9.993856205762075007e-02,2.184500391559680565e-01,-1.433706951199788526e-01,-4.706536393018209002e-02,-3.063378434919433735e-02,-1.633452071429301183e-02,1.012941687128136731e-01,1.612075418652205161e-01,-1.904774820450696737e-01,-2.337307195113621783e-01,-6.217012420483947199e-02,1.199697882445586450e-01,5.206329140660655164e-02,5.930365021414920473e-02,-1.764716978799831248e-01,-9.569829298184968913e-02,2.910768006996099569e-02,-2.158419510746394931e-01,-3.704116372612208941e-01,-1.696485369824780876e-01,-7.389646598478116606e-03,-3.020463478427326542e-01,1.092667850901794385e-01,-2.775658369022292460e-01,-1.925883414561408158e-01,6.942733779193073496e-02,-3.359373757484901413e-02,1.837858331098052300e-01,1.167979290420453065e-01,7.062737943961426568e-02,-1.151050604984864278e-01,-6.514876844078928975e-02,2.147015000630013437e-01,-6.716068849780044980e-02,3.886915701277446344e-01,5.327912909584129469e-02,1.932116727736273298e-01,6.692039944151439643e-03,1.329102170244432224e-01,3.143774335015768195e-01,2.476066136982061905e-01,2.058584183700672698e-01,6.330673840165454425e-02,8.428536152828933203e-02,9.517879958200606283e-02,1.842930491268034501e-02,3.857847990006587624e-01,3.283431821478531853e-01,-4.835525840779288792e-02,1.682000219371720395e-01,1.664571277258908300e-01,1.488594580281412949e-01,1.095439133335035509e-01
-1.378990252431957220e-01,-4.916240423954283678e-02,1.517579367952903435e-01,3.170922152416205675e-01,6.803410979916622858e-02,8.047513794004362842e-02,2.892416069120605782e-01,-2.211065871267603455e-01,-1.289779575354386698e-01,-9.471840175919973848e-02,-2.752254085257492891e-02,1.567652913888424315e-01,7.151664030449712828e-02,1.476046262880001680e-01,-4.699042122744316319e-01,-1.082519342854963568e-01,-9.441877346180052588e-02,3.970405251431492755e-02,-3.664116806488931788e-01,2.645700568019855245e-02,2.732325783875056424e-01,1.820015966133213814e-01,3.668309223108584538e-02,-2.988221183893308708e-01,-6.973025899692340823e-02,-4.412057893014396937e-02,-3.764060772550537060e-01,-2.388809668819880938e-01,9.238309990077987754e-02,-2.468052693236767736e-01,-6.348081386027389084e-02,-3.578506330682078573e-01,2.482349933262871233e-01,-1.212581962284729337e-01,-1.582570686563374018e-01,2.495727788076377573e-01,3.135823905265141542e-01,3.121953514339644298e-01,-6.428861334322037713e-02,-8.035761910304047018e-02,1.290653965563167138e-01,1.506741880700183944e-01,-1.335039203502560168e-01,3.939897267682520021e-01,2.490151129311911696e-02,8.195922641500788530e-02,-2.614979878064369739e-02,4.259045919076364858e-03,2.150671869525179122e-02,2.247793185794068616e-01,3.344184105466566637e-01,-9.455384435116806485e-02,5.437020202428224369e-01,-2.829577716285881506e-01,-2.556495679435284996e-01,-2.203370553589427058e-02,3.076449223899920676e-02,-1.754963648068746662e-01,2.664849731333580538e-02,-2.090131140568027013e-01
5.977706621111673890e-02,1.603210650609387597e-02,1.348532897385222862e-01,-1.632611062896413556e-02,5.046373493119663683e-02,-3.329147967457925239e-02,-1.831179394889870249e-02,-5.049026298215855517e-03,1.099071051319190639e-01,-7.953507414367064210e-02,-3.662434689743752220e-02,-1.097249454955665469e-02,-1.609132036338969951e-01,2.364240686475855280e-01,2.721473747187809766e-01,-2.308927174471794574e-01,-6.190085182822067239e-02,8.853869151694304662e-02,-2.708226739519334347e-01,-8.700453207131585154e-02,-2.140241186831154663e-01,-2.051742343596981433e-01,-2.261327172462455626e-01,-1.816561208847962960e-01,-2.041093970148904757e-01,4.150964067690449122e-01,-3.879448870554851325e-01,-2.221340871238728365e-01,-7.330426846696616594e-02,6.389191844951613679e-03,1.274735954449496833e-01,1.940040287718787781e-01,-5.339218139651874528e-02,-5.381976912793036416e-02,-1.989701685682486801e-02,1.051757174701552361e-01,-6.390938132458319487e-02,-1.407585013441228494e-01,2.844273699831408875e-01,1.032707096983494222e-01,1.713881938669709615e-01,-4.296255403703469478e-02,2.164678660975480062e-01,8.521330632318853404e-02,5.319724866218205062e-01,2.897152373905184097e-01,-1.122142049728204610e-01,-1.950372301664159841e-02,-2.084654213905605749e-02,1.870053753921942508e-01,-2.906806181276557211e-01,3.493379575443017471e-01,6.703814395070266385e-02,3.382218451888457933e-01,3.898404964964431452e-01,-5.153213277249170388e-02,1.072307236763483107e-01,2.130745193581822239e-01,-3.660423434309225538e-02,1.429272171366064159e-01
-2.343023500140715976e-01,-6.650900009320019624e-02,7.723000710612989983e-02,6.085427804948573098e-03,-3.061701028225679577e-01,-3.887109704374463320e-02,-2.097779556615509029e-03,7.718109240637277546e-02,-1.252062507598180330e-01,-3.560985640468101732e-01,-2.894616694447593730e-01,3.528976690642541408e-02,7.691400866133332737e-02,-1.280533107735606357e-01,2.767170840681184574e-01,-1.790704282991725793e-01,-1.387493426321020629e-01,-1.737843018242198612e-01,-3.210911673630827967e-01,1.184492233446883883e-02,-2.373030287914853764e-01,4.756539472556944176e-02,-6.566200438715114052e-02,8.888787400618039514e-02,-1.827263746362159935e-01,-1.414213844042663260e-01,-4.170283001568021730e-02,-7.314339267543321088e-02,1.352170005842438794e-01,1.042410475644062889e-01,-2.261524648452083730e-01,-2.673983730044784263e-02,1.787568465350810598e-01,4.251504683066441581e-01,1.869372134350891501e-01,2.334967535113729453e-01,-2.671768822329308457e-01,-5.976957528471900372e-02,-1.389079241736132508e-01,-2.901067724691587177e-02,-1.516785417464097153e-02,1.309493429436843770e-01,1.267600981223588330e-01,-7.504984452761852276e-02,-2.860975938454923262e-01,1.563538986930141372e-01,3.906363788844535723e-01,5.920888180260443917e-02,8.802637901111831295e-03,-2.700865491742477503e-02,-4.946908512341327557e-02,3.103309314013792328e-02,-3.235723625638098344e-01,-1.176773604062409870e-02,-9.457711873540278202e-02,2.067796482256163415e-01,-2.382196225514133237e-01,2.941503453409634594e-01,-8.137664755539241596e-03,2.666950600947874395e-01
-1.363698376501354947e-01,-5.261430938351439185e-02,-4.123732004007375496e-01,-1.719255393030975354e-01,-1.309219822564477997e-01,-3.897041258057443863e-02,-5.399294683781918902e-02,-2.497049261425142996e-01,-1.682743634357552753e-01,-8.763087854888060302e-02,-1.523796213346422790e-01,-2.149597275398263396e-01,-2.140865077352733792e-01,-1.516899476022313675e-01,-3.344590277143296708e-01,-8.289078598305481271e-02,-4.407766840314778500e-01,-3.014925154368378601e-01,1.576642588097140196e-01,-6.636274405879054317e-02,1.272576516882473197e-01,-3.551400335193098390e-01,1.492746978767121591e-01,-9.276389235592288895e-02,-1.046945889878780206e-01,1.089056102469760853e-02,3.054925400687603654e-01,7.624308589542601322e-02,2.661033241351195011e-01,-1.852222715231717221e-01,-2.021001872876047045e-01,3.672896217608249969e-02,8.342095095691264700e-03,2.805059601324948471e-01,-3.922776420988370594e-02,1.898864778954313937e-01,1.051287300002627934e-01,4.034993196238911284e-01,1.612487044612353204e-01,-2.224234050864400819e-02,2.445084557571953338e-02,1.118363601537540192e-01,2.006026546216455042e-02,-2.887763313185420788e-01,2.324459474109653312e-01,4.251167477745956824e-02,1.927997069789544327e-01,9.758096362145948777e-02,-2.066509361249710963e-01,2.440253697184400772e-01,1.381493940816712895e-01,-3.798066198970362437e-03,2.648640677938500221e-01,3.578493140279069840e-01,-3.897859190049347833e-02,4.575042652213606731e-01,-8.914233908578708676e-02,2.260674289302786466e-01,3.116532806423425450e-01,2.367988746070589234e-01
-1.292588164496411562e-01,-2.446102469327757767e-01,-1.159135174013122861e-02,-1.412331504165273144e-01,-2.032112073598142943e-01,-3.554983859809090485e-01,-3.622215190611356439e-01,-1.346534955948922307e-01,-3.382735612856567486e-02,-1.723146539974082792e-01,-1.220439659194311882e-01,-2.327398908439844843e-02,-1.376363725090781233e-02,-9.725900810500388155e-03,-1.634710912817542994e-01,-4.379486162974126351e-02,-5.114931332252565799e-01,-1.487646329291639723e-02,-3.448157161536738458e-02,7.423911254498888335e-02,-1.528972503641033154e-01,2.708916830435549317e-01,-3.692295558110231246e-01,2.957943193722138986e-01,-9.029712903640251670e-03,6.139097135904181615e-03,-7.073540143374611178e-02,-1.635659169067299468e-01,-1.473482235096864046e-01,-2.804733713685244462e-02,8.713572839134646475e-03,4.221490776420250279e-01,2.933681949656664553e-02,9.866745124654488497e-02,8.163670829558951347e-02,5.691800082836136199e-02,1.966629350587795755e-01,-1.997913253669255512e-02,1.036472747599152255e-01,3.508909771255524501e-01,3.004700682083587537e-01,5.353201497437256595e-01,2.986701363101810225e-01,6.447897441761588078e-02,6.179443710369434545e-02,3.187754412872470522e-01,3.932600865446313210e-02,1.584441733993233736e-01,-1.331690179842154598e-01,1.104605521147562913e-01,-4.255967340700398532e-02,3.716520230487160292e-01,2.043330271211337146e-01,-1.919702608981528058e-01,-3.414561407294364193e-01,5.276076181896088846e-02,1.449166170507048546e-01,-2.050917026091351736e-01,-9.114808589747658285e-02,-1.094503454093031652e-01
-5.932877320877294469e-02,-4.981161072943774970e-01,-4.182224182884041741e-01,-2.553325775185838475e-01,-1.969192866408395193e-01,1.694157397779214869e-01,-8.207744785761705852e-02,1.491138344835588603e-01,-2.692715570250144852e-01,2.414552461284744100e-01,-6.010169428919787116e-02,6.771794731944692780e-02,-1.811106494958219515e-01,-1.680525860814610917e-01,2.180124165664627453e-02,-3.501499458854642755e-01,-3.062628600086211295e-01,1.963650456464934302e-01,-4.150792907182870306e-01,-2.158900889534129952e-01,-9.908246798983232073e-02,8.292129056477068327e-02,-4.029236016146960364e-01,-4.316020701265117776e-02,-4.335572268802173612e-01,1.490229518738651615e-01,3.015666154552255618e-01,4.732729239392511333e-01,-2.941748009058924723e-02,-1.481385666889071806e-01,8.235601099927532254e-02,1.700457348308019312e-01,-1.382969813254025272e-02,1.599806457041109409e-01,-4.610459511713641545e-01,-3.024445435359988249e-02,-9.987716183039671569e-02,-6.241804903586911646e-02,-2.086710139327562497e-01,-1.496806370628466498e-01,-1.943309451132848448e-02,1.028826314762022465e-01,9.455957417436737511e-02,-4.772349121382375714e-02,1.483838070364875694e-01,3.584138125660482621e-01,3.226922160872502388e-01,-2.054174893775921953e-02,1.389305282694159316e-01,7.118744876028107460e-02,8.825833274031388842e-02,-1.594275044209569892e-02,7.134903568754279168e-02,-2.294884315703225042e-01,-2.729102293255084716e-02,2.788561812882844881e-01,7.624763721558211471e-02,2.463061532764526385e-01,-1.360382638115963105e-01,2.506947683039577601e-01
-1.845262361699049336e-01,-1.921745865934926523e-01,-4.633239662897409294e-01,-4.509225975748919479e-01,-1.862522299513862944e-01,-1.767660621490876327e-01,-3.534199404704952419e-01,-2.461889415380290880e-01,7.196912875203724524e-02,-1.165391565793298251e-01,-4.750924104454542357e-02,-6.452715861199569136e-02,-4.665275118962326772e-02,5.851819478847584965e-02,1.018713939785199363e-01,4.578419082850029298e-01,4.582702024628163701e-02,-3.254833510474887115e-01,5.605534515828782677e-02,2.078282506585669154e-01,8.417458498937349654e-02,-1.768215957013320391e-02,-3.836964130959369390e-02,-3.440953089945528870e-02,-1.450703208112781029e-01,-1.755395558162245184e-01,2.560589892794650282e-02,-1.641711800177734770e-01,-7.243909000233526851e-02,-5.136857339597613453e-02,-2.676423040733186265e-01,-1.790739453694512040e-01,-1.724472288981671736e-02,2.104743100232583097e-01,3.160644512937719336e-02,-1.845071884372387339e-01,-8.355683409335838696e-02,2.605375406552016826e-01,3.365491909243795154e-02,1.295476917853005949e-01,-2.683833869581031539e-02,2.725544426538471510e-01,3.794773310513755993e-01,-7.626797161908774325e-02,3.895952819608146656e-01,-2.267300570499019077e-02,1.835608199466411405e-01,7.248553017700072598e-02,3.930237009419713656e-01,-8.809855301233285307e-02,-2.496545448231919651e-02,1.652751130638547769e-02,-2.939320263308413672e-01,3.057654100669262437e-02,-3.739055726257430046e-02,6.218292787627677232e-02,-3.743864960091388694e-01,3.620735201200202535e-01,-2.899272681931922002e-01,1.575383526208058160e-01
-2.831917064688519586e-02,-2.900478969446105421e-02,-6.817188878616949055e-02,-1.511551847454138953e-01,1.990320919376967147e-04,-4.543155473491592433e-01,2.448871299085910724e-01,-1.718868607510801172e-01,-7.771130384175523216e-03,-6.845325069775912152e-02,-2.949834947230005611e-01,1.169434204844936945e-02,-1.636557579317850786e-01,-8.790385916566674507e-02,1.195520742422910149e-01,3.676279020455914398e-02,-4.837842928724064157e-02,-1.770260800657353362e-01,-1.257970511945902259e-01,3.177715248144478699e-01,-4.360575194156872392e-02,-2.165621044276514959e-02,-2.926128064837344445e-01,1.826730044847073575e-01,4.919776695828443347e-01,-1.052817212077681100e-02,-7.151809540328682435e-02,-3.288871389361391895e-02,1.654530269153846322e-01,8.718592294690807182e-03,3.527319241492354318e-01,3.199732746927832355e-02,-1.688286396816282287e-01,1.540056123092323481e-01,-2.475095795580167513e-01,2.408644696327967016e-01,3.829825432368451077e-01,1.464175090451873829e-01,9.128323120455747453e-02,1.063184381788243316e-01,-8.831110328387101194e-02,-1.802195453860522224e-03,-1.068139774907507222e-01,9.102578296676984426e-02,-9.570779053094699562e-02,2.218790592639486303e-01,4.248126262515296986e-02,-1.064171041372237447e-01,1.416211924388627308e-02,-6.067620845318377754e-02,1.644302623644714190e-01,-3.496897622822688345e-01,1.314599176124722768e-01,2.380789715335728807e-01,4.677728198011462668e-01,-1.671381952969236973e-01,1.873590254979523584e-02,2.425147276040759969e-01,-7.810250935633872293e-02,2.876474807407330969e-02
-1.080281258523279470e-01,-1.425605489130596371e-01,-2.467352324410266307e-01,-8.713404126540738592e-02,3.944578715379928879e-02,-4.477035615202517027e-01,-2.511289641303660058e-01,2.446001026513631160e-01,1.347482617888163536e-01,4.712723620768277319e-03,-1.323744261957055524e-01,-4.151857769691973954e-01,6.142121367735744325e-02,-6.508869024189731234e-02,2.987072260630468934e-01,2.305208938221613990e-01,4.060288265378000361e-01,-3.102966123326754144e-01,-4.379974531367490653e-02,-1.349254488447386990e-01,-1.334082461340656278e-02,-5.835697702341449133e-01,2.926996988508821090e-02,6.631825185491191377e-02,2.332956254520557882e-01,1.611893639542124473e-02,-4.706222929850456538e-02,1.890590022493322253e-01,8.882332780800443472e-02,-3.762953942099373505e-01,-2.043074263613893216e-01,4.920304286545924832e-02,-2.207399500479052118e-02,-2.474058907066813973e-01,-7.510759952217452295e-02,4.376331551480380222e-01,1.955772215217480015e-01,-6.556121896362588145e-03,1.860730127267274658e-01,-2.892396592534667299e-01,4.715660239066884335e-02,-2.047095160727795682e-01,-1.519430032857106705e-01,3.297437876906595955e-01,-1.657491575293310315e-01,8.658367757709656276e-02,3.092560201993490021e-01,1.093838315436346936e-01,2.230487935853965042e-01,-1.637933259929448826e-01,1.307181144625972902e-01,-2.193293954772289334e-01,1.639980129425971378e-01,3.960434025372199240e-01,1.307032470603820828e-02,-3.913115442850264580e-01,-9.694496989070482129e-02,2.369673317374842297e-02,6.086977830467861506e-02,1.260478480591838424e-01
-1.055186421028107002e-01,-1.047558050568439814e-01,-1.265702664027123503e-01,-2.670002367486069006e-01,1.437762321401138133e-01,-9.859925272650552075e-02,7.441965396684432910e-02,1.004303028926182006e-01,-2.820699915064739383e-01,4.038888632097658964e-03,-3.728040315411641492e-01,-7.311465734491975899e-02,9.389128692463291626e-02,-1.171372445221589842e-01,-7.079591319122276183e-02,-3.808860429942100279e-01,-2.095467102789967950e-01,-2.204690411232786418e-01,-3.815461164159095891e-02,-2.398119261692510662e-01,1.536985599475052255e-01,1.805475916678901949e-01,-1.532573274039548614e-02,-2.603335406848266906e-03,6.555362547683679653e-02,-2.713826935602375867e-03,-3.280897106371994387e-01,2.246014561150950217e-01,3.629516076278355152e-01,-1.486350575680297492e-01,-4.414888760280107072e-02,2.324582112344904805e-01,2.057424612275851050e-01,-5.568195218531422214e-02,-4.289121189625708791e-02,2.463661456680014405e-01,3.342399234681764364e-01,1.930524673555542858e-01,-6.882288098079318572e-02,9.289536454809812355e-03,-2.133141336698853724e-02,1.499061156082571178e-01,-3.423765188952089533e-02,1.433029591090748678e-01,2.762161230802981926e-01,2.134143655123445227e-01,2.428902921869038889e-01,3.163728822696746934e-01,1.583350492393235248e-02,1.907049235176927759e-01,1.220227796953356203e-01,3.160840087705034662e-01,-2.165332183791627840e-01,-1.260137287482044621e-01,2.575984298183695703e-02,1.151445739167223231e-01,2.240220516689439556e-01,-1.149572995713778606e-01,4.358313143068864304e-01,6.047785002223106388e-02
1.590848704063273569e-02,-1.477400293303469669e-01,-2.627320669636344988e-02,-3.687844855938734456e-01,2.983264279571658933e-02,-2.858754390524854694e-01,-6.317042871995212638e-02,2.444350280336651804e-01,-2.218711128818005168e-02,-4.845920396841833788e-02,-4.269290467060621319e-01,-2.160532525838661788e-01,2.668876238673541929e-02,4.135746920297483920e-02,-9.775139088429164735e-02,-2.395357576914266817e-01,-2.789880091819860741e-01,-3.306361535494736215e-01,5.053752097169966762e-02,-2.941912392856681491e-01,-2.624441337353473555e-02,-3.681052583640902487e-01,1.768581983533179802e-01,5.777069702719703909e-02,2.456874945471673038e-02,6.217253828105155644e-02,2.934913875437862862e-01,4.646320906002248674e-01,5.075791797598287747e-02,1.672838095687179671e-01,2.580908675954219911e-01,8.269257516377073736e-02,2.121101381114156026e-01,5.042367927482194201e-03,-5.098474435825021966e-02,2.112595098041339381e-01,-4.260854256161304698e-02,-1.448229928806911773e-02,2.574557937696210774e-01,3.377309798745290609e-02,1.686716631137074596e-01,1.273742150238872384e-01,4.224156009339240236e-02,7.189416562909160813e-02,-1.087081053760212933e-02,4.846304476568687875e-02,-3.402288176221107685e-01,-5.655636892659789139e-02,1.057536615767749322e-01,2.792063597886503823e-01,3.656533929522123305e-01,2.185719386191447011e-01,5.011886911288937485e-02,4.131608789682277016e-02,4.603494183642443671e-01,-2.327889342317339683e-01,5.458342155661725925e-02,2.586346955955764471e-01,1.023979844143194928e-01,1.084038736587736584e-01
-1.498361993833387806e-01,2.560094040545567440e-01,-1.869059238878793272e-01,-3.616594139228970686e-03,-1.506955142530340963e-01,-3.668774370493425030e-01,-1.874090788885506287e-01,7.046621275326861444e-02,-4.118970944768219900e-01,2.337258403609686896e-01,-7.798150780217280587e-02,-9.548433870526537581e-02,-1.849441479808645872e-01,-6.079199723897653340e-02,-9.175641069128961935e-02,1.932661146203658864e-01,1.686602952245254416e-02,-4.262700775815371490e-02,3.182075096280055360e-01,-1.250770285161506012e-01,1.049003613365161736e-01,5.487606523490449334e-02,-1.413079257254069021e-01,3.580499105995927911e-01,-2.367397226095050711e-01,3.311049824740769365e-01,-1.718291559801927160e-01,-3.141778817345992902e-02,-1.588222503266299018e-02,4.973638633939495707e-02,-1.689558020103736763e-02,3.757892470155224096e-01,7.480865342332099210e-02,6.305486197326852782e-01,-2.009688118024133829e-01,1.636344587090293734e-01,3.557103770250246572e-02,-3.018234565406254649e-02,-1.230053291142573640e-01,3.792249092983259184e-01,-1.697207151457053587e-01,1.676663631639581029e-02,2.978450821849157326e-01,-1.791054312769522691e-02,4.825138770481549738e-02,4.619028281168668926e-04,8.143571478178865397e-02,-1.316142292746259046e-01,1.868629137537452037e-02,-3.539030490225439918e-01,-2.110701617802158980e-01,1.675343650717536492e-01,-7.527269763319449636e-02,3.910278180953282584e-02,-1.817757938146966068e-01,5.598858187561178701e-02,1.659396738995254084e-01,1.682002017049710196e-01,-2.558126182718439834e-01,1.918955718743526814e-02
-8.495251658559158092e-02,3.539792818026660237e-01,-3.222196707554784295e-02,1.978346391284877270e-01,-3.026780659382994343e-01,1.162116955783129013e-01,-2.368310409878375822e-01,-7.402162918963448024e-02,-1.587906743387713093e-01,-2.793240532808768384e-01,1.791811121385691041e-01,-1.187687617659695383e-01,3.239835506810621879e-02,-2.868399997874097052e-01,1.246134988895462314e-01,-2.111282079665635913e-01,-6.214621464824256897e-02,-1.278753755265438219e-02,3.591634810397094368e-02,-2.671527497762442027e-01,2.720513760169881445e-01,3.129907552914940605e-01,-1.468583290667083707e-01,-5.340774676869556453e-02,1.780605129298594436e-01,4.822920506972899930e-03,5.054038623677591102e-02,1.975008934412514905e-01,3.194815843403867595e-01,2.530123199815417778e-01,-1.453617648530191597e-01,-1.479731091429435930e-01,1.703077248977570290e-01,3.036546049584566420e-01,2.874665538583803803e-02,-3.792391091370069661e-02,3.262349011973211255e-01,-3.012288980510284264e-01,3.036426254482861853e-01,3.048723087898514428e-01,8.882023831767352218e-02,-1.097963832432995862e-01,3.889682890571486557e-02,2.159552466039839635e-01,1.521607714623662289e-01,1.458603772923373551e-02,-8.175406657351076689e-02,-5.323543185481637019e-02,7.350685968877554433e-02,5.396234385192337779e-01,-8.329860650637702091e-02,-1.371149423825350766e-01,-2.712397973344525814e-01,2.937098655457400787e-01,-3.773450740240449214e-02,1.617517166238085502e-01,-6.828844737400133202e-02,-2.738766167951443564e-01,-1.380852900756656398e-01,-1.225142932049589906e-01
-4.255699032545604173e-03,-7.078999286467059504e-02,1.623565296778361478e-01,-1.467555225348782522e-01,-5.071463217115296240e-02,-2.912173884160660503e-02,-1.697519937430173320e-01,7.636498286141066294e-02,2.319990501140386380e-02,1.796692252127701228e-01,-1.196246668824060555e-01,5.799076752368888255e-02,-7.774525123662378960e-03,-8.973157024495098666e-02,-4.608710288391449916e-01,-9.353393394868991795e-02,1.618143359305660167e-01,-1.354979167557640585e-01,2.475410119785952795e-02,1.938882202973687963e-01,2.164425945777386229e-01,2.791756612367479184e-01,2.779903238586591691e-02,6.673252370270779665e-02,9.523572263691210127e-02,-1.324608564953725920e-01,-3.220952668475158265e-01,2.016233595502767706e-01,-1.280263546743730108e-01,4.720586758002574823e-02,1.686904431086787837e-01,-1.179629808083544340e-01,1.223463991307124077e-01,3.565189031691481381e-01,1.209540389750510536e-01,-3.423107710894721101e-01,1.979151349830496620e-01,-1.070999084349594926e-01,5.422040053442096774e-02,3.350250633823150664e-02,1.274432118328854280e-01,-1.434718540274984577e-01,-1.312293313363750435e-01,2.803093702695622080e-01,2.612856072019256043e-02,3.778614713607559433e-02,2.656044341078496740e-01,-3.250302513550111794e-01,2.190133389660104402e-01,-1.364074116896743863e-02,3.471752726638713815e-01,-6.682432920985699465e-02,5.418346346318925200e-01,1.436826793129864499e-01,-2.306494800311201243e-01,1.515049197462406318e-03,4.109761724318871101e-01,4.529242043263674578e-02,7.797838774829883579e-02,-6.159379064747490251e-02
-1.512511665233486624e-01,-2.338634911263637491e-03,3.414677214676017925e-01,-2.337152607655135772e-01,-1.172968524759125941e-01,3.060119463508876800e-02,-3.355756998767666088e-01,1.705564305419103310e-01,-3.581396898899316117e-01,-5.794376430718872414e-03,5.972711306109671631e-02,2.756138713975494481e-01,-3.522075431380215088e-02,1.730504235883652611e-02,-2.768656869301559104e-02,3.532588388982826344e-01,-1.824987816341673841e-01,2.500078580399092698e-01,-5.349063691289689115e-02,-1.120768849365919306e-01,-5.608933499214598800e-02,2.061455731167338157e-01,1.175016268131850311e-01,-4.541719500560376793e-02,2.869698182269388997e-01,-2.932772229288955201e-01,1.041534076117938412e-01,-6.759036741889068445e-02,2.351670018764450559e-02,1.468495353923229274e-01,3.894640290145841011e-01,-2.149159523479225731e-01,-4.333620109427163136e-01,-3.397986177686110887e-01,-1.465869956534634477e-01,1.314856183287984870e-01,1.258500592365051907e-01,3.303551758084370404e-01,-5.077724853747186268e-02,2.632533517514666910e-01,9.822582698890855446e-02,4.075144340272213728e-01,4.202351471041890218e-01,1.625417644984637477e-01,2.151795706850778700e-01,1.742774762089545348e-01,5.187980081459271364e-01,1.358935461926128185e-01,1.997460164891183831e-01,1.805238197314309456e-01,6.478323221377604857e-02,-1.191716440726346554e-01,-3.231319183054348447e-03,9.876588572706782032e-02,-1.299461690591723895e-01,-1.627282987991219773e-02,-3.773282559410405801e-01,-2.750332650815859314e-01,1.268065141084112890e-01,-3.875155519647614788e-02
-2.173147466883645629e-01,-8.558427099826573792e-02,5.255586418720346181e-02,2.895499711011990593e-02,-2.791140341205697317e-01,-3.086386201946523800e-01,-1.722235369697997787e-01,-1.322297942141924809e-01,3.461197489130310445e-01,1.341124995780810722e-02,-2.639992028682456443e-02,8.792655178062794286e-02,-4.610340120812340681e-01,2.785201200760002438e-01,-5.745681466598619169e-02,1.292254252324446795e-01,2.920980282644163317e-01,3.215147512352608400e-02,2.405873752214437167e-01,-7.281272081861087445e-03,-1.400902874652993901e-01,6.680913855602585438e-02,-1.884363719060738462e-01,1.791104586375742158e-01,1.660412802541204047e-01,5.959587576207960730e-02,-2.733497751338623358e-03,1.468887795910187553e-02,6.709821029964738170e-02,2.372786765964374767e-01,4.232117814616603302e-01,5.341048447206937499e-01,9.369874650631765389e-02,4.666875764217421896e-01,-1.018514510826455527e-01,-4.572504068565823310e-02,-7.812521587648049715e-02,3.599982795939352109e-01,1.855084027428405835e-01,7.277708251018705221e-02,3.540418419217070678e-01,6.269900916911094746e-02,2.782656084154733200e-02,-1.287385490128353793e-02,6.993293538497892259e-01,2.647548490270325572e-01,4.841832830297232784e-03,-2.782080022017848764e-01,5.267734035089553096e-02,-1.455083490553791825e-01,1.482393841838315907e-01,9.906326572460573410e-02,1.069334018585634538e-01,-2.198849769792774606e-02,-6.973485677203482280e-02,4.873725887298465120e-01,-1.219203645923345736e-01,-2.385866767132419908e-01,-1.583757628543125406e-01,-2.551551157117588065e-01
-6.675625780511244833e-02,-3.762096579897404869e-01,-2.243138280176545096e-01,4.375442014276670344e-02,3.390246222122048764e-02,-7.862143185672680612e-03,2.489110947947986013e-02,-3.001965102633511601e-02,-7.572874872461282658e-02,1.204443792500137569e-02,-3.811392710643464465e-02,1.305975513680741606e-01,-1.184926578979529355e-01,-9.076472246946168387e-02,-5.721733597665334958e-02,2.275412298395041444e-01,3.126200734140189841e-01,-2.244495283249902384e-01,1.655293160328768776e-01,4.671681500446295265e-02,1.151365045457667102e-01,-2.638592666318625435e-01,1.738647640946474338e-01,-5.844769164050178482e-03,-4.085359938565463200e-01,3.258972929150144582e-02,2.034458379078276646e-01,3.876649471939226654e-02,4.693364585300846548e-01,-7.434095648576473370e-02,-1.457378411529865470e-01,3.513381038995388311e-02,-4.508629339045672202e-01,4.689241451421270052e-02,-1.295686201227264946e-02,2.183892562643611757e-01,-3.753625683367411980e-02,1.522403120324207493e-01,5.111502644221869174e-01,-2.951665873709243826e-01,4.572242757332423135e-02,1.826010008662404815e-01,-2.890352670102308563e-01,1.313353709814051862e-01,6.988597076713801148e-02,-1.171286750214506345e-01,1.583946511831840070e-02,1.808963127538682214e-01,-3.905142198055091413e-02,3.851500447739446970e-02,1.485275646651176840e-01,1.589403414462366160e-01,-2.607695420409364417e-01,3.355483182557378319e-01,-8.736951296282852164e-03,2.990239628006895467e-01,-6.144436575446928644e-02,2.201538216284332772e-01,-5.673516290376127980e-02,2.355866429554975272e-01
-3.377467976032846320e-01,3.337198974066456908e-02,-1.230752095925788658e-01,-2.145988632980028732e-01,-1.066072540655092354e-01,-5.301097609578293846e-02,4.989880553506416405e-02,7.906567091444408057e-02,-1.626598011204340999e-01,1.513839939154205116e-01,2.237211007163351639e-01,3.312688849214627702e-03,-1.129387791626578902e-01,2.255371660402705758e-01,-9.700178303046759487e-02,-1.671385156003774297e-01,9.556091043101984372e-02,2.557234746150456317e-01,1.828367577142052947e-01,3.057196875010499970e-01,6.666886881572037238e-02,-2.120408531902242058e-02,1.204146071912172850e-01,2.156192241287078204e-01,-1.725555144880909844e-02,3.890985690650178297e-01,-7.764234304422788779e-02,-9.792389371162925349e-02,4.163442184277890007e-02,-1.354358188814213659e-01,3.630867536294543063e-01,4.810287750157075243e-02,-1.328963011044929088e-01,2.500970403111574814e-01,2.160410556891447231e-01,-1.672270362029519286e-01,3.197048678315164011e-02,3.309629545501592274e-01,2.399222973975811968e-02,2.373585404468492310e-01,9.572446613756736833e-02,4.910352754680866877e-02,2.936011823303553703e-01,-9.055719542289565605e-02,3.725888084001957035e-01,-8.948373261141726043e-02,1.240868822836383722e-01,1.398988966492471231e-01,4.666031032009631541e-01,1.551106786871526144e-01,9.502534483095917417e-02,4.711061675437524382e-02,2.608343597262795521e-01,2.477270596977033112e-01,7.499849996346559522e-02,2.374847955027409863e-01,3.596273883364400348e-01,-1.721749536343058495e-01,-1.364069369651294550e-01,3.246249174793004733e-02
-1.013858280720847105e-01,-7.239757176379815751e-02,3.688709385323221679e-02,-2.525096005468591698e-01,1.674761329604282922e-01,1.638264401767026701e-01,-1.829378021761542406e-01,4.410214208340230146e-01,7.935878041642040193e-02,4.473586134250111257e-02,7.889097315942211058e-03,2.849984274520036553e-01,-4.554215668690133473e-02,1.977742001585157394e-01,2.760806267486752841e-01,2.433545033644111122e-01,5.743380416843735237e-02,1.945114981513256791e-01,7.332490421578001516e-02,2.562130501197786847e-01,-2.005797079536736638e-01,6.582099550973254110e-02,1.309946234041054758e-01,-7.533737263105974580e-02,2.075345305800476992e-01,1.943432087986293744e-01,-1.557493433501235258e-01,1.693921208533664957e-01,-1.420449751020428919e-01,7.943868354871963522e-02,1.993543265114592344e-01,2.706588135303450993e-01,-1.417694323305941362e-01,4.045331989708165210e-01,-1.700860092242433563e-01,2.883002942597333029e-01,3.706363993255034628e-01,-2.690253274491764129e-02,1.256366732450713841e-01,1.342371617505973280e-02,9.718660370682190297e-02,2.030781272733445386e-01,1.120462882299870372e-01,1.928816417127920679e-01,9.690371555248764035e-02,1.568514285557605914e-01,2.321430351189187058e-01,2.898320054262842893e-01,-2.137115544660543043e-01,2.606468005086800543e-01,-1.377193340934181609e-01,1.096547344701064575e-01,2.315157694023868840e-01,3.117427746023953006e-01,-1.232067641631139424e-02,2.980966618669877444e-01,1.746193866196470712e-01,-9.817282209783059765e-02,4.464712379624469034e-03,-3.461176928789279073e-01
1.562996357354469457e-01,9.794142991911186646e-02,-6.787217393733213470e-03,6.752955484890767190e-02,-1.390449682860077710e-02,-3.747153073975260928e-02,1.703759890377172792e-01,2.772680825907219981e-01,-2.704761822628404255e-02,2.232913222444680434e-01,-2.648342498214537738e-02,2.506185575049835745e-01,3.503140671269430739e-02,4.473314777293645184e-02,-1.325322594706869750e-01,4.276516030015701242e-01,-3.613553884566625962e-01,2.568312267097929702e-01,2.965366137670719798e-02,-1.140917907647961693e-01,6.417940557512777366e-02,-4.395821545716974837e-02,3.927711981458079094e-01,-1.547101675923437912e-02,4.167193529223973125e-01,3.059422846235245186e-01,-1.380744422612543432e-01,6.305918258650511365e-02,-1.648442434239803522e-01,4.469928826435626834e-01,1.287701786528210879e-01,1.055133780549051270e-01,-1.374122288513039414e-01,7.685642601297934529e-02,1.327013838957010194e-01,7.979385895291306319e-02,1.027492451286860786e-01,-4.113109816468493024e-02,4.398099082705585194e-02,3.375563053720888052e-01,2.038924208089264722e-01,-6.156786288129191542e-02,-3.414371242381761956e-02,-6.277996259601148835e-03,-1.961607755934973718e-01,-3.203291598305447740e-01,1.111289823209940797e-01,4.344696908012885689e-02,7.982212013590633815e-02,-2.795816495398881774e-01,-2.154689851209996565e-01,-4.880377130625297710e-02,-1.164786696452932979e-01,-8.491378239467597955e-02,2.922338643509677092e-01,1.640831860436369471e-01,7.361419649692350908e-02,2.422702232227763874e-01,3.525362190215474145e-01,1.776409873521040406e-01
2.333254877502790592e-01,2.371996864623885926e-01,6.767871193489594095e-02,1.682607240355780687e-01,7.085108656779991188e-02,9.600559532458793899e-02,1.640110178102290872e-01,3.314024134609372396e-01,-2.996102671883597024e-01,8.007678216302707708e-02,-7.536244766614154378e-02,2.098360517152055016e-01,-4.104802917037666393e-02,2.448737516422133109e-01,-2.934505677198549073e-02,6.581996104544744763e-02,2.420068715725645636e-01,-1.944425404252582701e-01,-1.237757219854837831e-01,7.691445320057999080e-02,-1.705292314354429906e-01,7.108376224789411668e-02,2.252405246015918849e-01,2.067557620373085270e-01,5.875704073354089119e-02,-1.529867506929270538e-01,1.010492026467591786e-01,3.012470830626990878e-02,2.420183888350338486e-01,8.575482159157488127e-02,2.956211145946689434e-01,1.968886075298648120e-01,3.303937973856060362e-01,-9.506890208458448899e-02,-6.789961015111731224e-02,-1.091207560816669780e-01,-2.298803137967853627e-01,2.327984175850572046e-01,3.767115250245747782e-01,2.426920450120748640e-01,1.280992053322023982e-01,-3.611409489391002869e-02,6.551325172784769335e-02,-2.007754069037933145e-02,2.065476777431824174e-01,-1.993447938032734124e-01,8.504441298068216026e-02,-1.300417856914084201e-02,-1.451973757082999916e-01,-2.617924111563903478e-01,-7.790951796265596641e-02,8.759070543009861431e-02,3.078269388417421704e-01,2.775251866885820595e-01,1.770747091348969793e-01,-7.749841189354148008e-02,1.165341425240773721e-01,4.131804063011647044e-01,2.408210501739082299e-01,1.269934831320181645e-01
