-3.378819937554282671e-01,-4.034420420074019131e-01,-3.664926809685907783e-01,-3.113574056458134898e-01,-1.418998874172006097e-01,-2.030073977798577956e-01,-1.601013701910722342e-01,1.440133712350682993e-01,-1.509596395467462659e-01,1.444843733775926231e-01,-1.434676416116187903e-01,1.232077614253681980e-01,5.966169826492956352e-02,9.643063884413730080e-02,3.390606106699165512e-01,4.888803946893975905e-01,-1.499823171682280187e-01,3.179096138193421295e-01,-2.619340769997523521e-01,-1.846329238693387720e-01,2.005093194024715475e-01,-2.168862126612394053e-02,2.284465649287786559e-01,-7.310414554344142612e-02,5.784029238755701297e-01,-9.720413395977194060e-02,6.371196038242932236e-02,1.366466876209642411e-01,-3.072585474349686652e-01,4.255265938670366177e-01,2.483212294289850186e-01,3.951714132770650645e-01,-3.983541905609792599e-01,-1.010503575714103847e-01,6.691565276013544672e-02,1.672568696967033364e-01,3.860966840259039690e-01,-5.657431554874461227e-02,2.938437004021883167e-02,-3.125771066841622203e-01,-1.307490642981827822e-01,-3.696403796073688408e-01,-2.074076908515731787e-01,1.945083599460509238e-01,-1.223689236847582407e-01,2.909697400885558616e-01,1.068061540331501635e-01,-2.982530353789638461e-02,-1.335492296449594940e-01,-1.238081575943006107e-01,-2.176002005359380931e-01,2.142907887104756048e-01,-5.946293137409549429e-02,-2.425209893233317704e-01,-7.141244677772799754e-02,-1.817644441116463006e-01,-2.129759224372326509e-01,-7.697019208244623711e-02,-2.461213848615434741e-01,-3.482836528666538034e-01
-5.744643982419945782e-01,-4.773245065883932048e-01,-5.104390145661946709e-01,-4.472028382255104906e-01,-2.115943188603116865e-01,-2.006713305718705043e-01,-2.231615843354053386e-01,3.865405226861330645e-02,-6.348742944166174684e-01,7.972166424679152930e-02,-4.075078874863758971e-01,2.225104980940980082e-01,8.951332954497223660e-02,-2.887244455248416108e-01,3.276985176685388579e-01,3.110330822043136934e-01,3.268616986344615727e-01,2.733414350547600513e-01,1.793816814570284301e-01,-1.116746549742514832e-01,1.236068067709032714e-01,-2.665100009419755361e-02,1.399766550824998457e-01,6.708326223998858917e-02,9.864679205383260208e-02,2.985720160460513806e-01,4.402299597587289864e-02,1.023040576273019989e-02,-3.256345870901033446e-01,1.096157893911805237e-01,2.728325596309651990e-01,-2.867568175339363368e-02,-6.580467673903056536e-02,-1.339025100157853199e-01,-1.502564302441379215e-02,1.480982522269501112e-01,-1.563946878990356559e-01,3.273849424349038473e-01,-2.042784486069301741e-01,4.448124863769592485e-01,9.312900248130001613e-02,3.766501692623072106e-01,1.595870873021152381e-01,-1.280167395604271674e-01,-1.269563773402263007e-01,-2.190668197132140949e-01,-1.803506382260595120e-01,-6.066508085801865235e-02,-8.110909232972667027e-02,1.795055062078166341e-01,-2.165959347239510557e-01,-2.192157608624866472e-01,-9.794519386081981804e-02,-1.289274327402989417e-01,7.882471247034106981e-03,-2.402829754045447130e-01,-2.165696910978840983e-01,-1.590741739731539595e-01,-2.766693643515560908e-03,-1.178986652444169864e-01
-6.439971599361158372e-01,-5.298150061849611347e-01,-5.725973299511284420e-01,-2.066937886598287089e-01,-3.610070346528996277e-01,-4.879554958909491091e-01,-3.808244830743338083e-01,-2.023618003147365507e-01,-4.680303469706655339e-01,-2.132818943434743042e-02,-2.528552544855967518e-02,8.736123281171219446e-02,-2.736629002674466002e-02,-1.170860290165568474e-01,-5.923193259323474014e-02,-3.623053310642193603e-02,9.366821006295553143e-02,-2.255200089377615846e-01,9.074472289445070783e-02,-7.472047452002654466e-02,-4.589644916663756374e-02,1.502486310779725942e-01,-1.413786355519097149e-01,2.458325772246521823e-01,-2.674836009359327638e-01,2.904599357505067633e-02,-2.155317656396751186e-02,-1.963770692587493705e-02,-6.522422812070337306e-02,4.125103927033116902e-01,1.375709687261880698e-01,1.498458371027614755e-01,6.050636215053670913e-02,3.517668651796060364e-01,5.680896216639726160e-02,-2.583076570310860465e-02,-1.344189193191488163e-01,-1.676977383864457494e-01,-2.268104923027788045e-01,-7.109216312867486232e-02,-1.815546450889622687e-02,-1.201712678776268028e-01,1.182943391967868629e-01,-6.640319106522847570e-02,-6.498217991935617555e-02,-1.532124534008620365e-01,6.209107952861007973e-02,-5.933769444589842568e-03,-7.101085880590256305e-02,-5.309881383191526749e-02,-1.325872884331968093e-01,-2.181358048667422500e-01,9.970668509358253384e-02,1.222615937647924256e-01,-1.191512068557731424e-01,1.584450997859949695e-01,-1.079761181292036853e-01,-3.174944290026123772e-01,8.607725486048118518e-03,4.301215473568809761e-02
-6.217388750437427003e-01,-6.780184435806788645e-01,-5.065984868870471169e-01,-3.857458010821616101e-01,-2.682957883044568281e-01,-5.102803774779187673e-01,-4.411223223655388326e-01,-4.032188341194357650e-01,-2.547456574974514831e-01,-1.897636468970444190e-01,-3.244669678421038816e-01,-1.893060943318948808e-01,-3.677485252527984416e-01,-3.317335773514353270e-01,2.569273323766526063e-01,-2.708176044438214691e-01,-2.963281254993085229e-02,-3.830573682066426566e-01,-7.555852399780463302e-02,3.272151166920452825e-01,-5.139979245770261163e-02,1.306701250151317828e-01,-1.327994462301355372e-01,7.158115135033270293e-02,3.242925322407520794e-02,-1.098289065238688134e-01,-7.572399167240276285e-02,-5.897141118133528842e-02,1.662263017033093482e-01,-1.408587679914237167e-01,1.789468950289513360e-01,-2.321127430656104787e-02,-2.847196648904143923e-01,1.254397125818051684e-01,1.789477820924228468e-01,-1.560659665739810575e-01,3.551268256776759502e-01,-3.182803188970020902e-01,-3.794950158031207971e-02,2.320257840076490330e-01,3.461562823421447388e-01,1.362112243182069526e-01,-1.492218368277551353e-02,9.845218580352436966e-02,2.515023588901805704e-02,-1.694290446589016841e-01,7.917041781599637451e-02,3.447196776335713364e-02,-4.448170863376778306e-02,-3.527838579442290623e-01,-3.895663818904447906e-01,3.953695857125828494e-01,-2.399497204638924297e-01,-8.484539239573198055e-02,1.416348927196251495e-01,-1.172741936651831018e-01,6.605874691335160420e-02,4.998985778661295676e-01,5.500970417918758099e-02,1.888639696830611836e-01
-5.765753254596089894e-01,-6.684297207322905665e-01,-6.205779527148861385e-01,-5.353973205449753525e-01,-7.407734376756514028e-01,-6.987033325055459487e-01,-3.419674977931185800e-01,-1.665664646611094424e-01,-4.240588273336358682e-01,-2.774489439097024279e-01,-1.641900902363941095e-01,-3.119188745742076940e-01,-2.356472080968251281e-01,-1.743557057487668538e-01,-1.405191987940842546e-01,-1.207449662947178287e-01,8.480084759638008285e-02,-5.175722743942475779e-01,2.387214912786259080e-01,-2.146017247471973255e-01,1.698276395659862326e-01,-1.054212551313555429e-01,5.748211891444021671e-02,-1.278854650218042843e-01,-4.026334130763508101e-01,-1.395414376841918047e-01,6.726859396145737358e-02,1.349625264888899487e-02,1.762240298889253265e-01,-2.346969018546173069e-01,-1.077816226238211550e-01,-9.894830341545613264e-03,-3.044721300550877821e-02,5.889263954942676460e-02,1.766795395358023435e-01,4.260073913407190493e-02,2.057260281113811318e-01,-1.662185324789444739e-03,6.102669972121254824e-03,2.134262184414351029e-03,-5.459494518655262640e-02,-1.817254133225717355e-02,1.191233238399940914e-01,3.125318128020541930e-02,6.316443867230518705e-02,-1.671646394706791661e-01,6.494914061291780227e-02,3.953848856428896635e-02,-9.465208216484063963e-02,4.023207432375341952e-01,-1.110548045176275034e-01,1.580253267422751240e-01,-2.973535840059637336e-01,-2.306037249932799127e-01,-6.928223713916045745e-02,3.639529628984766729e-01,-1.107102714976122282e-01,-6.153964315868023366e-02,-4.281424530794749050e-01,-2.860540062052431901e-02
-6.953245925691842189e-01,-5.788762043153317105e-01,-5.418059813076345765e-01,-5.465169025758266352e-01,-5.054988580697756806e-01,-6.330315682382600118e-01,-6.628407439066228424e-01,-5.374193115445816682e-01,-4.620621145689224885e-01,-4.384549847740791817e-01,-3.729299619368781626e-01,-7.307613505565193623e-01,-4.105956393277823691e-01,-2.164985339273637899e-01,-1.028276560612248619e-01,-2.584249306264624901e-01,-3.692383034019768306e-01,-1.894700181276920414e-02,2.370435168831748762e-01,1.075999550543330907e-01,-1.148694490968468207e-01,-1.223244344881254698e-02,4.672775249241707951e-01,4.464059165019708675e-01,-1.943020348348094631e-02,1.548503211357389261e-02,-9.565186736400398126e-02,1.509590652622077867e-01,2.621392840443629302e-01,2.126275499567641461e-02,3.068544954281054310e-02,-3.423738533655440452e-02,3.040499226386733089e-01,-3.121316571941842311e-01,-5.789564706698574481e-02,1.862538743892482029e-01,3.714168994776819721e-01,6.468526824871428590e-03,-1.324956303657550682e-01,1.842211433709892432e-01,-1.793677247936598150e-03,1.969714522902167864e-01,-2.356396204340976686e-01,-3.969223172320525128e-01,-1.006485434628327236e-01,-1.379989639986852756e-01,-1.938067425525915807e-02,-7.786299107235833405e-02,6.725833485984544780e-02,1.521843417492870221e-01,-1.754388422619307664e-01,1.080856843951474577e-01,8.454981102688677308e-02,-2.221187778002995938e-01,-1.526293463832902320e-01,1.470533173630963197e-01,1.332932834160104052e-01,-2.888852910862500095e-02,-9.290714702100026645e-02,1.358511608565275974e-01
-7.558099233947376261e-01,-6.809580494433383757e-01,-5.768580189382785939e-01,-5.088462446879434831e-01,-5.629174300039226919e-01,-5.920372905748558789e-01,-4.689160282914796030e-01,-3.689504422434266573e-01,-5.801763989262683774e-01,-4.703398802803493983e-01,-1.852980867704993317e-01,-5.171312635345823860e-01,-1.572679336977032827e-01,-4.285276496473681140e-01,-2.946192476238453373e-01,-2.365956940356250260e-01,-6.665630725680092850e-01,-4.669684667102035336e-01,2.358536827085266352e-01,1.492391448010975119e-01,-4.110117568324082593e-01,-1.912732964834457094e-02,8.328037150121908594e-02,-1.095928737363415506e-01,1.635328098561864008e-01,3.718209588714479485e-01,3.590516911324797555e-01,-1.372659568369851146e-01,2.768009794747593455e-01,-3.652115096161063362e-02,1.155227643382102654e-01,5.659425446381645408e-02,-1.868878180714158288e-01,-6.245071545652935985e-02,1.761174168233139992e-01,2.225299115749594658e-02,1.545925004767683131e-01,1.011760144513741827e-01,-1.316953784567743702e-01,-5.762111492627074172e-02,-1.245796484916621427e-01,-5.731197621441529166e-02,-1.390516568584262980e-01,3.136357741545812983e-02,-4.249782135358308177e-01,2.636082454781301099e-01,2.415168204705750443e-01,-3.506102946755177419e-01,-2.958333466875334161e-01,2.389000470423756697e-02,2.586292868620528387e-02,-3.825232348994905135e-02,-8.773146657729281872e-02,-1.457184117732358009e-01,1.877602430869999006e-01,1.233479020558477385e-01,-1.223646537944586693e-01,-9.339079042209386117e-02,4.986066627785542410e-02,-1.505945539120218390e-01
-6.642686605266233668e-01,-7.643103775114261644e-01,-6.626464217616316876e-01,-5.415878890552388025e-01,-7.344183012226659368e-01,-5.217411536084872736e-01,-4.752277429756628924e-01,-6.115044338177748617e-01,-6.507476300607469843e-01,-3.524842123648016523e-01,-5.196649972701974374e-01,-4.290874904408831236e-01,-5.198093826326102285e-01,-3.765768189087504436e-01,-2.079741137064313183e-01,-3.951655307273833628e-01,-1.843384820394758372e-01,-2.703768873946476026e-01,-3.379040352136025889e-03,2.653592612777589954e-01,-1.992646741777441000e-01,1.619078425463877091e-01,1.150790889416847783e-02,2.497887912897804041e-01,4.816199515234421968e-02,2.800400813591584215e-01,-2.506835584806854644e-01,1.622408207377871170e-01,-9.960192598499301164e-02,3.080874942665525612e-02,-6.955767550985808567e-02,1.770508580244769259e-01,2.083032836272308563e-01,4.984023580672448939e-02,-1.245316304921179756e-01,-2.458894802386351608e-01,-1.865854445227207448e-01,5.299480186807270510e-02,-6.138676477805947440e-02,-2.102178581653513789e-01,-1.680919232240187799e-01,-8.504713722486578753e-02,-2.894151421504129185e-02,-1.806006716344619456e-01,-6.153452591983506192e-02,-1.117369706251635231e-01,-2.555777689500521310e-02,2.560355088305310382e-03,-4.910332744920867937e-02,-1.209137557645456607e-01,-2.365298869437776064e-01,7.549021317455636808e-03,1.132611801155497949e-01,2.490269470187999323e-01,-9.297291516643463316e-02,-2.197646057027153321e-01,3.428044142882195611e-01,-2.144783714418311560e-01,1.803663435385187142e-01,-1.405176200280495169e-01
-6.366496911103960432e-01,-7.673148704206080861e-01,-5.896469057813126247e-01,-7.045633673278655085e-01,-5.481896087293671727e-01,-3.728696182206104326e-01,-5.569794664880365342e-01,-6.831389778775687205e-01,-5.149539083678010831e-01,-4.954980811330620405e-01,-5.962459207990851162e-01,-3.749449646669603120e-01,-1.460070874855925183e-01,-3.917737196392195864e-01,-1.376777323278550458e-01,-2.918548428069094869e-01,-4.226098348186708153e-01,1.158320719648656683e-01,-1.964285698832381466e-01,-3.888257957325800818e-01,-2.439260979231407112e-01,-1.009403440105143962e-01,-1.271961139371884930e-01,7.632808643625152434e-02,4.381405557779157606e-02,2.211864522703870239e-01,4.301391009004865845e-02,-1.523305343412161839e-01,2.100720793163123878e-01,-1.902293286434303954e-01,-2.107922232247763650e-01,8.811593339773185485e-02,-1.682327058103515460e-01,2.573656361500751416e-02,-2.499371433525504616e-02,-1.502585952215296271e-03,1.746828709620247277e-01,6.999314266546351193e-02,-7.013448771175670449e-02,-2.480763638813558991e-01,-1.179555716033473534e-01,1.553330915685348368e-02,6.990792612695380381e-02,1.478995705562730911e-01,-5.178303672751897319e-02,-4.017539972949143445e-01,-1.493318019541314268e-01,-1.203198073015339931e-01,1.493792905995194320e-01,1.666527573210884253e-02,-2.046846312228850218e-01,9.544842185932123427e-03,2.371818362876949027e-01,-1.456082083070245337e-01,2.211245266418959687e-01,3.942373407305795330e-01,-1.086520334453327241e-01,-4.961562288183956615e-01,-2.343962782531442551e-02,-1.656738434546683458e-01
-5.659083660802989302e-01,-4.786125858782357412e-01,-6.446415558178761884e-01,-7.879323559847705161e-01,-7.416602440975981203e-01,-6.905116774396099499e-01,-6.143138263129266363e-01,-4.708546736853527759e-01,-4.363461691879484405e-01,-4.683710052715621686e-01,-4.370211733934405984e-01,-2.950602868505746712e-01,-4.056407517197304635e-01,-5.629137115540211456e-02,-6.258665739610116407e-01,-3.406411071553436809e-01,-4.978797736660330875e-01,-9.746827876226522858e-02,-4.193388051493893154e-01,-8.766636567487022524e-02,-5.347078646980333305e-01,-3.297726504697144900e-01,-3.372763416256693292e-01,3.188723880704379954e-01,2.780026162541427981e-01,4.492677694145053024e-01,2.691616071148449363e-01,-2.212667762037108174e-02,2.191156890046760952e-01,6.807685790026454797e-02,-1.217283116504151719e-01,5.681615641975999026e-02,-1.831847007733258814e-01,-3.575549777888680034e-03,-3.633970902009656112e-01,-1.125346359398124302e-01,1.806713155740579946e-01,-2.330326584095351872e-01,5.935704313703913521e-02,-2.900102509323798650e-02,1.728630283821401270e-01,-9.822245687613198606e-02,2.703856921559855686e-01,-1.685599797091528670e-02,3.477555990909063366e-02,-4.667397071395078256e-02,3.899883164251743972e-02,3.318867607396663866e-01,-1.688196701282068668e-02,-8.786004638523439714e-02,2.800418545235973042e-02,1.950367232936640050e-01,2.115076419897964632e-01,-6.310508078920828989e-02,-1.416646576226469542e-02,-9.386487714231350060e-03,1.377233196167038654e-01,-6.136477582881075948e-02,-3.225635996517619564e-01,-3.308814924189260043e-01
-6.259128558674961207e-01,-5.007241215807564094e-01,-7.456108118626880721e-01,-4.158813440537915684e-01,-6.387987037009421609e-01,-2.999615511812628865e-01,-7.206172553719010221e-01,-6.767345801349012868e-01,-7.231079371478036366e-01,-6.949623816225921624e-01,-5.828203705236878474e-01,-5.398672921908631572e-01,-3.248200175354346020e-01,-3.905134555218682246e-01,-4.230481368735766745e-01,-6.283719390922406500e-01,-3.783663434882090781e-01,-2.061952464831864340e-01,-3.489957033284457610e-01,-1.960690756037196114e-01,-1.720468686594189278e-01,2.396983121307838527e-02,-1.011276249880680711e-01,2.715823983647958628e-01,1.969124547581298929e-02,2.089596213062902275e-01,-5.586724476312484450e-02,3.707332043373944841e-01,1.640060625882362455e-01,-1.194115222721850306e-01,-9.417438086669926642e-03,1.097993801337792535e-01,-4.961203256292967545e-02,1.987645491591385344e-02,-1.012970693248081699e-01,-1.167419233190231942e-01,-7.104777264024542127e-02,5.266340689823225535e-02,-4.527369671778286309e-02,1.950804443831607449e-01,-1.146541786027343302e-01,-2.308348629638676958e-02,-1.753071503080980420e-01,5.410245823880249771e-02,5.978221145010380322e-02,3.116150949446080398e-01,-3.623452440535684382e-01,-7.250804845920369446e-02,3.058809418284824666e-01,-5.438623386681006311e-01,2.883235367284192607e-02,3.048108276485365226e-02,-2.654342613461771472e-02,-1.119837147402618915e-01,-2.073871840088584440e-01,-1.932982787550541759e-01,-1.905526179292346689e-01,7.307506383501963243e-02,-1.881156557637307936e-01,8.814517542496005942e-02
-6.235591955529538044e-01,-7.040134485146423149e-01,-6.883341649853933486e-01,-6.482983752079125583e-01,-8.023467061675744194e-01,-4.907994162788597015e-01,-5.526370926777618431e-01,-2.852885807682218333e-01,-6.587473479767023132e-01,-6.152035026839619558e-01,-4.264319842226234059e-01,-3.421837872840119976e-01,-3.341297026260453551e-01,-7.366638584364025855e-01,-6.334181015966204864e-01,-6.107608898621204041e-01,-4.266447291872718095e-01,2.264264329346764026e-01,-1.895926850045332457e-01,-5.370339309539887696e-01,-2.012793816941270963e-01,1.042536806200280441e-01,2.930560009445560277e-01,-1.089661628925790299e-01,4.069584510853124226e-01,-2.864574324125131882e-02,1.397338739050607015e-01,2.702217006578463421e-01,1.005664472371903956e-01,2.090444783124550676e-01,3.400378060129073954e-01,2.306024527660079371e-01,-3.214858821841917180e-01,1.327639883667959819e-01,7.679499152211645419e-02,-5.564863106192312336e-02,2.044127713026429871e-01,3.313739098839415531e-01,1.172452976643193201e-01,-2.210772221695438411e-01,-1.446754304641101052e-01,1.502700380608915365e-01,-8.239623722294604768e-02,-3.454821196845842546e-01,1.058014629429555320e-01,5.794035369453036377e-02,-3.007566556905389432e-01,1.833557592678572434e-01,1.410904770245174633e-01,-6.612506724687364223e-02,1.614078229939945319e-01,-7.691049380498993226e-02,7.748011808205834249e-04,-1.201188503983994724e-02,-1.264545580328657326e-01,-1.835781550892300051e-01,2.654370699973835901e-01,-2.072669019874185670e-01,-2.132142934571886472e-01,2.018014469074688733e-01
-7.649008018247247520e-01,-7.595300982879634732e-01,-8.023079985554654181e-01,-5.661855703889847602e-01,-6.782280449253095256e-01,-6.030762637206958932e-01,-4.910503461688076610e-01,-6.291112240601052230e-01,-7.505349755822318114e-01,-7.245912096611729636e-01,-5.058352937612903277e-01,-4.832828710892744795e-01,-5.219962105319935208e-01,-5.698716775195384887e-01,-4.424889425503444329e-01,-4.139475776665205720e-01,-2.716907228360742055e-01,-4.945810719115623089e-01,-3.560889037702012483e-01,-4.341157437001159636e-01,-6.053865480319741144e-01,8.759790793312281776e-02,-1.485237008613879972e-01,-7.898016991273563991e-02,1.097020607712809459e-01,8.865714794188581105e-02,2.348552895085462833e-01,3.527563594918780021e-01,1.721298648701578282e-01,2.269799366825490591e-02,-1.774563924677511340e-01,-4.087892349811802495e-01,1.713987692988581668e-01,-2.266713048639242278e-01,2.474398754560089841e-01,1.900875893578132525e-01,-6.907029965817612638e-02,1.263862141298836284e-01,1.608735572708715478e-01,-2.436424462973570682e-01,2.374607586559726591e-01,-2.300379574706925556e-01,1.028265929407413959e-01,-1.855686413802082324e-01,1.018840778085513543e-01,2.160034655097287648e-01,1.794411620547733677e-01,-2.023599400392196712e-01,9.336144362397401364e-02,-3.039499935676188147e-01,-2.056713705984555551e-01,-9.603707956071953766e-02,1.938173976121599640e-01,-2.017402233554283497e-01,9.974612763493154177e-02,-2.139292501561627646e-01,2.859225923142754144e-01,-9.780471858119681172e-02,-1.731611844486031226e-01,-5.222125641890390524e-02
-7.307830179620188327e-01,-5.878576531903556557e-01,-6.127742926633692466e-01,-7.253571642313627610e-01,-6.300349994111724694e-01,-6.893715074582120739e-01,-4.046743908301198012e-01,-4.857973744790885506e-01,-4.602549413661778388e-01,-4.828645440019128654e-01,-7.149782316507924396e-01,-6.935081420049018508e-01,-6.054927746947730283e-01,-7.000999642359523323e-01,-4.496237027454760282e-01,-5.053066439980330449e-01,-7.555670468029213049e-01,-3.875087113131432948e-01,-6.559296320865766194e-01,-6.464482359732902639e-01,-2.667736295882250919e-01,-5.679686095477254337e-01,1.523319920329135324e-01,-1.284170392067441810e-02,-4.325416206869346913e-01,2.127955583476635049e-01,-2.664973275505457262e-01,2.034819037783048845e-01,5.263218000126235196e-02,-1.077578912602398728e-02,-8.156779401871608326e-02,1.174562694878783231e-01,2.214814396775632854e-02,2.148204307863584364e-02,-7.696796706786689091e-02,-5.760839584816003223e-01,-1.555617400297865660e-01,4.963905122942041670e-02,-1.183947381377190300e-01,-3.510654335902912287e-02,4.270598200750933549e-01,-7.641647438438510520e-02,-2.083366163069652333e-01,-1.371746053437818691e-01,-3.292176734115895842e-01,2.799153741302324305e-01,-9.867110443194544722e-02,1.810385795204598192e-01,1.789622698755241048e-01,6.296655709474119345e-02,1.336617915186840977e-01,-1.910531062147774184e-01,1.971754797021131253e-02,3.148808711240483893e-01,1.265172205306443476e-01,8.388901448598154453e-02,-1.623946878839758745e-01,-5.339573427781112158e-02,-7.087220507942273984e-02,-1.770497874364375668e-01
-6.484874996143801251e-01,-6.303115871637940959e-01,-7.043686083436613288e-01,-6.848914577575353491e-01,-6.931753700288407760e-01,-6.266674947620636260e-01,-6.005637377853154657e-01,-4.289477234508713432e-01,-4.754197368008298841e-01,-4.667906636031959877e-01,-6.631794671987907286e-01,-3.512379222139494495e-01,-3.264805058280126904e-01,-4.445563968819913336e-01,-3.932261338299793407e-01,-6.591835527710998566e-01,-2.223594101102526199e-01,-1.648560892191321681e-01,-1.771383180957124548e-01,-3.586107918523143701e-01,-4.627998325174917937e-01,-3.149135708118172561e-01,-8.518346147854165273e-02,-1.282587634013956646e-01,-5.028595646908075034e-01,1.902598133064411223e-01,-3.297429185552995523e-02,-2.827042970817376100e-01,-1.786219965276934218e-01,7.488679204770729014e-02,-1.384867151117664952e-01,2.528051489646807592e-01,1.249690231255559392e-01,-1.281134406864800068e-01,-9.967776030625663530e-02,8.441760582608403771e-03,7.914082993055275572e-02,2.330761979332373612e-01,-2.609295083210408928e-01,-1.814839672390744507e-01,8.404602736210627090e-02,3.904130823149122576e-02,-1.650565590228271484e-02,3.664734485454539392e-01,1.837760381578235624e-01,6.612328796285284194e-02,-2.320485572695679399e-01,2.105557250614543130e-01,-7.752698996602773451e-02,6.976233013858766652e-02,-5.303867677637615075e-02,-1.877040110309973198e-01,-2.328234185477961460e-01,2.843494289859866408e-01,1.273325924180952751e-01,-1.416318821616606716e-01,-2.840237397000509520e-02,1.393063633989668516e-02,-1.611781270979164085e-02,-2.372114702260722241e-01
-6.457337958571991443e-01,-6.293623110910925300e-01,-5.075066701734344266e-01,-6.515576267157956458e-01,-6.134447243191805121e-01,-8.120484788678465904e-01,-6.580243902425869651e-01,-5.345619767757230356e-01,-4.029940718288431145e-01,-6.213185040830337957e-01,-6.226230870460922606e-01,-4.676367178063006169e-01,-6.730346567856365647e-01,-4.162041280508009811e-01,-3.972056258912365356e-01,-8.394031102575960634e-01,-1.304607844166116304e-01,-1.844438255400889237e-01,-5.357862641439380402e-01,-2.973630236235679791e-01,-3.057217890574427943e-01,-5.478856800424172224e-01,-2.645328441526703100e-01,1.076752913130030187e-03,4.039464971827342876e-01,-2.912413239042964744e-02,-2.086248739704681457e-02,2.094066739650808917e-01,-1.102110644276693696e-02,8.897697781562155517e-02,-1.761136130738314709e-01,-4.296163776219893982e-02,-8.485163536672982176e-02,1.066600958471378424e-01,-5.691468175520616318e-02,-1.024442517577993927e-01,-5.527414108410098198e-02,-3.188326441118525811e-01,-1.962999716866443145e-01,-1.049380968183805940e-01,2.912309339130710883e-01,-4.543084046433479850e-01,-4.205922369501371300e-02,1.436933716328592193e-03,1.276055616553813388e-01,2.729772415716649053e-02,-1.247300758613353600e-01,6.036058042157566028e-02,2.288474970490707583e-01,-1.916944569483941541e-02,-3.546417046438012088e-02,1.304387307545600838e-01,-2.023334083427173469e-01,-4.839003090479486457e-02,1.757233375093246452e-01,2.900559428802067519e-01,4.342133699161781490e-01,2.335583663524100628e-01,-3.936544450239090956e-03,1.278394487023893356e-01
-7.164275100626491533e-01,-5.357797865183281383e-01,-5.577363816122755669e-01,-6.129075998855775254e-01,-7.781083032202490424e-01,-5.046848344396516195e-01,-6.199943105257069709e-01,-6.001449535716683048e-01,-5.759671562044974547e-01,-6.262714873602865939e-01,-2.799658537017025162e-01,-5.478287945568640627e-01,-7.082339947568880856e-01,-4.197788099604336520e-01,-5.792656869703568523e-01,-4.942095175479346847e-01,-2.841445980554085371e-01,-2.821044527556081372e-01,-4.378211223946485431e-01,-4.704954078062791867e-01,-3.018186557759909849e-01,-1.306597090522072790e-01,5.905604731697222838e-03,-2.822283020884211457e-01,-3.318808882025242601e-01,-2.015643748726714812e-01,3.457427041628136077e-01,7.299261171630898326e-02,1.030112711098627731e-01,1.051176865143457206e-01,2.564461024528023048e-01,4.713676457258370034e-01,8.428280552425509997e-02,-2.050015568003286381e-01,5.727052430679374639e-02,-6.784504470104443449e-03,-4.317923158427965091e-02,1.881990203419392493e-01,-5.792614430113146237e-03,-2.337997947040088287e-01,-2.789560094509156984e-01,-1.243978485100235842e-01,2.460076244834129844e-01,2.533785625196706137e-01,-6.413695223451890137e-02,2.834680865224013108e-02,-2.709331714137256375e-01,-1.757241084935810826e-01,1.912659601980634394e-01,1.468014837013321972e-01,-9.131631200339404564e-02,1.329198597720581132e-01,-1.923555336784178171e-01,-1.167712079958583421e-01,-1.300206317112253540e-01,2.488662664116513823e-01,1.394818434839967813e-01,-1.236760469067074153e-01,1.715911063115535540e-01,3.455168241152424546e-02
-5.555955399138311490e-01,-6.265349812935532281e-01,-6.627104608900726834e-01,-6.174895869221699307e-01,-5.472659145985785401e-01,-5.490767988621346740e-01,-8.086327717781707225e-01,-7.013850551800271393e-01,-4.853388088756969698e-01,-5.623708229901229760e-01,-6.182020395537364266e-01,-3.222363885805631378e-01,-4.943846808965364770e-01,-3.624780241215108667e-01,-4.589340526749374760e-01,-4.161583373585392986e-01,-2.593722100002510134e-01,-1.980188547414061806e-01,8.739200261808539871e-02,-4.841603203716053905e-01,-3.250622832577074739e-01,-2.078954716838557759e-01,-3.269001902340286092e-01,2.055653781882536002e-01,4.433130791509481416e-01,1.435818180024658886e-01,1.006505625346287430e-01,3.368774908428538439e-01,1.069711367664207824e-01,2.296173080252117329e-03,1.400900580394421335e-01,-1.178892404695311702e-01,3.288712853152137017e-01,-1.318837892317409610e-01,7.885286054855537852e-02,-1.226353695143675288e-01,2.549513173465930288e-02,-5.569972590443010574e-02,-1.143114515642180279e-01,-4.038408047268104428e-01,-2.146909996669637555e-01,1.021263254416149568e-01,3.468929196191599534e-02,-1.362878118222468904e-01,-5.465308105377893189e-02,-1.476873012392707074e-01,1.337743788903305864e-01,1.554219888655501980e-01,2.271093779325158712e-01,-1.009014792616478584e-01,1.478382664352118903e-01,-8.427749636552925305e-02,3.121922302824006179e-01,5.276316560260703170e-01,-5.027753544526663010e-01,3.687915055705414669e-01,-3.031425149700149868e-01,3.435392790313055444e-01,-1.300202832849313150e-01,-2.179536675058649231e-01
-7.014034536435742595e-01,-6.478500274849977592e-01,-7.060465010533539809e-01,-7.117100787373660253e-01,-5.932927678688006967e-01,-7.041317346280860923e-01,-4.215007789162317775e-01,-5.108780482453719740e-01,-6.641830118899065827e-01,-5.160837003427609648e-01,-5.414116745871572212e-01,-6.453896518611745847e-01,-4.541318808188939959e-01,-4.140437267389664444e-01,-4.768773106580017074e-01,-1.592093745893046475e-01,-4.212635639547053223e-01,-5.955909838356445718e-01,-1.973135126167277764e-01,-1.853280427819090637e-01,-4.274702480364330204e-01,-9.252695627777954290e-02,-2.025298830470715628e-01,-1.238867207883261878e-01,1.584783124549260236e-01,6.292410264884504278e-02,8.916777190371541484e-02,5.750952298027951770e-02,8.589058320344963859e-02,3.522625754496031547e-01,3.004299039833739290e-02,-7.087133303711544430e-02,3.480609230341251414e-02,1.365363720565485883e-01,-1.202880978977242804e-01,9.894665208754515814e-03,2.906556996204700052e-02,-3.402066840591109198e-01,-6.977236615507204087e-02,1.414925569268617456e-01,-1.417849256635392852e-01,3.035927864543861432e-01,1.543043854576405527e-01,7.428752631215901348e-02,1.861239337237303171e-01,1.152931195938181885e-01,-3.396346345248331122e-01,-1.026452672733670635e-01,-3.240397225889159877e-02,-3.089370569023155294e-02,1.616734813277145855e-01,-2.849840327259500934e-03,-2.849754380269752252e-01,-7.142710022985929164e-02,1.342623492884174007e-02,1.021725069940215749e-03,7.917893453253476918e-03,6.808006175699408968e-02,1.608149732932874776e-01,-8.037687982692881539e-02
-6.482437760650038294e-01,-6.484991520621767869e-01,-6.311722782858500969e-01,-7.392819750145286362e-01,-6.549840776711441936e-01,-7.427140911636540554e-01,-5.221892284031849352e-01,-5.703027188827090033e-01,-4.765414201645693515e-01,-5.816321876418908410e-01,-5.953843467563678660e-01,-5.596781378380730754e-01,-5.459022875866066382e-01,-4.655178529645919161e-01,-6.598378206019204217e-01,-4.412479408476345233e-01,-4.072056828780111215e-01,-5.346222267247930926e-01,-2.365773606822946518e-01,-1.022600793493195770e-01,-1.576270530956850602e-01,3.393213016549037706e-03,3.241421799340692966e-01,-9.924800402988509518e-02,-2.864046685070702480e-01,-1.610087237180127251e-02,1.217168108849398384e-01,1.306515048025975179e-01,5.819430755026462621e-02,-1.019414040385871606e-01,1.225074733800973481e-01,-2.382614521568578864e-02,4.638166788416357988e-01,-4.871749271242220396e-03,-1.199407041803429441e-01,-4.414249956562744936e-02,1.295229962008802860e-01,-1.680989054029555230e-01,5.709341557912665788e-02,7.810518865137697220e-02,-2.955016456548756245e-03,-2.358683148242519609e-02,-1.417580678691942597e-01,-7.620538646670388383e-02,1.100988725593865930e-01,-2.853587307142851359e-01,-2.014443758557818431e-01,7.481523131243356106e-02,5.600260704754546348e-02,-9.552333188722648971e-02,2.000615951267333270e-01,1.384550866345694298e-01,1.757202606509724041e-01,1.387768596329868043e-01,-1.288422530342700212e-01,1.448453473891226327e-02,1.403101255026726335e-01,-2.651659080787375361e-02,-1.239838288273959616e-01,-4.644379542032169017e-02
-7.194174505148109855e-01,-7.106354426515429923e-01,-5.864956157944016812e-01,-5.071821559281755043e-01,-6.850070487694839283e-01,-6.298658159582848359e-01,-6.236879429366483096e-01,-5.665422136797778618e-01,-5.370158312264229350e-01,-6.482425857275264658e-01,-7.642375069036672075e-01,-6.529808950741821105e-01,-5.907232992766480173e-01,-4.441125906769318732e-01,-4.688129713925676123e-01,-7.357757795111110610e-01,-4.002690080012375473e-01,-4.006281403863465873e-01,-2.447373066658381224e-01,-5.753525005422632788e-02,-2.389518363661706779e-01,-2.597303495363571524e-01,1.998693940711082917e-01,-1.834853798220614784e-01,1.655534859102433531e-01,1.472236628897194421e-01,1.337603627721402622e-01,4.813232908281860345e-01,-2.304151971846139513e-01,-2.718256608333804308e-02,5.767472400288013723e-02,-1.017189498278552734e-01,-1.060623973374308082e-01,-1.396760158510350625e-01,2.832965892515433848e-01,-1.604849517524793989e-01,-4.460190069697173021e-01,1.717734597169481847e-01,2.394309149748233972e-02,-4.302876453663512235e-02,-1.999127379176701604e-03,5.444103864732731390e-02,-3.191661228464509614e-01,6.906015149328552372e-02,-1.758843388325315449e-01,-2.094484078128668741e-02,-2.432017847081423823e-01,-1.896583627254871673e-01,-6.025312950436355341e-02,-1.513017683332429919e-01,1.199436071433612472e-01,-2.643157547496227111e-01,2.177243641182642353e-01,-1.734107675282945404e-01,2.458793582481667295e-01,7.210270994946130219e-02,1.025058042367055638e-01,-3.166627429846150532e-01,-1.529136533771069395e-01,6.994727829319889734e-02
-7.201748576432890347e-01,-8.057422043772890508e-01,-6.774083615788313306e-01,-4.956342981307196860e-01,-6.074150008327109385e-01,-7.125457821181500062e-01,-7.477849119784489851e-01,-5.316516757690322725e-01,-6.904883772678281906e-01,-6.549018444667931149e-01,-6.129260036606538620e-01,-4.142843930214228365e-01,-7.207680032473022802e-01,-4.773976432360377276e-01,-5.397686596067196030e-01,-4.306660841618126234e-01,-1.867584050644413851e-01,-3.530817486408868722e-01,-4.978707914682939384e-01,-5.140377030802069092e-01,-2.257409179367810270e-01,-3.614788997697639117e-02,-2.412982628151367701e-02,4.742252298156350854e-01,8.347582394657454552e-02,1.993554713724051131e-01,2.320635377951164868e-01,2.040411130442727483e-01,-1.561677142321882261e-01,-1.045366041439408783e-01,-6.437500825846673158e-02,2.004005209172456115e-01,2.857725689084212872e-01,1.444952564477091084e-01,-8.630331744857909493e-02,-1.473063252535835033e-01,-1.143097996584446496e-01,-2.111765718637049344e-02,3.445371681568022704e-02,2.445585280609031270e-02,2.875308789007212651e-01,2.108258615855537477e-01,1.808014038363491560e-01,2.277015598334491964e-02,-2.889931494287372726e-01,3.830116094655587888e-01,-9.637581171497582033e-02,4.305914717809143644e-02,1.703774459707005917e-01,2.758991279998182500e-01,9.511283903896210201e-02,-3.261984260910680278e-01,-5.610640137698397027e-03,-1.149897516971459116e-01,-3.060377520245357030e-01,-1.695625920834654687e-01,1.032104119387630553e-01,-8.603897195096141259e-02,-8.873054578160463612e-02,-1.169764493615908368e-01
-6.254118386780812555e-01,-7.015937435060013438e-01,-8.300557254653544437e-01,-6.648141585109167417e-01,-7.795051593162027892e-01,-6.007976553033571587e-01,-6.986531980652737062e-01,-7.393587781625271527e-01,-3.943116475461366233e-01,-7.175747386128638050e-01,-6.334869627453566521e-01,-4.153904211789040124e-01,-6.259845472853524662e-01,-4.439835416362855613e-01,-6.913690085082329073e-01,-3.462625438284018253e-01,-5.283074502514510939e-01,-3.727027187143388542e-01,-3.650535247298206110e-01,-1.098464965692427242e-01,-7.900726714462882883e-02,2.026248993111881835e-01,-1.138583049510747125e-01,-1.919158951799500856e-01,2.226634375123310305e-01,6.970093144419878262e-02,-2.252794113786365793e-01,-9.610986402653860783e-02,2.432246029979241997e-01,1.604964940572408683e-01,-9.394783255194846805e-02,9.290452468385541895e-02,1.947074234130580783e-01,1.209421277518535759e-01,-2.142792406634773106e-01,-9.324906584367904927e-02,1.788917165601183190e-01,-3.842277072772245367e-02,2.251037757623359781e-01,-9.141612129216813987e-02,-3.489943351189620652e-02,3.610061859500340864e-01,-3.551112457858688898e-01,-7.068479013528039707e-03,-2.081669493342599986e-01,2.492296581555322743e-01,2.150520337749352584e-01,5.030724764942336169e-02,1.001739688643698695e-01,-2.703657156870674649e-01,-3.062840073956023604e-02,-4.264639336080507104e-02,1.677002804642617195e-01,9.603392637805874266e-02,1.188878283776456241e-01,2.546431769320130489e-01,-6.459772096210843195e-02,1.623119505552574615e-01,-6.647306007700082287e-03,-3.005027176198682339e-03
-7.634540936172804493e-01,-7.926484882948450217e-01,-6.211606316605065015e-01,-5.770661601398880958e-01,-7.816699456660379797e-01,-6.603357988430417214e-01,-7.057266729006481665e-01,-6.116229062102669367e-01,-4.464249909071839606e-01,-5.841332182649143778e-01,-6.279507426366245371e-01,-7.072413716873586775e-01,-5.862331667990174910e-01,-5.873988146557864720e-01,-5.130748809325567095e-01,-5.777319150314171869e-01,-2.338729254372335364e-01,-2.772603654348523849e-01,-2.365591986558956417e-01,-3.517139029559411267e-01,-2.124936892578079828e-01,1.013366154084595766e-01,-2.342065865652768475e-01,2.206623873938463876e-01,-4.970952135992821874e-02,6.437593405752321807e-02,2.022890695695317709e-01,1.486754712587205485e-01,3.750139973738592647e-01,-5.895028872989527095e-03,-1.430241218745360587e-01,4.675609046714533645e-02,1.296495169649511670e-01,4.362657476802935669e-02,-5.560464101195768810e-02,-1.156693287754193139e-01,-6.243323277226377893e-02,3.126470764998093843e-01,1.361892278477517537e-01,2.136838882682778711e-03,2.909010230525667026e-02,1.873334562458187358e-01,1.090763084125989935e-01,-6.418510785982058098e-02,-2.483532046719365630e-02,-3.101645269577039676e-01,-2.476994021116773470e-01,5.880247908860351119e-02,-1.645827429049095680e-01,1.229547395754858330e-01,-1.534269247907994738e-01,-6.475594525536076951e-02,-1.234516677955850572e-01,-2.003729537408400693e-02,-8.479205773940591551e-02,-2.347952896351780117e-01,1.945924738968123069e-01,2.145238648274848947e-01,2.228484412190118724e-01,2.168035857359523200e-01
-6.120441034240156064e-01,-7.319264793950714942e-01,-6.656200992755003654e-01,-7.847240223976432727e-01,-4.570679656263714752e-01,-7.521479646000674979e-01,-5.781615159215827138e-01,-3.597156182934573287e-01,-4.687526597211449375e-01,-6.035160334177239738e-01,-7.078311329777866590e-01,-2.514066500129746862e-01,-7.161893418167382119e-01,-3.207757165069065608e-01,-7.581007072494726495e-01,-3.769516400411791479e-01,-3.695596367631948653e-01,-3.009028868701718595e-02,-1.084569579783091903e-01,-4.008377272548883097e-01,1.631448727333536242e-01,-3.450995062723253293e-01,-2.410116725101865975e-01,2.024276475459298175e-01,-6.939639105963155141e-02,1.096757561889149385e-01,2.185988314458831572e-01,-2.110768999915303701e-01,1.378041541815721860e-01,-7.944191006497734742e-02,1.871441034482538290e-01,-5.385954189688110100e-02,1.920095812150968972e-01,3.134165804065060235e-02,7.891590151544092269e-02,3.279831837873176115e-01,-2.482701122940404181e-01,5.587627806705065814e-02,-1.699160213740718572e-01,5.573282700480236551e-02,-2.787838083663946032e-01,-1.071937956533605407e-01,4.901973542923452470e-02,1.503366162092769076e-01,-2.209891495605459943e-01,9.017090596663966673e-02,-2.557288460899608262e-01,-1.326083890671330145e-01,-5.800747794279753622e-02,7.210272718246205081e-02,-1.123551875515419463e-01,2.687895798584835627e-01,-1.129494008337399436e-01,9.839643078266215037e-02,-2.228647591555178373e-02,-7.917551021247400123e-02,-5.134202537860908799e-02,-1.381742743555500752e-01,-1.919208652652129032e-01,9.479085358594499522e-02
-8.129559015589252757e-01,-5.995472071673542125e-01,-6.972028585974214820e-01,-6.256124882736233683e-01,-6.037831031263002357e-01,-6.890846437778532785e-01,-6.833593639869056657e-01,-5.362075122128883153e-01,-5.348760523404169076e-01,-4.936739388755478908e-01,-7.497555788196815785e-01,-5.532561862736835590e-01,-2.845656105405517944e-01,-1.764136392910851669e-01,-8.887327248441703742e-02,-6.703688943474561679e-01,-4.160203521780704294e-01,-3.066461614366270405e-01,3.000171857841854584e-02,-4.172744953546592694e-01,-2.213736051916924963e-01,2.008153333130672513e-01,-4.732723379644239725e-01,1.725558298177511801e-02,3.167600172439960504e-01,3.728704996261140714e-01,7.594887350626077904e-04,1.814820820581652117e-01,4.732976321519397761e-02,1.224489899336511922e-01,1.210955811869120213e-01,-1.464963904132660921e-01,1.402295884506644386e-01,-1.944830974272451773e-01,-2.047873108679326981e-01,1.059355752770101411e-01,-2.214387794429883149e-01,2.190189893517847375e-01,2.073328095935312310e-01,-8.627128689064736400e-02,-1.977800418013341832e-01,3.244552603143447018e-03,-2.330072467945720760e-01,-3.501086228997170591e-01,2.534828945218393567e-02,-3.972002592757863937e-01,-2.380601206580867379e-01,1.076145019997336860e-01,-2.352696494971869556e-01,7.433658259955654157e-02,1.340567635458180529e-01,2.048317661734067041e-01,-8.794786127820478083e-02,-1.158580652049657489e-01,2.111619350522722094e-01,-3.534835537940416578e-02,-1.241099880670185340e-01,1.037686471927497384e-01,7.067393329315714567e-02,-3.804915703991432752e-01
-6.891155860308145753e-01,-6.872301722388421963e-01,-6.285668435544315980e-01,-7.420020196323486861e-01,-4.837610881229085225e-01,-7.813839705029762550e-01,-6.512755077271396020e-01,-6.553722247570574755e-01,-5.970836455571810752e-01,-6.058146298364663895e-01,-4.800364957654388864e-01,-3.174772518615694983e-01,-6.559757293435536374e-01,-6.107635349908939748e-01,-2.386237237961344737e-01,-4.250265712032730292e-01,-2.745882495000783186e-01,-6.205570243609478398e-01,-3.407684280658712095e-01,2.609958317695039165e-01,-1.517751906061175493e-01,-2.894124889409296353e-01,1.582542775699849746e-01,-1.158504401737993350e-01,-8.238465357049190585e-02,3.357463439013211870e-01,-2.065928605225954562e-01,2.651320847916854850e-01,-5.299589813395622073e-03,-9.733239082320191415e-02,5.690533145701479750e-02,3.287547505733098285e-01,3.230589634880273037e-02,1.415930839094092231e-01,2.552255989933571168e-01,-2.425126571265348030e-01,1.236199817328521855e-01,3.559769714734455359e-01,1.385248599507093448e-01,-1.139953931735405018e-01,1.496031118645711200e-01,-6.141019688931487197e-02,-6.538138440013237240e-02,-3.195840142731244393e-01,-2.556694428499804994e-01,-3.440248429968834065e-01,-1.545786385087122294e-01,-3.048837077057034994e-01,-1.344240885067392588e-01,-1.164390940203176295e-01,8.462441083987455592e-02,1.608858832006438699e-01,9.578457388624431190e-02,-1.941691190385469445e-02,1.565106729081267856e-01,3.093541183137917261e-01,1.110879245257716808e-01,4.250432212298952545e-02,1.251901814176573646e-01,-4.554196723793291213e-02
-5.944868054940262159e-01,-6.134640461747469242e-01,-6.195649436770536145e-01,-7.075274651203040666e-01,-6.409819605619426763e-01,-3.757517156761518429e-01,-4.596354898237815512e-01,-6.082464727070264754e-01,-5.084171301453010994e-01,-6.640292851969260557e-01,-6.356220021736362913e-01,-4.626243503883697983e-01,-5.991982771177422062e-01,-4.217801137157425329e-01,-3.808175687613303828e-01,-1.835495158164806295e-01,-3.540297869609961845e-01,-5.521791612901698620e-01,-3.779116139879610259e-01,-1.997972837918801647e-01,7.104229738248227233e-02,1.573731026881437511e-01,9.837662628272678123e-02,-9.623337170509993488e-02,-1.776024526755656807e-01,3.853597627858197372e-01,4.676611659057984260e-01,-2.295553608099643039e-01,1.796456671259130944e-01,9.518201374803887671e-02,2.114095501301863078e-01,-1.288938701844396795e-01,-1.209224857332862613e-01,-8.885430876476134443e-02,-1.758104653070118317e-01,1.392733267454144760e-02,4.689577328693933511e-02,1.309654887317282246e-01,-1.357203055928830338e-01,-1.287591921957324526e-01,-9.684284256608609309e-02,-8.582386283614953926e-02,-1.047723620408348849e-01,-6.177924626420003978e-02,2.568075214978607912e-01,-1.183826399490096881e-01,1.423790412857437737e-01,-6.565773820365827795e-03,-1.198652027472232595e-01,-1.932300945647353330e-01,-2.414436567340252221e-02,-1.508365289830185807e-01,-2.246257750251016705e-01,-1.264457747502072127e-01,6.668847355227355833e-02,2.709417536393749978e-02,-1.859428942442837018e-01,-3.360161814395860869e-02,-1.535006790184285097e-01,1.272081196306666662e-01
-6.398725300567741359e-01,-4.994692322699482157e-01,-5.580508099683476608e-01,-5.543630867552158392e-01,-5.720277401029596476e-01,-3.000990808575791369e-01,-3.837939282485713366e-01,-6.641782967548142125e-01,-3.467667781441753361e-01,-3.841141486144978856e-01,-6.070075387023328162e-01,-4.763289105597880990e-01,-4.768808881163572044e-01,-5.593856001329666761e-01,-3.651695877258738787e-01,-2.666817355692540081e-01,5.630521236044368216e-02,-1.232702548188371328e-01,-1.551386682250007198e-01,-2.828066495353910303e-01,-6.765574084323042192e-02,-2.988626590951314332e-01,1.335883476171006445e-01,1.486277491044826204e-01,1.974680575270457150e-02,-2.021563650242110266e-01,-3.450285964050393006e-01,1.230276740362471061e-01,6.272285306381280012e-01,1.688870262363994235e-01,4.387181598645409908e-01,-1.631102696347382780e-02,3.427488225477129946e-01,1.932715858788378871e-01,-1.369433505559794761e-01,9.518921424586611335e-02,-7.832251845526258527e-02,2.212229135349188525e-01,2.028732144599445508e-01,-2.034854009639298911e-01,1.677643577840580991e-01,-1.802405977217127475e-01,-1.181560410363361735e-01,3.413146549916890038e-02,2.251800100465209675e-01,-8.299874214295442643e-02,1.606172871328934160e-01,1.306441447563523317e-01,2.217217451890338697e-01,-2.771745008381244491e-01,-8.644692369355071182e-02,4.565686913338262709e-02,-8.699317167171270737e-02,-6.646247990460529831e-02,-2.552396106819509458e-01,-2.298774182339041183e-01,1.776154291500994797e-01,1.004436049699554412e-01,8.296220548213401047e-02,3.951127278504851792e-01
-5.735702342373227847e-01,-6.098067897170982299e-01,-4.870276696818623963e-01,-4.886145136720439486e-01,-4.455926477347008086e-01,-4.315786084316378668e-01,-2.290628393455736433e-01,-5.567273201393539983e-01,-6.032242212114302671e-01,-4.492723313356145054e-01,-3.568813082029499428e-01,-4.409091259559923259e-02,-2.085868043434633834e-01,-3.448893283677010313e-01,-2.020602904229160113e-01,-6.650728355648830026e-02,-3.323478590027503232e-01,-2.831134616973653428e-01,-4.640969180377543246e-01,-2.029463051186191913e-01,9.452016405715576997e-02,-4.653899652156136962e-02,2.266125432123105576e-01,-1.263912677157118525e-01,3.654658247075809885e-01,2.896544699043527848e-01,2.523737990155857647e-01,-9.401892568577127629e-02,3.242170740643658677e-02,1.967692946781160468e-01,-1.146372329686323466e-01,1.272504766532777665e-01,-2.479603558647507366e-01,7.377269619556801883e-02,-5.756219618759380596e-01,-3.467175626955065204e-01,3.178411699228452236e-01,-1.250858450886504492e-01,-1.095788928487032160e-01,4.966473140264307529e-02,3.348915212503028593e-01,1.365205833541893211e-02,-1.336676513712889468e-03,-1.458679761068774339e-01,-1.145966945382087265e-01,-1.327664656672205082e-02,2.607814522707079807e-01,7.114183804073218043e-02,-1.552419057427226190e-01,-1.584262600994717496e-01,1.187851268547760186e-01,8.244787978198311884e-02,-4.052559639200618014e-01,4.558894577889541916e-02,4.289674086251314689e-02,7.518919931564124748e-02,4.488291613596227109e-02,-1.130455192970968997e-01,-5.237511575941279640e-02,2.035090608904776277e-01
-4.533108600309473379e-01,-4.312736567038918389e-01,-4.565390840563521846e-01,-3.292042477327546957e-01,-2.780759531382498984e-01,-4.278027738928550372e-01,-2.820457940640180294e-01,-1.981205007687361908e-01,-5.516368091785588401e-01,-5.706113393808910361e-01,-7.620276382544315108e-02,-6.253184810316263498e-01,-3.564756624503749305e-01,-1.881058075390834583e-01,-1.705999392166411277e-01,-1.724574365244571916e-01,1.025280161405605142e-02,1.397257941481819775e-02,-3.419674127181619450e-01,-6.176280488658282553e-02,-1.899972359814479650e-01,2.307846207190194510e-01,-7.642342556363992956e-02,-2.289011070340955523e-01,1.294661629528938707e-01,2.521649848083435952e-01,4.978498216333240856e-02,1.045987372893798922e-01,3.674866459433605570e-01,8.840981944020571970e-02,-3.977485511851302363e-02,2.644583854641495146e-01,-2.553073580901949469e-01,1.532463174566021102e-01,2.041942732432581731e-01,-2.651670966862317291e-01,-1.326053710616289238e-01,1.126425591909222534e-01,-4.812448493143280798e-02,-1.484799340862012207e-01,2.295113734883634515e-01,5.573587884886516131e-02,2.172663628867549934e-01,4.560825523112491814e-02,4.807994164860976416e-01,-2.591421595130497663e-02,-7.700677114465430406e-02,-5.466646722260657537e-02,-3.157228307773499859e-02,-5.335561593709057249e-01,2.323714226800506835e-02,-1.198611721304379020e-02,-2.359300476455978846e-01,1.874220035151031791e-02,1.403919628037293976e-01,3.952220102631658349e-01,-4.810516064795806734e-01,-9.806284048404387277e-02,-8.359891370343792982e-02,-2.076467396504713681e-01
-6.584301449758485081e-01,-3.834572683394997794e-01,-5.920935197876242562e-01,-3.734313631787117282e-01,-1.871819002374369434e-01,-5.907128118282118923e-01,-4.402122933950773920e-01,-3.860888933506266274e-01,-3.509785644077875189e-01,-6.023203177336539094e-01,-3.305201468567485756e-01,-5.044983003640690633e-01,-3.953225730386958903e-01,-2.417710403715523371e-01,1.416522565700548651e-02,-3.625326949405685562e-01,-3.692519666724324301e-01,-1.743646287294762232e-01,-1.472444539198270452e-01,7.908668724216130763e-02,1.426077549726307292e-01,2.351386593383644197e-01,-2.356602886921032106e-02,3.013221773320301500e-02,-1.449943038221340463e-01,-2.100178348656772387e-01,-1.776676029829270531e-01,9.582968057887200630e-02,1.772144142170926917e-01,4.909404599041068684e-02,-9.775502905771360843e-03,-1.343889996907298434e-01,6.714673452009543853e-02,7.494226272556366031e-02,-1.028907748952701401e-01,-2.427654662180576267e-02,3.781101552456476306e-02,1.681872427969808848e-01,-2.963724555690726639e-02,4.992300515269064431e-02,-1.201403041250103804e-01,7.153960289764565647e-03,-3.732216394863765441e-01,-1.617231098705751479e-03,-1.752061256956948532e-01,-2.064193414674408145e-01,1.563080468701275871e-01,-1.691029239040753307e-02,2.749073779086803060e-01,-1.427063316336640297e-01,1.284755434415500164e-01,1.379329083428833536e-01,3.425725372750709763e-03,8.969056360480923140e-02,6.766053290166633427e-02,-3.256034850752555498e-01,-2.002163201506567194e-02,1.620046998395342427e-02,3.390781997037275453e-01,-2.394360200866094829e-02
-5.664076936706965437e-01,-3.612626442658807280e-01,-2.977758238933153057e-01,-5.329973077797793835e-01,-3.072367690979135313e-01,-3.955211917025749369e-01,-3.769222228879492986e-01,-3.166931384517522874e-01,-4.274240477869709065e-01,-5.007805330766866847e-01,-1.883742754684705756e-01,-5.236121771502368905e-01,-3.772138089768708458e-01,-2.724364496864234986e-01,-3.870673465126319712e-01,-6.350413371652527394e-03,-7.572085839450722056e-02,4.133389209092039329e-02,2.292054281987988829e-02,-3.481115935720032750e-01,2.604819343227946504e-01,-9.931584316571148707e-02,1.352007724887311357e-01,-2.576811179817558028e-01,-1.699156633612630141e-01,3.215535247510931116e-01,-2.273085457087606343e-02,3.991244038119866611e-01,2.866595671079210095e-01,2.307117858834685856e-02,-2.520577384033384494e-02,-5.617895370846272968e-02,-1.360906995300929234e-01,-1.251918051751495786e-01,1.890872694965516632e-01,-4.512312350919783777e-01,-2.709310430818064330e-01,3.552422380827920390e-01,-1.449431742631161479e-01,-2.888578703996051433e-01,-3.128889463669218829e-01,-1.160717489315676448e-01,-1.749477796195308410e-01,6.365001294650216024e-02,1.110963303272719527e-01,-4.499781026290329278e-01,-2.304731535301501322e-01,5.770274256781780103e-02,-1.795622738596598378e-01,-2.023606782510492530e-01,1.740361262725133029e-01,-6.368974723574225005e-02,6.520736482588840484e-03,-2.227697113262437356e-01,1.719223248320086717e-01,-5.334303901883620525e-02,-2.157663994939316987e-01,-1.496076907635907616e-01,4.256527415010633725e-02,-6.706935118593243322e-04
-2.457379323100524204e-01,-2.532955979000212077e-01,-5.188591017112405002e-01,-3.228546768731096472e-01,-7.148803651520382330e-01,-1.110151878776465262e-01,-3.224716333572916760e-01,-1.660963472722430112e-01,-1.119273192970454966e-01,-2.951270139325333774e-01,-2.743923891959990091e-01,-3.622576634435207277e-01,-1.102448921056724540e-01,-2.728400565916245246e-01,-5.259717986569565351e-01,-7.544104162366335742e-02,2.934705213664120516e-01,2.836497593920872529e-01,1.458726558992397004e-01,1.345321423590065957e-01,-3.743061457057327290e-01,1.182165278342553610e-01,-4.350777140241184060e-02,1.382483073068720425e-01,-6.898037572622155167e-02,3.052547939514411168e-01,2.995993147429244496e-01,-4.174497871757273937e-01,-9.601870752110391524e-03,1.559147924086192183e-01,5.645767914034675872e-02,4.480062853687435259e-02,-3.149465940126377483e-01,1.707747222329331904e-01,-1.331106195313047358e-01,-2.084658341015494243e-01,1.239516151965886215e-01,1.971286674600580824e-01,-2.825964571230355493e-01,1.792135731031955503e-01,3.008785005298553195e-01,-2.863121868917435919e-01,-6.016041021443772202e-02,9.449112653041418647e-03,-3.673361218055422595e-01,1.755888648920417572e-01,2.305115847117597261e-01,2.178585536710640758e-01,-2.962383854911425085e-01,6.130171412870588643e-04,-1.338251423826924691e-01,-1.473763306189854738e-01,4.314338220019794251e-02,-1.367006689531540253e-01,-5.785118158865885929e-02,9.714716603130039985e-02,1.728427989279723298e-01,-6.081260710371679673e-02,-6.394709318961166664e-03,8.875547496758466604e-02
-3.382189754708800900e-01,-3.365103541744305926e-01,-1.371700919429230670e-02,-4.129321916027692829e-01,-3.431223210550043423e-01,-3.550768987246818442e-01,-3.307050090732908121e-01,-2.611710477791379104e-01,-1.973711969863478077e-01,-2.517172565764476122e-01,-2.115799366359567488e-02,-1.196901264836655876e-01,-1.588710960272707029e-01,1.637401751141808748e-01,-1.359115260406703052e-01,-4.474683602043161845e-01,2.522734808613971702e-02,2.439721772603241079e-01,-3.002384486731146662e-02,1.936187516305767353e-01,4.053536027960569221e-01,1.817332169012531029e-01,2.808162952094699905e-01,1.456901407302335638e-01,-1.810863492010649292e-02,3.548520465415593295e-01,-1.024643494007493327e-02,-2.855053408373349130e-02,-2.422969441529838619e-01,-2.593312767576141237e-02,-3.302206939287177789e-01,-1.172770220976785682e-01,-1.305031143791207660e-02,9.393011136997955757e-02,-2.566656201779032864e-01,-1.136944898853867042e-01,3.066878160201010339e-01,1.000148907920906105e-01,5.933204100632299971e-02,1.094161082301693677e-01,-2.422547127376318762e-02,-2.897607809004091317e-01,9.617037174020736778e-04,-8.321713163195518237e-02,2.758764717574334613e-01,-9.427943751816693363e-02,-7.902105204634921054e-02,1.203205877882572994e-01,-2.088077040010999919e-01,-1.520844210635750593e-01,-9.340393985956901846e-02,8.422236162117187341e-02,7.192004726936833403e-02,2.562557550671572537e-01,-4.334305453954953036e-01,1.434811964983455090e-01,-1.247460948747701470e-01,-1.912217913589265850e-01,7.729847735131832598e-02,-1.226828823325644552e-01
-5.589422745317975671e-01,-4.224412395094647721e-01,-2.417854028249850629e-01,-2.784853537305727045e-01,-1.613269520954727088e-01,-2.815108214496895855e-01,-6.546609533470856834e-02,-1.503167979133658572e-01,4.582105198073266501e-03,2.037777760563264651e-01,-3.870325158985238878e-01,-2.556173818898168082e-01,4.253228818800193489e-02,-6.904402101817994075e-02,-1.083888516870348262e-01,-4.193649165602472001e-02,-7.751563901687089087e-02,-2.123232780790107466e-02,1.730352627654835052e-01,-1.552191365262479139e-01,-1.343824984140623291e-01,6.419180278186759070e-02,8.422776468832160468e-02,-2.270354170933173155e-01,-1.014301251315103888e-02,3.392883870303267657e-01,-1.191600905437322916e-01,-1.475049819321513911e-01,-1.552456571723205003e-01,-1.036860286571126971e-01,1.414255923693577000e-01,5.001827682348249093e-02,4.170266274494415226e-01,1.949732017452940336e-01,4.899686153087835783e-02,7.617123744604116509e-02,2.029902764737523957e-01,-1.457933168507782873e-01,7.088638305475529477e-02,3.059268790500009258e-02,-2.442354022924430601e-01,-9.939311500167238855e-02,-3.493778411142790807e-02,-1.064542931316622837e-01,2.387914175244503223e-01,8.033688344347991728e-02,1.057986604158482891e-01,-4.239364569015170725e-02,9.470159927854927828e-02,-2.795015149756318040e-01,-1.718244938178422054e-01,-2.495766256073410697e-02,3.287050148217622314e-01,2.368151912847588358e-01,7.336082084426460981e-02,-6.956366098427216316e-02,-6.540483608060215781e-02,-3.183744480870106530e-01,7.710886376256874397e-02,4.851601719916064787e-02
-4.140514299267879228e-02,-1.315664884503119914e-01,-5.659393220814847719e-02,8.442348083319299590e-02,-1.045357180163937888e-01,-3.015208518775773783e-01,-1.026841940640699918e-01,8.149671713364650683e-02,-3.469843892670968488e-01,-4.304604410651523549e-01,-2.890405114385972696e-01,-8.426217230050278562e-02,2.763120251084605350e-03,6.525223488318018794e-02,1.651086005048943428e-01,-7.193726234946359877e-02,2.017910733369626397e-01,1.563585668805466677e-01,3.935274406827903304e-01,1.338927577077631548e-01,7.399361412211832856e-02,1.625568382612541940e-01,1.279711032421345096e-01,-2.630333693265241024e-01,3.063723904993439495e-01,-5.983085516688475824e-02,4.083320407543497566e-02,6.493499838640554023e-02,3.810180431558314318e-01,1.815163355859143457e-01,-3.222859178729337026e-02,1.312125136196435060e-01,6.123138274929236513e-02,3.556602503589558623e-02,1.411018660082574150e-01,2.066321760899405557e-01,-1.721143590752834407e-01,-1.599610961713654744e-01,-2.512779390660461742e-01,-1.690635114981010878e-01,-9.665757459014517883e-02,1.755851613837195457e-01,-3.024247227475781452e-01,-2.275464040037605551e-01,-1.394499168538887446e-02,2.982072966601735931e-01,-1.601924484540542815e-01,1.924527437703079102e-01,-1.524374065940600764e-01,-8.461639124305195270e-02,-9.922158090424168519e-02,-2.115724595297882593e-01,-3.790058188198840994e-01,2.164969420028759473e-01,-2.001261845736137523e-01,1.075695236494584872e-01,2.360943661997082776e-01,-1.468567341416993034e-03,-2.508771596657871639e-01,-1.421312768814081140e-01
-3.490151657393879003e-01,-1.895713418911103842e-01,-1.682898526044448173e-01,-5.905724490564292495e-01,-1.477551084673374704e-01,1.636480389956691261e-01,-2.364862200787741231e-01,-4.947923506904590707e-01,8.017787065102599531e-02,4.685702342811313981e-02,1.033843770786966737e-01,1.279260995739285867e-01,-1.485314270064766184e-01,1.366404982726186768e-01,-3.908388006343777588e-01,6.253489452076924082e-02,6.153915425143474671e-02,1.302584480838827607e-01,2.839079730689350045e-01,1.856614752086144515e-01,1.892304598279480332e-01,3.066622236203783713e-01,-4.414203210322924925e-02,8.459055974072964001e-02,1.110257458396160385e-01,1.928845006741742030e-01,-2.023029976764731952e-01,2.664402869681560815e-01,4.408134420430009359e-01,1.988649640748798852e-01,-1.958844558598779040e-01,-1.095439104875896852e-01,1.572643244455710840e-02,-1.462056411076838314e-01,3.333654909801064912e-03,1.121383571138905300e-01,8.111670973825516051e-02,-2.971237134540295477e-01,-1.850852748116473545e-01,-1.563611712821631472e-01,2.444220685336845333e-02,-2.418665214982664291e-01,1.310155212872744779e-01,1.286493639195816774e-01,2.632035724384261255e-01,-2.152971003510883909e-03,-1.621321453345368480e-01,-1.305807577707849276e-01,3.137224636213100104e-01,-1.247802135169189253e-01,4.608652908859163511e-02,4.156849174853955581e-02,2.307390927184687079e-01,-4.131996812640085365e-02,1.088115998690552810e-01,-3.758686417557567383e-01,-7.855416340205415016e-02,-7.947750842211145916e-02,-1.069947094986181159e-02,-3.352451873122924697e-02
-2.877070142607663361e-01,-1.851625487722630692e-01,-3.344303527189821379e-01,-1.809029316801100684e-01,-2.551262217772903851e-01,2.314975624517074879e-02,-3.783530372267468467e-01,-1.331056694920556838e-01,-2.848684513139678742e-01,1.565851206897574954e-01,7.446573736652808972e-02,-4.269187684779618408e-02,-4.230450980509161546e-02,-1.757901819690813328e-01,-1.088755541260760101e-01,2.343000443043699865e-01,2.247874097999274789e-01,8.584934244806527448e-02,-2.485077249510719288e-01,-2.215748602804073764e-01,-1.632367138044478749e-01,5.490574131619922055e-02,1.826088802438111947e-01,-4.009130232683637274e-02,1.307011694905420018e-01,1.978833593268081170e-01,2.512465593555655574e-01,1.881854854966513169e-01,3.290142666580007091e-01,2.654211970522658490e-02,8.481118237253934544e-02,8.600824306321665225e-02,-9.999825215943428103e-02,3.787943686244973213e-02,-1.771396458877750879e-01,2.028183908608532648e-01,-2.848608961402089232e-02,7.305987675509413581e-02,2.992579993657048520e-01,-7.547053349563591362e-02,1.018337809337921673e-01,-1.666096776717714834e-01,-1.288666490443602375e-01,-9.422851104435181480e-02,7.626029224270482187e-02,1.316438116372757317e-01,-2.439035604292241755e-01,-1.041018930009026955e-01,2.525773603532140837e-02,1.499604826081229469e-01,-1.780487928561497735e-01,-2.516225342995465075e-01,2.507012991962374593e-01,-2.660159599869146296e-01,-3.274189941677608240e-01,6.955470456087579911e-02,-1.407893718982270170e-01,-3.707415191185225306e-02,-2.307207216614579615e-01,-3.324858865979290860e-03
1.331855791383493859e-01,4.820885870549338620e-02,-1.576186931099886890e-01,-3.060604336808453452e-01,-2.551711713351784150e-02,-2.290085856857498881e-02,-2.317006905963635011e-01,2.507870923362215398e-01,1.679686185275360288e-01,4.452608357326826027e-02,6.948008990676336760e-02,-1.002112562752563996e-01,-1.708625401907710450e-01,-8.210546729234088903e-02,4.489205510297669122e-01,7.838882903401175883e-02,9.816032035624262797e-02,-9.553625795850265168e-02,4.134147004134619552e-01,1.520276788012182301e-01,-8.841537458237666569e-02,-1.704599620195785259e-01,1.151651408946158944e-01,2.925221190629266887e-01,1.339038027281270471e-01,1.220689694501437758e-02,2.725479698723238808e-01,2.144168406715600828e-01,-1.171641738704087554e-01,2.294566593408076116e-01,1.613859862808547374e-01,4.321080782495421713e-01,-1.566715748960730570e-01,1.617141840456687209e-03,8.383048912256101104e-02,-1.896093672968235389e-02,-3.999942698624122661e-01,-1.022115477507525433e-01,1.218044195499465437e-01,3.073449999225741445e-03,-1.417615257628791203e-01,-1.088709890826708715e-01,4.040872058317494797e-02,-3.606416657097302747e-01,4.247400912362039177e-02,-1.616920075401248602e-01,1.605515657091806658e-01,1.503459703394645006e-02,1.979422919699858150e-03,-4.444437646296234279e-02,-3.540761798416428019e-01,2.180251714956311648e-01,-2.586606958564264258e-01,2.193513791446247418e-01,2.841184969595109133e-01,1.482302639063188751e-02,1.080329820060718510e-01,-9.198562652341419135e-03,-1.124277316252256520e-01,2.826276846774623541e-01
-4.946441617137627145e-02,-1.597267255595230528e-02,-1.361967977956221598e-01,2.470910127824858804e-02,-1.497778090493740930e-02,4.799566725704486336e-02,8.215714036537442172e-03,5.349653749045357731e-02,-1.659742213492509944e-01,1.052220705558256919e-01,-1.360695769459321870e-03,-9.150295908654396126e-02,1.405463229659495716e-01,-2.273506101605432816e-01,-2.329611383555118265e-01,2.526971051322818296e-01,-1.661461660117216979e-02,1.087892083103938201e-01,2.026050761005368239e-01,1.368411520149859228e-02,3.116025901153072764e-01,2.196968713892543390e-01,3.058369588823590113e-01,1.550779919277226471e-01,2.325345398009872611e-01,-2.078451403006863762e-01,1.667960725593116700e-01,3.103186628107371670e-01,9.960769668256522213e-02,-8.017483925367221986e-02,-7.163276738652571418e-02,-1.048477668774381311e-01,-7.613168140925828664e-02,-6.323282948203105824e-02,1.162105558822810608e-01,2.506426724707932954e-03,1.860291250460866519e-01,1.851669314674708744e-02,-8.985341131154464533e-02,-2.125800180028417086e-01,9.520530257331567825e-02,2.075335342586470122e-01,-2.633286416619381454e-01,-2.709906830450654058e-01,-3.059800192118341533e-01,-2.326352599686788980e-01,6.873847630702907552e-02,8.675298234692355170e-02,5.358255105621602399e-02,-1.137057670232050760e-01,6.910929903971173294e-02,-9.530312738403663719e-02,6.300235075809032526e-02,-1.557629318099679749e-01,-2.267683522214315184e-01,1.774214999128186643e-01,-2.367185962411544331e-01,-1.699430724555361094e-01,1.797116688401931006e-01,-1.845892325802688319e-02
2.311117124114715204e-01,5.064528601852965467e-02,-8.270875696092713780e-02,-2.216935931851489114e-02,3.034235760662642445e-01,1.607642161638294168e-02,-2.647763773632765341e-02,-4.717463351321604659e-02,1.563960082740426250e-01,3.014300381805243845e-01,1.910330508360792712e-01,-6.063678240366054961e-02,-4.746143571481698312e-03,4.827871775530995918e-02,-2.050922698762159546e-01,2.196269920034448209e-01,2.383956169858890140e-01,1.572047680615911713e-01,3.318655873058299344e-01,-2.788107715438329498e-02,2.508070773738232395e-01,1.858963488024428790e-02,-5.607531158353884493e-03,-1.231598403784106843e-01,1.862115287138404740e-01,1.119743952419835348e-01,4.194194363697884009e-02,2.547290270612870278e-02,-2.700576078242436506e-01,-5.565034690380736560e-02,1.732026363517705503e-01,1.758044524148160703e-01,-5.173294290087689790e-02,-3.202611481024792428e-01,-1.210211710910304161e-01,-3.747921901441452763e-01,1.799643293332483518e-01,1.718484846645712549e-02,1.634474042562590254e-02,9.894092507907847889e-02,4.902087240316749250e-02,-1.872405862530502341e-01,-1.721173659229287833e-01,6.951609290097692916e-04,3.914703605930557329e-01,-2.334761954170107567e-01,-2.994672495314164018e-01,1.954585118694635582e-01,8.818824432791702583e-02,-6.940554032779538973e-02,4.152847024136242793e-02,-1.780858038183618930e-01,8.067047272509328404e-02,-3.538146894340640086e-02,-3.380823255692398666e-02,-1.418913586397931026e-01,1.856105476830012882e-02,-2.639794305716048894e-01,9.360526733939403266e-02,-5.900306317246462040e-02
1.377093787483023024e-01,3.725432771732291315e-02,3.892569017274379872e-01,1.900680389526919756e-01,1.775686045725456963e-01,6.146992846824124446e-02,4.437859309204540692e-02,2.753712452662268051e-01,1.637490030823525733e-01,1.059976078782054465e-01,1.731160205068341118e-01,1.850439586697263106e-01,2.456336230879219151e-01,2.007862156885137916e-01,2.777901868271054342e-01,4.670977056452929599e-02,3.767900248767864779e-01,3.082219916286287886e-01,-1.378901311206067737e-01,-7.098139461083061152e-02,-2.401489982430429215e-01,1.591572576338235179e-01,-1.600630579202438342e-01,-3.849363947235857897e-02,1.472041565708129551e-01,6.300757668950747459e-02,-3.731113982517669236e-01,4.537752946494281320e-02,-3.793741644689229142e-01,9.699457551815267309e-02,2.817074179847270377e-01,-1.166543334648012242e-01,-2.604375109573887070e-01,-2.347953899206050576e-01,4.311437228766440422e-02,-6.681852971691430720e-02,-1.748711521154804882e-01,-3.208923941201980989e-01,-1.895771947503682164e-01,-1.297173667897870142e-01,-1.217454168999440312e-01,-2.219738721540454041e-02,1.861334655182072528e-01,1.963037418966862291e-01,-3.140784030258870763e-01,-4.998778831578673532e-02,-1.311126671181046532e-01,-5.253763154582639927e-02,2.987345957366506141e-02,-3.620195786219654321e-01,2.281373110298860474e-01,-2.104569341948696048e-01,-2.851310085779706349e-01,-2.981486039739659200e-01,-8.682847968183222964e-02,-5.641172792237745259e-01,-5.438447419330585259e-02,6.861232953558499270e-02,-2.131084436596963338e-01,-1.575561798717860784e-01
1.386837939944571829e-01,2.309655001643994010e-01,1.176378026587562332e-02,1.377476983137312372e-01,2.041098469365498214e-01,3.501596909040757266e-01,3.468732447316198453e-01,1.458057381586692347e-01,4.946142415288480587e-02,1.406100826308743501e-01,1.137024023354984842e-01,9.986993760119197705e-02,1.066637758631805378e-04,-6.018908630095561041e-02,4.690528045899215043e-02,1.689354954813666043e-01,4.892884108254794140e-01,4.165602231486785489e-02,1.423707916399481188e-01,3.698286911680432471e-02,3.043933988316004924e-01,-1.878036952070652466e-01,4.791047593558608320e-01,-4.217282592719698298e-01,6.224909755080165535e-04,4.712331187593883641e-02,1.191953921645725334e-01,6.334730177381275862e-02,1.402716005337862892e-01,-2.649126254375389154e-03,3.245218973662568340e-02,-6.407269165511326747e-01,2.867627299867314683e-02,-2.285555160718712453e-01,1.664422118793162930e-02,-1.022704698270548995e-01,-2.731164007355583179e-01,1.406354565197455442e-01,-1.323567709183383996e-03,-2.268995728109696464e-01,-1.155968650837868317e-01,-5.577929098412837128e-01,-2.173985772453193854e-01,-2.190186914918261230e-01,-1.288378599239058120e-01,-2.731960851168849791e-01,-8.548613305524903339e-02,-2.682122266616511208e-01,-4.193350850502101934e-02,1.536415840156721835e-01,-8.417200529741457327e-02,-2.677362479739588963e-01,-4.205771523810019619e-01,7.463007609192524872e-02,-1.803614959692618688e-02,1.435701252216972923e-01,-1.645142841340133805e-02,8.115483537335860253e-02,1.883315756967990917e-01,4.583466930546254217e-03
5.739871527426713971e-02,4.906134005245238461e-01,4.227286579814366618e-01,2.863930828025441633e-01,2.008109675346124168e-01,-1.534178295788276858e-01,8.484600626921171007e-02,-1.886870301550414575e-01,2.413637772938352077e-01,-2.742124237620623406e-01,4.667142926042185114e-02,-5.997999397188520654e-02,1.833543035967703239e-01,9.787580642018686716e-02,-8.015416072537222270e-02,2.339625380906537599e-01,1.393163053648340810e-01,-2.641025717687797147e-01,4.707894942182292430e-01,3.046028245639177401e-01,1.743379416416783179e-01,-4.692086061175352457e-02,3.761515894683534755e-01,1.701421368922998445e-01,4.145020512676689250e-01,1.172068685564169738e-01,-3.753890911830640720e-01,-5.516455832471875986e-01,-1.252780653698191103e-02,2.221204269269519693e-01,8.425974533990918114e-02,-2.123880398336068787e-01,1.037788907900567131e-01,-3.919395463394304002e-02,2.836356079200635927e-01,1.092674147875441620e-01,-3.581376308740989722e-02,1.948687484740213305e-01,3.776282869889707738e-01,1.207307309537961337e-01,7.550984561692145047e-02,-2.673728037186031137e-01,-3.750294964237375211e-02,-1.772031497068916189e-02,-8.641823783605770415e-02,2.861454883442838409e-02,-4.153087949462115347e-01,-1.414657144712977432e-03,-3.972584920929865537e-02,-1.139658525493016245e-01,-1.353604427238980501e-01,-8.450696122051173931e-02,-2.702628546777520180e-01,2.042323101277018493e-01,-2.890119601859321083e-02,-5.476543882333830826e-01,-2.092081611984675793e-01,3.999567609852977892e-03,1.092331787116103056e-02,-3.830429558743190244e-01
1.873382679035652532e-01,1.773934939170289105e-01,4.534542496133736056e-01,4.443257676246984422e-01,1.879443802144263598e-01,1.904327860164294894e-01,3.230460478291422577e-01,2.178052725144703494e-01,-1.054192829710004220e-01,6.530147906717546913e-02,-2.598554249792195403e-02,8.321012219007808963e-02,-8.484605381396382456e-03,-1.938620444946007396e-02,-1.487674735907716927e-01,-4.141699614959423181e-01,-5.570421425041819502e-02,3.675491539311207534e-01,-1.295601481343011951e-01,-1.442535742200168891e-01,2.643404141315138650e-02,1.610405521528708861e-01,1.035035199014464891e-01,9.167604777114536641e-02,1.075469844690778165e-01,1.421600106634987870e-01,-6.112929404772939751e-02,2.080329110023479144e-01,7.505130288770431313e-02,7.615128971036552730e-02,1.525541117511327038e-01,2.202066002880800344e-01,2.084109006393125296e-01,-1.636919067543255724e-01,-1.213522371801331323e-01,3.447131800017861347e-01,5.691934798160043496e-02,-3.048501404785505242e-01,-4.365404744889796185e-02,2.437071015699319651e-02,-1.338032182119802682e-02,-1.945561177115139873e-01,-1.029653737910711797e-01,9.695404358196163530e-02,-2.109649051801497366e-01,1.072919022787091337e-01,-4.619073086879639523e-02,-8.136369692447491253e-02,-1.996571354966790723e-01,7.370432892396401592e-02,1.766901791621300344e-01,5.998037874171398970e-02,9.181232462159309715e-02,-1.005468066627668716e-01,1.975238168735758137e-01,9.306254877830338890e-02,4.377271885947777719e-01,-3.573736815712781623e-02,9.331093109008395392e-02,9.281526048131849560e-02
2.426241547756261691e-02,4.232066840510000788e-02,7.389995921073846952e-02,1.471606541541329027e-01,9.696396272508931574e-03,4.804164879621384832e-01,-2.911569897612572566e-01,1.860520487918503052e-01,1.515020002547600407e-02,1.265796896436649221e-01,2.514927205991269732e-01,-1.079767858844972103e-02,2.154348167702784256e-01,-3.939713169509212291e-03,-2.055553837647750015e-01,-5.185642142865110049e-02,1.178416623180104372e-01,1.919817138043909410e-01,5.582724138748536291e-02,-1.271966935237766605e-01,3.333881743331171960e-02,5.165752669101310313e-02,1.549803683838120172e-01,-2.619497031120500141e-01,-4.741430237356664135e-01,6.563890787619153233e-02,-9.410861317474516693e-03,1.732425392104415263e-01,-2.876383930317232829e-01,-6.228041307951527605e-02,-2.377887044492732471e-01,8.298749341736137708e-02,6.561943279890639080e-02,-2.802360483976670813e-01,2.785149659115632170e-01,-1.277789521404696926e-01,-3.686830553378567243e-01,-9.128152806492603744e-02,-1.790251230032680052e-02,-5.700857800988325119e-02,-1.597891281265194710e-02,6.370054567064750706e-02,2.155120087429166220e-01,-1.229290158841759989e-01,1.371225580284069212e-01,-1.277633084696974154e-02,-1.858375494975787467e-01,1.973849873071803207e-01,-6.835819649005418774e-02,-1.886352505484212294e-01,-3.117424710207835070e-01,3.533073581337144442e-01,-1.909638122367641189e-01,-1.566564613942065254e-01,-2.251154189812276107e-01,9.656185148341518698e-02,-1.616041437711365492e-01,-2.533951475695907507e-01,8.064732362415150124e-02,-1.896158899726373692e-01
1.019629106679362102e-01,1.392414262773861988e-01,2.464892087309252522e-01,1.084536780508958964e-01,-5.202909626377175828e-02,4.724556865542632877e-01,2.488473037515483433e-01,-2.855028004382961226e-01,-8.420757649283919233e-02,-9.384857245792943212e-03,1.498952110200611199e-01,4.538548220085040219e-01,-6.926721780694436448e-02,1.359621608836312223e-01,-2.667106973746311560e-01,-1.801579310090395958e-01,-3.618159234602590368e-01,4.242557427178160201e-01,-1.242117790101637809e-02,2.326876813995348292e-01,8.186161337583446052e-02,5.210624763854836416e-01,8.949212963419121702e-02,-1.263940787718244585e-01,-1.620525192077535981e-01,-1.056194321536476632e-01,-5.352542782558034062e-02,-7.301040589330515251e-02,-1.542774966238524836e-01,2.690219536725351190e-01,7.977002140237939021e-02,-5.508265917014491808e-02,1.630567920962508466e-01,2.169346563310655118e-01,2.418277239288811609e-01,-4.890651831681729900e-01,-2.197986321331392712e-01,-7.970986482070163692e-02,-8.354063605919512248e-02,2.341823818780355837e-01,-2.343939288746227090e-01,1.625884438620954220e-01,1.700861963450434056e-02,-1.727181437320770008e-01,1.657370894047856813e-01,-9.363391311114088733e-02,-1.572598983778765447e-01,-5.794705228825862420e-02,-3.015473478707257904e-01,2.060953507636183457e-01,-1.546181975905350225e-01,3.183280914281344520e-01,-3.620093662604421253e-02,-5.044731628148786395e-01,2.880054658475662485e-02,1.413745902844071312e-01,5.962742068174382848e-02,6.054199515943760324e-02,1.361659316572905133e-03,-1.245184767446961549e-01
1.033452923110506766e-01,1.108721233567987741e-01,1.561631680625751029e-01,2.533592437963784749e-01,-1.326881969345304058e-01,1.148667626405949910e-01,-9.856928964960931516e-02,-9.274123406749272547e-02,2.659411193784416705e-01,-1.390764855484403172e-02,3.852363877696339811e-01,1.018564887841921784e-01,-1.075769188708755458e-01,6.398462574503267775e-02,2.542779199590500163e-03,4.372614155918574386e-01,2.208606211261563979e-01,2.537506026198527165e-01,8.966789701722942957e-03,4.250698973729852281e-01,-1.611109836970396614e-01,-4.183156718927009965e-02,-7.313336451133486960e-02,-8.897918038383814676e-02,-1.534503666433206237e-01,8.942452046119435394e-02,2.674962156947821579e-01,-1.712674705107804507e-01,-3.332836402700676826e-01,1.613702454668002398e-02,5.371239916587080415e-02,-5.178859807925130510e-02,-4.385501089018982168e-01,6.363021155288406394e-02,8.357924209783436365e-02,-9.937941529956631492e-02,-3.611087467156363084e-01,-1.246192291539399005e-01,1.245644204041474745e-01,-1.386083623060024861e-01,-3.453098905099949434e-02,-1.956756475876100451e-02,-1.211589614274685839e-01,-2.671175450159150172e-02,-2.680617828343717646e-01,-8.638286652270259214e-02,-5.276716496317544747e-02,-2.424058494035765537e-02,3.926148534397370243e-02,1.203669095647405679e-01,-4.047517558809289318e-01,-2.709307684708707198e-01,1.313247882518857046e-01,1.194116189666325073e-01,1.539533182963631897e-01,-2.494342381641998993e-02,-1.742441240331917551e-01,6.044457123720061581e-02,-3.455701817283994837e-01,-1.940258634648867053e-02
-2.225956563206641509e-02,1.500936179208430254e-01,2.637839504768858465e-02,3.651712836891422009e-01,-6.150645830777621420e-02,2.594817653878708219e-01,5.490716780840613348e-02,-2.194417910736776167e-01,7.076019132842925261e-03,-4.568747827431864778e-02,3.829492853107056005e-01,1.603779114171260400e-01,-3.789600798947755089e-02,-8.779411265826816968e-02,1.154292934987593590e-02,1.744331279116658195e-01,2.369472577360557664e-01,2.972667495632919099e-01,-5.815300107357048581e-02,2.485722570211414406e-01,-4.185453024503483013e-03,4.449614971399405983e-01,-2.437391487281257985e-01,-1.081693105750941852e-01,1.482379003876033163e-02,-6.999293427160938053e-02,-3.855119703035969070e-01,-5.072154106352427805e-01,9.847807560171138730e-02,3.536450875108744507e-02,-3.000782007494901538e-01,-7.735073840321046723e-02,-2.439416054284082591e-02,-1.859801753165911398e-01,8.262474787323025038e-02,-2.505976712483016788e-01,1.254267241553583268e-01,-7.825105349432577573e-02,-3.430959037283514701e-01,-2.954848898706193688e-02,-4.622887956124044524e-03,4.276576935954397134e-03,4.907012749622297054e-04,-1.836938000096129814e-02,-2.373024690872921338e-02,-1.818872620575249233e-01,2.679827595729157297e-01,1.870830505495757190e-01,-3.608715965643510826e-02,-2.256122420925902872e-01,-3.423896895177072630e-01,-1.662838414708777968e-01,-7.990736512932616886e-02,-4.849814376447011272e-02,-2.584116516591814655e-02,-2.915998725379898016e-03,1.402307944458650590e-01,-2.174439358737837169e-01,-2.787446028289698452e-01,1.342590504927342054e-01
1.536069329551749407e-01,-2.548414147564723731e-01,1.961563928816943692e-01,-1.596923819572592523e-02,1.417675477659921801e-01,3.731885271023162587e-01,2.018731079325514488e-01,-1.193971665704954555e-01,3.940092654912803471e-01,-2.558894608912268831e-01,1.166085597348480440e-01,8.160457598891011910e-02,1.664649150396724786e-01,9.838316765864321689e-02,1.930752298627904928e-01,-1.797056780426896094e-01,-8.411028731261799285e-02,1.634985414519212754e-01,-1.192150024250040186e-01,1.340654012811690610e-01,-2.209198548292370945e-01,-1.705041833003477156e-02,1.106579244926927663e-01,-4.485210410982955476e-01,2.475299479989707119e-01,-4.767061379695558543e-01,9.861210417948329532e-02,-4.422532784243776716e-02,4.775574564687255774e-02,1.083345200827152272e-01,7.579701865968476934e-03,-4.078425996100724649e-01,-1.381692971357363908e-01,-5.699145195263941588e-01,8.029497078340741556e-02,4.872205296520864398e-02,2.073812777994507306e-01,3.287639680846843500e-03,1.614018617886619211e-01,-3.010187337443961386e-01,1.554569259977647555e-01,-2.461423108278891405e-03,-1.028954422450240741e-01,-7.953954737862574051e-03,4.210481632567639881e-02,-2.854633360209037352e-01,-1.799855944772879857e-01,-1.220602943560999548e-01,-1.851808440421356949e-01,2.793638766653863681e-01,9.944583507734126859e-02,-2.534031926615692987e-01,2.029646110080777499e-01,-9.910385769080469476e-02,8.773827272606719851e-02,8.725791708074059558e-03,-1.118545768434564547e-01,6.694750799935679508e-02,1.411323886721978782e-01,-4.324768291900872585e-02
8.145444519211000878e-02,-3.547470103964586174e-01,4.516375011617675128e-02,-1.991003884258136514e-01,3.059520666117211962e-01,-1.137475381050807310e-01,1.829030419226178039e-01,6.278058298147540239e-02,1.524558589329206848e-01,2.813927784847320424e-01,-2.986024050437375288e-01,1.340149568446184491e-01,1.379112986618521129e-02,3.261953009232862466e-01,-1.807902633141218462e-01,2.641205377451518732e-01,1.222532333616549449e-01,-3.095224548892017060e-03,-6.925303967173432329e-02,2.162800173956423433e-01,-1.888011425885418038e-01,-1.461257902453731439e-01,1.265287510608361088e-01,2.504127990075142446e-02,-2.363135342743754030e-01,1.228253595738303464e-02,-8.891311581045113765e-02,-1.781557380598354778e-01,-2.313861557746620945e-01,-2.484703397225860866e-01,2.249861367199570417e-01,9.326457517893074756e-02,-3.608931378090780018e-01,-2.246595033342909109e-01,-1.816497424077726519e-01,-4.171894758138590398e-02,-1.869843219182909522e-01,2.348294527918418917e-01,-1.826038082724077416e-01,-4.890949257861681443e-01,-6.240620342050988423e-02,3.671422189295241445e-01,2.998767572760618200e-02,-2.373399759056194769e-01,-1.772645101893082775e-01,4.149877039446943361e-02,1.592169068466236792e-01,1.173225101738768761e-01,-7.996289138548487441e-02,-3.877230435553040144e-01,-1.232230984298158666e-01,-9.482829359005640057e-02,2.344666094000550927e-01,-2.854822986017425679e-01,-1.953865227515486358e-01,1.319070006121397520e-01,-9.032200235086151885e-02,1.864489148780333339e-01,2.255109192498683159e-03,1.220125451402741257e-01
3.990821306800361457e-03,6.335934532136636155e-02,-1.831936640918217507e-01,1.357301439397252674e-01,5.825692849349482783e-02,1.466435625785176590e-02,2.184513410188904659e-01,-7.693672342971083489e-02,-7.642908386470785576e-02,-2.242901322321704805e-01,1.106791498615429525e-01,-3.081148072860225712e-02,6.618615300664759671e-02,1.044344915805656554e-01,5.009763950994285953e-01,1.201386059668511919e-01,-1.626220939376080421e-01,1.153992279468533805e-01,-2.078904347323261986e-02,-2.045113559034527628e-01,-1.403570799906859179e-01,-6.735707040097424492e-02,1.180449691480300045e-01,-1.409324355061576106e-01,-7.852523033445568679e-02,2.248999997764999093e-01,3.011316236186262207e-01,-2.850833635471832772e-01,8.778366053777642009e-02,1.193583284849103476e-02,-1.412693036773454147e-01,1.715944374506285230e-01,-1.616327420835292350e-01,-2.740997806557405880e-01,-1.948546041564420128e-01,1.966769053685099577e-01,-2.264773238243710518e-01,1.499034694330241835e-01,-1.662902471285152561e-01,-1.527175582723738810e-03,2.756850707595565053e-02,1.785076992727784029e-01,-4.022054455708313353e-02,-3.254772886882222327e-01,-5.147323651540348932e-02,1.006771072046105803e-01,-1.504945291860430301e-01,1.271131619003970648e-01,-3.097636939364464270e-01,-1.865399848528554450e-01,-3.984690125771255254e-01,4.847673671513898219e-02,-1.374842527565067196e-01,-1.106888931509892871e-01,1.586480366498661532e-01,-1.706946706221042498e-01,-4.673038935719764919e-01,-1.151612184517720044e-01,1.289449476750189894e-01,1.141908432413370339e-01
1.460276955506820407e-01,-5.020293794313257854e-03,-3.431049644725092662e-01,2.388143482325987554e-01,1.430429990339766866e-01,-2.497475090813885273e-02,3.570258813031449430e-01,-2.024657523343542653e-01,4.053172065928395962e-01,2.009404392365172348e-02,-6.401038239663678353e-02,-2.596585784976925271e-01,-3.685870126777328337e-02,-5.717825829298972540e-02,6.640594976853717024e-02,-3.489784709335095325e-01,1.297737883057712427e-01,-2.081953638649694793e-01,1.519624074922850399e-01,1.104737914837159857e-01,4.714289861561109241e-02,-2.256144755493228737e-01,-2.926839760741730204e-02,-9.903014045051986014e-02,-2.303502020975902176e-01,1.820544381073022078e-01,-8.234839764811429774e-04,3.746718590060330728e-02,5.357844944827398759e-02,-3.157536180028419626e-02,-3.384243531821425899e-01,2.723656441101572900e-01,4.416022044910513644e-01,4.163608492906686331e-01,1.297247135251022310e-01,-1.465237845871705247e-01,-9.107250393080393303e-02,-2.126619498118413887e-01,1.762398030177191599e-01,-1.623165789003042092e-01,-1.156165720977924416e-01,-4.876653482610522339e-01,-3.526104291501283017e-01,-2.070948263990018412e-01,-1.008392614418366084e-01,-1.036305041858300163e-01,-5.129768217989685297e-01,-2.560092035748706141e-01,-2.825798876372295210e-01,-1.988373264642132876e-01,-5.477572913405998056e-02,1.014259743369942263e-01,-4.658305916934994684e-02,-2.141711271397253868e-01,5.392114728766149792e-03,-2.765392963869970910e-01,2.991927104579197305e-01,1.776182349189612750e-02,-2.142785766209122714e-02,8.298269468388574932e-02
2.197135237750434678e-01,8.363027512230550298e-02,-4.730245614636065937e-02,-1.319380066863912182e-02,2.903322881099960617e-01,3.013545970583916267e-01,1.685546416536010672e-01,1.078403718154796326e-01,-3.602859707397291222e-01,-1.036176217081390405e-01,7.168688790734440049e-03,-1.148574383149872091e-01,4.713987869862957814e-01,-2.327669122317868600e-01,1.475207577235169119e-02,-1.152518885179801139e-01,-2.802135648513649491e-01,-1.287184929732248795e-01,-2.580450229707905163e-01,-2.099840793500255473e-02,1.955230771474531504e-01,-9.898138446685679492e-02,2.162250132289713633e-01,-2.926187130221831745e-01,2.249474800071183875e-02,-8.724967443863626548e-02,-1.013882165218049289e-02,2.416136792514370774e-02,1.816067532056221331e-02,-2.666784163024950582e-01,-3.303873202131254461e-01,-4.620296398601307919e-01,-1.587887002229966815e-01,-3.806007128796920491e-01,1.262680958730149627e-01,1.415531094102391030e-01,-5.072082105697972576e-02,-3.961188686693132288e-01,-8.665704623192739542e-02,-1.301997028536234502e-01,-2.143542999036016083e-01,-3.237926632128067250e-02,-3.319799340698999929e-02,9.014653300248512413e-02,-4.868027869093703441e-01,-2.551241322385456312e-01,-6.149996343096066076e-02,2.083566831077946768e-01,3.300197282653723196e-02,1.865590703793828520e-01,-6.791572372051397910e-02,-2.271081868560777262e-01,-1.244430162852800531e-01,2.184036610057540906e-01,1.264214113330345002e-01,-3.828170177880061420e-01,5.627311193230464387e-02,1.582769205782248723e-01,5.057263751425526699e-02,4.017787656359267379e-02
6.887048610639841251e-02,3.725132618533950057e-01,2.207008218791458032e-01,-4.149875183551206964e-02,-2.736545477662585130e-02,1.279298139072749738e-02,-2.391498778370853770e-02,4.538425604241259903e-02,4.844447036491948688e-02,-4.183335541337729335e-02,-8.338426439273138174e-03,-1.725385282156530198e-01,8.139037095695533797e-02,1.620101831418424843e-01,1.604628531091883137e-01,-1.554048941461095290e-01,-2.592031485841556626e-01,2.024437926313484293e-01,-8.605163442617738689e-02,-3.650859549794863851e-02,-1.533160675914990445e-01,2.134033044896174736e-01,-1.780585115281188568e-01,7.061295329852487757e-02,3.591559668527442573e-01,-3.968940173173289565e-02,-2.882637907865034377e-01,-2.506491331227477318e-02,-3.764592182053477232e-01,1.151551454971763838e-01,1.977997655806983460e-02,5.171336290149450982e-02,4.597654496904481358e-01,-3.112944593641736764e-03,9.208008278276662295e-02,-2.645756224447230465e-01,6.430712246758740931e-03,-1.287537665604808479e-01,-5.412325176077581457e-01,1.996321764554792322e-01,-1.052687265987180404e-01,-5.255422356028283115e-02,3.470618135268438431e-01,1.754046894214341540e-02,5.665813124195193812e-02,2.855608859605420768e-01,9.280723530595028081e-02,-2.650741915985111441e-01,-1.827949740679890023e-01,-1.634507811033991953e-01,-1.405674897763916666e-02,7.016701511736736507e-02,3.740060985848244757e-01,-3.413883952388838128e-01,-1.576984107127046286e-01,-3.027094302329231823e-01,3.961716272947845424e-02,1.688388532011845800e-01,7.766342505773786431e-02,-5.065328898744075881e-02
3.343971638593672968e-01,-3.026774994760576473e-02,1.250073526536867874e-01,2.123547202508158926e-01,1.129108482079636266e-01,6.758521351488576412e-02,-7.332027026147183713e-02,-6.020878688948958640e-02,1.585829528666926058e-01,-1.147349514133099574e-01,-2.078125409180295036e-01,-2.145341569563406769e-02,8.762079119497509505e-02,-1.923794665419527039e-01,4.001820928385126097e-02,1.491533985455145150e-01,-1.073122694578575176e-01,-2.744591962486823133e-01,-1.488644690099942269e-01,-1.867613704208995473e-01,3.607734364004894223e-02,5.930153017291406314e-02,-1.634309179183601746e-01,-1.896385921352530535e-01,-1.713905643741611001e-02,-3.141123746324123722e-01,9.615863773380989993e-03,-4.242038955269783473e-02,6.248321292858237397e-02,2.913509060769937653e-01,-7.365505421903542627e-02,-3.564814167557555508e-02,6.553202441259640965e-02,-7.672553951262471583e-02,-4.860947584339576216e-02,2.077252399423896168e-01,-1.511352086652738291e-01,-4.323864207862292974e-01,-4.222507328978345603e-02,-1.753786232947429635e-01,-2.923186214752525672e-02,-1.573722420340577244e-01,4.566289720838203475e-02,-1.441608877366443164e-01,-1.373249753130711681e-01,1.957023234101345488e-01,9.808730727822803641e-03,-1.869087474401980309e-01,-5.477737095246024701e-01,-8.687372028083872877e-02,-7.791585161070635479e-02,-3.379010680759725882e-01,-2.854084479823740805e-01,-1.429710743937147588e-01,-1.133752874680653555e-01,-1.201374673916922875e-01,-1.951163694762619583e-01,2.885756696555610290e-01,1.107496408790806797e-01,-3.506257301420112604e-02
1.071461635590870848e-01,6.508519261137291068e-02,-3.301722741488277713e-02,2.376749424891193008e-01,-1.338465385161128063e-01,-1.525795766620989535e-01,2.063729157044161266e-01,-4.272998795508134440e-01,-8.076377220632663390e-02,-1.480419407026238240e-02,-3.283338592076909951e-02,-2.911048474754583948e-01,4.298041341846982333e-02,-2.188101857998727140e-01,-2.676470088502759248e-01,-1.517799779869098975e-01,-8.973354258183645349e-02,-1.252722033674356639e-01,-1.060101057796587892e-01,-2.656472862513243327e-01,1.928855798160752644e-01,1.319952087939956810e-02,-1.730527302396514533e-01,2.185432098664899167e-02,-4.739991281854559479e-02,-1.410108033098426139e-01,2.937459319934881963e-01,-1.186703470171487085e-01,1.388450744062106335e-01,7.881709691649885566e-03,-1.746166513239935103e-01,-2.918848144267817135e-01,1.000068315798214175e-01,-4.099772635076119331e-01,2.126596794392351109e-01,-2.815754106665100398e-01,-3.185440757622058361e-01,2.376373262743105563e-01,-2.407500821080220399e-01,1.161017212163081569e-01,-1.236783839488703601e-01,-5.823042240772974103e-03,-1.401340469912926989e-01,3.043306701141406615e-03,-9.864286221315654926e-03,-1.069355627000379422e-01,-3.115857697950141780e-03,-1.547869870955883576e-01,1.670555947112957740e-01,-1.311924469677804017e-01,2.382463459044588949e-01,-3.897864505632225862e-01,-4.880133385170347393e-02,-2.552922449411701988e-01,2.513846086829561455e-01,-4.134469037576454786e-01,-1.885099558780796158e-01,-4.434669062071496665e-02,5.397966130174390587e-02,3.235589313420492719e-01
-1.588095152424763845e-01,-9.272652378186535538e-02,1.226206078279422698e-02,-6.056413693874786869e-02,-1.916991476144184331e-02,5.396475016223114402e-02,-1.705777266734163633e-01,-2.310258926411490887e-01,2.478920013508343484e-02,-2.239173503103500384e-01,5.820041980076765681e-02,-2.588972981403687146e-01,1.216047590791946575e-02,-8.616895851521520766e-02,1.756686850377471854e-01,-4.514171131809555648e-01,3.009250722407421641e-01,-1.831671650725306688e-01,-2.796194757904017086e-02,3.691239906078178090e-02,-1.454989080113748001e-01,-2.881510098827925331e-02,-3.671114412851045894e-01,2.553231542997575973e-02,-3.412968510047300619e-01,-2.745616454514928639e-01,8.383830557500422664e-02,-3.949899515181044818e-02,2.231787296724875233e-02,-3.838865055456658348e-01,-2.115803458159517536e-01,-2.246165295682682819e-02,1.642013020647605792e-01,-2.032887242266850358e-01,-4.281399772051156655e-02,-2.935180152942050771e-02,-4.739915929356386393e-02,-5.165048123006608233e-02,-1.940295111458806843e-01,-2.764965717129603817e-01,-1.246780823760939849e-01,-3.122975467336848790e-02,3.021116581794811573e-01,-3.731607449487831657e-02,9.817634134409705671e-02,1.720819444317912839e-01,6.653052886592854265e-02,2.040536625675599125e-01,1.708088326902370557e-01,1.900983762198469873e-01,2.905033918168906659e-01,-1.624114890400654709e-01,1.385329630575545534e-01,2.585132698361800041e-01,-1.916992422423380582e-01,-2.184080519739535764e-01,1.764264714060592709e-01,-2.276388987665005637e-01,-2.407021606496193011e-01,-1.741903868218529564e-02
-2.319767692211988364e-01,-2.410157687135535132e-01,-7.636583029133522937e-02,-1.889067396032272084e-01,-7.700693552841100797e-02,-1.149175438334983229e-01,-1.601461297687213903e-01,-3.323561336290586921e-01,2.736956032041019116e-01,-9.444945366283701016e-02,1.031700486933933014e-01,-1.988904035108173818e-01,4.925700208636420857e-02,-2.922788664727035690e-01,3.780012011608480105e-02,-1.019316978985114197e-01,-1.867574263891612074e-01,1.836336734578233043e-01,1.148928531117597018e-01,-1.033505536747359316e-01,1.746093510074185340e-01,4.322293854135567451e-03,-2.401449812768778058e-01,-1.945694273198951829e-01,-9.271368242670125631e-03,5.257584290299704977e-02,-1.672169953992819758e-01,5.077371494895344117e-03,-1.323295193897041089e-01,-5.280806377288192049e-02,-1.608480586585356586e-01,-1.298009386409658406e-01,-3.147251856494047706e-01,1.178434443364542589e-01,-4.111657154060386482e-02,4.510412862229592340e-02,2.932212022771445992e-01,-1.803522718873943886e-01,-3.125063907184369993e-01,-1.807825710918861684e-01,-2.582362115244676293e-01,8.718374139545485846e-02,-1.123833174300973986e-01,2.855888794217721904e-01,-2.644599788361363668e-01,1.348328521688772486e-01,5.031856599918318323e-02,2.675009813105604373e-01,1.309368855431425893e-01,3.615190614054856200e-01,3.211251235141326932e-02,-1.143213528202530471e-01,-3.304484658401341535e-01,-2.159349643905409677e-01,-1.079682087809308716e-01,1.526029206754038747e-01,-8.847589350982429379e-02,-4.259887848090837537e-01,-3.382281996209342972e-02,-1.370416381463393507e-01
