5.352857739475377352e-01,5.808527975894862694e-01,4.451635217323030025e-01,6.814470277025723721e-01,5.773942865298623550e-01,7.573126565724547232e-01,7.425602528853435524e-01,7.042648913347292483e-01,5.610390802645934816e-01,5.581211283874640827e-01,7.146212996900835890e-01,5.648615822390620211e-01,8.209562076153978927e-01,7.288121988142419738e-01,7.435737405256389598e-01,6.389075054988129221e-01,5.618543370667401504e-01,7.322431913220568411e-01,7.617264656822795299e-01,8.277121063130390421e-01,6.445234440377314300e-01,7.162432312424760195e-01,7.060448616241090658e-01,7.767171508012170600e-01,4.793094901050083401e-01,6.696137204914994756e-01,4.966230401883066636e-01,7.038561403770222658e-01,4.355638503083946178e-01,4.283533318235271947e-01,4.284828768414145617e-01,4.242032392150797415e-01,4.844593940895858819e-01,3.259800377239035485e-01,5.244917374441598890e-01,2.889114013388333069e-01,3.243066939944242444e-01,4.335923514600554252e-01,3.751847252411198430e-01,3.814368521895769026e-01,5.740146448263642176e-01,2.635079058930242524e-01,2.849183134424034258e-01,2.550897699717883382e-01,2.970066715980680949e-01,1.769734054297948112e-01,6.247707693136155260e-01,6.473032214485938129e-02,-5.445893638155750727e-02,2.985094806305059745e-01,-2.715388190143753176e-03,3.603518767385826549e-01,3.444971607192078844e-01,4.403888288032316300e-02,1.242041512501326633e-01,1.291833238691813546e-01,4.183987910074494776e-01,2.655885695619528142e-01,2.801951720139613800e-01,2.086013132306921702e-01
6.883587956676902042e-01,3.835353247780081132e-01,2.750421958202508010e-01,5.843497673694516559e-01,6.959666129532873224e-01,6.745317456227200026e-01,6.806475224530770252e-01,4.735024782970372326e-01,5.845145601672370184e-01,6.246920208970604405e-01,6.750972938662219702e-01,7.395879445987654233e-01,7.211361205178816736e-01,6.634661801134373871e-01,6.359100513096150875e-01,5.629469177807859825e-01,7.717652877172127557e-01,6.652216124626085803e-01,7.252069886440974944e-01,8.053733239208675787e-01,5.352778011876884179e-01,6.970348439869649138e-01,8.133199077434472013e-01,5.291762217264823764e-01,7.047347770811086543e-01,7.131795138026630898e-01,5.943800374075574044e-01,4.936476007471698457e-01,3.697897277758260826e-01,3.587851239232104361e-01,4.655438570276679289e-01,3.265207904702033259e-01,4.999285814894913749e-01,3.266011926587905068e-01,8.853080890415090942e-02,3.182535087343284497e-01,3.827032438904642841e-01,7.954589563995784207e-02,3.836831621981887652e-01,5.962594971059749227e-01,2.088087919671274550e-01,3.198855374165467391e-01,1.409854768961874838e-01,4.561933450445729288e-01,2.090642770878719803e-01,7.826720124395511458e-02,2.655056548905428970e-01,1.301393539058412208e-01,3.011993017620226976e-01,-1.447188160536404603e-02,2.501527905410347308e-01,3.701496721951860192e-01,2.542777063132974358e-01,4.023396909533801247e-01,-2.213791136911712198e-01,4.369409939761861317e-01,3.259231268122314562e-01,1.513927333640026629e-01,3.488551790872742586e-01,9.005681537829454686e-02
8.295781249785726397e-01,7.484588304847025197e-01,5.920642317787854214e-01,1.324968649786506525e-01,1.693278459518999246e-01,4.108891574227634957e-01,3.781436900243475008e-01,6.219520185407072521e-01,8.112681171519179335e-01,5.240999511131608779e-01,4.003492529185958548e-01,5.207925135536044525e-01,3.620406902202736310e-01,6.151577353528037140e-01,7.194271558787339593e-01,6.548087042894197296e-01,5.959463329015827204e-01,7.231155588530395750e-01,7.116881965954434675e-01,6.733766489399143351e-01,8.164152271926541360e-01,7.953146964453735590e-01,7.108905404648669935e-01,7.980792393580056210e-01,6.821860096280902841e-01,7.244905353477327781e-01,5.911791577694904820e-01,6.691185705507933790e-01,4.350344939562271196e-01,1.640594008260400916e-01,5.644238713648924710e-01,7.664967417322638976e-01,4.627289448554464668e-01,2.501594120879347405e-01,2.735690574393560004e-01,1.325584721246273467e-01,3.686924658102900265e-01,2.795740092451164394e-01,4.161160056342174118e-01,3.608176326485469376e-01,3.187540773286769991e-01,4.665312431571003171e-01,2.197898210149842324e-01,3.997672186908438619e-01,3.234491943098770084e-01,1.619042592178445428e-01,1.590981520892142953e-02,3.080795373663526848e-01,1.768155170650306807e-01,9.298209010283590981e-02,2.852127508644562437e-01,1.975065464201598286e-01,2.759746214605874881e-01,1.554746290561738742e-01,1.851242999092515829e-01,2.223187460560729911e-01,4.924647741989049976e-01,4.507169111853095989e-01,2.613040303456973246e-01,7.931508911636427073e-02
3.978267864052772440e-01,6.740729126784706926e-01,6.201897031416649941e-01,3.131684854831494613e-01,4.108437256373259072e-01,4.564717470687407186e-01,4.313341790482447813e-01,4.368935860422150097e-01,3.334779097485629507e-01,3.782581322992935036e-01,5.424518775067477261e-01,5.843134044389175497e-01,5.010175708805915118e-01,4.468378730367185137e-01,6.101433722729889819e-01,5.603346219443817722e-01,7.704184291456332989e-01,7.067477103238621883e-01,6.536129237006080839e-01,4.168967996113597252e-01,7.276296764788435789e-01,7.392369683114963230e-01,7.917813004456917270e-01,7.172390004851565415e-01,6.016593771512515065e-01,6.908083007970173828e-01,6.269536984323065276e-01,3.881247642261124176e-01,2.220991377714416348e-01,3.724080273494235760e-01,1.317068056832733924e-01,4.471377917777067945e-01,2.764189706183718953e-01,3.810341868795678044e-01,3.847726357163906430e-01,3.743124787867063707e-01,1.760784307664262083e-01,4.129925382949398704e-01,3.928313003748123977e-01,1.253632417074866667e-01,4.298007518117352710e-01,2.652717633812218812e-01,4.457037017933705991e-01,2.440069447549272075e-01,2.588118820155094202e-01,1.077943294325876822e-01,3.110153155282630033e-01,2.206122816642678564e-01,2.572641344457908263e-01,9.087679619754972238e-02,1.346152929431293777e-01,2.996579149571351186e-01,-2.129754215007784168e-02,3.788454697736454713e-01,1.181873972389442667e-01,2.275794196731597552e-01,1.804169991927620786e-01,5.166968518340034899e-01,1.214454803878125266e-01,6.655391530902951547e-02
7.919649846905506552e-01,5.735611759703054258e-01,6.052357363520074474e-01,4.852289936093807654e-01,5.409626616605890392e-01,4.464751553943969720e-01,2.128404583559370677e-01,2.349939536455091793e-01,2.962783112442003430e-01,2.376904779490507380e-01,4.014408580423675654e-01,3.029682882882951400e-01,6.168458753667658279e-01,2.793248665858531488e-01,6.620241908072455050e-01,6.631970846681752851e-01,7.259462721759860626e-01,4.768560690625653353e-01,4.875988637910843582e-01,2.686875469003642825e-01,5.326558795419611414e-01,6.299415974582142086e-01,6.850487583605895381e-01,6.245024586472444073e-01,6.637513587692824846e-01,2.538036645757117959e-01,5.496285461595264987e-01,1.893748941194655921e-01,7.074918956606424114e-01,2.590999126709699341e-01,9.409274968890837809e-02,4.399580251737645331e-01,4.179122155100768454e-01,1.764796825192692653e-01,2.884632440750800608e-01,-1.147703609839443722e-01,2.409711750794147345e-01,3.755165726918309188e-01,1.972922114588174236e-01,3.734902187726258371e-01,1.210649006176664211e-01,3.757805125540801261e-01,2.265913524664890100e-01,3.357500983537334976e-02,3.176624672953068940e-01,2.190217599470443699e-01,2.511452200119373979e-01,2.941599649610810996e-01,4.979506439203030266e-01,1.588068257579121900e-01,-2.566565237241162298e-02,4.168994266117597158e-01,2.535165249474297111e-01,2.121634312483447471e-01,4.594791560448111545e-01,6.606215951221221239e-02,2.148613913686934218e-01,1.130476814634637783e-01,2.526824020629182543e-01,3.377862812968749351e-01
5.894028542254436953e-01,7.131472325854815164e-01,6.904083504102868085e-01,3.883735426582882178e-01,6.307630023871956260e-01,5.261148075455830408e-01,6.657292790808768679e-01,6.958408379700792290e-01,1.394635257165974529e-01,2.935988009191315973e-01,4.518594414786437641e-01,3.684018775142715585e-01,6.216845451473426154e-01,5.332613313110708964e-01,7.240750057239804249e-01,3.828351639604155032e-01,4.660583716178910985e-01,7.016213382332620041e-01,5.141451323577725940e-01,3.818063079014594186e-01,6.088060774415301468e-01,6.813436531263469265e-01,7.566659008653955354e-01,6.479818201752153284e-01,4.512232374946658631e-01,3.943317985343317011e-01,4.988817484597857788e-01,3.215265153564004774e-01,5.477919860587748824e-01,4.572911940184475332e-01,2.376656706838860544e-01,4.253277901256455884e-01,5.127683983437130166e-01,5.014046620816264843e-01,2.827553866515345460e-01,4.032216089060188802e-01,6.581369146578921470e-01,2.879124907593408333e-01,2.375854184975928207e-01,5.073856333464777935e-01,3.031503314637191693e-01,4.026883680054556269e-02,2.726434956225290973e-01,3.366139210094986067e-01,3.511021986309187382e-01,2.881634097171666964e-01,2.805954726816365374e-01,3.768691654681050052e-01,3.434039952714694199e-01,3.127196593187939189e-01,1.659502185501446347e-01,5.074508999615795490e-01,3.458074551844079747e-01,1.583484894079850991e-01,1.540107695566863555e-01,4.528899919654624240e-01,1.736352539821805208e-01,3.192388617351117341e-01,1.822527820514304592e-02,2.105970425640852073e-01
6.492222300836587578e-01,7.104612414334539050e-01,4.812537832422211226e-01,6.454366634735793085e-01,2.169523242635494620e-01,5.691645329313270718e-01,5.040176273363680126e-01,4.055689019200553469e-01,3.775412067978619612e-01,5.883422290459340287e-01,3.837074858756903684e-01,3.701550238972414753e-01,3.226639225280344414e-01,4.801006358039384136e-01,3.295046401121466961e-01,9.110556206165638937e-02,4.720183092991027118e-01,4.742837738255326618e-01,4.183373844711951728e-01,4.748778136595957489e-01,5.233742591177448222e-01,7.764642083521202665e-01,2.962128284526855948e-01,7.032902291412794771e-01,4.453082450049284935e-01,3.172844281849645509e-01,1.435418411815065909e-01,6.301421657405750221e-01,2.503159434668095207e-01,4.148420241934588359e-01,2.841552313253437045e-01,2.882332790916586340e-01,1.163955807983149959e-01,2.524670068002351497e-01,1.905365579325960790e-01,2.834118648989935041e-01,3.448296197480907876e-01,6.682049929959102408e-02,3.200612854669475649e-01,2.892220503200115811e-01,3.381506282680037945e-01,1.958523874346315696e-01,1.285483371502448846e-01,3.892666709075841558e-01,-2.569422222174704701e-02,3.717411100291144743e-01,8.440366053892049691e-02,6.959719844547877787e-02,1.579235598403909702e-01,1.695192701422574277e-01,2.101892425509826745e-01,-7.263862791652085649e-02,8.742822147787758513e-02,5.547390994529017849e-01,1.004566957899521717e-01,2.562480338368428034e-01,4.178559981578722216e-01,3.423844367799876443e-01,2.591585943860537644e-01,2.662372276802812410e-01
6.507753645527695197e-01,5.394199887305917152e-01,5.485721535022982653e-01,5.334192320800228426e-01,8.037414779507165985e-01,2.147978115490711826e-01,8.446665297855344701e-01,5.254587138814101888e-01,4.666575363034778934e-01,9.823716083984701530e-02,6.656959542943272634e-01,9.665789013358076776e-02,-6.034441736759019875e-02,1.677957163478015559e-02,5.350943005934282182e-01,5.650072170293252150e-01,2.855431114071326215e-01,5.619740498623309044e-01,1.548471516313621732e-01,6.049875551693950637e-01,6.609089966286616491e-01,6.350544304008123309e-01,5.212327261970528536e-01,5.793015245633710286e-01,4.526449519130545940e-01,4.716895164640736438e-01,5.872548241977784134e-01,2.390358133511096828e-01,2.373221709574426797e-01,5.032682464299527147e-01,1.980134115937429162e-01,3.226029378030919048e-01,1.483570415086782890e-01,3.344417622508086829e-01,4.622300825840082728e-01,3.568796931532405292e-01,-5.881510179317841341e-02,6.136943128815115500e-01,-3.239465197725203277e-02,1.657459741389498975e-01,1.227582158440865545e-01,7.047691558922141164e-01,2.386319593322707155e-01,1.613021979324347210e-01,3.638438837382744206e-01,1.584239304435444418e-01,4.184935697582868319e-01,3.097189184979273757e-01,-1.239313047173012938e-01,2.250828342359844636e-01,1.558471129452205228e-01,4.283020348326213034e-01,2.450604662857827631e-01,7.273075662606430514e-02,4.316661915287828277e-01,-1.021581048868963615e-02,2.008858352636370415e-01,-2.819344968604730606e-01,2.603500061098291268e-02,3.533337730758252526e-01
7.451648363166540889e-01,6.437544197562401482e-01,7.978843878867700745e-01,6.891845176350110957e-01,4.676878717477828684e-01,6.420186553824833720e-01,5.806654480863899792e-01,4.649596952666263938e-01,2.515638749692637455e-01,6.264766421345476788e-01,1.522415664781472944e-01,5.205626380424608346e-01,4.524169603895014657e-01,5.191143857177037413e-01,3.720774138803110698e-01,3.965015068437766632e-01,3.619025507600382996e-01,4.900428813050057286e-01,3.356382595391310675e-01,1.774915853231248952e-01,3.053923487749056198e-01,5.110236782881399931e-01,3.071250853958378824e-01,5.136107310862321196e-01,3.485499566001605265e-01,3.502917805260505890e-01,4.171310862794465057e-01,3.034723052248666231e-01,4.596239284755169185e-01,6.997849628293419944e-01,2.719124206119379883e-01,-9.878355075259401263e-02,1.219296790828981181e-01,3.636514493346971189e-01,1.336664484270122799e-01,3.608935535810943174e-01,1.639857975415809910e-01,2.482954065602563654e-01,6.565416706862570173e-02,3.627096932549763730e-01,1.640964300921955721e-01,2.421459936037967664e-01,6.786304496672220798e-01,2.486127217036127601e-01,1.835069968536652829e-01,2.824365558803322851e-01,8.449806686628148766e-02,2.313493072517224802e-01,5.999946031772969146e-01,1.292244813716748320e-01,-2.116631905582184170e-01,3.046719975740430630e-01,4.142600318460694098e-01,1.587799829920680528e-01,-8.116943224980266436e-02,3.891129753759132170e-01,2.176830351239404937e-01,-1.909913842213805391e-01,5.469927104996630263e-01,2.931416221910870257e-01
7.344911665682901658e-01,5.828847377921156925e-01,6.464603373209228954e-01,5.646296414863467561e-01,4.235196981707313735e-01,6.647173588774680786e-01,6.799862795377642488e-01,7.192669972748579887e-01,7.822975116084995850e-01,4.022484673660096099e-01,5.540134915019828687e-01,7.852488573920787807e-02,-2.710618902755786985e-01,5.428457874531551486e-01,1.528167418449947468e-01,-7.276564309884656079e-02,3.268227989834787683e-01,2.176658752831080457e-01,1.574106350946007371e-01,3.908606913372868474e-01,6.704211485209823351e-01,1.553302141232729416e-01,5.491423095425143064e-01,1.626485252968942752e-01,2.890399914692275418e-01,3.294649489441671686e-01,1.162176534026940489e-01,3.240420013804842236e-01,5.069997643204129378e-01,9.748664769839583688e-02,4.450797853791342296e-01,1.582824514659602055e-01,4.944783927748749863e-01,3.129122906567855522e-01,2.139879570249358098e-01,4.160515619552588862e-01,4.286913814051624416e-01,3.825004783519140306e-01,1.215367552565781162e-01,3.953762628978371163e-01,2.537542989296783652e-02,3.764576271430627452e-01,3.046109756764977528e-01,3.237003847413973210e-03,2.553342648227989176e-01,-9.737751775219766204e-02,4.772790130687002419e-01,3.210386814142921486e-01,-3.209783561060568224e-02,1.648911628183811207e-01,4.777548232685080443e-01,9.638328350175300041e-02,4.011061600017598039e-01,-3.180580298580402282e-02,1.520850354109630487e-01,-1.029452309152333739e-01,4.315106062460818959e-01,8.933537896218016194e-02,4.249064763762678831e-01,1.624952693096664014e-01
6.415175862724066258e-01,8.047868558469396527e-01,6.711576488226871362e-01,6.133611210036268302e-01,6.600973559567929749e-01,3.395140321196591371e-01,6.176632654356314367e-01,4.347182153129524051e-01,6.712446170899015740e-01,5.110497407877578890e-01,2.982385752279929081e-01,3.617827655025837585e-01,-2.032183790109092780e-01,-1.062892898316054185e-01,1.797328664270686771e-01,2.494715714991247724e-01,3.403416876580455108e-01,2.280087837879696822e-01,6.910000044906018379e-01,3.815287478696384738e-01,3.059353943254486952e-01,5.033860518378762139e-01,2.155401657081387756e-01,5.259395975983266469e-01,1.686929935609342013e-01,2.795907964046103755e-01,3.053020061577378305e-02,-5.268358853211170534e-02,4.309367726306959634e-01,4.659128433257616608e-01,2.687320643538410603e-01,3.467147635659715843e-01,3.471726065312978338e-01,1.804949248717794830e-01,2.794314072384929126e-01,4.013031205399528178e-02,4.887197630228145954e-03,3.145726478405536097e-01,4.307337691444887429e-01,6.879860191299039252e-02,2.262010441599316413e-01,2.680032240859019366e-01,1.083094118472427009e-01,1.592790167031063187e-01,2.847849854836333461e-01,3.511129695038660570e-01,1.862701329238881376e-01,2.469311120345181743e-01,2.453858219139938845e-01,5.697050856577694222e-02,2.124522313120644212e-01,1.367709023411526614e-01,4.152279828218928825e-01,9.664832600287109887e-02,2.994068849271410704e-01,1.352229348713384349e-01,1.317924944531618237e-01,1.562869289189679489e-01,1.355044551655727215e-02,5.498686205982145081e-01
6.589413804182656653e-01,7.226563165575348169e-01,8.032226933771733357e-01,8.390515010414161257e-01,6.740175092714358884e-01,6.451268852693331501e-01,6.163050969221732789e-01,5.817781341533652117e-01,4.893054420044496422e-01,7.184364404523843062e-01,5.353620450140943454e-01,9.242510324943359334e-02,1.309529298123482677e-01,7.271975624182151765e-02,2.344560283377042365e-01,6.096361910621996699e-02,-9.627151568267114379e-02,2.868895383727682047e-01,3.310880016535741599e-01,1.566674321237042089e-01,4.635332725579165425e-01,9.978269470481004530e-03,-2.499344048375676947e-02,3.247419454837251473e-01,1.007249049656730976e-02,3.741760241389188169e-01,4.066801946787750310e-01,-9.600266656545901334e-02,3.987162360456954491e-01,2.435325381052406701e-01,1.243340610342202612e-01,2.884448260957765409e-01,-5.402616495188183876e-02,2.761614485985334211e-01,2.514862579078090965e-01,4.074835895137886577e-01,-4.467236600848148442e-03,9.487434639276610959e-02,3.805492358770511396e-01,3.811316530803292024e-01,3.580787289876531387e-01,2.018695675701890901e-01,4.864712527976975953e-01,6.040484273977712870e-02,1.798358411545151747e-01,5.253062239944623624e-01,2.842895596864765673e-01,9.238545480960258516e-03,2.469605930081615885e-01,-1.323365978327713764e-02,3.960967853729818744e-01,-1.586892184034329190e-01,1.479186995717481357e-01,4.879559889490135971e-01,3.029032763945157525e-01,3.929221907288366067e-01,1.559980180309622488e-01,1.744649023534834420e-01,3.332256718333198586e-01,1.916334235329426039e-01
4.941563753017352845e-01,7.999212755595469515e-01,6.639077806673274740e-01,7.624485777052957269e-01,6.747259563793805981e-01,6.872589152147553504e-01,7.683973427823521662e-01,6.768574771560339487e-01,4.475850812175363735e-01,4.886143169531399488e-01,4.641167543464190248e-01,1.863730365622232044e-01,2.811671228300812730e-01,1.181649599696295294e-01,3.427488715782732176e-01,-5.475683049714184791e-02,1.239865943124764114e-01,-1.305139078278678144e-01,4.167788222823446409e-01,1.410029951992524677e-01,3.605973508650921477e-01,1.318120362052810357e-01,4.312045758164721465e-01,4.837760097275314308e-01,-2.078104229125605218e-01,-2.934899915612463467e-02,1.649774611025089099e-01,4.233543602386103943e-01,3.764646576306280301e-01,3.247853746886905091e-01,4.566695747045681486e-01,1.996991334647832128e-01,2.814359775757851456e-01,1.532774617109265436e-01,2.403249905148832077e-01,-5.376584243747353081e-02,2.343431465507641587e-01,-6.047550276638891109e-03,2.210726915439701068e-01,1.809909394354336232e-01,3.227511119181961652e-01,1.698274169291509872e-01,1.517871587025123037e-01,5.500438455155003403e-01,-9.842269020947316815e-02,2.307843956675249275e-01,1.917766776547404906e-01,1.968110574973362947e-01,-3.542744131543111574e-02,1.267855768358191471e-01,-7.215385045745023596e-02,1.351564722735557056e-01,6.746790661065177330e-02,4.317620000772245947e-01,6.989326572880896760e-02,2.550748259954644381e-01,-1.943517997696183885e-01,2.152096630197066207e-01,3.181622421714408455e-01,1.776426211590215881e-02
8.154618528611921047e-01,5.442389041937837346e-01,7.341772068072055513e-01,6.675019064215070852e-01,6.023587504070058163e-01,5.264527189497832937e-01,5.659609367701097238e-01,6.449655854805922406e-01,4.772737335683684412e-01,7.425564101283292917e-01,5.050007517770296328e-01,4.793296973279360662e-01,7.611798222377963441e-02,3.453940567986070742e-01,3.395754456255672266e-02,3.922382840638259927e-01,2.200897930517468626e-01,2.255999772319755015e-01,1.942801861939306707e-01,6.287190636815172262e-02,-1.068499572426526295e-01,3.745315046958900274e-01,2.421779541958836435e-01,4.754254123409209359e-02,9.710235772445918734e-02,-2.012756494096684390e-01,4.415410929783425975e-01,2.236716072427046842e-01,1.184919643876053835e-01,5.384959599144962805e-01,7.886677114783291476e-02,2.983010363237253992e-01,1.822395306504928647e-01,2.663669846734925684e-01,2.854782653675848048e-01,2.043773748119661060e-01,4.014935615482812525e-01,5.090176787635369848e-02,-9.153314798496856031e-02,2.832354742125832714e-01,7.644223862315258078e-02,-3.052917261803341775e-01,2.686461635427796479e-01,5.153509316580769800e-02,2.823919635501541125e-01,6.756450880476300158e-02,4.927257091582695203e-01,5.191988165472940508e-01,1.966260387383159114e-01,2.249598156660349291e-01,-5.519922971468212147e-02,1.373783695889444489e-01,9.325846111370447722e-02,1.736069998289753169e-01,1.761330342446483233e-01,3.251620122111160138e-01,3.034260541221783791e-01,3.776604999784789474e-01,4.407249478359038797e-01,7.933923386546856693e-02
7.304862547617323454e-01,6.569341673470692200e-01,5.086273885683436635e-01,7.062946355767059092e-01,5.472309304079214787e-01,5.936365547389609310e-01,6.813854501444116529e-01,7.743005899026559335e-01,6.763344413789942333e-01,7.188649849273442971e-01,5.932062677811328344e-01,5.297189962409467601e-01,5.477375205085863730e-01,1.232972740295558145e-01,2.673664524881173010e-01,2.538231529145841270e-01,1.986324785065971682e-02,2.109220615846384150e-01,1.194001002523450428e-01,3.651822840744146925e-02,3.286234601752964224e-01,2.409979672277021145e-01,1.416099669597276622e-01,2.079500119006343906e-01,-1.499292691678983380e-01,-6.731050325406445420e-03,2.723060978538330845e-01,-1.285181123514517708e-02,2.483147270920013638e-01,-1.407328241780965994e-01,6.019981206369202920e-02,4.741546491527759595e-03,1.993568064432610643e-01,3.088069744029199246e-02,5.684728106656116164e-01,2.831955049513539269e-01,1.313409917424191720e-01,6.359450045472836432e-02,1.372442007608413728e-01,1.492029147295997060e-01,1.171134494492475780e-01,1.752903399565302889e-01,1.510060066176722171e-01,2.437189218434891447e-01,2.106629493498476113e-01,-2.101911770426036496e-01,2.667316290484531005e-01,2.405734881444787088e-01,-1.466188194967650224e-02,1.419163265278604591e-01,6.199256355723566925e-01,4.838474187261874171e-01,1.311986584302839987e-01,2.159676276169245901e-01,3.588223512296694340e-01,5.292347443656155725e-01,5.763008680317684984e-01,2.749246883450099863e-02,2.995535847829282616e-01,-2.108854338022431441e-01
8.272020274463631750e-01,5.563151570390774125e-01,6.422837757520618585e-01,7.231690153549504840e-01,6.776939539175768079e-01,6.644128195522591707e-01,6.345518124447522279e-01,6.680423946897841025e-01,7.291323496581998409e-01,6.397489932052549122e-01,6.059071067285686230e-01,4.735178989935150962e-01,5.067749645835707417e-01,2.797367258565278680e-01,1.139488717936193718e-01,-1.026085339384544826e-01,-1.051263904102206547e-04,-2.571069016830235254e-01,-2.280336002488105862e-01,1.919211532229548600e-01,3.113316976739168296e-01,3.294846384268853567e-01,1.065453543845959333e-01,4.243412844256989613e-01,5.763612347019153419e-03,4.670611102498287842e-02,-3.827812970597781195e-02,1.790874619408408253e-01,3.045583367524402063e-01,-1.097608690722708114e-01,2.835120508020853025e-01,2.315739381980947142e-01,4.685807188377805188e-01,5.576262321941584388e-02,7.506377386218401893e-02,2.640465826417456169e-02,-4.692343354969920333e-02,6.839177028643963485e-01,-8.370932647583383124e-02,9.860669057687251882e-02,-1.872898500813111045e-01,-2.354921079791791882e-01,-3.275821072533005585e-01,2.640652932089228022e-01,2.871018022163462913e-02,3.292277074429698080e-01,2.318428617776569778e-01,3.436766779257063309e-01,2.856581941846881856e-01,2.186587981277475223e-01,5.697781436827813462e-01,3.021338989151020615e-01,3.051487879683330573e-01,3.179632927206720305e-01,4.319534752223116308e-02,2.777802361919499696e-01,4.055442361287413533e-01,1.630211508227210893e-01,1.255765855024912614e-01,1.552318507396873715e-01
7.354632747871741039e-01,6.928006097878984804e-01,7.094531902298665260e-01,7.060990517776369879e-01,6.815387497064337996e-01,6.996168562368774158e-01,8.180237577921355419e-01,7.345903419770729581e-01,5.553433054213490205e-01,5.900632934593067480e-01,4.578847381095497715e-01,6.516529083482380802e-01,5.101474158691170491e-01,3.086288587429842356e-01,4.584496201456326747e-01,3.318982260579507182e-01,1.942301987831581422e-01,5.497386311148154681e-01,-1.614429876334269043e-01,6.261930853046768775e-01,2.714228122932508258e-01,4.348071182124833567e-01,4.324426758203192556e-01,1.759662748880408967e-01,-1.875773020368389776e-01,1.730406867249258407e-01,9.168610282184000426e-02,6.144813606811375811e-02,1.246649989648365153e-01,2.337687593747243275e-01,1.045509759372335867e-01,2.697475273421269248e-01,2.689712627158462044e-01,1.205285195722633762e-01,2.722454917756370746e-02,4.870686399446109288e-02,1.888006391539871209e-01,-5.735843587664666426e-02,1.114295071895035349e-01,-7.441295873092750035e-02,1.115588450887551597e-01,3.754787157210860427e-01,1.360343367367836398e-01,-1.708970022611301653e-01,2.570054679954240223e-02,-1.730460672108518477e-02,2.632477328658733851e-01,2.452890764874691987e-01,2.776311444840210418e-01,-5.214842237726678015e-02,3.009250900393498768e-02,2.832759693934835954e-01,4.583779181759836119e-01,-2.504260984935658962e-01,8.405150677657564906e-02,2.483128111150461614e-01,-1.196529520820509562e-01,8.403582685455371348e-02,2.249695017703604027e-01,1.756385235137269407e-01
7.246123102843999852e-01,7.934043623635493869e-01,6.212325867216174080e-01,4.816387125654085222e-01,6.281179164491431655e-01,5.843946058701114943e-01,5.043184727274526713e-01,7.239007519146005709e-01,7.520024278381887139e-01,6.430077969702867602e-01,5.001971985322608560e-01,5.515910662731589031e-01,2.776701502317181491e-01,3.825235671819179339e-01,3.472471236530910721e-01,8.623506946604028722e-02,3.699222105845809128e-01,1.357207099207336509e-01,1.902512103103012886e-01,1.130336895234343164e-01,7.001611197463990244e-02,2.310776934342969047e-01,-5.436858066283095647e-02,-5.336147837139267741e-02,5.619757121665534122e-02,1.678334160005081066e-01,4.708058780536771015e-02,1.168280288774666553e-01,1.894401894909393536e-01,2.382417619242592488e-01,1.675572380282624452e-01,1.262445148795958150e-01,2.147954091978694982e-02,-3.044800807757286256e-03,4.849466539106478402e-01,8.680808599811946913e-02,2.026937581285062628e-01,2.804280443689483038e-01,2.136961963169529272e-02,2.820736554235396820e-01,4.062679468489538981e-01,-1.902849140418441665e-02,7.178012057723139050e-02,1.823239211599717857e-01,1.161991432580966183e-01,-7.095328198226541656e-03,5.017075917755008108e-02,3.759098489349882444e-01,1.131278159296205954e-01,7.476995702188238280e-03,-9.833250957422944721e-03,2.826855448163225204e-01,3.595938124502070510e-01,5.035953916099613625e-01,1.213190579546270104e-01,2.935098845575929150e-01,8.914150904122158242e-03,4.433862840444171421e-02,1.944262522079644451e-01,5.755399392198919106e-02
7.312111346675814749e-01,4.960269024282575323e-01,6.552705693165028489e-01,7.251385251978244018e-01,6.163717402067503404e-01,5.725188384653921991e-01,7.003069168769551212e-01,7.928229174371171917e-01,6.080272862620761387e-01,7.053257413530810149e-01,7.139172942427394197e-01,3.785378254782118534e-01,5.079482919695370580e-01,3.509779104653484305e-01,1.027466849671938576e-01,3.717606029789048971e-01,2.524478167439025422e-01,-8.598629893871036212e-02,5.618764791440661321e-02,2.027963056488163995e-01,-5.854131202263209571e-02,1.946958139054097425e-01,-1.864162260547153616e-01,3.755803937297184925e-02,2.467850971918253700e-01,1.605549381962380617e-01,2.446990808087232683e-01,2.175729620552033228e-01,1.472198186386671770e-01,3.606458162247738741e-02,-4.791036455709810765e-02,6.143066081269749068e-02,1.182041384789517258e-01,1.264966572578287707e-01,3.599627386497107340e-01,9.017418670820728788e-02,3.198566335312358899e-01,-3.316930630415168002e-01,2.587439903237160888e-01,1.892012431640426873e-01,-1.709996531090341582e-02,3.364348439764771048e-01,3.860394327911548240e-01,1.893320752655834605e-01,1.852616895303843270e-01,-2.439969375007264990e-02,3.546063455172216439e-01,9.845097420111156850e-02,5.649552489726199223e-02,7.962168627394507203e-02,-3.515321161803617450e-02,-1.290800654731732444e-01,-1.340954690405586347e-01,-1.503465794461939994e-02,-2.213119036017797969e-02,4.428155373447494325e-01,-1.310000351220187362e-02,2.620367418044198260e-01,2.680790067344519523e-01,3.846571812983486938e-01
6.443232565579755100e-01,6.407883307559717467e-01,6.963662304701853101e-01,7.733282626677847604e-01,6.929672013036725087e-01,5.306942698150828308e-01,4.892661526706468811e-01,7.061517388474762846e-01,7.739775006705612581e-01,4.643728503871162872e-01,4.712857269144222205e-01,4.762696374787750431e-01,3.220098734244158378e-01,1.378252375577057598e-01,-3.200559525469639371e-02,1.303358978961284276e-01,-1.254138327473718582e-02,3.994431263027715950e-02,-1.267064752650058357e-01,2.049259270484488638e-01,-2.698772915530051053e-01,-2.365980400586288057e-01,1.766870485997282247e-01,-5.090065709931231031e-02,-4.370504650836953137e-02,2.435309357930438845e-01,1.941918784512884286e-02,1.323503629760902911e-01,7.786302930991362064e-04,1.488414852626697704e-01,-1.450276034357506072e-02,1.306079583875735806e-01,-1.557032439684458147e-01,1.879845735496569678e-02,-6.952326345968187771e-02,-5.052024927078776345e-02,1.488117771595950656e-01,3.929782472329364923e-02,8.101830981286130273e-02,2.913541126086530708e-01,1.430017271165520687e-01,-1.161755222146364924e-01,1.765833157427219857e-01,3.104621938903408540e-01,1.291303764443424706e-01,3.692054580547223241e-01,-5.840883658266702444e-02,8.603745507084099853e-02,4.038395459710226731e-01,4.787494043248088360e-01,-1.447278283169964042e-01,1.511290398285133896e-01,2.182612578249029656e-02,1.344447481165995384e-01,3.573918383737459958e-01,1.583718253987949354e-01,-4.149128198780978327e-02,2.743277123632337777e-01,2.197939168559355783e-01,-5.193941328119108108e-02
6.826748959490351876e-01,6.318260448696481069e-01,6.533707124914910347e-01,7.868354737607874405e-01,7.965493926029821870e-01,7.280205475064966958e-01,3.987044569824275131e-01,7.438694450153585658e-01,7.209847373223166045e-01,6.761848862381134584e-01,5.445620769238397330e-01,2.814335586127101330e-01,3.944078254317843202e-01,1.954339632347415479e-01,1.193060124639197667e-01,4.508377627764142415e-01,3.632779994774877341e-01,-1.267767102494321563e-01,-7.875516470517968104e-02,-5.452710868928675042e-02,-2.784394109079691981e-01,-2.058626034216953227e-01,1.065792836848941799e-01,-7.558673741174544436e-02,6.469930010310373514e-02,-1.425568671998885817e-01,4.183417303179505220e-01,1.262449555975678206e-01,7.788660868789384906e-02,1.264041985487871500e-01,2.612640834377446403e-02,3.334801091760274394e-01,-9.799612479239712404e-02,1.341011141793795880e-01,4.278692559508894822e-01,1.479421713380560388e-02,1.197891811432455766e-01,3.199341388159923638e-01,5.922657180164955099e-02,5.296445760573106343e-01,3.693027494912378694e-01,1.204657770571101738e-01,3.605239244500772766e-02,2.712607960383099370e-01,1.024283685847438841e-01,2.720160303099587451e-01,1.875520911248210465e-01,-1.335928559018083328e-01,8.669081440233780689e-02,1.084393730479344120e-01,2.153794796196286665e-01,7.739932745731624431e-02,-1.294810364063202560e-02,3.568734471711088596e-01,-2.207110160167369828e-01,-5.765847911652762642e-02,1.888057511630874541e-01,2.139483130525191845e-01,-1.671321952004050648e-01,-1.720798765864982316e-01
7.844139803415817180e-01,7.147655865938983277e-01,6.686197876769033321e-01,5.437805825918360370e-01,5.719145783805643646e-01,4.763826430360461606e-01,7.911420401333242314e-01,6.579012884311844500e-01,5.581141411434337174e-01,5.483743637321060183e-01,3.865159805292041062e-01,2.920576990500898806e-01,2.068994520577864815e-01,2.145650090553913036e-01,3.467810418390033789e-01,1.398884387317347044e-01,-3.012962789548162545e-02,2.256566527988302651e-01,-3.348470143034477237e-02,-5.203418110156811383e-02,-2.418880889719038363e-02,1.163158834803062619e-01,-4.935040306459900217e-01,3.979294067079908181e-02,1.080238853869450733e-01,7.118157082625019283e-02,-1.566336481763994787e-02,1.591368783587932545e-01,3.196114488059097203e-02,-9.759500731051232170e-02,5.441451353093210846e-02,1.141235988197651235e-01,-1.032925425025592175e-01,3.161927089496637810e-01,3.629566063580662028e-01,3.586231019471850523e-01,-9.109301022339369447e-02,1.279781986930923487e-01,1.123574081226660637e-01,2.712388906745284434e-01,5.584126599289392784e-02,1.064822498695359165e-01,-2.763423821804397162e-01,2.305143508655159434e-01,-4.295462042452781459e-02,1.790106226398252010e-01,1.927517390785299933e-01,2.056794593960843132e-01,4.307411234027055391e-01,-1.286311797396449408e-01,1.525919585602547503e-03,-8.651204701068702929e-02,1.265320216601747705e-01,1.042696960710572246e-01,3.184808240117361633e-01,2.192593968976150887e-01,2.125676362843475498e-01,-1.701739223122203659e-01,1.749250635713273105e-01,2.954070951195829076e-01
6.921621878481866164e-01,7.871474790103162311e-01,5.924240589842887372e-01,6.808582745396009051e-01,5.887660355613517638e-01,5.839966369090074938e-01,7.120535549777360362e-01,6.658018917002733739e-01,5.501698930195818571e-01,4.067310358493274047e-01,3.377963169943652422e-01,4.975019535124659553e-01,5.485619583248221298e-01,3.318837856614177961e-01,1.644320164537852180e-01,5.986843579165639084e-02,2.488497429201654287e-01,1.053038468799461225e-01,2.303540170801383208e-02,1.479157139954844769e-01,-2.042409467669266676e-01,2.216741859391258840e-01,1.368506122414138715e-01,4.510924361113796688e-01,6.252642947018419162e-02,2.006163798924471275e-01,-1.849730200879857178e-01,5.334694894104073659e-02,1.999463108087359553e-01,-4.938882228227779725e-02,1.595160582115253134e-01,3.678074696424252776e-01,2.872281011106464499e-02,3.553614709627835044e-02,-2.315215245637089470e-01,-9.238834916853458368e-02,-2.940556441385652059e-02,2.323454093013677113e-01,7.460023942604113167e-02,4.197468581139341959e-01,1.333813470225133080e-01,2.337877852275854207e-01,-6.252095404933144529e-02,-9.773735593208147943e-02,1.553540102935173639e-01,-1.033761733069900879e-01,2.927613142232888821e-01,2.418187373024579256e-01,-6.138692326397065906e-03,1.242747677969409520e-01,1.097934593788807422e-01,-7.043271063356518202e-02,8.106521921017235954e-02,1.215529847394638124e-01,2.758124286532928626e-02,-1.936552194278056971e-01,1.838356284976237764e-01,1.257308271569131108e-01,4.720093896881169537e-01,-1.887049893801563960e-01
6.088359477353437743e-01,5.990229991193122272e-01,4.263512277726074773e-01,7.933041721302018789e-01,6.844418605597907268e-01,6.337673477565549662e-01,6.275555401318446691e-01,4.307896479135430168e-01,2.850758328451913348e-01,6.980505324390148814e-02,3.448112604515001789e-01,4.471831081596014945e-01,4.201345454589300310e-01,2.146891307324814147e-01,4.239318973871492591e-01,-7.396883723531877397e-02,-1.378509591475204077e-01,7.371102430769052583e-02,-1.011636231551262845e-02,-3.137056670123176960e-02,9.570738623803498601e-02,-8.621907102230097486e-02,-6.036546602454662125e-02,1.045642634013728839e-01,2.182092771140679288e-01,-2.540714917386681648e-01,-1.233459039614203390e-01,2.401571233005009298e-01,-2.053152584746320737e-03,4.379244633979443441e-02,2.001982614629088386e-01,1.959489933393209482e-01,9.544896830120035147e-02,-6.416247049066669920e-03,7.572656160782270662e-02,3.256427161963892369e-01,-4.894569806756311758e-02,-9.825870268286353293e-02,-1.420448307786423003e-01,3.119373936715921086e-02,1.257786666241831885e-01,4.408258236446037093e-01,3.201825680451702016e-01,2.299478547864664824e-01,9.620528599595881691e-02,-1.515470152693375039e-01,9.219901760489423786e-04,1.162988750449039932e-01,3.564201741248808064e-01,1.341176155431089700e-01,3.826307178384048546e-01,4.715350841578020424e-01,3.488285676208508490e-01,-6.744258704355127199e-02,-2.490490777866881042e-02,1.201351423962057352e-01,-9.891050112441175657e-02,5.857434696496597315e-01,2.966880821010711711e-01,1.327593290124758352e-01
6.829162341408018255e-01,5.581681369627256029e-01,5.243554083302766067e-01,5.543613830346989513e-01,4.423997432574721111e-01,4.488513692849631087e-01,4.262496520536162015e-01,4.440080086747582588e-01,4.755326009811013388e-01,4.365148022754499202e-01,4.877631925316766592e-01,4.803004320514239756e-01,3.825465771966613526e-01,2.423779150122629209e-03,-9.197476839321264142e-02,1.851021076246476549e-01,5.672497250991818257e-02,-6.729121815941577212e-02,3.275437972377163304e-02,3.545072440461559671e-01,1.481456058169379197e-01,-4.165420312202397501e-02,-8.829651762102705415e-02,1.323169134244467082e-01,-8.692734784958076888e-02,8.646086860045754108e-02,4.474950288873431603e-01,-1.442382518636335931e-01,3.199432088175702127e-01,5.274042900521628413e-02,-1.272634412771067071e-02,1.075261040279015534e-01,1.642830480714841668e-01,-1.028615810328644409e-01,2.076546219175662844e-01,1.583274593558348653e-01,1.993795386547043968e-01,2.861804150494194898e-01,1.752420550114576481e-01,8.338802389073171617e-02,2.563590037516897402e-01,3.687081668961422753e-02,2.210975957062391584e-01,5.867650925255107897e-02,1.661411497524015457e-01,1.847704604504112336e-01,2.923470317807778662e-01,3.178901081522110816e-01,4.616557082278723023e-02,3.931646956538557003e-01,1.867415330517533945e-01,1.904346466617853895e-01,1.094789209247132994e-01,2.539316157896157611e-01,3.384023755588676241e-02,-2.607089143750869198e-01,1.879064030625978710e-01,3.521858263990809701e-02,4.017065979287264277e-01,-7.358459844730595723e-02
5.885972378611936673e-01,5.783847855595345422e-01,3.515631643621907054e-01,6.046828200943830112e-01,3.188326529615577720e-01,3.467387204870089334e-01,6.355455379620529310e-01,5.296518858090233373e-01,5.351054936645395221e-01,3.147719312198409836e-01,4.367680544717941205e-01,-8.360119905075701074e-02,1.410089930231491484e-01,1.782963074409932847e-01,2.873527010977018903e-01,1.710009845571369008e-02,-4.035554177603524195e-01,-3.121058820877912199e-01,-3.711857878957252055e-01,-2.365702069402847996e-01,1.928370481560409411e-01,-1.087817124568191962e-01,1.468707185420781713e-01,2.053784558433419810e-02,4.933412120857769700e-01,6.501085413505250377e-02,2.899704792081260196e-01,1.563369896240825452e-01,-6.623840445020026668e-02,-5.169855853608560509e-02,4.438679993419445968e-01,1.844366921122176650e-01,1.442715320610262787e-02,2.180230258667451293e-01,3.306626755907356441e-01,-3.166981170661539169e-01,-9.280164886427289678e-03,4.120219253254218256e-02,3.003453353933778214e-01,3.045807386114381815e-02,-2.208615564949202859e-01,2.352802565391208245e-01,1.956183626907703754e-02,7.056074293817936327e-02,3.331656370119756572e-01,1.917343079505199055e-01,3.138114506520705560e-01,-6.672286807195729197e-02,1.240388442977410077e-01,8.187040238105078305e-02,-1.396075605042674250e-01,6.036578348484535755e-02,1.583643614575663272e-01,-1.539164081449463928e-01,3.391589734286351576e-02,2.862192831868932696e-01,4.927323959909218898e-02,1.886099359521796470e-01,7.611196506440034981e-02,-1.996480798195137199e-02
5.890326219338680724e-01,5.197886018119559637e-01,7.260415450208576038e-01,5.500172582637449237e-01,5.933855140134154382e-01,4.258715022784008153e-01,6.810148552322158044e-02,3.381326774352196307e-01,3.082010977036525601e-01,2.424953733957903312e-01,3.025026338027055339e-01,2.117548382936302320e-01,-1.063490759307666317e-01,-2.174154626709580776e-02,-1.379047551383952297e-01,-8.261744369651466413e-02,1.620343237217463650e-01,-2.061465430742428495e-01,1.794671484834124420e-01,-2.387637866216610616e-01,-4.213368378306896200e-02,-3.501731439167031779e-01,9.108764237239611039e-02,2.539358754641021232e-01,2.031642228066951328e-01,1.937716425893273864e-02,1.318762331688836664e-01,-1.098301410432546421e-01,2.096675558838277387e-01,-4.585169695729780781e-02,1.663599909426481394e-01,1.097886387683423698e-01,1.852229962589073756e-02,2.344453025163558135e-01,2.140734581610782283e-01,-4.090685685971952312e-02,-6.447611369497513109e-03,7.333364576777032240e-02,3.236051582684901229e-02,-6.647778777340586365e-02,3.709007878483599474e-01,7.182308587164872027e-02,6.477924801412240918e-02,8.474730581573275412e-03,2.989844942903141511e-01,-3.127024958521961162e-01,1.434564359666853917e-01,-1.780739036891816340e-01,7.441372857921417505e-02,1.449459805410076296e-01,9.496024314040847625e-02,1.144786807222320790e-01,1.649663236991823489e-01,-3.288192663626859913e-02,6.607452496768233090e-03,2.700736918384671892e-01,1.798862889920232466e-01,1.676327463828583830e-01,-6.438144726912930702e-03,1.285526649270749833e-01
4.280095201485725198e-01,5.676098053506107854e-01,3.344839153805024279e-01,5.110375481831295197e-01,2.677837977098825872e-01,3.393223397186521106e-01,3.320300966262017539e-01,2.595250809197929276e-01,2.389177604801785149e-01,1.966053105328932071e-01,5.365142066429527679e-02,2.053411141233133785e-01,1.592614062849475876e-01,-1.921187756303088801e-01,-6.293972993423363471e-02,1.183126071079037417e-01,4.115592059835355282e-02,-8.574343360034418493e-02,-3.520068276257287687e-01,-4.566615950606919827e-01,-3.081588294959370922e-01,-6.871794742322476224e-02,1.549065716328142384e-01,1.250882522883347558e-01,2.842336142716240799e-01,-1.146175362920062585e-01,2.866700667066268693e-01,-6.997614880367800105e-02,4.094500689570836904e-01,5.335727873765379048e-01,4.325929272432701284e-02,-2.642687178253028818e-02,9.041674100472343878e-02,-8.709000010006352765e-02,1.479131907577556915e-01,1.490412078246185490e-01,1.030398152243274523e-01,-2.469928824755336649e-03,5.078814098002458755e-01,1.749186867645365073e-01,2.012405801655893500e-01,1.341548285748684344e-01,4.952729767947194883e-04,-2.299359018876167074e-02,6.105623081010964903e-02,2.701623639232748064e-01,-1.865111727563628728e-03,-1.414316141119666137e-01,-1.015522910863775330e-01,5.564771381127838756e-01,-1.146301531637249349e-01,5.978901199602113664e-02,1.333035124585239262e-01,-2.826149088218598074e-02,1.351433540199382666e-01,3.818089980706487752e-01,2.759025265996761789e-01,-8.586086941310322809e-03,3.199804011266689230e-01,9.243396426779451613e-02
3.584341180230595225e-01,3.665302749379777958e-01,3.107994410805997587e-01,6.266745264298967388e-01,1.986462696172036080e-01,6.023107191966028395e-01,1.605187455583459988e-01,2.791290906161333352e-01,2.691175507138729439e-01,1.586592446289791236e-01,8.299119505961291554e-02,2.022641025074667365e-02,-5.300895705139356540e-02,-3.321014704296673670e-01,-6.677616173416441037e-02,-4.430876799419046219e-01,-4.679668807102055905e-01,-2.530308148705070481e-01,-2.374360389728633752e-02,-2.512947813448576651e-01,-1.482801496808044441e-02,3.241609795944679351e-01,-9.152854161417811607e-02,-8.694096971685301434e-02,-2.044997696231700135e-01,-1.005607990369758592e-01,6.148823459355096110e-02,3.245791190588832587e-01,3.807074821438591883e-01,-8.958098540746968486e-02,3.377686332025844895e-01,3.599822994028781808e-01,-1.748923538017967821e-02,3.204969195958803918e-01,1.290499755394892700e-01,7.849699987100865195e-02,1.290225578564350162e-01,-1.845634965218622414e-01,1.642556058824720111e-01,-1.442327257940363427e-01,2.543234717843222414e-01,-1.236157282190208928e-01,3.403409745099125749e-02,5.567586301844441865e-02,1.097778686266275283e-01,3.577113583813723574e-01,1.831323943347252237e-01,-1.016481570484415037e-01,1.575541071243198865e-01,-6.727270590631750924e-02,1.778177415206367018e-01,2.046899978474611415e-01,5.844504147440365838e-01,-1.277893068539431853e-02,-4.477427106911284482e-02,-7.327086688094849865e-02,-2.110805765560269387e-01,9.253005141521462862e-02,-2.796067681849809805e-01,2.209460225589422733e-01
3.865592703688439102e-01,6.031207956736663878e-01,3.335655085066983050e-01,2.948239439083802926e-01,4.930057408127953567e-01,1.244902418170538982e-01,1.878790578640778253e-01,1.005000408872649409e-01,-2.598306594030814695e-02,-9.035707127678023476e-02,-2.045210510668791226e-01,-1.116605292489816909e-01,-1.977247471142283830e-01,-2.636646822637825904e-01,-3.882221700112762491e-02,-6.519889509507412195e-02,-9.655345321916551649e-02,-1.903719325937077711e-01,1.289377191857868366e-01,1.013259873788882326e-01,-4.313285492206501287e-02,1.132842122131016982e-01,-1.515442863072306301e-01,2.033683765468952687e-01,1.208029900447770144e-01,-4.552678202715899902e-02,-9.329593612632855471e-02,1.516566541740219931e-01,1.592915885284688637e-01,3.793921848632971217e-01,3.212519653836826139e-01,2.822806555372243675e-01,1.026894216253827416e-02,2.185694118168054756e-01,-2.760500767288422835e-02,1.288528650455230962e-01,2.927960238082942257e-01,-8.922895137400399523e-02,1.652821471210761672e-01,3.394657337661340923e-01,4.140603553409830662e-01,1.645988856570553271e-01,-3.052530292876103890e-01,7.609841464152340695e-02,-4.136955945406957380e-02,-1.519205492592448914e-01,1.513469910544205932e-01,2.917520885797134644e-01,9.222073659148780078e-02,-2.089724298937010727e-01,1.370997350437229145e-01,7.704251784942935111e-02,-1.291271573324920541e-01,4.543359521567070236e-01,2.813887597973444010e-02,-1.360231207906582029e-01,4.026081329051095503e-02,3.214781906458284433e-01,3.856989018020901550e-01,-9.995611746637381168e-02
2.917976378949426255e-02,-1.131965141335462485e-02,-1.866193337091504589e-01,3.161937890870477608e-01,-4.262180877123061817e-02,-1.176080435938533543e-02,4.512341697149776509e-01,-1.773323065465829407e-01,-2.086040025766147665e-01,-5.334916722768227870e-02,-4.207416025619908906e-01,5.674085743262580195e-02,-4.285984376920048966e-01,1.009327120742099099e-01,1.402214150068924747e-01,-1.335507434247571457e-01,5.034050457004653895e-02,-2.249445556374028432e-01,1.500127356541065549e-01,-9.516170228827594557e-02,-2.942395832057664862e-01,-2.454871612428543293e-01,5.963488575061975938e-02,1.305149494079004824e-01,6.022022240143280053e-02,1.562100599593535810e-01,2.738091816791619060e-01,1.413104826371232858e-01,-9.546530898625985029e-02,6.172651094331442490e-02,1.023969952506235820e-01,7.636799870172863991e-02,2.143173506430897518e-02,1.311317828562068299e-01,1.063752596780716264e-01,2.871799883933301989e-01,4.475680310053404831e-01,-1.269247954630683961e-01,1.660876000946153452e-01,2.273439565893861647e-01,4.336669885786845202e-02,-2.810986967906499087e-02,2.357442872715766469e-01,-1.303238102132140974e-01,5.813102308135278395e-01,1.196188970408039037e-01,2.293468534634768852e-01,2.632017465018303762e-02,3.592702710804184796e-01,-1.973403287774065373e-01,1.476112785572439301e-01,-1.535699756440752073e-01,1.466560796733350214e-01,-9.846294762470785000e-02,-7.226166143963695665e-02,4.197378379252512254e-02,1.100280460096115798e-01,2.416136524990080137e-01,-2.153171671498927964e-01,-4.640765869742841804e-02
2.587474025891910445e-01,-6.087479150692116925e-02,-8.208930100363276416e-02,1.312997218024311574e-01,1.810177102297317320e-01,5.219886553894419468e-01,1.526781863732087907e-01,-2.629933354290691083e-01,-2.331659495974791607e-01,-8.693355296495121343e-02,-3.877815292057397722e-01,-8.288681351523678742e-02,2.049024111030433026e-01,-2.581556446873983779e-01,-1.126258878397558699e-01,-1.989096909990045736e-02,-4.289366394430019769e-01,2.788890118871821880e-02,1.509037581246529813e-01,-2.818246518039673604e-02,1.765710789595609145e-03,1.645700339850307836e-01,1.966537849204635369e-01,4.288597089391233963e-01,1.567771407788849103e-01,-5.098400351823136056e-02,1.114425507096944157e-01,1.789530998548198859e-01,5.444658086541618452e-02,3.540542941904988028e-02,2.931433909670608240e-01,1.735047390804524414e-01,2.579583300910894827e-01,-2.877142653735189071e-01,9.402557734196834160e-02,-3.002821149511708532e-02,-1.585068417438046939e-01,1.549469914119019631e-01,1.692806274747437612e-01,2.331220802465422959e-01,-7.565789624280394587e-03,2.683206435213011942e-01,8.735461194305102484e-02,7.943742838661224659e-02,1.765185647378484934e-01,4.598379446306931628e-01,-6.417478785495095428e-02,4.255596856478750800e-02,7.125500461613207270e-02,-1.068682792653349312e-01,2.112356989345443858e-01,3.252681910414464417e-01,1.399013984362910690e-01,3.104127764444505888e-01,-7.275839213926771354e-03,4.648546979269441506e-03,3.480125104724817175e-01,1.783638180564230402e-01,2.719273798136689346e-01,-5.257158612979949408e-02
-6.771075583883000293e-02,2.014955558889900133e-01,-6.327666376487728339e-02,1.685997098427512442e-01,1.016298325068643038e-01,-3.067502739890580754e-01,3.995487228275924896e-02,3.021277066874705590e-03,1.683920396326826219e-01,-3.374144461462413314e-01,1.788838842615504132e-01,-8.988227183398410369e-02,-8.762999248111782991e-02,-1.842547702454159220e-01,-1.284315109958463486e-01,-3.590175397020210074e-02,-4.431152497878475538e-01,-8.205682508505177108e-02,6.180929047105600260e-02,-2.147010038076198335e-02,2.444968281286323819e-01,2.514316792733372052e-01,9.004610377141593347e-02,2.213168408306824264e-01,-1.235803479907539304e-01,2.860220155768234962e-01,-5.169252965353227092e-02,2.129090802852431821e-03,1.632384109553353391e-01,-5.402416900719646253e-02,3.315624907489441719e-01,1.986583900422047577e-01,2.311624807356355282e-01,-2.519448892141982754e-01,-3.090755976842327751e-02,2.490764685294752923e-01,1.697163597907264815e-02,-9.152107909696172161e-03,6.763751592675715241e-02,2.031608842357124443e-03,5.502212738793793578e-01,1.289468309520010736e-01,-2.410118999186310756e-02,1.451926805585004518e-02,1.117857754572389589e-01,2.903202830694181502e-01,8.417848765593627380e-02,2.131299733272439545e-01,5.788935947501936546e-02,8.502887145118795398e-02,-1.452499224893363805e-01,4.401910886529052103e-02,-9.433704546947795089e-02,1.144161603267264057e-02,-1.012160421720300629e-01,3.020239356841742384e-01,1.161502819484299120e-01,-4.339647360034527140e-02,-2.808302014494504784e-01,7.378402164447063483e-02
-2.829781446634215269e-01,-4.672163782142718658e-01,-1.815463792006559163e-01,1.116219014074164989e-01,-1.610471122784908338e-01,-3.334447195443793199e-01,-3.127166823527344208e-01,1.426609483902246400e-01,-2.995550679847397424e-01,-1.474319899574799142e-01,-3.531953373825214570e-01,-1.330843344108195991e-01,-7.366878042452920661e-02,-2.307167587300292255e-01,-2.294402026674159309e-02,-3.947812838586567397e-02,5.627305684671144587e-02,1.768659658385504652e-01,-3.787946652713435891e-01,1.151325400062119392e-01,-2.557201963462484295e-01,3.330385961837228903e-01,2.360259124968510647e-01,5.211356947301566678e-02,3.066383914296095248e-01,-1.010746028922552969e-01,-1.499553053745131259e-01,-1.306960576676775843e-01,-5.782966939139868451e-02,6.383739156612691645e-02,6.169799623048864007e-02,1.724149744229771519e-01,2.172778470517354177e-01,2.806213237652771531e-01,1.849396257606986116e-01,-4.144119437738565115e-02,3.228679819482573737e-02,9.049820379699934081e-02,-1.460614886927167066e-01,1.345392956544779750e-01,3.905298281778345482e-01,-4.625520710216324966e-02,5.721448319457010656e-02,9.846751073895942258e-03,-1.133291233886792176e-01,-7.916598203843130954e-02,2.045601756224402767e-01,-1.586143829997020971e-01,3.660317569179272201e-01,4.347461862144713085e-01,-4.017647657460313854e-02,5.993433520835633570e-03,1.859521653351910442e-01,-2.748332488123615969e-01,5.604978481717476368e-01,9.043697375708986685e-02,2.079239117203231513e-01,-2.341828864560645609e-02,-9.090153883991207440e-02,2.755553458623294372e-01
1.682996580911463591e-01,4.678925205987186087e-01,9.376722889448094178e-02,-3.359920001546685131e-01,-2.948254998940772476e-01,4.748966136409067673e-02,6.821627225389925719e-03,4.475546882867845883e-02,-1.288449052023309671e-01,-4.040978026845157278e-01,1.065452838814497510e-01,-3.804301477345441163e-02,-6.557982755551486354e-02,-2.873021393229967524e-01,-2.353686871344379539e-01,1.189247775045742389e-01,-4.570294080625489710e-03,-6.764558965448355665e-02,1.263871388282640784e-01,9.666464104431690685e-02,-1.544317848163784257e-02,-1.113214633750879284e-01,1.125918456842380823e-02,-1.865410316211006392e-01,7.974293109388916334e-02,4.026159964266639024e-01,-1.264236044073072662e-01,-5.798828892984778799e-02,-3.925812278903008656e-01,1.440094492329368203e-01,-3.086451308411547641e-03,-1.146078817738788169e-01,-3.075600266483386955e-02,4.183032692592830726e-01,-1.001129998218989875e-01,2.334103748366045394e-01,2.449383356648572874e-01,-6.176364962260333380e-02,2.890833585399915813e-03,7.557593270791583551e-02,-8.499649212762586115e-02,2.981300080291121590e-01,3.366353734902883255e-01,1.971427843515070610e-01,1.955441074888331632e-01,1.101663392353952053e-01,2.060154139120327632e-01,4.075571020965013114e-01,5.919165655891998890e-02,-9.547483304954706984e-02,1.842571724828059865e-01,4.097250087057576207e-01,-2.178671830576325019e-01,-1.184661768105766885e-02,-4.407287246053111229e-02,-4.296502140825018273e-02,1.595952545498987019e-01,-1.342746885951000557e-01,1.084145698133809760e-01,-1.825708738649600149e-01
-2.673897184091146295e-01,2.448320126646585104e-01,5.399510368359207446e-02,-1.167400811234969860e-01,-3.022095404858736734e-01,8.873791278374419667e-02,-1.200867311663659232e-01,-1.397522897766523275e-02,-1.103938816678739221e-01,-9.383803100626118832e-02,-4.678240989705288733e-02,-2.019288091844576305e-01,2.397060534538699716e-01,-5.846970545268633662e-02,5.440171733511328656e-01,2.947759267808632844e-01,1.300848800513482451e-01,2.876111738216997615e-01,1.260406903956582947e-01,-6.170045652983539158e-02,-8.345863915436591007e-02,1.190990810268381939e-01,2.622399330750305180e-01,4.530050345214674534e-01,-7.857854638406294723e-02,6.632999651080945247e-02,-6.934716109981968468e-02,-2.418814397531132143e-01,-1.302062897455490142e-01,-1.538082971974871482e-01,9.902690883069398264e-02,1.899264750615528019e-01,2.502289882425771592e-02,8.762995629215665494e-02,-2.712701172868253741e-02,1.745586966310516686e-01,1.280508554234383589e-01,1.841690071592729794e-01,1.615470385531310726e-01,7.644864362202029306e-02,1.375309320882726061e-01,2.077144069045180202e-02,3.388668645985741246e-01,-2.398207965478244552e-01,-5.382165232407607608e-02,2.743275885572370454e-01,-3.454758699143212208e-02,-1.357115802310627228e-01,9.580590314612660863e-02,2.050717973576260487e-03,1.779095144281856722e-01,1.788268406352878093e-01,2.763698624102768342e-01,1.417916310587439763e-02,3.200803517671162446e-01,3.468151988212187509e-01,-3.305699294941668587e-01,-5.674147422624019332e-02,-1.188296729507189314e-01,-1.816862634509739532e-02
-1.603901654933608256e-01,-1.089437221210643944e-02,-3.478235425718967377e-01,-1.575912202765430425e-01,-1.008476843983957816e-01,-1.766435561667396015e-01,1.836752254899487458e-02,2.276395204941907002e-01,-1.560756997224156672e-01,1.111186585797201004e-01,1.406815464025967886e-03,7.248169395369699619e-02,1.078928667726349183e-01,1.701180874351581815e-02,1.292897332520243081e-01,9.911714070794189202e-02,3.990415373168108570e-01,2.578256088554908843e-02,-4.592857081273484660e-02,3.713201923542494010e-01,-1.475910262007531226e-01,4.058720837932006664e-01,2.587366633436046642e-02,2.586763635866813280e-02,2.134743780942510161e-01,4.364383497201817369e-02,-2.783213925125141985e-01,-7.887902843138047682e-02,5.072866641655646852e-02,2.579495209645116943e-02,4.392911813952317668e-01,-2.801428975677184782e-02,1.121088273960960668e-01,2.818927578472549267e-02,4.579800159664325354e-02,-8.043603809249007253e-02,8.007981005702780042e-02,3.099716113824441122e-01,7.725534716816852276e-02,3.672589088627384313e-01,-3.663323537896095994e-02,-4.353667435522001750e-02,3.575610070835155696e-02,1.706635009406945458e-01,2.721814146839851012e-01,6.224048841046649766e-02,2.951265199892568192e-01,9.572452770936665245e-02,1.579471372501599358e-01,3.487352030763528343e-02,1.184227007984338942e-01,1.324154583080501199e-02,1.663984972207067925e-01,-1.133569604854539614e-01,2.015893181360409459e-01,4.066101397549286983e-02,-1.989783845273490059e-01,2.046619306779779157e-01,-2.673969513635935935e-01,-9.397925942438496716e-02
-2.808639316820175091e-01,-6.536437041002417236e-02,-3.201997786305053051e-01,-3.802772035686848712e-02,-1.717600459047189110e-01,-1.575494333435513428e-01,-1.417923896879952350e-01,-2.252334991066157477e-01,-3.086092524581295349e-01,1.711063714283943271e-02,-1.854726763960148628e-01,-2.703426590721282885e-01,-2.425505580469974054e-01,-7.115306405578283866e-02,4.093122947194310218e-03,-9.445791577981468845e-02,1.661332273680117197e-02,-2.864768403199279834e-01,-9.727289516377728151e-02,-7.413016526637514203e-02,-7.967806282089384684e-02,-3.320551770349301490e-01,1.650718811720966739e-01,-3.171192898913704483e-01,-9.705602576783020630e-02,1.031477762581785862e-01,2.256091737553096374e-02,2.881014052818171578e-01,-2.066129457978409523e-01,9.521369249656352896e-03,-1.415514117158122101e-02,-4.609409585737282017e-02,3.780953523252512660e-01,-2.633928718702972446e-02,-4.030319902721591144e-03,1.236164467535792733e-01,1.350579020546872899e-01,4.358571518018760638e-01,-5.188249829236327854e-02,1.149828558267474571e-01,-9.250589106761457348e-02,1.469158189210394705e-01,-9.164753955703663219e-03,3.192019140787777931e-01,-3.005165796284223895e-02,1.387930107323603335e-01,1.239398087704327994e-01,4.667039991919475495e-01,1.653369076813284433e-01,2.365939172322721051e-01,4.973420075507650751e-01,-1.170686557923428239e-01,-1.440722826162302850e-01,-5.822170480730666509e-02,-6.588452825643213717e-02,-6.882052199728017072e-02,1.426822387102585077e-01,-2.622148290935944100e-03,1.673314102014654137e-01,2.628789131610739099e-02
2.455688491912606450e-02,-4.483776568027302012e-02,1.205808818473333710e-01,-4.239079881784842130e-02,3.242993059911157827e-01,1.687995336294605131e-01,-1.098879271231870958e-01,-1.027580158807886723e-01,-6.963441198337558258e-02,3.858930593672662418e-02,-2.112457057739591249e-01,1.249859058230069417e-02,-2.830580591348592634e-01,7.984630991602412187e-02,1.823055364337690387e-01,-4.162072945210248780e-03,2.723401281781051564e-01,1.101648202576223923e-01,3.266214340178779652e-01,-1.086061269388823025e-01,2.186938840601830233e-02,1.667338141411033592e-01,1.925748155117848470e-01,3.184418863222646806e-02,9.996735406088050335e-02,1.741465153011018396e-01,-2.848385502284306314e-01,1.060845334912854376e-01,3.509659159982058685e-01,6.160755275496213740e-02,-9.127169028842888054e-02,1.565510699423580121e-01,1.016695401152796219e-01,-8.560598274691822232e-03,1.272828924249350124e-01,-1.797624652193835449e-03,1.962852433995709300e-01,2.857459206139408708e-02,-2.060624590121214739e-01,6.365245915058100057e-02,-3.337908558779004858e-02,-4.912243939676730689e-03,-9.068953606767155007e-02,6.179079836332810466e-02,-2.142018777354267323e-01,-1.275105226858494201e-01,8.845831896186359677e-02,-2.201096266769070418e-03,1.165375170834241914e-01,4.041125602890646706e-01,1.484869938400408818e-01,3.615760931226191244e-01,4.302778115473502862e-01,7.600395636507183139e-02,-1.724114012286841469e-01,-8.900022596145108766e-02,-8.335652772523793885e-02,2.668040352626606659e-01,2.849709745969620789e-01,1.753882574833485336e-02
-2.987172794707295131e-01,-4.512861074394476368e-01,-9.477968517968468620e-02,-1.387531387088819235e-01,-1.384901352854287226e-01,-4.922349814072715657e-02,7.115916072609304588e-02,1.791742196885461880e-01,-3.364664429877854690e-02,1.086885257345229228e-01,2.742809003445694782e-01,3.658333591628992187e-01,1.895081233722880620e-01,1.204626211758181159e-01,3.319504677559966810e-01,-5.375357693296090034e-02,3.881870339371430445e-01,1.277302739684953448e-01,-4.574547544065700466e-02,-6.956195073395296524e-02,2.407060570766457186e-01,5.747199900634699515e-02,6.536788660721717936e-02,2.040429147796734566e-01,2.313283439054106272e-02,4.909304388072320557e-02,3.305720884743655885e-01,5.263444157182453620e-03,1.646134848888297919e-01,-7.149920859552727319e-03,1.730702629216850433e-02,4.534442161405024402e-02,1.006863124433829554e-01,3.720348102723315398e-01,2.563925514762805946e-01,1.827077718667939610e-01,4.084483989063767417e-01,1.183259282234102316e-01,-2.110865490971671754e-01,-2.506566045701325018e-01,5.432618972865479318e-02,1.457954695686357882e-01,2.036206168350604140e-01,1.665110045764647551e-01,2.650812240461693919e-02,1.328176264209090518e-01,1.943027284247048347e-01,8.476016769966375486e-02,7.130539786784828582e-02,1.498342504242270168e-01,1.448609486733596907e-01,5.324544300247378847e-02,-6.217764518585296163e-02,1.536217735142797747e-01,9.795896024870497099e-02,2.107086904494671550e-02,4.307732866650322845e-01,-8.502416593955137991e-02,-2.501928712317016273e-02,1.430778031365854408e-01
-1.628678683566459340e-01,-4.253465323269932097e-01,-3.624110650402656477e-03,6.490804863026591875e-02,-1.274444033203185334e-01,-3.926042699921195034e-02,-2.571345127050246870e-01,-9.194789932058695936e-02,5.169951704030678608e-02,1.183452242317140773e-01,-6.646646245743745296e-02,4.365772106273572983e-02,1.777004569414336599e-01,1.438372610754596048e-01,1.436357029811466124e-01,-7.435322204799088563e-02,3.554791580541668550e-01,8.686767244367432639e-02,9.269875636891122817e-02,1.537853843564103429e-01,1.275921682737232443e-01,-1.355047043053530798e-01,1.055438986687487757e-01,3.802053374767939975e-02,-8.878442986818194105e-02,9.771534458117514532e-03,7.266789546992069582e-02,-9.912879490439630015e-02,4.498463937567361709e-02,-1.057463909006390798e-02,3.010660805307633914e-01,1.046586841021175662e-01,-1.068722391690220264e-01,1.063005982328027593e-01,2.485058596978552692e-01,1.802973544451559884e-01,9.312103293230422629e-02,-1.687167331698773975e-01,-3.910258272435059024e-02,1.831211579042791304e-01,3.052431346853261562e-01,-7.111679113235545857e-02,4.207093056652160823e-01,1.155904390905423684e-01,-8.281345833195355444e-02,-2.066797993412358009e-02,4.983761015185946691e-02,2.051944621088948040e-01,8.754877525022100593e-02,1.960556420938547595e-01,7.276818717254704416e-02,-8.873521614970865390e-02,-2.542465554857845644e-01,-1.137876825388106916e-01,7.450507180172441513e-02,3.046690461083972901e-01,1.302395421294912647e-01,1.342119123196143862e-02,3.292817782013326977e-01,5.033479132345611839e-01
-1.710209969119514950e-01,5.870802815513551792e-02,6.578654210643705702e-02,-1.161930583227464009e-01,4.308885676421979338e-02,-4.195157804352069308e-01,-3.916501465091048323e-03,1.908114806593988744e-01,3.968060440087358143e-01,1.969560169994983775e-02,-1.442717122273213248e-01,-3.226208875428133172e-01,7.255981218098261909e-02,-1.478817086220286514e-01,-1.173622845390966465e-02,1.630845794422569328e-01,1.137543677142006243e-01,-7.127024291095092334e-02,-1.241020278494447265e-01,1.607614278535660080e-01,-4.072625957805325880e-02,-1.058918943956833336e-01,2.262898731106900360e-02,3.780136900237317521e-01,1.650980636904903487e-01,1.144043978493554520e-01,8.888915069936240143e-02,2.420257033048052731e-01,1.588778332520957015e-01,3.297691587149237380e-01,1.080387510777599952e-01,4.702489947645016599e-01,4.732994690330273313e-01,7.162588338204022020e-02,1.136116284707923418e-01,-8.327733942734996675e-02,2.971399821762641946e-01,-6.331709545400129868e-02,-1.940548525631441978e-01,2.562750398134555629e-02,1.478351176093472830e-01,5.580721108626801423e-03,-1.265439806215692409e-01,7.571910480241428321e-02,1.093823159682329599e-01,1.911954868046931710e-01,-1.915107930160550587e-01,1.839427231232421966e-01,3.213557867036472004e-02,-4.402985406408647245e-02,1.823392844106522803e-01,-2.355517522512853290e-01,1.947209252475540775e-01,2.334539493316441505e-01,3.267121663213600757e-01,1.914244231224465076e-01,1.689422297709045340e-01,2.113751183884353679e-01,-2.923543928307781141e-03,1.109820472829670529e-01
-2.324928720147857730e-01,-2.944266644591879770e-02,3.594040395700791590e-01,3.786765530071832808e-01,-2.951865064369796343e-01,-8.826180377123696297e-02,1.793793409540083220e-02,3.434888403218608888e-01,5.232054473063477845e-02,1.568070744806883132e-01,-2.706366585290391827e-02,3.069960011473365502e-01,7.911873883659760465e-02,6.904249690650454685e-02,1.745768008700283591e-01,4.681258498774599208e-01,2.879079557965530389e-01,3.616226273543898251e-01,2.346397902295569993e-01,3.343185299554812806e-02,-3.203531716577177613e-01,1.375279835177348753e-01,-1.496552240785951338e-01,3.388178226901531476e-01,-2.372582109723818111e-01,-7.842346160434170155e-02,7.986597478937715322e-02,1.421870773870216077e-02,-1.124774344080905208e-01,3.973393567377690450e-01,5.412437664728899506e-02,1.257916314127160151e-01,-2.267498413433371718e-01,6.354084701295931170e-02,3.103736901561880979e-01,1.551494355294180116e-01,2.464507809228286273e-01,7.081068558877992580e-02,2.267478814742792392e-01,-3.994372750598590982e-01,-2.687305353989566936e-01,-1.259077840759494360e-01,-3.165186645897325457e-01,-1.463279346534799019e-01,-9.563210976333941238e-02,-1.208231785760172511e-01,-2.873080571154933982e-01,2.097410848631492963e-01,5.368394346183712196e-02,-1.954307493745253699e-01,2.262575392011021425e-01,-2.017077291812672396e-02,-2.099768490763343765e-01,1.022926096621940284e-01,1.117844145947642226e-01,1.643420479834147019e-01,-6.741953180294807391e-02,3.867075125601746738e-02,-6.973366484741920501e-02,9.221694812591661738e-02
2.849085211017182706e-01,2.321133884436712980e-01,1.960065208680205340e-01,-8.125335494994299912e-02,1.578154968764286167e-02,1.590371284408395591e-01,-2.394236844771527317e-01,6.723374441262792989e-02,2.347255576493564033e-01,2.441907823724268067e-02,1.315166005129249013e-02,1.014416842515277958e-02,-3.652875701328575642e-01,-3.132592354879432280e-03,5.427494358333944113e-01,4.515415408805214387e-02,2.456242084302916184e-01,5.823394847707173000e-02,3.095353879478944803e-01,1.438235218137017823e-01,-6.040621304727729068e-01,2.594406690281318983e-01,1.670801812957596610e-01,1.809658435341413851e-01,2.062270729134847991e-01,-2.809661693016099471e-01,-1.424932677720405216e-01,-1.860753432270713034e-02,-2.611130343396761248e-03,-1.223708155026886624e-01,3.180107798705190669e-01,2.569807657508330623e-01,-1.391734156333554739e-01,-1.293146537487941117e-01,1.793868026562393803e-01,1.648545759724275583e-01,-9.327980907626209905e-02,1.162745357430436249e-01,1.118761121242062700e-01,4.279807260018971826e-01,1.099317604777698271e-01,1.465635301467084761e-01,1.421224872912216219e-01,8.599366023643460755e-02,-8.820574898730282332e-02,-9.849261843322296150e-02,-1.118194654620344036e-01,1.839883732851931852e-01,2.169651367336912773e-01,3.099980719876515092e-02,1.862976987833482589e-01,6.490016396332115578e-02,9.946510786450875330e-02,3.186380772846121312e-01,-7.844298378096903335e-02,-1.455684237140521531e-01,9.140299191391040856e-02,3.317616134710713593e-01,-1.366288228670836935e-01,-1.871594724300494339e-01
-1.782778800920011286e-01,2.846359360287783469e-01,7.737556109704850360e-02,-5.616642917123359710e-03,4.806571097214214217e-02,3.140521321328578752e-01,-2.256614373136663354e-01,2.730089509903231293e-01,5.945808670628684178e-02,1.964445753767331271e-01,3.733181192062893228e-01,-1.162363398714595791e-01,3.814013860043194426e-02,-4.143639178878569806e-01,6.160425417599524160e-03,4.320320285514928638e-01,3.766122708915189965e-01,-2.359542085932901483e-03,2.634823806365553869e-02,-1.992414376691195865e-01,2.523269383118235676e-01,-1.125651447891787421e-01,-2.625359506497590978e-01,1.157305122619591564e-01,-1.850000701563852060e-02,1.701365570847605535e-01,-4.181545893695545052e-02,1.449199923975372784e-01,-4.284956862332235661e-02,1.571604087891914914e-01,5.777468827954529429e-02,1.518323426195729575e-01,6.026235385170384401e-02,-9.409272585976820313e-02,4.408255451897010735e-01,5.572492255959891200e-02,9.735432627935440564e-02,3.139618788968592117e-02,1.749895519034971869e-01,1.620526477919357888e-01,1.754057725931833789e-01,-8.448165740083711517e-02,2.626258026433374582e-01,4.303483670341805012e-01,6.291097590216876076e-03,-2.085264694521947182e-01,-2.195840013870543894e-01,-2.253164531883679322e-01,1.204029762978486018e-01,-1.332816015055924008e-01,-2.442175883881108137e-02,5.808954548970246719e-03,1.814542866608183022e-02,4.480226475385700735e-01,3.090241445109119800e-01,1.266544759847814394e-01,9.518056582092895845e-02,7.497894596235352149e-02,-3.037174145997853514e-01,2.964779758219489025e-01
-1.017702714803827985e-01,-5.380237048623837115e-02,8.099449105363708268e-02,-2.418810538391567844e-01,3.216294325249079433e-01,1.454252326996295364e-01,3.718971298297342465e-02,1.074344388530811961e-01,4.836757978753680187e-01,-1.428601307584420055e-01,-3.656611681881846015e-02,5.137512192375743858e-01,5.557422866769957948e-02,-1.003033467961197828e-01,1.674594668613149651e-01,-1.654171141722790561e-01,1.884440395121224632e-01,3.537575471604263444e-01,-2.377068320137409041e-01,-5.965937163541236432e-02,-1.233566150698538755e-01,-3.958104481830736210e-02,2.220472827375389452e-02,2.030924481429305095e-01,2.480038163118028494e-01,1.147264040169085203e-01,2.111039341178861106e-01,-4.306081693010703482e-02,1.366238016689130808e-02,2.978404281001895137e-01,4.277784778831413837e-01,4.880351052083146679e-01,-5.852093224553321926e-01,4.618267475993138860e-02,7.775289240540383950e-02,-2.755898019893235906e-01,5.205363139835373909e-01,-1.688758578928314241e-02,3.192090266766898776e-01,4.219674038110864944e-01,3.720628427706583197e-01,1.263785543025772728e-01,5.090415524446827433e-01,-7.138483942373427538e-02,-1.258282017329242219e-01,2.080243853085500805e-01,1.403854495214614806e-01,5.531715805930279700e-02,-3.836049007027221291e-01,-1.212156635546967065e-01,1.564394974968142671e-01,-1.675413173830593572e-02,1.305352432771884341e-01,2.124040542417288818e-02,-8.999152575145319410e-02,-6.711165829800080918e-02,2.672209467030033925e-01,-2.018108874092399696e-01,3.538075851324728460e-01,-8.018349421146797260e-03
-4.737414308721547146e-02,-1.773195145010939278e-01,1.915442039669458876e-02,1.034495159201365144e-01,9.331673938542385527e-02,-1.770959687807048266e-01,-2.854821228745153538e-01,5.930380075204053636e-01,9.265187914498276833e-02,-1.432795323770104101e-01,-6.293742667051080431e-02,4.720346818501274799e-01,7.305590605594302830e-03,5.255580048414289912e-02,9.966983234049711649e-02,2.399594757807414491e-01,4.405705068883961073e-01,2.501621994025909901e-01,7.911840987412432913e-02,-1.488872142095090112e-01,-2.428312313451231330e-01,-1.586706122366349225e-02,-2.267157050848433997e-01,9.396325946671350848e-02,-1.313337733681632091e-01,2.423625286285359393e-01,-1.504495353776616751e-01,-4.830271121966419473e-02,3.425844426758650196e-01,-1.293916345515804256e-01,2.751029114359659355e-01,2.699304912501863593e-02,8.265007994522183266e-02,2.160484657269280961e-01,5.653369461959366626e-01,7.237211233382627451e-02,2.818822602460090421e-01,2.328907469768088101e-01,1.255071625146952918e-02,-2.071096254947023610e-02,1.651908711877186631e-01,-1.977981260045264533e-01,2.333280095838047297e-02,9.954795990523936100e-02,4.982813928794985886e-02,1.742225885284580944e-01,-4.060935073441565568e-01,2.290023603271603148e-01,-2.027451914209405515e-01,1.538376380497050999e-01,1.649660754742951763e-01,2.646725299896958705e-01,1.281676792649811270e-01,1.008077961966767078e-01,9.379498433328850582e-02,1.036160325360982182e-01,7.277149187776021932e-02,9.031856283724623569e-02,1.480796427471620658e-01,-1.071611023999217843e-01
9.223847640266766290e-02,-2.651452601397915609e-01,-3.374026992817972248e-01,-1.441064349763325481e-01,2.935896511227701483e-02,2.669725426175203475e-01,1.356563693487674027e-01,1.600512002732520644e-01,-8.700133700755194321e-02,-2.226088801134368592e-02,2.781183794543962140e-01,4.083815299290572409e-01,1.669158143887618795e-01,2.098915480936411893e-01,-6.102306675408351172e-02,-2.230969848828407986e-01,3.101638662793000378e-01,-1.279294612463526548e-01,4.412659715286121331e-01,2.223055635388606066e-01,-2.645794759441802424e-01,-2.344250869033816242e-01,2.569058728680453929e-01,-2.518525688903371362e-01,2.080298963731730399e-01,-5.915143911185481718e-02,3.210742774440523695e-01,-4.331430545555459361e-04,8.265734362464474683e-02,-4.457934691540031691e-02,-7.238873157417002879e-02,3.507126635337477483e-01,-7.132722276086696234e-02,2.714429323393224847e-01,5.017944860356507997e-01,-1.740566041231089156e-01,3.451437151390994440e-02,2.581294081822486583e-02,-1.426386703131154732e-01,2.466382549816339281e-02,-2.815455742270709522e-02,1.485517866159468681e-01,-1.575264078815075686e-01,-5.388086891309777915e-01,8.337296085967205173e-02,7.934040312902715386e-02,9.643856998436270422e-02,-1.831459916084695050e-01,7.426612351813907664e-02,2.752340177709534652e-01,2.646721149891143599e-01,2.551056893062856878e-01,7.649701951735923822e-02,-8.514410909664003879e-02,-2.028796337437255293e-01,5.567473504701239001e-02,1.916840432128898430e-01,2.517552457892772294e-02,2.655074267737964760e-02,2.199268543187949884e-02
5.891388371474128027e-02,-1.364523978637529056e-01,7.322874613701589597e-02,-3.168277832370146041e-01,3.025284064888041913e-01,-2.530950455218099887e-02,2.325832062787459853e-01,-2.833070652139142373e-02,-3.547041355629361736e-01,1.394345812427063847e-01,-1.463562815465196398e-01,1.539810791884844987e-01,3.455150731234269967e-01,2.057269236728760387e-01,1.288940586365827645e-01,-1.199025720390614058e-01,9.843953919560460841e-02,-4.912963904867889003e-02,2.274627119866124425e-01,1.624763935814865223e-01,2.916102332661157925e-01,-1.051298424584956176e-01,-9.950085554910641228e-02,-1.150371807374795108e-01,-7.985353058597968734e-02,1.412344211214507372e-01,-1.646805180739611685e-01,-2.580803333045365161e-02,9.870978195348795170e-02,1.012036455354384107e-01,2.618903678501817156e-01,-2.254196185301879096e-01,6.374325083622254251e-01,-2.435217333254168295e-02,2.351339104712269479e-01,4.025367080917467699e-02,3.708447414795817965e-01,1.189689944097666457e-01,2.764263691378995302e-01,3.896838965051612202e-01,-3.343981184803571094e-01,-1.115999906670496131e-02,-1.830482652372598662e-01,-6.200378789894367415e-02,2.589790215247521621e-01,2.034001088480930919e-01,-2.080808361953782326e-01,-1.241921783810954888e-01,-3.424586370982048988e-01,1.252212620420627490e-02,-7.023464456610623019e-02,8.187302789774843215e-02,3.950424073332396979e-01,8.086719495309435679e-02,-2.230082054039295050e-04,-2.246071563464888815e-02,1.165539574517227006e-01,2.625644246029437689e-01,-1.453733878707652583e-01,1.994721129554400396e-01
1.115129268474848168e-01,1.348000102607092021e-01,7.571774110282289416e-02,2.615706282299314900e-01,-4.209680645773835467e-02,2.179456520940504724e-02,-6.203113387873178397e-02,-1.556405731758987998e-01,-4.871403759745658590e-02,3.531407011528212569e-01,2.860208673702135940e-01,-2.853228476111689393e-01,1.212761207980712214e-01,1.561913916049028073e-01,6.220537062322580024e-02,2.498998842706649237e-01,-2.401344170196059724e-02,3.825063814214819669e-01,5.367002237836322742e-02,3.426124160552207389e-03,1.945099916875368262e-01,-2.054662598806862236e-02,3.283503313237128851e-01,-1.302146958342960681e-01,9.223566671766836311e-02,-1.886752086303021270e-01,2.118196344296928435e-01,-1.208288493254114498e-01,-3.347860052948840037e-01,1.074326298761186793e-01,1.549704325759684864e-01,3.592813755588046831e-01,2.584904159600099338e-01,1.546629017109457105e-01,1.333219710490838872e-01,-1.754917562143268328e-01,2.314540055477677105e-01,1.566032607006541677e-01,-2.703214117476670508e-01,3.351240541978391940e-01,-6.486006549671399779e-02,2.895859753979799223e-01,1.195581291479381747e-01,-1.055102092358009419e-01,1.938741190919524710e-02,2.005807135513148487e-01,4.750676241733952851e-03,1.098081851251663937e-01,2.379414767313932921e-01,-9.271399859241094554e-02,-4.261389890264949409e-01,-3.115447361788710803e-02,-4.868979994934934108e-02,1.394222938827310576e-01,2.016687289224460833e-01,1.245587554268977326e-01,4.673832162153854775e-01,-9.122552308522168668e-03,9.036950100672340447e-02,-5.382478001062633577e-02
1.622165866617054086e-01,-5.996035157805129460e-03,1.170088764706363332e-01,9.515271943106509700e-02,-6.306479228990255481e-02,-6.050525802751278992e-02,-1.341113951336590504e-01,2.088092733110825591e-02,3.294141979278926435e-02,4.151448953934913644e-01,2.972475384973231050e-01,1.022523115442399988e-01,-1.816345843469969329e-02,1.256705259982428269e-02,3.217728793322348624e-01,-2.526399515167311316e-01,-5.270536397464146983e-02,-4.345386070171146642e-01,2.785115455979771393e-01,1.223731434471844182e-01,-1.364941240776825979e-02,4.072001296246375301e-01,-2.333317874604495523e-01,-6.072935629089889348e-02,-2.781809264749335320e-01,-2.765787531617605599e-01,1.986261396183201522e-01,-4.048377784099301685e-02,-6.861857883588010076e-02,3.691149141125089628e-01,-1.245664088378541506e-01,1.102977574219095869e-01,-1.132794973770133995e-01,5.129234456753169885e-02,1.229196893314112027e-01,2.181278620949896330e-01,-3.105357618639381645e-01,1.271761892116776982e-01,-9.401901886811336873e-04,2.202306010982769402e-01,1.892114048010472560e-01,-1.696128739873566660e-01,1.786290470610310543e-02,1.712063490874368987e-01,4.296519256787776492e-02,-8.996849655127602680e-03,-6.749724640290796773e-02,-1.419997658316046185e-01,-3.817441210035939225e-02,-1.096377235585850249e-02,-1.231742062526461866e-02,-1.736877880714675637e-01,-1.103855481003354344e-01,-3.916783447349765634e-02,3.804253076698056041e-02,-3.955367594970852357e-02,4.408325247607475239e-02,2.931826214426942051e-02,8.097932435321064312e-03,2.022576724555816552e-01
-3.463982807910710726e-02,7.349178260542955921e-02,9.539686858535673455e-03,4.134049602324012251e-02,-1.606957942135288711e-02,-2.245829010028869699e-01,1.053967424258151347e-01,-2.317099561111428743e-02,9.812630549398604005e-03,-1.537998136628759838e-01,3.283949625178700371e-01,3.570120071669433126e-01,2.178844976060355376e-02,-1.852817879314870297e-01,-6.591587930751545421e-02,-8.445966831947751552e-02,1.159824321258408897e-01,9.086080164196211340e-02,-4.723182614876016844e-02,2.431345021204740497e-01,8.128350216934814021e-02,6.395228801698306376e-02,2.364896901171813573e-02,4.636656765602743813e-02,2.731259342006663315e-01,-4.380935433377742827e-01,3.917541983040578879e-01,-8.222752758208336232e-02,1.238623895374911105e-01,1.766975169600960849e-01,1.673284641364167213e-01,6.718309121898000114e-02,1.291908055337475103e-01,-1.839030553882497476e-01,2.803670140894201634e-01,1.011425957830363043e-01,2.147206246451920930e-01,1.286185587677143860e-01,3.037347888805083107e-01,1.662522311696438410e-02,-1.859914086086399965e-01,-2.667908635739994483e-01,-2.409100257255905875e-01,-1.608564236571556061e-01,2.859033517937697999e-01,1.589779356795223697e-01,-1.007111194104901852e-01,-1.591477121912017803e-02,-1.929055179641975537e-01,3.216998033868533891e-01,1.410736083167229704e-01,-1.845374822629153033e-01,-1.337260849760718573e-01,2.150875834435935496e-01,1.095114477772939077e-01,-8.701233338897891578e-02,9.101648887634326834e-02,-1.683107974512505767e-01,1.110292782689442127e-02,-1.032403050318148746e-01
1.917722153656522266e-01,3.886284351171429008e-01,-7.319521360857363101e-02,2.236985639093097833e-01,2.606793129431355105e-01,2.254947227588529890e-01,-3.006909863881481737e-01,-1.091095653274836846e-01,1.429967116587564369e-01,4.078064220143706176e-01,5.930709881342767498e-02,1.212530261344568240e-02,3.876794367621553272e-01,-4.413106092139564007e-02,1.884447360623099366e-01,-1.006353565322251099e-02,-1.660097635352919543e-02,1.143252682839738521e-01,4.187557242926341627e-02,1.709733272090992462e-01,8.855898014383740968e-02,-2.855758480864035651e-02,1.095679461014347801e-02,1.543254172968942517e-01,-8.827579256996131302e-03,-1.950244518151558054e-02,2.384704614108794085e-01,-1.384351848437279653e-01,-2.387380992563212789e-01,2.815948911371107810e-01,1.175266140540034698e-01,-3.893274418527577219e-02,1.533401854883444382e-01,-1.647968500189931351e-01,2.309609378875791263e-01,4.128931129702967939e-01,2.143840883461970992e-01,5.676826400165731201e-02,4.813821011658584587e-02,3.673873494521079364e-02,1.252019944475037394e-01,3.968995599439680000e-02,1.177221514052766704e-01,-8.431759159842475149e-02,9.561687647677863736e-03,-4.300688788200772439e-02,-1.761589727785955739e-01,-2.480539499824447325e-01,4.011934717014574436e-02,-2.053622568204946930e-01,-9.965708138530351978e-02,-1.221440732006204011e-01,1.373871781226278233e-01,-6.729967755190160994e-02,-8.148018199981572895e-02,3.116085392719539215e-01,1.802944490226194851e-01,1.595393823579693282e-01,3.466605524049876097e-01,-1.844771712631556315e-01
-8.022073653752113953e-02,8.492460990368200235e-02,2.537771227532741314e-01,3.362897549832739585e-01,5.989684735626500389e-01,2.399591243947581387e-01,4.014078571868973794e-02,1.128034232695315497e-01,5.938216461706326277e-02,2.763046164452784836e-01,7.429983045204305303e-02,5.243783516713307336e-01,-1.439605017820123553e-02,-3.006566955403345426e-02,1.280390619811641595e-01,2.540947353548383969e-01,1.388235490131504157e-01,4.916612386143544983e-02,2.911586529907180254e-01,8.704722597672095996e-02,2.055039975227768712e-01,1.732991251237542829e-01,2.895273456311676652e-01,2.581979014244674131e-01,2.175247008522022685e-01,-1.530970955262864718e-02,1.022292887034893238e-01,3.063751011309719802e-02,1.633107472163019269e-01,7.893948387824568924e-02,6.262403212748393622e-02,-6.956959435133307224e-02,-5.632817884837339889e-02,9.938726632000338679e-02,1.102422305324706614e-01,1.543696997832560425e-01,9.918960359932196824e-02,-1.177048366756683340e-02,6.424941496080968650e-02,6.591187015398114468e-02,-2.542536389521155016e-02,1.332180300237117421e-01,-7.242758124329144731e-02,-8.095920526957256849e-03,-5.827189401496738613e-02,2.270386240250063248e-01,1.232307889264754042e-01,-1.735213326629577169e-01,-1.301098560496636025e-01,-5.979041546628104109e-02,-4.261305668260790824e-01,-2.620320192218165145e-01,1.629106183186557477e-01,-1.785715374735401539e-01,1.698034421231857105e-01,-7.566972530995644264e-02,1.714997076661325948e-01,-1.493156234530887139e-01,-2.297939727838255730e-01,1.972736847259233262e-01
-1.790918444348471028e-01,8.988058172628820685e-04,-1.150796103667990067e-01,2.330715944818850804e-02,-9.876873536576069590e-02,-1.407705481335053133e-01,2.033739121940252720e-02,-1.653561371023911514e-02,-2.654278755496004005e-01,9.966326800147166931e-02,-2.372538370428924764e-02,3.341103488460378523e-01,2.150564427734968920e-01,1.652749852870343678e-02,-1.147306361883692893e-01,-1.176893776415750270e-01,1.129479564218872356e-01,2.523901707536779782e-01,4.898833154525510103e-02,3.137637644893709332e-01,2.017725868523414512e-01,1.641402514706359270e-02,-1.655650013971091128e-01,-1.005451763977285307e-01,1.497563008260068863e-02,-9.868948377135496053e-02,-2.794635381994760998e-02,-5.519352112096860552e-02,-2.719775192472961289e-01,2.431414462033932300e-01,3.247289900614293012e-01,-2.651618418378752229e-01,-1.081987231296001328e-01,-9.349740755213756249e-02,2.320057743760003954e-01,1.485593999222052930e-01,-5.368081619067284482e-02,-2.794188971117249620e-01,1.428080607783767109e-01,3.413000973058222341e-03,8.885023932738281283e-02,1.020191616186477968e-01,-1.445994078017678874e-02,6.801483697947716123e-02,4.863307914798565834e-01,-8.905819609725169894e-02,1.753100008253855868e-01,2.787125552204937629e-01,1.035591388796763407e-01,7.278664278032443216e-03,8.735307103617537261e-02,2.358603797121984480e-01,-5.215797928630968444e-02,7.663100163426350524e-03,-2.300248509571160560e-01,-1.937906308900624180e-02,-1.008882629357502336e-01,1.134114742184436364e-01,-1.668005603827048267e-01,2.965617003486859526e-01
2.005065836661242551e-01,-2.067703303521337133e-01,-3.383612546030722035e-01,3.856843409687851082e-02,3.253634064057955855e-02,-2.459766857111713168e-01,6.548548553934091694e-03,-1.056542533236227432e-01,1.173275102582508299e-02,3.627697088820457105e-02,9.573503958594906105e-02,-1.478674621361603658e-01,-2.303547944278057924e-01,2.282959318931604142e-01,1.906575299600584417e-01,-1.008020383434793665e-01,7.590312343011038076e-02,7.402586064629837134e-03,-1.216957084043335663e-01,2.005695600001417278e-01,5.097651893555665836e-02,-1.761477174776888283e-02,1.656198440814799500e-01,1.067218530789074693e-01,-6.403313276267287579e-02,-2.200940781868915008e-01,1.831804992149554945e-01,-5.343310111425858544e-02,4.837113649309933427e-02,2.099671599140267575e-01,2.673475956115297092e-01,-1.271597049785002098e-01,2.716645179057090020e-01,6.265409149671929967e-01,-1.772942704196057984e-01,1.841378714671327299e-01,-6.567595111508790773e-02,-1.639023692728489717e-02,1.633859225081434052e-01,2.151888017948037912e-02,1.074113830126403879e-01,-1.564995581203678654e-01,1.889011010122883250e-01,-6.305940823912584148e-02,3.633731578272061946e-02,1.252642310145807014e-01,2.483862300867159811e-01,4.258872426413951029e-02,-1.606544710932081843e-01,-1.814029208523585540e-02,-3.211511230010340445e-01,-4.588312742571477171e-02,1.677648773550506345e-01,-2.553960351645829241e-01,4.891720881421420669e-02,3.634387058143213056e-01,1.040070626142254942e-02,2.181419435797781747e-01,-1.409007337575676200e-01,3.478790749801274895e-01
1.441632728645349526e-01,-8.329567985197137980e-02,-1.025185116618370362e-01,-2.866504959105501404e-01,-2.150619074447452372e-01,-1.544526618782374183e-01,-8.931548348988456454e-02,3.001043171080466920e-01,2.666264953825604467e-01,2.864031775571552682e-02,-2.179347648779906554e-01,2.933572252832490901e-01,-1.357979269871669170e-01,1.266041886802756200e-01,-6.721144851437944878e-02,3.970131141440300104e-01,-1.518060549121258342e-03,-1.519286292341848754e-01,-1.043653813275087217e-01,-1.956436174097721942e-02,2.242974249263775255e-01,1.065657778942606104e-01,-3.312617655214541434e-01,-1.783015233135376576e-01,-1.434749531890227581e-01,-3.178283195246288384e-02,-1.128237672683507081e-01,-6.474621315641566899e-02,1.653393154297625178e-01,2.084876911529325860e-01,-2.021039014659992694e-01,6.471589978409370003e-02,1.042927654885130728e-01,2.985769902029751788e-01,1.304978176077101482e-01,4.058284335012755928e-02,-2.480842346324707015e-01,1.373293344474754429e-01,1.705222636868098662e-01,-2.502072938716615735e-01,-1.275486257027661774e-01,1.944146595973590408e-01,2.019028668270299032e-01,2.632718679813274565e-01,1.671462930093445265e-01,-2.190375934995575646e-01,4.327169689975967626e-01,-4.315826665440717497e-02,-2.320933674542846603e-01,9.081888053423681217e-02,-3.104574003941001914e-01,1.486827626610287278e-01,2.254798814369248991e-02,6.781640874069067015e-02,-3.323768564259976244e-01,4.869806007055106634e-02,9.324519927458317647e-02,8.213612636843600767e-02,-5.512148219141319375e-03,-1.972404398666893072e-02
1.554458312215338880e-02,-6.053593916140898035e-02,9.860467832065068772e-02,3.751173261986425200e-01,3.702060740150045492e-01,3.474741248418197759e-01,4.649432727857773923e-02,9.176748838396937141e-03,3.775183331381132268e-01,-8.204114627347118549e-02,1.830107606628648687e-01,5.879381955503822782e-02,3.223879806733527531e-02,1.246110598775365952e-01,4.169638487003665683e-01,-1.753418856858431768e-02,1.165621415360131863e-01,-7.973275786427530890e-03,4.425476627298136623e-01,-2.153239852353311390e-02,2.867164893089577116e-01,2.895753125528862659e-01,-3.338660747850225041e-01,2.365647947678676810e-01,5.552887417283508369e-03,2.992587051597851433e-01,3.450247817347104617e-01,-6.497603923621056432e-02,1.461543535394154714e-01,2.260352618635002864e-01,-1.415541786364174492e-01,2.295097321041771610e-01,2.510901308559047029e-01,-2.060280444936476163e-01,-2.625886649539623807e-01,-2.156156765922295493e-01,-1.271635585984634553e-01,1.459467905770648888e-01,-1.919308638128787090e-02,6.188913530273200229e-03,3.004857571026001706e-01,1.520146108916998196e-01,-1.697744841217048439e-01,7.135137961918111560e-02,1.951222612249722266e-01,2.141547161763775464e-01,-2.755759794289089903e-01,4.870754164525894353e-02,5.057525063290084777e-01,2.054546664270348322e-01,-5.685392562442471986e-02,9.895776361796235210e-02,-2.929769287662676303e-01,-1.470937747835180109e-01,4.046153254956871836e-01,1.534208755899172660e-01,3.570991842858040055e-01,8.044126618476403479e-02,1.452140731599197432e-01,6.352407116683070343e-02
3.618998643515556890e-01,-4.884321306293401554e-02,-2.388499645861486553e-01,2.242553215161300906e-01,2.566914256445518294e-02,-6.887481408229914615e-02,1.576887066264749948e-01,1.835656956524018557e-01,-7.880409684925232527e-03,3.238697447466777901e-01,-2.242835825662357063e-01,1.603548388857147303e-02,-1.388913281576712178e-01,1.775712855698165227e-01,4.036703869550753998e-01,3.924210369496606288e-01,7.323871000984523427e-02,3.162548872210153850e-02,5.108633641714657170e-01,-1.041189127278754761e-01,-3.196046905672433880e-04,1.966469347808201262e-01,-3.726455374743377347e-02,-5.419763686760203925e-02,-7.530885104749659997e-02,-2.615221109573598324e-01,3.573197123408576314e-01,8.218696673069172953e-02,2.605535888556137492e-01,-1.544976555106280514e-01,3.973331511145462847e-02,-1.985910174076700174e-01,-2.067182482441248248e-01,-2.013718988857019221e-01,3.073802140571915698e-02,-8.824587547542264709e-02,-5.324178453827595192e-02,-1.613843528269778560e-01,-2.478768026247546354e-03,-1.752699654658740336e-01,-2.292537913287175932e-01,8.563967060641594631e-02,1.589905957835700545e-01,-1.471695184131062428e-01,-1.121839361265658253e-01,2.085457736049801392e-01,2.696187418672227887e-01,2.126720919552929634e-01,8.644123826196893623e-02,6.084887472064722663e-02,-2.626768333069879335e-01,-1.673121953783058835e-01,-2.706630353826461333e-01,2.715834235595660506e-01,2.381339053219665158e-01,-7.130194457624333682e-02,1.860336003099825608e-01,5.241302678944963211e-02,-1.019639347675208169e-01,4.230755919331574688e-01
1.528995417686283553e-01,1.746049811419166098e-01,-2.515558538802495359e-02,-9.330487581603699732e-02,1.023463073184022881e-01,5.759243620587557733e-02,1.359350521750562757e-01,1.983764890853739193e-01,-1.506749439541656410e-01,2.648903619560258882e-01,1.832747497016912197e-01,-1.427890826962266435e-01,-1.094527134229581061e-01,2.250929472232588435e-01,9.530714538956572279e-02,1.016252951953980632e-01,2.371113215475999514e-01,1.776744800024269294e-02,-2.354562511337540687e-01,1.707444794212645278e-02,-5.124765728799302034e-02,1.535047193152934697e-01,1.926434122590165998e-01,-2.573054141390312410e-01,8.924157215035306845e-02,-7.129964131772666136e-02,1.654847795830074464e-01,2.489746663272349170e-01,2.311077609755836093e-01,-1.277253685088291513e-01,-8.418918530332634986e-02,2.214937875691413149e-01,1.873014478100482605e-01,2.073811709673449855e-01,1.299001359512398368e-01,-5.842182153979873227e-02,-1.742554971851757450e-01,-2.286525574612600642e-01,9.977375139260011294e-02,3.176820121869389224e-01,-1.939937581445488335e-01,-2.291660982749806341e-01,-3.896549753936378035e-01,-1.552652698067811810e-01,4.543639537559066577e-01,2.194693672329160392e-02,-1.709811941440170791e-01,8.408435697848407053e-02,-9.499469892195648579e-02,-1.341999510466796164e-01,-1.478563034085639792e-02,2.380145993275867566e-01,2.536385854379855087e-01,-5.407651435828621928e-02,1.796053861540749252e-01,5.831493051071916234e-02,-2.035869209485709208e-01,2.785127802339187886e-01,-8.567824640372419254e-02,-9.052342489077802590e-02
