-1.678285731467198116e-01,7.128326245847896869e-01,3.453292940808154188e-01,2.943753543331443789e-01,1.793406601993618177e-01,7.351474757383287366e-03,2.648878260934426909e-01,-1.453388598172160318e-01,-7.748389268500799343e-02,4.440580500913687279e-01,9.721131847960833017e-02,3.785387991015167763e-01,1.709744996762037894e-01,-6.051033548298739850e-02,-3.756162095974950321e-01,-1.786231964543988637e-01,6.116267176560236107e-02,-2.236889898645463282e-01,2.630019293092786259e-01,2.234622796813342041e-02,6.926467346121652213e-02,1.609498326114762179e-01,8.154023745792562949e-02,2.314958500038833966e-01,-1.976293062939510348e-02,6.582049057960706051e-01,8.262267755039663930e-01,7.415921386775301549e-01,9.923968508944809308e-01,5.296979143632185583e-01,-3.110252636478583188e-01,-5.591775194667234494e-01,-8.698911390953186773e-01,-7.237896415072043732e-01,-2.669693914107799659e-01,-3.109093040772623051e-01,-3.223236473064155505e-01,-1.236450704619137947e-01,-4.428091152502596217e-01,-9.761729499469810889e-02,-1.755477980666571014e-01,1.962185208712885487e-02,-1.534599733300971193e-02,3.050090611213285285e-01,-1.300257197698613809e-01,-5.565204660950421461e-02,5.173347142870411003e-02,-2.241326896687675149e-03,5.883688904113298923e-01,-2.205688869954035639e-02,1.344803497345125887e-01,5.169835115553703814e-02,-2.246485954884819003e-01,5.304971460020438956e-01,-2.077155844293289144e-01,9.162864947625652678e-02,4.590913726775606302e-02,3.291767161819005305e-01,1.113135644686913395e-01,-4.931573436848426389e-02
-2.007774962280598208e-01,2.773736429526343361e-01,-4.283408635924875092e-03,-6.037742996250922145e-02,-1.449030870964574114e-01,4.223405171941549928e-03,-4.667286151047677634e-01,-1.529383232133343096e-01,-3.181452493168375750e-01,-3.305590022769658298e-01,-1.729089825884106979e-01,-1.048012051737147593e-01,-1.228763868231693701e-01,-2.182158638560867392e-01,-1.571337375842229156e-01,7.783968322146798957e-02,1.543065331772871807e-01,-4.783949259224160727e-02,-7.293152983857564831e-02,7.992481537121287616e-04,9.325943786704347926e-02,2.091637172836396108e-01,-2.640784847802703575e-02,2.839402754216682201e-01,2.458699349874864104e-01,5.714539439439825230e-01,7.398232690193702332e-01,7.366789159638131856e-01,8.065171718665080647e-01,7.513220637439325944e-02,-9.831906456139373474e-02,-8.064254850971904753e-01,-4.982160937604260820e-01,-7.758112987356463597e-01,-3.876093497532305254e-01,-3.732949282813211589e-01,-1.001393974503752005e-01,-4.604208901651867802e-01,-4.437029353553848671e-02,-3.744677951845938324e-01,2.032297800384590403e-01,2.007212715029385863e-01,2.862627163425752186e-01,3.846584352321453376e-02,1.279556287374299106e-01,-1.435324444966440405e-01,4.134777082995929470e-02,-4.690374070933023276e-01,-2.068097032735710938e-01,-3.041719921535359639e-01,3.347529769584882131e-01,2.536189579489188106e-01,2.858084668795573546e-01,7.556913181424151915e-02,-2.535949615327883766e-01,3.431696915856619068e-01,-1.620326098387230018e-01,1.059500012637241452e-02,4.225004832419862466e-01,2.718939073055970934e-01
-1.729688743221152458e-01,2.839952130969773947e-01,1.622823888574271289e-01,-1.569481664937159848e-01,-1.801896990170664958e-01,1.657337045710284007e-01,1.032125455596514946e-01,5.196004038200056213e-02,-1.329851289963595584e-01,4.588420422497154622e-02,-1.969508136240166463e-01,-5.084116294088747434e-02,-1.768678466310048825e-01,7.408171204686139766e-02,-1.292107165487329790e-01,-2.886040976843864958e-02,-5.232945522747125405e-02,-1.703073635735348201e-01,-1.805707163454211006e-01,-7.362008253093343772e-03,8.636574700736932009e-02,1.720097829702846581e-01,2.999401909073594608e-01,1.969401670454052622e-01,2.832217124231642402e-01,7.247309251430399391e-01,9.737773640156918153e-01,8.147683150312999834e-01,5.551538981865173916e-01,-8.442180522752999738e-02,-3.300571935623478614e-01,-7.064143885003471013e-01,-8.733497475076945626e-01,1.363674906466415815e-01,-9.495371569849626880e-02,-3.788710066213865080e-01,-1.493172320103235973e-01,-3.944415176052975536e-01,1.073990325171139681e-01,-2.851969217371464471e-01,-1.796912552755919323e-01,-2.940996802832711032e-01,-1.457143797612149017e-01,2.726667222894088236e-02,2.605881932448984029e-01,1.866968449038085565e-01,2.969131482308360812e-02,1.792846053767283288e-01,1.038818768205815313e-01,2.270038030505533155e-01,3.968780754833666768e-01,-1.544082710107293199e-01,2.244118749165938398e-01,3.501614461065996053e-01,3.544710426674197445e-01,5.872961582466248304e-02,6.081453804621569370e-01,-1.752537460700274996e-01,4.931359310772643334e-01,-2.083344229232522993e-01
-4.371459662686196790e-01,-6.181496724959992806e-01,-6.185377787828615359e-01,-3.014689734913890695e-01,-1.221040718789540708e-01,-5.474091072343867381e-02,1.212861624082492984e-01,-8.443422434559294532e-01,-4.304636895546696818e-01,-1.402550225995570776e-01,-1.493351508758027912e-01,-4.555953029739837068e-01,2.133165365541308256e-01,-2.467752099086225892e-01,-2.463773339136229035e-01,-7.559698305126942575e-02,1.679426091164455681e-01,1.080457654998675521e-01,-7.271805424960196829e-02,1.234716340972652482e-01,5.368371818526995742e-02,-1.701849332386077274e-01,-2.600551660632904882e-02,2.612484583501742397e-01,5.780784436571195783e-01,2.817140663053710470e-01,6.253196129484617227e-01,7.242963786297861306e-01,4.939302986701458731e-01,1.892997725945167742e-01,2.102924964169214650e-01,-6.109142973476860972e-01,-7.368172997560730186e-01,-7.941826326591105989e-01,-1.392840792865718547e-01,-4.469571998976126087e-02,-1.971781254966615549e-01,-1.329762931957512440e-01,-1.375647836137545987e-01,1.142910952469441965e-01,-2.141058764358311495e-01,-1.968837120609319979e-01,-5.824682871371522630e-02,-6.817233452158823204e-02,-1.228680053319573945e-01,1.032210372536803283e-01,4.770300821128318353e-02,-3.308403116212104700e-01,3.344444404216284084e-01,-1.082433023910637088e-01,-6.797197831453109969e-03,-8.862666427266703562e-02,1.268074258529108822e-01,-2.959446079689284081e-01,-4.619150850892506099e-01,-1.695040439919965891e-01,-3.425693551580218377e-01,6.648010969461853881e-01,8.948280727806548832e-03,-2.852912342719325367e-01
4.031534306173443771e-01,6.641109426786991898e-01,3.527294867130670308e-02,-5.785385904781586985e-01,-4.262472344205340824e-01,5.528205623481942110e-01,-4.297986828229882761e-02,1.390930759989995602e-01,-2.481158126905478323e-01,1.547900861900564362e-01,-3.543320310449042942e-01,-1.200761439092173505e-01,-2.326342371409822751e-01,-2.221847509280961697e-01,-5.507859472391329891e-02,1.212229337480884572e-01,-1.101966422502246301e-01,2.293120054475583647e-01,-2.680514338880806702e-01,-1.223706960884664435e-01,1.998584618943279601e-01,3.566769754718446955e-02,-8.927159783769227086e-03,-2.466728867674961856e-01,4.631332344273987878e-01,3.186089140979027068e-01,5.532094589409607410e-01,6.193005846800884173e-01,4.200340034655790089e-01,2.816443504642121565e-01,1.076157058571214353e-02,-7.430367080402270341e-01,-5.706038400660742305e-01,-6.437976146653748843e-01,-1.917020213355744296e-01,-4.057694926272183977e-01,-2.783990577554605328e-01,-1.098991260654000740e-01,-2.162968231891474746e-01,-1.430908317903509253e-01,3.361899057241102828e-01,2.812456447815895877e-01,9.670313195122037797e-02,4.117695216552722665e-02,-1.888168424458352146e-01,1.978883731329482421e-01,8.431472364138691000e-02,2.289086485370751267e-01,3.594630231280784294e-01,-2.177001626675783286e-01,2.355894752544123449e-01,2.565457297051331256e-02,-4.182846888696410415e-01,4.510495452168060138e-01,2.296860924855114450e-01,3.029305192065405716e-01,-3.196414541195170544e-01,-2.244146257783559764e-02,-7.050214587169602309e-02,3.711482275943128739e-02
-1.043777486479197797e-01,3.553726889611394935e-01,6.144233103921464823e-02,-4.842349805835391430e-02,2.514451514903802698e-01,-5.951450101403282789e-01,-1.618776645840385719e-01,-2.481614120535282908e-01,1.590032089590288911e-01,-4.000682311212436920e-02,-3.921584910764922688e-02,4.335199074885969228e-01,4.099306057700249362e-01,3.537323549550442370e-01,1.009254737203614388e-01,-1.732072216469791037e-01,-2.169593812087237950e-01,2.874731365178262443e-01,3.872575965611636112e-02,5.154822658612369102e-01,4.611505127634252243e-03,-4.116696027187365936e-01,2.795274644438164868e-01,1.427437317097856873e-01,2.137636624348049352e-01,1.499532433624818639e-01,9.634988010053753549e-02,4.489690101096850405e-01,6.350978049131906777e-01,3.378478946555985019e-01,-2.947006741620765147e-01,-1.692312221337084477e-01,-4.431700887797658805e-01,-5.230999057968420685e-01,-4.346746659111930811e-01,-2.613693189218995738e-01,-4.019989344757715632e-01,-2.067727128138252268e-01,-2.563344787431475758e-01,3.740079626660266360e-02,9.953594059993524368e-02,-2.822079041313361181e-01,-4.006673794583881509e-02,2.518990237417313427e-01,2.412845919682220230e-01,-1.192867348436603137e-01,-9.635112620385394289e-02,2.112341786339698435e-01,-1.793549041164678448e-01,4.438575382019306903e-01,-3.724580113278646021e-01,-4.981292282262812961e-03,-2.174582768757664653e-01,-7.513160655242753783e-02,-5.547612756097892728e-01,3.984532114411667436e-01,-4.935581897820341957e-01,2.562960512501767929e-01,6.018155451475167839e-01,3.636937032500668909e-01
1.709769832778222920e-01,1.873954795318037159e-01,-6.800495889496867286e-02,4.620925031720113929e-01,4.678153239859865753e-01,3.404435281766482468e-01,-1.349333770289004031e-01,-3.927864091811315572e-01,1.063658924882267785e-02,1.930162646521597913e-01,-5.000831824936393527e-02,-5.521649500608568628e-01,-5.342787452361053013e-02,1.180378445884495281e-01,-5.574162809381201233e-01,1.333128536339251158e-01,-4.184054129626402774e-01,-1.091537096798316231e-01,2.112545518088420893e-01,-3.736350787965079800e-01,-2.322398130204128552e-03,2.890491498424931360e-01,-1.357451485572437055e-01,-4.004445576031277071e-02,-2.806294764888475624e-01,6.013550767210721487e-02,6.737788278069979375e-01,-2.762440828702880657e-01,5.415568658130887059e-01,7.341588449809194339e-01,-2.377607974716474185e-02,-8.560031040409405989e-01,-1.747655476037272837e-01,-2.011298254166133115e-01,6.758787465170738862e-02,-2.661613334229049888e-01,-3.604010423329194190e-01,-8.644337983067752751e-02,-3.016043584019127352e-02,3.857082389746374629e-02,-1.402164249111805538e-01,1.267275712213439542e-01,-2.884599998644730712e-01,-6.947461772755303411e-02,-1.315462834166612749e-01,-2.786936399982284374e-01,1.570373614842726917e-01,8.065847908894202556e-02,1.147464149078647050e-01,-2.511376784055104339e-01,2.670038404176779956e-01,-3.117463393847513253e-01,-3.290193490397321785e-01,1.437569429836656754e-01,6.554733014648850276e-02,1.507277700776856466e-01,-1.126346925264351539e-01,4.813997053036103008e-02,-1.271802067099743194e-01,1.540812050611283512e-01
-4.284478013979218791e-01,1.835193135061247982e-01,-4.722016074107197696e-03,-2.238857594602660928e-01,3.010289873316884246e-01,-3.172454346496855759e-02,1.158863649871923335e-01,6.690189941227132897e-02,3.377857376938647183e-01,-2.599285088272209054e-01,-2.933810181331806752e-02,-5.074653991908414374e-01,-5.217331316042785223e-03,-2.185249378896856332e-01,-3.988210301161971838e-01,-3.148306815281715632e-01,2.886182238842154857e-01,4.624117063599146420e-03,-7.709495246136639779e-02,-4.142909067110956411e-01,1.525413584223067054e-01,1.728225871218382059e-01,2.760137174210892663e-01,6.173715590192615510e-01,4.133215062756609992e-01,4.614072268820317846e-01,3.504229927721678184e-01,2.975443036275572939e-01,-7.646970778477064912e-02,-3.039430930196517777e-01,8.318601704178035794e-02,-2.713587665772247415e-01,-2.317954375276692625e-01,-3.292027610316901609e-01,-5.096211745834907658e-01,-1.415197275362931051e-01,-1.318796721389770277e-01,2.011964682594918064e-01,-1.758768657674251168e-01,1.052744894213854948e-01,3.654380006927684249e-02,-1.342803527811436692e-01,1.039690631358252820e-01,7.247827585572248765e-02,3.975725661895927049e-02,5.098308381588778637e-02,6.911227621709700175e-01,3.277681565828422516e-01,-1.444694616368435713e-01,3.194298487356417859e-01,-4.606635946596601000e-02,1.877512465920903872e-01,-4.906331840556457102e-01,-2.690208551787340654e-02,-1.763509726102554034e-02,-2.369389473206397756e-01,4.294391002717364708e-02,6.307415413715998509e-02,-5.084584576007687984e-01,-2.212053449273649053e-01
-1.073241707168652061e-02,1.202884772142195496e-01,-1.970001467547974894e-01,1.833297906901818763e-01,7.998452756902797722e-02,-5.681163210335562347e-02,-3.470139219062937652e-01,-2.817991972667918676e-01,-2.286958590747544540e-01,6.971237403433805380e-02,3.689135855506848749e-01,1.161524186090761163e-01,-1.192435081232775217e-02,-1.602261807367643121e-01,-3.998500310718892253e-02,7.894179800827177962e-02,1.407514395979695722e-02,1.675959244542796212e-02,8.034304256080031237e-02,-1.995068032883100528e-01,-4.190172092799722137e-01,-3.081835380654501244e-01,-3.343813841914014540e-02,-1.455252407916986790e-01,3.271217564223335983e-01,2.732967735768477846e-01,4.100870058285745468e-01,1.434552446760291866e-01,2.370862997003162220e-01,-3.192787280397095806e-01,-1.480146441162300819e-01,-5.732380390844400431e-01,-2.636330435963300522e-01,-5.696606321414093843e-01,-3.344534491832739653e-01,-1.139553369686501921e-01,4.048361400378537589e-02,2.824730244041043573e-02,-1.910038947361564488e-01,1.753161559325893126e-01,2.662104876147893592e-03,-7.122253882934459490e-02,1.813522417330275249e-02,-8.208594412860879819e-02,-2.159468735122362093e-01,-2.764413030901311519e-01,-2.684610215534626865e-01,-3.270468144768329949e-02,1.078582856007890833e-01,-2.643888533201153024e-01,-1.008101344064283866e-01,-2.211811517573489816e-01,-1.581609033809776299e-01,-6.862362369592252265e-02,9.550189172189478548e-02,4.179301121827355137e-01,2.969974123306342029e-01,-2.596911908928508650e-01,4.266368088608352149e-01,1.633380053630464623e-01
7.366559880241867198e-02,2.717676067461893830e-01,4.888795645995929751e-01,4.075482246567224687e-02,-1.949410006483784930e-01,6.498115527364566046e-02,-1.963645738534204044e-01,-4.587843003957190469e-01,-6.671194831221231858e-02,-2.803706179301636570e-01,1.178579825106077367e-01,2.633775009435356251e-01,-8.248900422518677666e-02,5.987029421413977981e-02,6.150042364705848863e-02,2.527703495752096630e-01,9.408556156506003854e-02,-1.336490831622818842e-01,-3.326287119253990565e-01,2.694747335940279043e-01,1.615279090651656202e-01,6.586406588953722663e-01,-7.563206078660383858e-02,-2.728521455868209711e-01,3.549655673696592434e-02,-2.124812526003579463e-02,1.816735368754604230e-01,1.047056700271020713e-02,4.123593372529843482e-01,3.512102676913147481e-01,-2.725721551002154366e-02,-1.610123313678062662e-01,-3.175465785962547360e-01,-1.000701631545091036e-01,4.044158302377326430e-02,-1.923030307920178261e-01,-1.335643381110660777e-01,-1.790317258704156034e-01,6.048172470991062255e-01,-1.581839307755837642e-01,-2.625752850983935627e-01,1.741509291395810788e-01,-2.599610168456034098e-01,4.587939351562356910e-02,-3.039558038162761266e-01,-4.448730172633827418e-01,-1.245060160681714656e-01,2.828918868357881977e-01,1.205717007994889095e-01,6.237516155487892594e-02,2.501845943170621367e-01,-8.829746310239397836e-03,4.719323663156502202e-01,-7.086430143203543974e-02,6.126497414363048927e-02,8.006090511648418506e-02,-2.806897716277849120e-01,-7.063943442387897453e-02,-2.769081039805751376e-01,-2.769341691570544328e-01
1.469573231692760662e-01,6.959711865056283919e-03,-1.686959715863090015e-02,-1.588478655959607577e-01,-5.382707880116017751e-01,5.209808261714503168e-03,4.257599213869109889e-01,1.286781895078053795e-01,-5.401821866130847999e-02,-2.111503996081612322e-02,2.958944229868604725e-01,-2.373683292308469139e-01,1.688359863831233321e-01,-1.232250138980324761e-01,-2.604646557281393160e-01,-2.754819740816094598e-01,-1.602922963518650379e-01,-2.463112921073701556e-01,3.538709310469781433e-02,-1.902529853743736288e-01,-6.585973991913751657e-02,2.938684589856882523e-02,3.401746353557382752e-01,2.278642085810990425e-01,1.293164269314851511e-01,6.427238538934458845e-01,-1.160418721381420992e-01,-1.608576435498377810e-01,-4.907570212091483253e-01,-2.180189726694604369e-01,-1.306246896485866761e-02,-2.466927330454105338e-01,7.902388706988745792e-02,-2.401464183195423097e-04,-7.997003158146079871e-01,3.236673221108529730e-01,-5.146545224671500440e-01,3.291039991868856540e-01,4.309328580976201084e-01,-1.827349552395450202e-02,2.705772308988749209e-01,5.417673173246597557e-02,-1.079782491636856051e-01,-6.506930689212641061e-01,-2.751859642042679410e-01,-1.603508036291876049e-01,-4.391831433391615858e-01,-2.034987773787499954e-02,-1.186762776887536480e-01,3.155125719335237222e-01,2.511757462940914301e-02,6.059640318872582254e-01,2.278112050784809883e-01,3.573312223370114782e-01,-1.999853145369256957e-01,2.739113975671091938e-01,-1.634624867456338781e-01,-8.865175717082558748e-02,-3.524279860054811420e-01,1.311755124225098823e-01
-5.277454416139675253e-01,6.854950125947723016e-03,6.408769815127474123e-01,-4.476745871508976404e-01,4.267322302439042758e-01,-3.653112415957104342e-01,-1.797480274188058835e-01,1.496445986226592473e-01,2.907540247656267840e-01,-3.494260157880725859e-01,5.885541524720625667e-02,-7.378125974123649067e-02,-1.981855715781536131e-01,-4.647308825879335470e-01,-3.161894651043773430e-01,-4.450343042019451190e-01,6.895654580639447306e-02,1.622947275687094681e-01,-1.496209224245955427e-01,-4.631736011036175493e-01,-3.613051708032165021e-01,-2.991804124934908105e-01,-4.793080904338168496e-02,1.654664111321436371e-01,3.309831662175736350e-02,1.706423555032409445e-01,2.662678809311782580e-01,-2.129075643047189936e-01,-8.717365957319628267e-02,3.565452327060475990e-01,-3.590960600496595490e-01,1.516361529934268371e-01,4.982615061508152005e-02,1.041638154177827458e-01,-4.435074171767989792e-01,1.877493361098040922e-02,1.969143875692795087e-01,-3.794200109589239145e-01,9.329691060506099809e-02,-6.886114182199758182e-02,-1.345313942616348235e-01,1.943012099199679932e-01,-2.117216550868241953e-01,-3.299534367146791936e-01,-4.783934553401958389e-01,-1.847786585317293950e-01,-5.131165771183242574e-01,-2.779673787256394246e-01,-3.924472797643763777e-01,4.168441670857289671e-01,-2.368372462012864610e-01,3.320631853715692583e-01,6.368794541322524427e-01,-4.516534159878055621e-01,-2.029560744447246046e-01,8.557183985827798711e-02,-5.684180766856635619e-02,1.996206882885609712e-01,3.867334064170695473e-01,-3.791844980894256145e-01
-1.537080670025786355e-01,3.007422161250690174e-01,1.657632875883292833e-01,-5.428748878347697954e-02,-2.838708931536179647e-01,-7.196181348258807731e-01,-1.637070332090171387e-01,-3.304651174024226812e-01,7.638583456401847049e-02,2.656714887148463669e-02,3.397175963776988827e-01,-2.284509591360305292e-01,2.644052255355271996e-01,1.222035741111925367e-01,-4.466480937836333348e-02,2.183165146892002417e-01,9.629728128223453976e-02,4.981601136497441212e-02,-5.101655452006209623e-01,5.109751130599039515e-01,-3.138503957586382676e-01,3.624262215223705841e-01,7.224116209244689779e-01,-3.694949670212113180e-01,-1.083100708549462610e-01,2.978656655561662259e-02,3.140289870774220504e-01,1.702131227952430603e-01,-6.676718564469649175e-01,-2.661274918081318885e-01,-1.549714901420046198e-01,2.081661168650341676e-01,6.119369785807257101e-01,2.301717178571346112e-01,-6.921383270527432796e-02,1.465294004369631087e-01,-1.778167333840936781e-01,6.049948359530247233e-01,-5.725829794026626729e-02,2.926340558686388316e-01,-6.493377785723779272e-02,-4.960599183892077657e-01,1.068773633311571464e-01,5.060403412217630015e-01,2.939151650806978711e-01,-1.580265697032272876e-01,-2.927823363021028746e-01,2.772170604698027119e-01,-1.530199747534507493e-01,9.792439739412552024e-02,5.620342434919589625e-01,-4.952061301097744894e-01,-1.023101236539433190e-01,-2.387027742065694069e-01,-7.855273709118851810e-01,4.412920478619393738e-01,-8.940683394858504884e-02,-1.263126362502498823e-01,-1.128037144275674114e-01,-2.897000681609360195e-01
-9.610696982558609991e-02,-3.270441200242092950e-01,6.047094119048833649e-01,-6.840261681896819823e-02,9.948211641250886972e-02,-2.082143838830199656e-01,-2.944448096671828385e-01,2.100899089427700484e-01,-3.542786063949712183e-01,-1.750236715352777514e-02,-1.107499554681309339e-01,-2.560112768219851009e-01,-4.580363393391409521e-01,-2.582024340155081865e-01,7.439816005788858766e-02,-3.283955900722846377e-01,-2.364385585479851226e-01,2.538689793352371174e-02,6.444106292181260853e-01,-6.239846136069551047e-02,1.203057603785292473e-01,3.872276256713343412e-01,-3.688264085381098289e-01,-1.204439929081254218e-01,1.644123438221530842e-01,2.284952501895125554e-01,2.177240921434701049e-01,-7.840852767372549215e-01,-1.631773433939441575e-01,-8.976973623311869099e-01,-4.818854300285761449e-01,-9.573256258550277842e-02,-2.297494696358970412e-02,2.842071895794173741e-02,-1.741349245827618353e-01,-3.289403159697175671e-01,3.144292772762473098e-01,-5.243999130771459516e-01,-4.090161487179042737e-02,2.870238073137776902e-01,6.576572946630973027e-01,-2.002698961496572616e-01,-1.436242828757622603e-01,-4.713999607430978678e-01,5.056796715040719897e-02,1.735653728311838673e-01,2.504638761427749327e-01,-2.110332118926442069e-01,5.239516946825785171e-01,3.283672070484790484e-01,-2.747539122284558544e-01,-5.276806039481424931e-02,2.183661854433830915e-02,-3.959724029088088071e-01,6.240358084845080283e-02,1.901882077591760256e-01,5.076326483253154054e-01,-1.320428746341940907e-01,2.696697779745255708e-01,-1.419631149827854655e-01
3.574807794575487335e-02,-3.113715793457540459e-01,-2.625047105183433982e-01,-8.648635048903917377e-02,3.083547091568818455e-01,-7.988427307318018977e-02,-2.854758948614716796e-01,-1.192503650837691137e-01,-1.469216558964516611e-02,6.110569456294699942e-01,2.322317769716729374e-01,-5.196549496477883556e-01,-1.353748719837206682e-01,2.128290270815928406e-02,-3.126906853803029240e-01,6.920585208596367888e-02,5.553549667897458159e-02,2.636953031008938964e-01,7.414019868402760283e-02,-2.544644778077950753e-01,-4.939343412999702143e-01,-1.190950784316121558e-01,2.596167597862264476e-01,6.401194526392739448e-02,-3.718819799996610498e-01,-3.271636625926603870e-01,-2.823964820681801324e-02,7.413360539217159761e-01,3.477086197096820180e-02,1.616304124351653215e-01,5.842381556534302911e-01,-2.411373112052704604e-01,4.031815916640459352e-01,-1.975715561009628585e-01,-4.174802699986281951e-01,-6.143400313011648795e-02,7.229131723725741310e-01,1.599739921523937736e-01,-3.392889705919975296e-01,2.209490747588028492e-01,2.526520019034158016e-01,3.061888532767655449e-02,-8.859474735082949193e-02,3.035913279927150987e-01,-5.143594990914027165e-02,9.065422984140077134e-02,4.059536891139292614e-01,1.507235115931283564e-01,-7.044002774034363590e-02,-3.013913377226278834e-01,4.345393532567675549e-02,-2.402830965689695397e-01,4.625261527731374667e-01,2.140511865318073526e-01,-8.240724102372656290e-01,-8.217683591942230581e-02,1.296670713334416025e-01,1.053452426498004829e-01,2.368496751430411995e-01,-1.927528370174117489e-01
5.354429966392549867e-01,5.774891845653288280e-01,-1.770605411093692239e-01,5.919000007704863231e-01,-3.089553210949080517e-02,-2.499844030029459707e-01,-1.886052522640800644e-01,4.893350035305636947e-01,1.367668698961736762e-01,1.202759347766102077e-01,2.858535454430745637e-01,1.461604550626404153e-01,2.902520965312749279e-01,3.344918256702866799e-01,1.244760104481302115e-01,-2.085020833103860272e-01,-4.138150988145112841e-01,2.332950376626846956e-01,-8.166349928637760547e-01,-1.314302206757292923e-01,1.648045801320190407e-01,3.161074640947367786e-01,-3.435917775692736709e-01,5.363599810694479331e-01,1.552535926388808329e-01,-1.037498503107803921e-01,-9.426630253600225273e-02,-8.096430239408547447e-02,-3.081238260720137734e-01,-2.981701576571261780e-01,4.558461962981816273e-01,-3.096541552671773778e-01,-5.436022860540755675e-01,2.697090312867231332e-01,-4.174946227691436751e-01,2.894843912433102684e-01,-1.313751347820745208e-01,-3.074593804681383657e-01,-1.642191143799410016e-02,3.064470174079109710e-01,1.074700234208231658e-01,3.690572696084205018e-01,4.216970981121659912e-01,-8.551350560277126700e-02,3.641514344640517931e-01,6.187948078333836005e-02,-7.294283256576096497e-02,5.369961238203662113e-01,-3.041135865761231405e-01,-1.199580477056897826e-01,-8.014305627362154627e-02,-3.341102293635840326e-01,4.984571212472609925e-01,-7.129707238358240495e-02,-3.261815579570711554e-01,1.854623700608143688e-01,3.571414073789545562e-01,5.187342930430152155e-01,4.012909240234813768e-01,-1.141117123929166199e-01
-5.521768223516184682e-01,4.049650307899861357e-01,-4.741636016262673614e-01,4.792061757381985143e-02,-1.053801682095799191e-01,1.429255541931150064e-01,-4.003886974079312600e-02,-3.978217245628712373e-01,5.714074637773440372e-03,2.401267519811371154e-01,-4.328506709744273095e-03,-1.014088105349180563e-01,-1.332092593188809737e-01,1.102360728728487699e-01,4.109100911254945365e-01,-6.513803056977677253e-01,-2.547714471038160511e-01,-1.003747329385934473e-01,1.258987146863513040e-01,-3.024618650016930865e-01,-1.423204843316702162e-01,-1.265202056173289347e-01,1.279742313744061943e-01,-1.991377780680385901e-01,-7.449836432243984730e-01,1.755458490187596921e-01,-1.199053544138404814e-01,1.957370049699371506e-01,2.500067370668496713e-01,1.323999445182807433e-01,-2.821407943958991194e-01,-1.028004999215447191e-01,6.035067220254038967e-01,3.420601493022508710e-01,-5.639218790641460366e-01,-5.033970211461705757e-01,1.234521563366956648e-01,-4.858833202520547734e-01,-1.669041466055239675e-01,2.817793312214393331e-01,-3.794740182670405110e-02,1.439023462379611373e-01,2.596858254157741741e-01,-3.110062897739403476e-01,6.022397975813369442e-01,2.376608051777204522e-01,-4.921943338321251721e-02,1.531578188710956169e-02,-2.559082188587394890e-01,3.411548307791998913e-01,3.211473011633703134e-01,2.914188272333954610e-01,-1.503011902492256413e-01,-1.454852354250645297e-01,3.383137180309679359e-01,-3.181491467285018637e-01,2.302593913655871793e-01,-3.091996046304238410e-01,6.005388066469927871e-02,-3.360519670309620177e-01
7.336780740592950545e-02,4.219744438720833268e-01,-1.742077375601255307e-01,-4.555430596816972266e-01,-4.387245644271038358e-01,-4.061842989323307673e-01,3.001354350848929875e-01,-4.557922282913610262e-02,-2.528105992348915199e-01,3.363850273325217910e-01,-5.582315515887797952e-02,-2.342573981005215134e-01,-1.134449380741065078e-01,-3.749940133697657330e-02,-2.572298707401907136e-01,3.042311430891430080e-01,1.897059957200963043e-01,2.209571637978347824e-01,5.219766091589411738e-01,-1.845176430648645116e-01,2.124933640229329998e-02,6.473706787739752500e-02,-4.587764377598504417e-01,1.891218017593807588e-01,3.632949904191989376e-01,8.389141615556561238e-02,1.193122325940508127e-01,1.429539883774209319e-01,-2.479363283571318632e-01,2.552365551937169630e-01,-3.963557642313728091e-01,-4.005278193977561685e-01,-3.911934305229295972e-01,-3.695090734201008087e-01,2.446344653648269141e-01,-3.551419636564716042e-01,-5.234992965515845170e-02,-3.286994063023124801e-01,5.204102787043843881e-01,-2.243628890035677115e-01,-1.632172161616531059e-01,3.507158190690223831e-02,-5.666403821253913203e-02,-3.787705085902453028e-01,-2.961251845102577107e-01,1.892485990875546198e-01,1.590090927687843880e-01,2.027176841723157819e-02,2.142182208345001504e-01,-4.073226774627856754e-03,3.870671369625474090e-01,-1.902383505104419947e-01,9.328837399708524158e-02,2.557841107745132403e-01,-2.314927871151243322e-01,1.346617846935689311e-01,-3.071218807473868329e-01,1.697060054147305763e-01,4.877708148874497773e-01,1.468080476784577593e-01
7.374668163650014430e-01,-3.322565131515631265e-03,-8.780347627289702972e-02,-7.736494048693480508e-02,3.967438197025214830e-01,-7.799233677912904839e-02,3.590759874722869172e-01,-3.043131570173689959e-01,-5.368935848258701293e-01,3.502080022628948353e-01,1.724746474493110415e-01,-3.693169703050060426e-01,2.216042060428368987e-01,2.029461828590983508e-01,1.721905298959076347e-01,-2.237295208212997377e-01,3.215288569796042051e-01,3.487565217927777184e-01,6.909171282115093848e-02,-2.175501759484365916e-01,-1.394940086911467259e-01,4.000394233002625977e-01,3.335612031638340302e-01,3.840278686902141581e-01,4.720999139607479633e-01,2.609320696579907062e-01,-2.283735048656669597e-01,-5.717788035669882918e-01,7.668722829269493113e-01,4.339814787138573937e-02,-7.873720699767533526e-01,-1.299423481332715180e-01,6.226909153315732803e-01,3.571812277533791824e-01,2.181649958102623629e-03,2.174677894456981606e-02,-1.277016973489678887e-02,-2.061799033642220114e-01,6.490102912185133910e-01,1.055970061674131183e-01,-4.161207649216658311e-02,-3.797077273955754700e-02,-1.219805267891938411e-01,-7.629883200332227000e-01,1.158750794545907598e-01,4.923885811091153752e-01,-8.593806235242454697e-03,8.248431190177385464e-02,1.227443376137947982e-02,-1.493048353023311570e-01,-3.173587035731587763e-02,7.731468054132976768e-03,-2.806026750729587182e-02,2.047128813570654460e-01,3.128156750992790863e-02,1.880975863295707151e-01,3.106143951540765169e-01,8.328335125313242326e-02,-7.113104466346370502e-02,3.346452735766569098e-01
-3.340101063337205106e-02,-3.215207831597712285e-01,5.485696153823584886e-01,1.550753990489478207e-01,5.083682062725460200e-03,6.289205624050145937e-01,-3.056371353190438511e-01,1.925749726558012853e-01,-4.994420960807068877e-01,1.830671743145066144e-01,-1.406958627301280462e-01,2.251311141407135452e-01,-3.027616899424234176e-01,-1.023037191892221393e-01,3.926623875141026510e-01,3.674664497437443028e-02,-2.693148987041392162e-01,-6.147002446950112775e-01,8.727498832957590602e-02,1.330756196239102906e-01,-3.689445501015258255e-01,5.773244970600251852e-02,6.628978415734869678e-01,-8.624175441680555221e-02,1.105153455036644861e-01,-6.922005665893240511e-01,-4.292677795244037031e-01,1.840820985078493177e-01,1.461453546456097374e-01,1.437914605929818679e-01,3.308760425318100773e-01,-6.189268317392074975e-02,-3.150484769093699344e-01,7.115469511641115963e-01,-1.353476685557533088e-01,8.921453504032893222e-02,-1.921580374766145016e-01,-6.992664531039069487e-02,-5.253943243724545908e-01,6.141347930668773492e-01,2.267687146678897536e-01,1.814329954824383806e-01,-3.316732380710514239e-01,-4.996496126622639727e-02,1.479021337627951793e-01,-2.537986455268561592e-01,-4.452229603590676099e-01,1.748683673847820641e-01,1.212628669207868048e-01,6.623252142127446229e-02,-4.983200253972869809e-01,-1.666618297921138303e-01,-2.763540899344175128e-01,1.601500708235990278e-01,-1.975728060505806474e-02,-2.760458161628205898e-01,4.740114969417792423e-01,-1.969293249694499884e-02,-8.428085751613108301e-02,-2.103591634507121222e-01
3.293535642039664979e-01,-2.352530658418342246e-01,-1.076303182505336103e-01,2.265114870965917182e-01,-2.441221811498124963e-02,3.089293342332959380e-01,1.799407144985977203e-01,2.652745718026017219e-01,-2.135110159959990872e-01,1.009131962564716045e-01,-4.311120659498343666e-01,-7.130725618112908615e-01,-5.792924156326058512e-03,-5.474020634217623416e-01,-3.498313309436540952e-01,-8.198442421353818732e-02,1.261015109420486890e-01,-4.500794121500691358e-01,-7.398414886888710074e-02,2.956888481862325890e-01,-2.584198798448337220e-01,-3.596900352136473411e-01,-1.269370337847288699e-01,-5.272119298197996962e-01,2.558919829328757944e-01,2.790139015552025037e-01,-1.308409166807966983e-01,1.119931061447160675e-01,-4.798023599163713793e-01,8.016954769445515661e-01,-5.817376650778816050e-02,2.630715400484824329e-01,1.970118055338925533e-01,3.172689782130379971e-02,4.389931315595989592e-01,-3.214377797342075210e-02,2.760794193896004556e-01,-1.535620406333490229e-01,4.477213456322365892e-01,2.434187399360420445e-01,-8.933537656859157072e-02,-4.914480906648516778e-01,5.600128669072869103e-01,8.244577386619462989e-02,1.420319684525911952e-01,4.771310844596465817e-02,3.327647170740554716e-01,-6.588137379009968708e-02,1.904640458188923413e-01,1.762135611025938131e-01,-8.193398277320489143e-02,5.548281640372672990e-02,2.764339529998198204e-04,-4.276195428977799806e-02,4.336701441899306064e-01,1.377937101193915659e-01,1.414462867875897201e-01,-4.142686963568733560e-01,1.058453160891459771e-01,1.611976037133089346e-02
4.740619341657790753e-01,3.565167383958676162e-01,-3.536446147749678914e-01,-2.396703504098529891e-01,-3.754831966169140060e-03,5.592643743775211895e-01,-2.948846803770533431e-01,1.528004415283221451e-01,-1.250042374747897811e-01,7.766891844912221510e-03,-6.539845358587804969e-02,9.345692323249520095e-02,3.588031687805403602e-01,1.244652415225661057e-01,3.693970898291196181e-01,1.361405529789976587e-01,-3.961823670704509026e-01,-5.601751210743836223e-02,-3.002459870170332001e-02,3.206143216465346391e-01,2.686615398987565739e-01,-3.086816661292832720e-01,-2.221191454749416316e-01,5.881803390804599685e-01,-4.177294278463842825e-01,5.605093884052773090e-01,-5.925109916594557546e-01,-5.428320908013509888e-02,-7.513309231575351355e-01,-2.487003734744172856e-01,5.069949698519676806e-01,-2.118179603003373102e-01,8.467517178706160941e-01,6.042179084057319738e-02,-3.359367673716653901e-01,2.454657882644573075e-02,-3.599239817471115432e-01,2.183160483669441612e-02,-2.363316649791788182e-01,3.279221413602905200e-01,2.971732697737230477e-01,5.942223994628458711e-02,-5.408713692675411883e-02,-5.120772867757793501e-01,-9.900066432876768185e-02,-9.093491369006817537e-02,2.945100476043626681e-01,1.581521356977517168e-01,1.285764210138411710e-02,4.387398640607964584e-01,-7.696780669809562270e-02,-1.069878238000352977e-01,-1.946644922112178155e-01,1.297049136245600198e-01,4.233365385772738243e-01,-2.068341166298278966e-01,3.907538839879640125e-01,1.804613981757833552e-01,3.544097884315293712e-01,-6.558407390797028613e-01
1.350044108434413637e-01,-1.485412370099110368e-01,8.991069263174848725e-02,1.434272894558970002e-01,-9.986290757471148749e-02,-8.933184691075340966e-02,2.809565468551464829e-01,-2.175801277330899064e-01,6.938739268538206273e-02,-5.098721762761625476e-01,2.997884086065245035e-01,-2.983118596835701575e-02,-2.947904650556469330e-01,-2.333281359487418827e-01,-1.026257111502230646e-01,-1.933504027317178575e-01,-3.762628110347480681e-01,-1.965665801272949501e-02,1.337995734065382247e-01,4.862922133544182041e-02,1.956923827004676542e-01,-6.671748607802763242e-02,1.700897676039421491e-01,-1.738276595719452089e-01,7.386347985738276334e-01,6.107313892735157790e-01,-4.631719358668508479e-01,-3.137694306696404145e-01,6.337734807610001520e-01,-7.019904971293683404e-02,-6.809638078870144939e-01,-2.906110079859091644e-01,2.321171698239634373e-01,3.080200161748028465e-01,8.815609689362120804e-02,-5.860173034623944455e-01,-6.221183293870286013e-01,-1.430966755693829917e-02,6.726281598405304818e-01,-2.846945317887192295e-01,-1.620170541826894961e-01,2.496938648291127105e-01,-3.603484762722479195e-01,-5.805764794795104794e-02,-4.137078002410846805e-02,-2.879550213467043096e-01,-4.480523228733947483e-01,3.032375928952708577e-01,2.280663505397960422e-01,-5.782357739010942632e-01,-1.446425783140400101e-01,7.455952283941345848e-02,4.642226956826736584e-01,2.080546692199683190e-01,-9.838714938696724310e-02,-1.280767386738973779e-01,2.618133064696364642e-01,9.143919888768474447e-02,1.985145291835107295e-01,-1.675063581622017808e-02
6.803240551192972774e-01,1.601050559878598734e-01,2.972334870173458654e-01,1.709904070110141727e-01,-4.268801156629488669e-01,-2.773307150909110064e-02,-1.694062250110054679e-01,5.985202198205915591e-01,1.897671810041095253e-01,1.365684856808017100e-01,-7.863592716221097234e-01,3.253311058033598324e-01,-2.641204474523372037e-01,-3.754872271195123373e-02,3.514632843402107909e-01,4.203546727906223163e-02,-5.156555944488874083e-02,3.638406168012320863e-01,3.815537341182524966e-01,1.915260336765120808e-01,1.350275201687343440e-01,-2.416969748697065101e-01,-8.120690957629855822e-02,4.642693082090902472e-03,-4.046634274747564763e-01,-4.054998162241648524e-02,-2.950740300832406862e-02,-9.205743215548185809e-02,-5.896611022205763275e-01,3.325641953706378606e-01,2.743442192161562043e-01,-5.004215610188976759e-01,-3.336162489868370606e-01,-2.766313691733205404e-01,-1.798400678711430389e-01,4.277440362633664894e-01,3.792069497690566671e-01,4.406951018962286248e-01,-3.288286747878139682e-01,-3.737959599541406663e-01,4.893280135932729369e-01,-1.278736570166654207e-01,2.720527313496414190e-01,-8.898981097887799507e-02,-6.633357456531650820e-02,1.930749765080105596e-01,-2.637977420258610373e-01,-2.214603872061325085e-01,4.367918398385206014e-01,-1.051340916966998253e-02,6.105151909561105233e-02,-5.135895865346836731e-01,-3.626201420564811873e-02,1.102337881164593830e-01,-1.641751165282815395e-01,1.707766418746671511e-01,3.076873859699980063e-01,1.151221170861738835e-01,8.391355187081843414e-02,9.442895033883012823e-02
2.121687448896142636e-01,9.431054152798316881e-02,5.772656862755801838e-02,1.764952359936923856e-02,4.205008467377038262e-01,4.539831039735114926e-02,-3.257568181769433524e-01,1.950295136205078828e-01,-5.867851052639578430e-02,-3.841814764614459587e-01,2.049449430105773073e-01,-8.850392842315912834e-02,-2.609255981976130734e-01,-2.423205053864128100e-01,2.460862657996758240e-01,-1.603616304224490417e-03,-3.655301208683688768e-02,3.756277458780302170e-01,-1.942629187400818636e-01,1.121058674002499006e-01,5.192197903895720001e-01,2.451861437272143951e-01,-6.859693191446418481e-02,9.644202673625872080e-02,2.057182645936132259e-01,9.598732890743296720e-01,9.326293805023892769e-02,-5.916033073025405153e-01,2.603194120783034471e-01,1.684504496257198392e-01,-9.807562550320163275e-02,3.007889838859936771e-01,-6.156843593761407440e-01,-2.221592217393764945e-01,4.138169032729461239e-01,4.509055621764054833e-03,2.988334563610385852e-01,-6.660243597966196694e-01,-1.322515300987292808e-01,-9.849418765439070522e-02,-1.958494305298119631e-01,1.280865158717569285e-01,-7.163039616196360815e-02,-3.311413812510792809e-01,-6.106169676690026415e-02,-1.189408970749646910e-01,-3.979271562637440307e-01,4.323864542789868648e-01,1.924636591091979099e-01,-4.954140063935951604e-02,-3.445106868310925385e-01,-8.796681558198109208e-02,-4.806566614304195323e-02,-1.230040610440112370e-01,-4.386994462422463825e-02,1.076634194230406960e-01,2.233738922906872426e-01,-3.755375894634576106e-01,-1.975152062788776142e-01,-4.502590386578972925e-01
-4.595873205875491280e-02,-2.160443960734233573e-02,-1.008549518522203342e-01,-3.295791586962331654e-01,-9.723322450545893733e-04,-2.546138235715373135e-02,-7.832566575393322406e-02,3.157709525049895438e-01,1.572326427847539343e-01,3.484757091871271695e-01,-3.127759878404751809e-02,-2.643661987126503798e-01,8.042289578970911179e-02,-7.763600962442891718e-02,1.368019973918173648e-01,4.432534360939392043e-02,-1.393290900307689595e-01,2.148793231921089786e-01,-2.242258373876990785e-01,-4.762770442504546953e-01,-4.968617537700259490e-01,1.238181168473251742e-01,-5.413525370743355047e-02,4.094846050572106128e-02,-4.073809929140856934e-01,-1.045074148075926246e-01,-9.446250963091255837e-02,-1.293818658606642746e-01,3.045322907671241253e-01,7.216129338921462022e-01,-3.768919694986359592e-01,-4.229695603818881544e-01,-7.321490105535374271e-01,-3.102892601352515989e-01,-8.047390212246862129e-01,3.994464795004378649e-02,1.816798632898894150e-01,-2.474299930856855845e-01,-4.745886844011892869e-01,-1.761882630616838086e-01,1.013766319579388758e-01,2.180036961352276592e-01,5.299355466330010062e-02,3.583914269558193255e-01,-1.831228512665536989e-01,5.261027962274883452e-01,-6.997737450714154768e-03,-5.363834595954991569e-02,1.992537472740195936e-01,-2.378185963555440041e-01,9.675285716889796273e-02,3.824613177658586771e-03,2.048973930806232413e-01,4.020474346719692949e-01,-3.081551290590539560e-01,-5.826447266243006684e-02,3.584360801997459878e-01,-9.139946513582837551e-02,4.605354748476579024e-02,-3.769857888693123882e-01
8.434883913130837574e-02,2.095034898706450432e-01,1.327307862108395575e-02,4.570535599783941971e-01,8.342989232016885526e-02,2.157509163527581431e-01,-7.272736532839397805e-01,1.930526315990735708e-01,2.137929963502124553e-01,-1.144839680520050584e-01,-5.704225450501989592e-01,-5.465775370119478893e-01,2.596284758714227370e-01,-4.100863301712544540e-01,1.303474236113803808e-01,9.248096891739614189e-02,9.761496269386860103e-02,3.733219506526463394e-01,-3.544675234368140082e-02,-1.884458784162899858e-01,-7.593903332859427979e-02,4.095766858571085467e-01,5.597439188395331167e-01,3.116196512468629720e-01,2.955575752475921303e-01,3.631499574221058180e-01,-2.466203446971284297e-01,1.395986810877296314e-01,1.817375459588847220e-01,8.389979356468041383e-03,2.951920642699238373e-01,2.113693819096311988e-01,-7.344155996149916987e-01,2.841678939366396595e-01,-1.692191326159430131e-01,3.591690428772595367e-01,1.044778823258221134e-01,1.026434946463365971e-01,-5.130735003451303289e-01,1.857861057472900423e-01,-1.519977441632268389e-01,-1.791990060510963712e-01,-2.287420511277896695e-01,-1.905641537108322681e-01,4.918741001246620392e-01,5.616166477501213228e-01,-2.743929093620753878e-01,3.773529057952131754e-02,-2.397278587402474626e-01,4.512516582956332262e-02,-2.458771251548022008e-01,5.978110162574145070e-01,4.637007793554963064e-01,-1.660130147081911867e-01,-4.551777074604665234e-03,-6.571600270919942810e-01,6.116367544013368018e-01,2.113342910342355940e-01,-1.721473038013334733e-01,2.013209076764125027e-01
-4.128292390805125660e-03,-5.763002550254968659e-01,-2.840147019367459391e-01,-2.435683733851305988e-01,2.775550505988981786e-01,-4.649906232479247836e-01,2.062853518684922352e-02,2.392337840977489527e-01,-4.769592143859912592e-01,5.571070026027014066e-02,9.995947542579522796e-03,-5.164690500470692919e-02,-1.493593870855392802e-01,8.616895855328471354e-02,1.460525822470189750e-01,-1.618791180464468349e-02,6.754773972856605024e-02,6.777091910856020140e-01,-5.155900618818278630e-02,1.100453251684370276e-01,-1.935025817823571581e-01,-4.933798484240144444e-01,-3.160821059691241719e-01,-2.325078680801478670e-01,3.275958510645818889e-01,5.135787843627187543e-01,1.980999291721563527e-01,1.551365971463921356e-01,2.688087675291599976e-01,-2.892820560311264999e-01,5.444290968383020540e-02,-2.122145817635567866e-01,4.073940683116850647e-01,-3.694004624093652489e-01,-4.194447114817513866e-01,2.682249016171198153e-01,7.589300277910827619e-01,-2.712564538327557062e-01,7.327841093508184744e-02,-1.171177020064613217e-01,-2.958253828352482295e-01,-5.705197717353703846e-01,5.716952922997465825e-01,1.764479210961401312e-01,-2.482552882762688873e-01,-1.293165784769236548e-01,-9.076371710825748007e-02,-7.335213054420147705e-02,-6.861329910914566732e-02,-2.338197880202205481e-01,3.449525798666859822e-01,-1.915322550461734108e-01,-2.701635521552727126e-01,-2.461780730192392463e-01,2.565550900263633902e-02,4.053491368211012413e-01,2.775561632388265920e-01,5.778630225257338493e-01,-8.459855350461739990e-03,-4.613738938819415547e-01
4.553537152531930698e-01,-5.452392141214269516e-01,2.775089564691124444e-02,1.942579780876269036e-02,-2.517285843874654816e-01,5.295327740661809335e-01,-1.278451094275275812e-01,-2.208413039143164447e-01,5.230165285143761889e-02,-2.427349560508771098e-01,-2.241774780723175819e-01,3.656286679495510117e-01,2.961940207751053156e-01,-1.088810558789651273e-01,-2.377415720318626358e-01,-2.913272329798979876e-01,1.012088289694201837e-02,1.444340998016007682e-01,-3.176623227983648712e-01,1.446958912014433517e-02,3.631434909730555383e-01,-2.594799882633127552e-01,3.805507974073845112e-01,-7.215576787268083159e-01,-2.123435669042625096e-01,-3.613159895330115279e-01,-2.077846727177533603e-01,6.179742285063593021e-01,5.779535664726547228e-01,7.347102908012029809e-01,-1.411268674992650907e-01,-8.095856669415812945e-01,-7.296742555978397160e-03,-1.240577837775005271e-01,2.342923363248113414e-02,3.386364770003264524e-01,-1.015587928246593913e-01,-1.584338825072152124e-01,3.523026037813065670e-01,-3.868642919334580512e-03,3.466593338121520124e-02,2.272913610632169498e-02,-1.210394012498202353e-02,-1.089880434371517798e-01,-4.759763482215808444e-02,-4.585456070834462161e-01,-5.498939599374991216e-01,2.133921182706865760e-01,-7.052504426301692275e-02,-1.270508546065127198e-01,3.026471986182131535e-01,8.051142250627307817e-02,9.388378767217532561e-02,-5.808248088185343772e-01,-3.499164948265158781e-01,2.210323309437159101e-01,-3.895166435384125186e-02,-4.485641536297387683e-02,2.835500830156063579e-01,-3.305948631775585400e-01
2.722790424102292106e-01,-1.458857776778218207e-01,6.153171595834689978e-01,-3.250309498674145651e-03,-3.108015630238540328e-01,2.201060730429949819e-01,3.299785645123054501e-01,-5.277657559387293196e-01,-5.368372345091368958e-01,-1.960304130380394541e-02,-3.526361270742281451e-01,-4.952283818267017024e-02,-4.089665911783161856e-01,4.944124331096674818e-01,-1.389673255086398274e-01,-7.538746402529002133e-02,-1.433878556466773313e-01,2.925005823678634709e-01,4.218559757081278838e-01,-3.235307109334079612e-01,-3.565265410482840180e-01,9.036610406197680134e-02,4.116948010060046403e-01,2.337026459122220901e-01,6.327038427514013463e-01,2.169090942621855478e-01,-9.061704729221853327e-04,1.103522157236714318e-01,5.986200816647618828e-01,-9.798291777291194549e-02,5.774400550079011180e-02,-1.448877205482899388e-01,-3.642045369975074887e-01,-3.340386637249403989e-01,2.410179070585177774e-01,-2.750283027554014659e-01,-3.414681992431856661e-01,-1.430687170786796303e-01,4.889759180044374598e-01,-1.295686778700731734e-01,9.544017045045360970e-02,-1.957185077679063079e-01,3.672199722535188227e-01,3.060313788931656731e-02,-7.901034174011186675e-04,-2.314154416147536641e-01,1.729868918981486703e-01,-1.290752474761014124e-01,-2.828980301951715126e-01,4.568193447108370719e-01,4.980427726135899236e-01,-7.374290442626648678e-01,-3.821845924392273247e-02,-2.804079486894886508e-01,3.443949912339657193e-01,4.791475946820569071e-02,1.916698123507535323e-01,1.224160700936782753e-02,7.373524356957235348e-02,6.330196683812253644e-01
-2.201483190373857909e-02,-1.158474357432008744e-01,-2.265284368113145430e-01,7.584643956796195685e-02,2.902872038187263581e-01,-6.918218811252069278e-01,-9.738675157468688892e-02,-4.121407325844553271e-01,4.658317809824606415e-01,3.053632290440891350e-01,2.459577571859451195e-01,-3.115647515431423931e-01,-1.251576824092555384e-01,2.185845751621642297e-01,-1.790425927221982183e-01,2.156072288460597342e-01,2.586572662565826408e-01,-1.583138518558075969e-01,1.200768228813469708e-02,2.214180228607348366e-01,-4.844322079769011052e-02,-2.173793859477608226e-01,-1.098625669703132551e-01,6.263530955725064020e-01,-3.116002323641212657e-01,-5.527838317816294311e-02,7.729191469395997605e-02,5.312023547536337542e-02,-4.511285264605593426e-01,-2.748715551366383639e-02,2.464603549519833459e-01,-6.900192962067325242e-01,-1.817728624419201466e-04,3.069982568834277448e-01,1.553083110884745377e-01,1.447361924330895812e-02,-6.891627207197137395e-01,-4.121819715846375964e-01,-3.684781415545809041e-02,-5.583853183101037398e-01,-6.794210594387935231e-02,-8.432249370653821172e-03,-1.588836455652514468e-01,2.286626515480088273e-01,-1.084252247506058281e-01,1.382709089994250441e-02,-2.869669899779224709e-01,-1.607007002082987135e-01,-4.567049550622074849e-01,-3.733434731652994221e-01,-1.348154932860592126e-01,-1.229058231908389809e-01,-2.396941971668033536e-02,-1.719144410297674952e-01,-3.374072488935422887e-01,-6.536970278719940186e-01,4.618298773873004137e-01,-6.744512274452756084e-02,-1.327514385536928687e-01,6.543647627726646709e-02
8.953228390594928365e-01,-8.464446340342679509e-02,-6.147843674407426073e-01,1.685008931898158979e-01,3.536702304061510593e-02,2.881672862003556435e-01,-1.072854252402470898e-01,-3.520140142888009138e-01,3.612884099202815502e-01,-2.141640667895747530e-01,-5.091894067527805712e-01,-5.994948173345759218e-02,-1.519145232560557834e-01,-2.699775239419813233e-01,-3.492037471660127679e-01,1.232759630268432244e-01,-1.639958036954795306e-01,-4.602051078585293609e-01,6.332187129702026018e-01,4.168000457488207355e-01,1.039923676023759708e-01,2.079059609903209996e-02,-3.101845784276690554e-01,-3.918064009900150690e-01,6.826517772692558550e-02,-4.685776526736691316e-01,9.654703025819411089e-02,-3.572311063702162115e-01,-7.053823444286592137e-01,-5.670989942534980788e-01,-7.979797629822895644e-01,3.994467626195117305e-01,4.894929823914325601e-02,-2.595969599693041530e-01,2.847917215964734447e-02,7.726289202574147807e-02,-4.081437691428028806e-03,-3.056565367518686016e-01,-1.409447362658189373e-02,3.887124149162942549e-02,8.024645495048665644e-03,-1.538264008833478413e-01,7.399996808336610499e-02,3.363961045271220834e-02,-1.017909533603137406e-01,5.046789137072146270e-01,-1.529270673804926373e-01,-5.589412896455984298e-02,1.736485947590714896e-01,-5.427657904780203157e-02,3.779826752550471177e-03,-2.298477844899170230e-01,-5.320628659768742441e-01,3.235129350891392114e-02,2.118690083412556879e-01,-8.725583199993169892e-03,1.438603656756263227e-01,-4.862577449584685324e-02,2.977123424327892676e-01,3.048050493904823632e-01
3.666864544890563460e-02,-3.676458384576147820e-02,-5.093733770213740991e-02,-1.492060387271323396e-01,-3.585264271793537905e-01,-3.294083140011769273e-01,-1.262964348631796241e-01,4.584204771405187562e-01,-5.719854301237898841e-01,-6.922437958425171900e-02,2.142346144352087478e-01,2.632712860126416032e-01,3.494833561773727504e-02,-4.790652176135556939e-02,-2.894797023480577547e-01,-2.454112395312967043e-01,1.361718688343551698e-01,1.237154302859471838e-01,-2.122511205390923417e-01,7.624882316833019036e-02,2.957612978527437431e-01,8.630679485205110246e-02,-5.365012842414956795e-01,6.000679073801048341e-02,2.682428549908810744e-02,2.247854424367922155e-01,2.290385925866759431e-01,-2.643129963657713799e-01,-1.570080786470331724e-01,-9.096116668367683067e-01,1.300963307719263662e-01,3.013837636777386142e-01,-1.728645816424889681e-02,-7.921758555224446274e-01,6.979031373537912808e-01,-4.085931108873800954e-01,-3.577618036492598574e-01,-1.661194823715515245e-01,-8.588236718096969868e-03,4.803283299071205437e-01,3.097915049342609417e-01,-1.974933177461075384e-01,-9.269383356682865671e-02,9.580808793658686373e-02,9.772193286060748552e-02,-4.243265844598793635e-01,5.029101798706291371e-01,-3.343920841971743663e-01,-3.748588026134753726e-01,1.752819178462003136e-01,2.994634605084866563e-01,-2.906087902805774559e-01,2.578508466376207564e-01,2.683464530222236522e-01,-8.276645365878927685e-02,-2.540561007690440021e-01,-1.524593426342027158e-01,-3.177361685722634443e-01,2.110618318923232761e-01,6.767224230511302563e-02
1.767136352862717918e-02,2.531630217009385730e-01,-8.225562992110616034e-02,2.425951650102135815e-01,3.693308507272485275e-01,-5.030258026274488786e-02,4.292051253394448262e-01,1.079023301450606452e-02,6.684346621102758013e-01,-2.051343560649813436e-01,5.024382756378590331e-01,2.230774619299946970e-01,3.838700537791702172e-01,2.405720713299469848e-01,-1.024677449744252787e-03,-8.769677528582803250e-02,1.124056212639511915e-01,-6.092288448374687526e-01,1.360785546716904680e-02,1.491196643581116366e-01,1.860955475563360120e-02,5.078228821485234468e-01,4.717008443766809722e-01,2.346550254699364402e-02,6.577614904778096294e-01,-5.399803431954554034e-01,-7.456856294216646086e-01,-3.520664886623123963e-02,9.771676059962164373e-02,3.252425106747861699e-02,3.153263219452456245e-01,-2.857628403557583296e-01,4.328227109708626119e-01,-5.692725421203718161e-01,-1.274607384894880513e-01,7.037023328012416146e-01,7.296250317558534704e-01,5.830218776301646644e-01,4.562210864672833210e-01,-4.768531312416389167e-01,3.618932808795267686e-01,-1.216670045832039665e-01,1.721020896895348040e-01,1.927002059076720342e-01,3.347947313039358330e-01,9.504829907998575689e-02,-3.746690528480776661e-01,5.062077107710046819e-01,-2.913526751491278821e-01,-4.862452059590803288e-01,1.922466560857236662e-01,-1.503567389237814855e-01,-2.808660084875192475e-01,3.054170642008835479e-02,-6.235104365712399593e-02,2.591634437496262433e-01,-8.371824789791311450e-02,-2.677304871093630911e-01,-2.877032919333173955e-01,-5.495900040376296841e-02
2.212272640498723908e-01,6.444720893738121736e-01,3.545668611345200588e-02,3.692745676853434467e-01,-1.742736081829446004e-01,5.811954082993765480e-01,3.069115286074746707e-01,3.583198698429246876e-01,2.329705714797897509e-01,6.731414196172108566e-02,-4.203294853082021471e-02,1.687597718644843481e-01,1.549865740326470953e-01,2.955441398612732029e-01,-3.145259259424960097e-01,2.376931811794086580e-01,4.526485845911383810e-01,-2.218088788946771250e-01,-3.780266673529819044e-01,-2.539528604301496961e-01,-1.093445504636439969e-01,1.539926691625887190e-01,2.033559406576028114e-02,3.911148662298506995e-01,-8.476843927624896358e-01,2.372342427378738294e-01,1.550169642598475950e-01,4.746661361139254964e-01,-3.533577992188505906e-02,2.838383754107117185e-01,3.670278267519154203e-01,-2.731217753496371636e-01,-6.045279425483688490e-02,-2.075045784965628692e-01,-3.868626027915317844e-01,6.004625770671491169e-01,3.574792371285950843e-02,6.952931966643188799e-01,2.190093815141974654e-01,-2.963071502590834405e-01,-3.782330089081076263e-03,6.750303645225805838e-01,-6.646902950018500345e-02,-1.055884881585180540e-01,-4.059639161651869554e-01,-7.462502709716224703e-02,-8.036793342300865839e-02,3.775950125937824978e-03,2.320047761654709662e-01,-5.406159166326070936e-02,-2.212064143522101123e-01,1.487860328827435817e-02,-3.670878538849031703e-01,-3.823908664589348999e-02,8.641680317637208397e-02,4.954397080341501058e-01,7.143640631458492152e-02,-8.560533402911222126e-03,1.385258268925922687e-01,6.670973594226565773e-01
5.834199951905275627e-01,-2.086923226681399735e-01,-1.161860664578853730e-01,-1.032469614854207157e-01,-6.201782682224320498e-01,-2.536319562560387375e-01,-3.833927437450316833e-01,3.831543359659428383e-01,-2.679731623433898036e-01,4.261794927857307513e-01,2.347836691475871651e-01,5.860081839520997482e-01,-3.859471100478121808e-01,8.539274321092360509e-02,1.999004387545085526e-01,3.430918216752938954e-01,6.978446848061314878e-02,-2.181109266459461613e-02,2.460750788604865180e-01,-3.334708030300377324e-01,-5.159571585842758212e-01,2.538694832939101809e-01,5.454952650087493415e-01,-5.215320385245095780e-01,-3.161845863902708054e-01,-1.287434482563643845e-01,3.898858541902785468e-01,3.943510999182999188e-01,-2.597398117952376961e-01,-7.723032360025184895e-01,-8.062308808242423241e-01,-7.548924290606492393e-01,-2.543777174096295002e-01,-4.000356294817762337e-01,-5.767195363807102737e-01,-9.354644352137214680e-02,-1.815401992490270622e-01,1.711267113190626243e-01,4.888698791770216268e-01,-9.337741338850602535e-02,-2.316157225552456789e-01,2.961520740502721072e-01,1.782004617872285923e-01,-4.572580369757230367e-01,-5.756612105486108577e-02,-3.382322459032715556e-01,3.555779452148131736e-01,1.515600840459214449e-01,1.943839742248447688e-01,-7.923745322841374561e-02,4.360159883702341976e-01,2.519329013126175298e-01,5.198364007725723296e-02,3.663239264283690844e-01,3.186470938169078670e-01,1.310450802646759283e-02,-2.031491628752576384e-01,-1.339622516682211460e-02,-2.731289580348246759e-01,4.907011020321555006e-01
-2.943334388802196777e-01,6.916212067423885834e-01,4.099711478618453531e-01,2.893703049584439579e-02,-2.370645485257035293e-02,-2.763668922201939493e-02,6.778176137833226145e-01,7.274216338129741999e-01,-4.022839610314480896e-01,9.852166543783313912e-02,5.896334746200385668e-01,-1.292411084265177035e-02,3.439833999208217752e-01,2.835630138388343657e-01,5.928931220260905827e-02,-1.166874706363862368e-01,-1.941162153353324094e-01,7.281855649819539596e-03,3.084878790437745599e-01,-5.059085787755601693e-01,-6.943198267501572429e-01,-9.140071830805662767e-02,-3.570535225477115132e-02,3.058334230865066838e-01,-4.822923230228790686e-02,-1.293315104519542347e-01,-1.736436135130659808e-01,-7.859056377088567968e-01,1.199356313572130378e-01,-2.039142143580062461e-01,2.525425944328450467e-01,-5.812884133588850366e-01,-2.822262683624930379e-01,-5.045314791700632462e-01,-1.602874790191680943e-01,-8.374864074112915724e-02,-1.532566878271716948e-01,2.164182428118835988e-01,-1.718391294723390084e-01,1.064124049138529850e-02,1.181292218980610348e-01,5.971118617202550438e-03,2.861780474977044242e-01,-3.200239795222635797e-01,1.238334610814800785e-01,-1.653648228397532061e-01,3.608609684930996209e-01,-3.460762825437133094e-02,5.017227791671157178e-01,-2.167467135401355757e-02,-6.229756208942606177e-01,-5.079791226658285190e-03,-2.758083153441143187e-01,-3.666278154396921951e-01,-2.332041802258457697e-01,-6.496358203292961209e-01,-1.014840783373617272e-01,5.909194930161795201e-01,-1.658210094306844240e-01,3.099763428864804049e-01
-2.768221946509332176e-01,-1.853384667970991995e-01,-6.608027474756595909e-01,-2.394619752277282743e-03,-3.648508675095812337e-01,1.128799486197070295e-01,-1.319496220413519383e-01,4.647113658857907059e-01,2.430341100796035991e-01,-1.315609149995868865e-01,1.388900434555823127e-01,1.949696790394603585e-01,1.253889463961577189e-01,3.284985313875476987e-01,2.152431021786477550e-01,1.606770357059169874e-01,-4.296690421051451714e-01,-8.776711952481067724e-01,-1.752265078606411383e-02,1.841282167464417252e-01,3.947038308870451928e-01,2.364370513992685996e-01,-3.755835922635191726e-01,-7.985769395461324305e-02,8.297964953602138261e-02,-5.755476424815325620e-01,-3.617741840574605905e-01,3.022503791083215874e-01,-4.129489350123331515e-01,3.283890923517239213e-01,1.996781146423617648e-01,-4.817459256270983370e-01,-1.888066329533741039e-01,2.955359409419889283e-01,-3.022031853034289894e-01,-4.758750687380109423e-01,3.321526272466598928e-01,-3.235329554089911297e-01,-4.449382113463050126e-01,2.391604288521229360e-01,1.160332994670342927e-01,3.096311611592842891e-02,-2.650795911327201090e-02,-7.082035212153907355e-02,-1.524413004194280774e-01,-7.925793442795116273e-02,2.519930882283316631e-02,8.240040627718089872e-02,1.297468127313129438e-01,-5.597860372802095259e-03,-6.609491541308732954e-01,2.078204905443701289e-01,-4.354793704248035441e-02,-1.607687020040302062e-01,-2.628975348354541386e-01,1.376868429371262172e-02,4.620702572905842076e-01,1.990637857739376015e-01,-4.030903233349856368e-02,1.382521288504782618e-03
1.140074605613572017e-01,-1.279692018932244990e-01,2.345408169014972025e-02,-1.985650609710634951e-01,3.480654002408298253e-01,-1.240893613739458418e-01,4.122622564377750876e-01,4.489858005488174264e-01,-6.940163358580276887e-01,1.231953347782781538e-01,-2.690577065882950383e-02,3.037503560061458052e-02,5.420276318711869656e-01,-4.082071849512637803e-03,-1.414053990026603314e-01,3.887682047136704067e-01,-7.093097178301382977e-01,2.066438702902608782e-01,4.489046027096717933e-02,-1.919195117582237209e-01,-2.266484704404661821e-01,-2.040801022147676821e-02,2.294400442244659277e-01,6.334717811828372014e-02,2.573557378322983147e-01,3.685680694374686150e-01,3.486210320316745492e-01,8.065209226870312387e-01,-2.572209882500482991e-01,-8.142498040311241247e-02,1.780497524387677777e-01,6.166465440353097183e-01,-3.628550212734305558e-01,1.022628644217349198e-01,-8.493470686607307307e-02,2.953309878518353693e-01,3.943291043828199283e-01,-9.158469724185810401e-01,-3.381383444895474377e-01,3.736519074385472733e-02,1.987062944269754883e-01,2.149642002050457246e-01,-2.748809702513394515e-01,2.704472603267701336e-01,4.481351957001052377e-01,-3.634467143389583654e-01,3.218744023010638444e-01,-1.191566906894771655e-01,1.353690429448293209e-01,-1.623260759421537025e-01,-2.338651137259842583e-01,-3.791425590990900041e-01,1.392741817098533674e-01,2.034069963654302204e-01,1.801632511894417366e-02,-1.923234618551708242e-01,6.302886350380261238e-01,-4.411196261554202191e-01,-2.494651197865351555e-01,3.725199797367689247e-01
1.878783763530617046e-01,1.943812236518837333e-01,-1.604759924985679487e-01,-1.816017988800091298e-01,-2.722524567015788266e-02,-1.513246172202029893e-01,1.041894501178951410e-01,5.894282874727742039e-01,2.262993868434573785e-01,6.760408399262466395e-01,-2.653718950131828680e-01,-4.981142681471513178e-01,-3.510522356002538369e-01,-4.744625902719563082e-01,3.649312317734512146e-01,2.310600531148873094e-01,-2.596730547931205280e-01,1.842663184166150325e-01,-2.216620819738855316e-02,4.727581331429886458e-01,-4.486229187328558687e-01,4.124417296656570087e-01,-2.080577310162557148e-01,4.568799446029999101e-01,1.602079677223275656e-01,3.012984711139181648e-01,2.654471970659613711e-01,-1.840304145477514863e-01,-5.805114864046682088e-01,3.120499911042580107e-02,-1.604901857632081152e-01,4.066960013539400731e-01,6.809903423012263479e-01,3.671636666013219918e-01,4.007111643083304808e-01,-1.514787461686852854e-01,1.285284142228096116e-01,-2.620210363224863004e-01,-3.749017571460314113e-01,-7.503357242841852681e-01,8.525067092096827448e-03,-2.259206868976151306e-01,4.408563889292216875e-01,-3.731623249855699903e-02,1.535625937909422534e-01,1.204547672776587336e-01,2.886574805431314505e-01,-2.251662119658961181e-01,-8.033169444704147955e-01,2.047357182903335737e-01,7.585713579015214425e-02,2.754447845233158332e-01,5.647910969233923550e-01,2.772312763029257110e-01,-5.510642747048043466e-01,-2.540118341219067474e-02,-1.892645536421014019e-01,3.545115036923212060e-01,-4.095039101048744690e-01,2.062586686603806729e-02
2.033475916565818664e-01,6.583827053822847164e-01,-6.021672077775944154e-02,-2.932101613465930567e-01,7.989447097900704842e-01,2.799186500377759956e-01,1.940369795378109607e-01,-3.080470717535679914e-01,-1.185684905238979653e-01,-9.951587820722690436e-02,-2.838765727615518153e-01,5.619258949810902459e-01,1.449126289793063183e-01,1.968432748071190508e-01,-5.874812941779762321e-01,3.159865886678658309e-01,-2.075228773023238826e-01,-2.621139133615812186e-03,-2.499016628405864859e-01,3.779494679758770292e-01,9.728592713860470184e-03,-1.184119379483828394e-01,-2.765800141680836988e-01,-1.205373409608630625e-01,1.622627030103788448e-01,3.956586324078965045e-01,6.716014265250368487e-01,4.441826779152868165e-01,6.216900233644562235e-01,-3.263140669618527778e-01,-1.132613956248263581e-01,5.282108150429029036e-01,-3.151542818439966864e-01,2.594256253202198437e-04,-6.190133534542126975e-02,4.517487584436478271e-02,-1.512825997665850075e-01,-2.691330328968761787e-01,-3.899402237076470823e-01,3.573953802875968755e-01,-2.729087134667654846e-01,5.784299709071191176e-01,3.529807706254802224e-01,-9.269786732383396288e-02,8.537925301672029399e-02,5.564740682176122499e-01,-1.899885224790855143e-01,-3.950858020728684750e-01,-2.656112972279485729e-01,4.698092209875664449e-01,1.757529214589391084e-02,2.062845877515410431e-01,-2.807181815674774095e-01,9.832755415133731525e-03,-1.500829092864444381e-01,4.249591267095566560e-01,-1.319351864108105066e-01,1.049835252379229394e-01,-2.176658073322973175e-01,4.373387556143651378e-01
1.826241189048014579e-01,5.483558863629094393e-01,6.342441638783294922e-01,-3.981373510419283779e-02,-2.877697877983458885e-01,-1.029948583712470694e-01,1.750016881779838662e-01,-7.961815139350082726e-02,-4.157969860493004322e-01,3.399144266162523187e-01,-2.840485009842884101e-01,5.154152326732454048e-01,4.883901375273288353e-02,-3.025585091621667000e-01,-8.421145905940181919e-02,1.510856004626650873e-01,-5.095428244885465974e-01,-3.760487069337352106e-01,2.446404296305435822e-01,-2.360870302377545416e-01,-8.983933503407056861e-03,3.025781953152990034e-01,3.573849558525119541e-01,1.380859301921528448e-01,-5.375293308681817761e-01,1.834963813944076871e-01,9.410927933142491930e-02,-4.612272464749526679e-01,1.751737406305962086e-01,-1.105313016502784684e-01,2.767975453528888699e-02,3.648119060284116255e-04,-4.130211750824157035e-01,2.924434486923348508e-01,-1.138262504204177600e-01,8.042661607848540228e-01,-1.398245816339815928e-01,-3.901924908882866139e-01,1.824512550832982083e-01,1.057778751303347330e-02,-2.015427952826398528e-01,2.700781838977852622e-01,1.663993269305285017e-01,-5.423664461150025096e-01,-3.793812544744127879e-01,-5.699350686298820801e-02,-4.149713463765309363e-01,-6.384575823044318088e-02,-5.451287895768212044e-01,-6.654480871712753487e-02,2.279137087025671915e-01,6.534319849838815530e-02,-1.458451102510788244e-01,1.302787681804943032e-01,-3.647172605282544833e-01,-6.763559952001581277e-02,4.250786973266286739e-01,1.055472990105536663e-01,-2.275171816067196318e-01,2.795988943003272498e-01
-2.094813805019520025e-01,-3.113920571869254750e-01,-5.036988018741282991e-01,1.100444923847399420e-01,1.422036993820580408e-01,-3.047098284177650607e-01,-2.510063538070362796e-02,-4.298515301593547888e-01,-6.845683140222229290e-02,6.044788775073989262e-02,9.682794546652150058e-02,1.987084026459281505e-01,6.596067762069672546e-02,5.654658187181660356e-02,-5.257547874958076184e-01,5.848838872099462183e-01,-9.124752113322243119e-02,9.863396657363654452e-02,-1.220458964107897781e-01,6.312454272231697583e-02,5.493725368111290752e-02,3.716646096645099817e-01,4.910105918801174751e-01,8.004660263647553689e-03,-3.113081497174911491e-02,-2.691550261132787392e-01,-4.526217168083594977e-01,5.281686075238709727e-02,6.135804018142341221e-01,4.169826951902155798e-01,-9.499106083604745565e-02,-3.393368685236992643e-01,-9.091245394378169031e-01,-7.195122445335938588e-01,-2.596058699925625768e-01,4.697986646272775402e-01,-4.180297025640358766e-01,1.265482949186120809e-01,-3.289176039516603089e-01,-1.668241734291047162e-01,4.346606406528179534e-01,2.504571263886781751e-01,6.262575974719465366e-01,-4.171210630376630951e-02,2.236211024145302317e-01,-1.359513586411641162e-01,5.013424388581699809e-01,-1.478807691369846411e-01,-1.369066246729247482e-02,2.467666357639020092e-02,-4.107751632858196167e-02,-1.286424989533354324e-01,1.137411447067202541e-01,1.219846386959951845e-01,1.570308338169782991e-01,6.614913171175414164e-02,3.866311474582802554e-01,3.225479947094695987e-01,-4.801304065233416574e-01,2.974557002534564121e-01
-3.624804005915183147e-01,7.505749760094792000e-01,7.480034940098923002e-01,-2.124724615951161244e-01,5.044977375847355949e-01,-2.181750510721070790e-01,5.562458629638552532e-01,7.119416909977572816e-01,-4.271546958388591775e-01,-4.076250334778129258e-01,-3.999781548913263207e-01,2.734929526397993360e-01,3.446498427685000809e-01,-9.909210815105173875e-02,1.852862220550864913e-01,-1.168832519504940243e-01,3.989463773124455881e-01,1.264088927826534092e-01,-4.005741621123266594e-01,1.752782325883777970e-01,1.017340254888448037e-01,-1.113358870764038638e-01,5.766567026267575002e-01,2.442609937738005332e-01,-2.741551482044350951e-01,-8.036787478251922190e-02,2.324567392490783924e-02,2.493237421179786972e-01,2.335877632302026663e-01,-1.758932415378780256e-01,-7.157232255801498910e-01,-7.559986501623430222e-01,2.626856311755434992e-01,6.048305023490829768e-01,1.241841759441038029e-01,2.251059254897886108e-01,1.963270354416012387e-01,4.119673379618778442e-01,3.082888336370030458e-01,-2.047183008893415923e-01,-2.244246811065096769e-01,-2.928033685915780171e-01,-3.130154508330853513e-01,4.366933896189302833e-01,-1.608253107170780002e-02,8.201996276003961084e-01,2.915183559211095843e-01,3.361451889790335046e-01,-4.450422713785731621e-01,2.108516337378327776e-01,-9.660622837314471190e-02,-8.435685168627048147e-02,-5.465110225917393233e-02,-6.654431730845851156e-01,1.194605041970611542e-01,-3.988774123826943629e-01,-2.529897712908529273e-01,5.234339977243426811e-02,2.238671430454681754e-01,-4.735307881291488941e-01
-3.909672466062041885e-01,-1.902037430130587292e-01,4.032085722289678320e-01,2.825584293728208851e-01,9.259079951013164667e-02,3.376284475065362556e-01,5.394982770295309038e-02,1.567635614278198863e-01,-1.385936943959431289e-01,4.159242048688028270e-01,2.176756005006119654e-01,6.962793826333985026e-01,-9.550429285598123486e-02,3.341864758539948022e-01,1.894561627375283483e-02,1.505331918992267592e-01,7.328145397911886016e-01,8.088164263605780724e-02,3.030317655917881825e-01,-6.238057686895873838e-02,-1.152708807370246141e-01,5.613277864903277736e-01,5.037356009397850887e-01,2.867608975616850464e-01,-6.178616922647651721e-01,-1.896642724380730727e-01,-3.872852464690829805e-02,3.789974831170269537e-02,3.749703849954393320e-01,3.507233606066166853e-01,4.532145418639597634e-01,-2.870007295881857323e-01,2.018220408821587986e-01,-5.143216849115173073e-02,-5.221124345743241024e-01,1.366862797092581183e-01,-5.124941051099707323e-02,2.944119005720145510e-01,6.720803711040090889e-01,6.976560738144970131e-01,3.928016626581080639e-01,1.643428604433821716e-01,-4.107567699970358643e-01,4.977867381931096458e-01,-2.314404211882339080e-01,4.687048482918738657e-01,1.330591762182103122e-01,2.395386497850903462e-01,-5.551835673171291452e-01,4.318963699103110093e-02,-3.087211064230887536e-01,-4.665995075072812415e-01,5.266634641481156009e-01,1.270158537254758302e-01,3.030035115610661967e-01,5.577884984649207345e-01,4.944731520889092402e-02,3.476563533630778191e-01,4.588169010845290496e-01,8.977538853177002842e-02
3.671368251911817371e-01,-4.564845688220029452e-01,-4.207202779802001746e-01,-2.115641131296751645e-02,1.254281761581808874e-01,1.902316775406382721e-01,-7.381184195422535455e-01,-1.715073463211720384e-01,-6.095965690064214515e-01,3.232697931542142800e-01,8.369536167543394078e-02,-1.455224277297268165e-01,-1.450533217099063965e-01,6.124649820215296962e-03,6.838499182694135481e-02,-2.112085160992472621e-01,-1.542368863406233005e-02,5.232843667641697838e-01,-2.048107536139588680e-01,4.759919270116717560e-01,2.512907027682657612e-01,-3.022842026662179715e-01,4.472937858189431348e-01,3.851895353761776164e-01,5.201325888544591075e-02,1.589901634731303581e-01,4.558594903587890879e-01,2.231419672523119735e-01,7.334619256932445319e-01,6.155820933857287791e-01,-4.345246849163226233e-01,1.636561301448793138e-01,2.542059312180856567e-01,4.709554649196303622e-01,-1.878412716693640683e-01,4.684374715994129024e-01,2.617307701003779297e-02,-1.878115606909900592e-01,-2.132610813561154617e-01,-3.265732568003416048e-01,-3.710866719166469596e-01,5.498385916307532012e-02,-8.163030278145478880e-01,7.618416709398077857e-02,3.445836350298432382e-01,7.692904953931795076e-02,3.560167392363089434e-03,-4.870735166656181003e-01,-6.094868915064525217e-01,-5.555470618708318042e-01,5.239085244486098997e-02,2.787953904148686157e-01,4.854830855473629136e-01,-1.410430436679178667e-01,5.692584139802480125e-01,-1.557187352414523551e-01,5.086292670596533755e-02,-3.121917231778293389e-01,-5.362622396257855639e-01,-9.283399125775716743e-02
5.258343930127469257e-01,-1.704491321279536786e-01,4.213190246877111522e-01,1.592940220189553169e-01,9.905490409713180178e-02,1.515905434409652031e-01,-2.816732738449539974e-03,8.048584274336594291e-01,6.034396109754757154e-01,-2.032967642817971876e-01,-7.169017051091421955e-01,3.243282927693673656e-01,4.983831181850022496e-01,-2.812294812720612658e-01,-1.867962511312959706e-01,-1.195241099450951583e-01,4.144501623884928598e-01,3.309435512045288963e-02,3.655093212061297780e-01,4.766951593850870528e-01,7.010953346906735328e-01,3.535465115425406868e-02,-1.629196957321325454e-02,-5.176336949273033783e-01,3.343578986338658493e-02,2.558899779810240860e-01,-3.994906434257878836e-01,6.949642995595288752e-01,-4.605238237703828119e-01,1.947486227401045988e-01,2.934123683554089035e-01,6.288049331863514169e-02,5.631617837067028759e-02,8.487171194516562878e-01,4.275658507297713240e-01,-1.583556913211821293e-01,1.701986204340029118e-01,-2.920869486882533561e-01,-9.634437619164488986e-02,4.151719561631320166e-01,2.592545949186185750e-01,-5.306851221635919963e-02,6.720701111981164377e-02,2.773738940981114731e-01,2.130434043948066236e-01,-1.352958261305462762e-01,-2.711332767804293109e-01,-2.274837394062160720e-02,-2.815133902910604280e-01,3.881153420461232878e-02,-2.073845019857253058e-01,-3.033658945792132022e-01,-3.452700988266989568e-01,-3.076305384866388423e-02,1.679805873757987678e-01,-3.809397982767883106e-01,-4.600341216800535871e-01,-1.144543242313667691e-01,-3.076372692689626764e-01,-3.288958264849038415e-01
-4.932573492772119317e-01,3.168236207849413066e-01,2.186911694550947027e-01,-2.429877078387064904e-01,1.492299088540631090e-03,-6.317262250802190282e-01,3.307489545029860256e-01,-7.102398904392313028e-01,-2.038341132201870742e-02,-3.483732844489182412e-01,7.581919019902058077e-01,-2.842939301515166051e-01,1.992081599339745601e-01,4.857796939596830121e-01,-6.050021772618037197e-01,2.224213169179827254e-01,-3.728527963593934041e-02,-2.356236883913602129e-02,-1.814701454635460343e-01,-2.283713455485026911e-01,1.713683301820231597e-01,-1.623942775024330987e-01,-6.546835589337478105e-03,4.224181081358727857e-02,-4.413254401195353949e-01,2.911741243357882092e-01,6.713413648620568663e-01,-7.175152748449945550e-01,-4.136218783859225145e-01,4.020756317479163844e-01,1.281255097391152953e-01,3.514406691995343723e-01,-2.871948781725294775e-01,-1.534055695752977455e-01,-8.638555410527901657e-01,-2.342189013522582852e-01,-1.905959944695971853e-01,-3.511408437383962272e-02,-3.752850332891643492e-01,-1.554868059817028081e-01,-2.796486166247586502e-01,-9.123537580328329455e-02,5.020770415216341265e-01,-9.608327963730123322e-03,-2.636140480747011794e-01,-2.793553745861609428e-01,-2.413288368907518799e-01,-4.575009748714363167e-01,-5.308529688432834792e-01,6.669425164807422091e-01,3.480089578410108242e-01,-1.950253805341800317e-01,5.810289052346041538e-01,-2.146780869173094131e-01,6.701598575321735529e-01,-9.423491416466971138e-02,4.628045347007087029e-03,-4.568428138901848290e-01,-1.971972890040775417e-01,-1.034973483995550031e-01
-1.575787196863003004e-01,-1.033521384755699962e-01,3.092804213586545781e-01,-5.028129427828075260e-01,2.186273076345017774e-01,-9.056404957043548976e-01,-3.173481103514328994e-01,4.782966434268951655e-02,-2.860398336659543683e-01,-6.526479525328549025e-01,6.162850176393787072e-01,-2.231302981776830674e-01,6.057978920190878330e-02,-4.432442876064257575e-02,-2.445740591902362537e-01,-3.064258052199764215e-01,-3.267146877479655820e-01,-4.258548897338565453e-02,-2.276844459017912659e-01,3.571389226164623509e-01,3.855032371794674950e-01,-8.379167478242020017e-01,-3.738144684715903332e-01,-3.889186651216292034e-02,6.029837050152685451e-01,2.108095947635853229e-01,-4.126989382041053034e-01,6.520603616898253962e-01,-2.160264411716799893e-01,5.724133353607643304e-01,-1.104856576563300469e-01,2.569233566383297140e-01,2.900590263616651954e-01,8.777014316034704722e-01,4.275470605050088468e-01,3.161615488383454076e-01,-7.831576302139150458e-01,3.922701338574561269e-01,-1.841058298148066374e-01,-2.552375121398189894e-01,-1.459347176693911452e-01,-2.822914269687932243e-01,6.791074977582555183e-01,-6.087015224044032419e-02,4.544621991543680850e-01,-8.186513244790971644e-03,-8.297609020878886354e-02,-6.419953353439221688e-01,9.952378807744866052e-02,-1.961145678479630783e-01,-1.591229362616418952e-01,-1.110925544762843553e-01,5.075728591327932637e-02,-5.275437322684118913e-01,-2.062712185363682893e-01,-6.966268443598977456e-02,1.968701568359202403e-01,2.391059140742425038e-01,-1.587143256634845068e-01,3.002039753891533880e-01
6.047526369722522332e-01,5.575351879459212734e-01,-1.780515933318645161e-01,3.122008324902669774e-01,-1.596566077773967640e-01,4.504466557281411876e-01,-3.593832504730101185e-01,-5.522728075082721233e-01,-4.380987906962896528e-01,3.622734802945591359e-01,-7.621847440018959807e-02,3.616164366599827762e-02,-3.056655405538394876e-01,2.474909326515387920e-01,-6.513804760557125040e-02,-2.887911948068206947e-01,-1.573138343060494215e-01,7.146140762309687033e-02,2.671954982533400469e-01,1.201032339694974166e-01,-3.069553308901528665e-01,-6.370602118481473175e-01,2.451301237761916996e-01,-3.535787033113386713e-01,-6.669007077603206213e-05,4.673022784096088067e-01,-8.055287125585394170e-01,-5.692926614538827979e-01,1.298940679176214807e-01,1.604375624138208445e-01,1.047428676476506136e-02,2.994462263667593827e-01,-1.329376470438324576e-01,-2.370792895173967629e-02,5.234742944844041901e-01,-4.762555143074154174e-01,3.011345101753528097e-01,-3.208875260009028119e-01,-4.004141516126178968e-01,6.303729523728280881e-01,1.878535613363896406e-01,1.294050341076760924e-01,6.121158547996304738e-02,-5.685671273060712849e-01,-2.818545408662472274e-01,-5.927355421867889218e-01,2.593427072957800728e-01,1.562258236170795678e-01,-6.068222140546599697e-01,5.961757093365486343e-02,2.872390638182745204e-01,4.375737958616768980e-02,5.472129565166568010e-01,-2.038699854231492206e-02,-2.503473227100156961e-01,3.683893600380810374e-01,-8.602485014566380039e-01,2.208208107437870937e-01,1.671718883958515922e-01,-3.530577637491282700e-02
3.486474828111316704e-01,-2.757060583137282417e-01,6.843722676907789682e-01,3.244175152032384157e-01,1.256447109442373478e-01,1.152272111798218757e-01,-7.896477087433757813e-02,-1.322614401241660465e-01,4.771312446208245128e-01,2.823417191806507076e-01,3.940115053377962195e-01,-1.447484349977191664e-01,-2.506217097675476624e-01,3.857356077423427371e-02,-3.856991519457487194e-01,2.486347816161137425e-01,7.520959852947402269e-02,-3.386824426662123685e-03,1.693193552122327084e-01,-3.824857060944686360e-02,-1.067852769970459720e-01,-1.449833636094238487e-01,-3.867481888779324417e-01,9.638854723853253204e-02,4.432385191518024570e-01,1.006374758083850990e-01,2.503844407964522234e-01,3.785705019616619205e-01,-6.575879802269622987e-01,-2.418427224834947820e-01,-6.151639769181216355e-01,3.443209201762004734e-01,2.137044945581515476e-01,-4.867935110697113044e-01,1.132019453642498646e-01,3.819120059037958009e-02,-2.772932433520332585e-01,-2.560802502054406737e-01,1.661056129972146300e-01,2.227609308176587699e-01,-1.860901082882927271e-01,-3.163637746320976940e-01,-1.573619755347894500e-01,8.039540928936184105e-02,-2.223071810411662019e-01,-2.202482778031550625e-01,2.398300330037080597e-01,3.052666634678053992e-01,-5.219995603146921903e-01,-6.908387523084643655e-01,-3.179012734614530822e-01,5.071048748335447165e-01,-3.991610606426749253e-01,3.445862043009791376e-01,-2.549707332558837636e-01,-5.207895373550847085e-01,-2.904392501919192404e-01,1.173321269120809057e-01,-1.494439720244244707e-01,-5.543831003037772570e-02
1.478568126966448570e-01,-3.835638873441998276e-01,3.812614532952432467e-01,3.143447532335346128e-01,-2.572827520209998720e-01,-8.898145707412774552e-02,-3.227451288605036606e-01,-2.265087061243138133e-01,2.512001731385928305e-01,-1.693215773715242289e-01,7.357667758124424029e-02,-5.461773084776520015e-01,2.981776241368445657e-01,2.730101916370509252e-01,1.807476099285036109e-01,6.212263821768587713e-01,-5.508495283777746776e-01,-3.119477320052713720e-01,2.689128310868214022e-01,5.878066283520694268e-01,-1.071598934837852957e-01,3.544076178563870805e-01,-6.407968847520875144e-01,5.943633808504289462e-01,2.517917353430522698e-01,-3.373555534972747516e-01,4.629931657487892233e-02,-3.904263020588055189e-01,-2.403817127117656716e-01,-7.267752704633169136e-01,-1.864262433145591480e-01,-1.584108944874561276e-01,8.581788695155694313e-01,1.087836484585406188e-01,3.804694985222095149e-01,4.416945036126556645e-01,1.548736215806462424e-01,-1.587331057071387219e-01,-3.669974406879147888e-01,5.036436153106625506e-03,1.737716891850877021e-01,-3.793620282056520132e-01,-3.654678829886924274e-01,6.741288851258144810e-01,-1.785144129972059124e-01,-1.674694557849504550e-01,5.382915073871735734e-01,6.752288272381434808e-02,3.552647131584485418e-02,5.433642256157058537e-01,-6.836062528897434154e-01,-1.838954415020488675e-01,-2.855384967543154735e-04,-4.860762375201669455e-02,4.237708781606777109e-01,1.659206485015110311e-01,3.550131045800218321e-01,-4.477318635658191631e-02,-2.803043870131829429e-01,-2.469054282261598510e-02
4.077584527195046160e-01,-4.978672861481132084e-01,2.559150534974577451e-01,1.637172063003061451e-01,4.896688335437179851e-01,3.232148163660013007e-01,1.395141373931374773e-01,3.505856023055261422e-02,-4.303482971567138549e-01,7.991358354121205210e-01,-1.141350911611984237e-01,-3.731664273389647679e-01,-2.650971439588101219e-02,-3.773827476765085481e-02,-2.601187596203539606e-02,-2.378785978119090094e-01,-4.014913872590499255e-01,1.767037328016409781e-01,-1.710607892326086177e-01,-4.640495242898790007e-01,1.033361580260108298e-01,2.668342474657517394e-01,-1.138293072231486569e-01,-2.006128640126856599e-01,-5.529771939676687564e-01,4.321852221853032527e-01,1.550084873116409634e-01,-3.797602560732926125e-01,4.687664403967174986e-01,1.334288298782066728e-01,-2.251616691017643834e-02,5.969358455596053270e-01,4.274638823330397241e-01,4.055477577033684278e-01,1.167176560275969416e-01,5.002798091660730639e-01,-6.893694369306162528e-01,-3.816353718979709764e-01,-1.210599478479616325e-01,2.481842850933199951e-01,-4.443977490455484625e-01,8.684467483333591087e-02,-5.765190178343724270e-01,1.868761158142901724e-01,1.914194385208485283e-01,2.898259646390743405e-01,2.413290971137362906e-01,-6.312220709301036292e-01,9.495512665800394381e-02,6.254235386110203188e-02,4.503922114547872363e-02,4.394788715604429075e-01,6.789547814249895508e-01,-2.069846577005397537e-01,3.373669476818577095e-01,-5.905328501459752855e-02,4.606459118829269173e-01,1.813710598406421404e-01,3.407712923777994618e-02,-4.013957730989505812e-01
-1.341390762587219010e-01,2.928986559798268940e-01,5.674199790188607651e-01,3.032866841811045489e-01,-1.288674601985336787e-01,1.895002589686764216e-01,1.791192975838074852e-01,-1.887558985044043014e-01,3.966259824671338197e-01,2.119257238330526649e-01,2.881945518512229465e-01,2.501256685658617696e-01,-3.500335802677876362e-01,4.358385927493418355e-01,-7.572960709981239706e-03,7.704679688744368697e-03,4.210965927913341567e-01,3.945292691601957197e-02,-6.173809050911263085e-01,3.513390638482369321e-01,4.387901466310128451e-01,-4.270361971281954605e-01,1.432192865941157300e-01,-7.889749497562178679e-03,-6.712883214812839228e-01,1.774311816573267697e-01,-2.558617387200189941e-01,-6.357198797245570965e-02,2.128842843728660783e-01,-4.545756519017103425e-01,1.822879335784094168e-01,2.113161127140038564e-01,6.459106702473245143e-01,-1.393509761622381549e-01,2.027315376605763053e-01,-8.547614528416346003e-02,3.279779171174274643e-01,-2.221917960119853264e-01,4.095618715770006912e-01,-4.447124684261963973e-02,5.524586371558196651e-01,-4.920976913757932891e-01,-1.561745156812807678e-01,2.615024478763013360e-01,4.321972767204682597e-01,-1.597608277115146747e-01,1.375383768079645741e-01,3.851145663069361902e-01,4.963359612211248328e-01,-6.054867870091967114e-02,2.313193243813327082e-01,4.904388678488411091e-01,5.656492003928329515e-01,-6.628094740484606895e-01,-2.182670799687470575e-01,-8.655938108031104028e-02,5.291973641094686043e-01,4.134879525710367099e-01,-4.121123678145082736e-01,-5.143661069842104805e-01
-2.023602655496804237e-01,9.620260649582580703e-02,-3.321845233100084727e-02,2.268224125157419502e-01,1.416041345432233756e-01,4.050342157078168914e-01,7.899123984776053042e-01,3.096173844241188397e-02,4.986866212861040815e-02,-1.284866089617140161e-01,-9.875100559122738930e-02,-1.667158736397695573e-01,-1.492349854904742312e-01,6.523516361891822379e-01,-1.117857398132110353e-01,-1.349404413487077237e-01,8.079810454969856004e-02,2.041769770676392926e-01,1.355960960159683648e-01,-5.496423486833338368e-01,-4.003602255129374288e-01,-2.727838355615415655e-01,5.785874499044568742e-01,1.689612862943853377e-01,5.202717932983458304e-02,-6.507748567777690285e-01,-8.221585684938297334e-01,4.586557836362485929e-01,2.328399868992124880e-02,4.531850526779064303e-01,7.316001214656503437e-01,-1.275666778459400297e-01,-2.119495388855125173e-01,1.753510646448679100e-01,-5.975916267161333062e-01,-5.776311049507123485e-01,4.741110105882025416e-01,2.895986201726826192e-01,-2.210162913097918069e-01,-1.315509348612529661e-01,2.846667659998563527e-01,-3.131772474238100346e-01,5.820898330093996487e-01,6.305570101534504479e-01,-5.139038843988760208e-01,-2.742904579040057467e-01,4.692455575846464222e-01,2.521696399072826389e-01,-6.145412851805270860e-01,-4.849757512404526821e-02,1.021851863699889005e-03,-5.701720323880214991e-01,1.775666276209043604e-01,9.183961730253724365e-02,-1.360938998597434335e-01,4.299846628931894288e-01,-2.949101398892738923e-01,-1.393370513107726194e-01,-3.839716323619730282e-02,2.164815294226159204e-01
2.781972879578508695e-01,2.949926086144209411e-02,-6.964241276176030837e-02,3.552475730992674802e-02,2.107421930574836788e-01,-4.387778896430520326e-01,-6.852708466566329037e-02,2.780557831176479477e-01,2.438032304704891018e-01,-5.154229652420992958e-01,-1.133249654174469344e-02,-2.402986716904053355e-01,-4.290058806456887308e-01,-1.096563354570789794e-01,-4.394072418250514755e-01,-2.240929979557989837e-01,-1.262973185549979560e-01,-4.036588195778412769e-01,-1.193819777324035547e-01,-3.313532235924251251e-02,1.515554961092798192e-01,1.394076841769369413e-01,-2.906580359305974137e-01,3.390362278637150673e-01,2.442451435617260247e-01,1.556406103821842413e-01,4.992612908001343303e-02,-1.841036918349955587e-01,4.806617070928069779e-01,1.377648189011393132e-01,4.483046562966519488e-01,7.708546414090933219e-01,-1.430630267210912521e-01,-6.612131492381729814e-01,6.725440817595229603e-02,2.946078761406002444e-01,-1.655085794188699000e-01,-3.775103824872137470e-01,1.515234624784483064e-01,-2.931261057378659607e-01,5.895083482180113466e-01,-4.212764214910143419e-03,-2.534541441376976789e-01,2.042661847292467636e-01,4.431323220444394195e-01,7.249150740746619637e-02,1.163300373662113224e-01,-1.506379931495573921e-01,-2.191370579401126228e-01,3.043514125742861065e-01,-2.121964085214401718e-01,-1.182428069948030826e-02,-2.305024192789336193e-02,-1.241704292434600149e-01,-3.665604648749041378e-02,-4.042958396574916624e-01,-1.086028462043547305e-01,2.382171751936977555e-01,-1.231180599414332527e-01,6.614269475001282039e-01
2.582675084114394726e-01,4.410081051169598698e-01,-2.516782543052161758e-01,2.091336613765195918e-01,5.910058609521162687e-01,1.002473007813092926e-01,-1.506026160522210000e-01,-2.215794350659747447e-01,-6.912764815154575082e-01,-1.741498597940427384e-01,-2.528287466786237614e-01,1.687991628059673788e-01,-7.845996328892945737e-02,-5.507719255360169486e-01,1.787043847678219111e-01,-5.084419672217134201e-01,-1.623518811913753079e-01,-5.282710621198797446e-02,-1.479028376481008600e-01,1.805738239553765501e-01,-6.771099629982303414e-01,3.285753505386207474e-01,-1.864222287565073799e-01,3.722065967958532173e-02,3.462647616810018980e-01,1.439592295021187296e-01,2.671973560140358805e-01,3.292040215236868295e-01,-5.047519662033539412e-02,-3.730365051366278384e-01,-5.474633655018924516e-01,-2.175858363381162341e-01,1.962990231178976808e-01,-5.905841004901919433e-01,-2.593178629999179918e-01,-3.036185553490689526e-01,3.682964696785902964e-02,-7.820303390891152062e-02,3.797396558720092519e-01,-2.468285945154424788e-02,2.518558267628775993e-01,-4.971902261845093790e-02,-1.096507559907069912e-01,-5.633937791351705249e-01,-2.238071383037794695e-02,-7.968379463027895626e-02,1.444049884003359152e-01,1.949242776151861867e-01,8.435357604011520793e-01,-3.578696047076863063e-01,4.857412925509933532e-01,-1.745462062185844376e-01,7.796711202931212725e-02,6.892656327830715135e-01,-8.515312048771887798e-02,1.118334043978175263e-02,6.032126153911836035e-03,-1.063315118384464131e-01,1.604229221985542242e-01,1.784641149527778081e-01
7.689819179396285842e-02,-3.950966464475501039e-01,-2.967899379191438203e-01,1.881514608484484707e-01,-3.405673313736241187e-02,2.478650772264779645e-01,-3.953995379900581142e-01,-1.504042563669707733e-01,-7.642921336768057627e-02,2.848206951589855040e-01,-3.319921269978018952e-01,2.492184396806683411e-01,-2.483073439545696315e-01,-5.384014072736839074e-01,2.034573436482605413e-01,1.967668792799833477e-01,-2.419038444517144504e-01,-3.242109902549797362e-01,-1.676339535133884728e-01,-7.159718792800758014e-02,-3.736885740415361035e-01,4.012715423505798795e-01,1.318373500775834282e-02,-3.095692375020377418e-01,5.747253542923380643e-01,-8.474347677755900143e-02,-6.049799369334615262e-01,4.710859291215909739e-01,-1.224772252817548229e-01,2.214064765790753897e-01,6.439133958229260601e-01,-1.254954190004586023e-01,-8.206742368236744634e-01,-1.158994639501360197e-01,-6.849450387904917337e-01,1.942025106358246378e-01,8.526406759527033197e-01,6.089628553744192985e-01,-3.318820698058780327e-01,2.438172340293025264e-01,2.638250305257333617e-02,-1.351452416092639719e-01,-1.572153310616238864e-01,-2.385026246812887718e-01,-8.658517166432438961e-02,-1.653733259570674685e-01,-5.918399541339347536e-02,7.065234949215662974e-01,3.608762121724493066e-01,-2.177639361580145927e-01,-4.734266746290805017e-01,-4.173779245241928115e-01,-1.231026220143275479e-01,6.373033236879331875e-01,-6.936621537999175802e-01,-8.039301109689400704e-02,3.580434011945829442e-01,-3.816807488321496411e-01,-1.810399158602161440e-01,-1.649041899539152867e-01
-3.761040912557969129e-01,-1.196384562268868468e-01,6.052311187223021610e-02,8.689262553672516542e-02,5.369836050328246069e-01,5.256271763248508977e-01,-6.006370993995141516e-02,-1.899258684550105825e-01,3.036477949223721495e-01,-6.420063414111910616e-01,-7.634210753847000541e-01,2.141245622556971762e-01,-8.673324865683023077e-01,3.162575356494464196e-01,6.158069348500846418e-01,-2.166158905450209227e-01,-6.384457088700079552e-01,1.597467302006327916e-02,-6.880630816924607762e-01,-7.397391821456041072e-02,5.657853146838642822e-03,3.525586500835440895e-01,7.086699424818566628e-01,-2.862082134475499862e-01,3.275255005777674144e-01,-3.961013362936038340e-01,-5.286889232867145738e-01,2.719994939418513002e-01,5.611225302434628276e-02,-1.179897616824077122e-01,-7.877268354984734433e-02,2.477151043754642623e-01,-1.827012859281179624e-01,2.829289225706907440e-01,3.680271915975855818e-02,-7.767427030679048550e-02,2.367108878143010797e-01,2.851587513733929158e-01,7.853964874116462491e-01,4.695204206316113127e-01,6.898002018530674517e-02,1.158087777533198387e-01,-4.302306727010689058e-01,-1.036369146334849695e-01,-5.091741956694114529e-02,-1.181280165174931618e-01,3.785704488717156480e-01,2.882556007302409795e-01,-3.724910615778309064e-01,-1.986327601398908127e-01,1.945253105850493561e-02,-1.094004916191440718e-01,-6.469553339138806036e-01,-3.031698642082210956e-03,-7.717836738930028417e-01,-2.871635045136811115e-01,-1.209944454903359584e-01,6.355160891941950829e-02,4.500272092990003636e-01,-1.322245049872461387e-01
-2.780300845629741779e-01,-6.766524734953714981e-01,7.270688080876726300e-02,-1.403625537824089962e-02,2.482003511292928122e-01,-1.295434142481614349e-02,1.160106988444241233e-01,-4.445115157631754355e-01,-4.126076393144713639e-01,-1.424304015651334243e-01,5.933788513522738617e-01,-5.342706028936050622e-02,2.031956994225649626e-01,2.281848510161218202e-01,-5.064559673460408140e-01,4.937847185256794558e-01,4.504394547243253388e-01,-1.741725793004378353e-01,-1.401160323924858543e-02,8.122884871394592254e-01,4.037437040993317461e-01,-6.344166983484544886e-02,2.285052574268405801e-01,-2.523613149101068889e-02,6.870759198185651118e-02,-4.856685429670171694e-01,-6.105324123263050629e-01,-4.163302331143681201e-01,-2.579779233922625536e-01,-5.214000703737032838e-01,2.807041559067251502e-01,-6.903922302024296798e-01,5.031594093356962505e-01,5.411044898162409300e-01,4.579281026137129729e-01,-2.348316333292029545e-01,4.718801970047422079e-01,2.474694068386740220e-03,-2.890755145344857668e-01,3.173888147278562943e-01,4.764810289899246154e-02,-2.870727278011498407e-01,-6.514075153714575517e-02,-5.802193201797920530e-01,1.292271474698322986e-01,1.655964767381729874e-01,3.355802142060502757e-01,9.404807000040164844e-02,-2.533159007901442106e-01,-3.854528213346188337e-01,-3.383436853813681089e-01,6.553883844589793173e-02,-6.242019061713418443e-02,-3.549070901546406698e-01,-7.198657592774244662e-01,-5.500598206354212483e-01,5.526514721890648518e-01,-1.625929004446710624e-01,-3.559054583970664570e-02,-1.904190625332284892e-01
