-6.390512144325931343e-02,4.749307651134067054e-01,6.335157616768323507e-02,-3.177046911577596222e-01,1.177299217957955141e-01,-2.116112862485449442e-01,-1.827336015244597489e-01,-1.395849064545548190e-01,3.708431709357800088e-01,-6.302337179105277354e-01,-4.802663215939904084e-01,1.615804488377770853e-01,-8.999175906127580837e-02,3.090404324275859982e-01,-6.054243281791125281e-02,3.962075638230795893e-01,2.724239923759507742e-01,-1.122340091031433645e-01,-1.995936507640751201e-01,3.361234725896548592e-01,-3.268916801952087559e-01,-1.254039343569030296e-01,8.222937709814341634e-02,-4.993737826320809176e-02,5.149831908045257034e-01,5.246083206797698129e-01,4.554291101221896731e-01,8.678436854990877469e-01,8.138460338993751542e-01,-3.254975473515079876e-01,1.184718049315797717e-01,-8.693002992370694182e-01,-8.773814706631428706e-01,-8.721910985789534942e-01,-5.467677439002437412e-01,-3.667919490388547588e-01,-2.994914941093787530e-01,3.577759986486620664e-02,3.293500298322596387e-01,-8.584749408892271560e-01,2.000639262845857191e-01,4.051817725692874461e-01,-1.762807072589340773e-01,5.148242715164100813e-01,7.646202252216918183e-01,-8.567723638407294395e-02,-6.194304057903302629e-01,-6.898725826162199759e-02,1.061782331417325392e-01,-4.731859446285986981e-01,4.927217655089866644e-01,4.618863155405504295e-01,-5.300440520069913397e-01,-1.560537715451615348e-02,2.807577822380682986e-01,1.642183014548309894e-01,1.096933917610302539e-01,3.039349654381739985e-01,1.238257917109057971e-01,6.186207821256114320e-02
4.967727873360784918e-01,-3.472736711712851032e-01,5.665174238471690910e-02,-1.520116323493656552e-01,5.043574585901696578e-02,-3.320209970008062839e-01,-3.501045554281669858e-01,-1.249627545996333938e-01,3.864606613368634647e-01,4.157168587171299889e-01,1.388598269139729169e-03,1.437451625895199425e-01,5.658824320084211434e-01,-1.349996927800362900e-01,-6.592291928178838356e-01,2.692192656018007127e-02,-1.353794737201970133e-01,-1.875104656067517750e-01,5.506108802759805965e-01,-1.413153403096018834e-01,-4.272013636043689999e-01,6.251137968363728037e-01,1.783126118443293384e-01,-4.011409797555649526e-01,-6.490527835030664161e-02,5.943958814361760545e-01,3.514374722692696351e-01,9.144203172492951781e-01,4.250914825792627139e-01,-2.239355348373751886e-01,3.649557705618262093e-01,-7.009156263515442520e-01,-9.544202829966240698e-01,-7.464195140491790559e-01,-3.930667820104356558e-01,6.113464016621322772e-01,-3.060965905196980641e-01,-2.352435376743851891e-01,-3.718012058220962479e-01,-2.381119255252973910e-01,-6.296549234582778098e-02,-5.846948346969732535e-02,3.213369880003867363e-01,4.504515286795081619e-01,2.748812236590401636e-01,2.985370467232915659e-01,3.864272370793676026e-01,1.192853790330155039e-01,-3.444971012298416180e-01,6.326360627678345727e-01,3.426684074329893748e-01,-1.804252418018111037e-01,8.661954561663026686e-02,-7.450243124025691666e-01,2.179067392660123115e-01,2.758772875088851273e-01,5.924334022700530333e-01,2.565972952960175468e-01,-1.806952051959376526e-01,5.921007896154578676e-01
3.529285515249185323e-01,-8.855088949031571233e-02,-2.276077083752581220e-01,5.672219051240275922e-01,-9.490577913490555462e-02,-4.503495645833322514e-01,-6.038698241901500202e-02,2.205042199971551931e-02,7.730774995171110775e-02,-3.610127521517508264e-01,-5.182453550473904436e-01,-4.502156899776473264e-01,9.532845845169229948e-02,2.401969727425019574e-01,-4.069619029784472541e-01,3.603860664529373592e-02,-4.559858809696082371e-01,-6.320311494531071217e-01,4.248677607913453613e-01,-4.373721822669562886e-02,-5.493320824501172206e-01,-4.535892103649353246e-01,2.292449377342616404e-02,4.633311565874229099e-01,-1.337903575358158348e-01,7.208446772527047353e-01,8.641206102083686114e-01,8.144347797029158897e-01,1.226613262928909071e-01,-2.960838711850902749e-01,7.424183027186946893e-01,-2.701258997447140708e-01,-6.290307270265106387e-01,-7.910597435648204501e-01,-3.251315413742419946e-01,1.806246691901799428e-01,-2.555096019302069421e-01,1.697480820954792302e-01,-1.579614547401300972e-01,-3.991490077478033194e-01,-4.550829104237051337e-01,3.123285524523048903e-02,3.445340217135479666e-01,-4.901839356095002292e-02,1.332814229816361717e-01,1.882304537744837122e-02,3.754764825080793567e-01,-4.919182066517049923e-01,6.538154358335942495e-01,-1.319388532929097746e-01,-2.737527028609016422e-01,-8.840692960720699864e-03,2.761934153342522347e-01,6.287286578248404423e-01,-4.812538221176300701e-01,-2.864927269980825295e-02,-3.811609243195594049e-02,3.759994062424681371e-01,1.435344731404300800e-01,6.240728955276905049e-02
1.521843349036312854e-01,1.508089816326781407e-01,-2.173903057584631038e-01,4.261566062669215789e-03,-3.256586858839211618e-01,2.814374706301006612e-01,-1.343473790460224249e-01,-9.630009472995008923e-02,-3.647202600780494741e-01,4.731134341899640577e-02,-4.364932051260181911e-01,2.820834589743951848e-01,6.237269773058212730e-02,4.775046392353896607e-01,3.525620142868644002e-01,3.154928600765018465e-01,1.873597865956986297e-01,-8.050376756151953472e-01,3.097460542492411206e-01,-1.286295026992210488e-01,-6.300528848646886892e-01,-3.348814531637946956e-01,3.811597580838961830e-01,-1.897470921455990389e-02,-1.679075397363147537e-01,5.191897778789412721e-01,7.453707274135384919e-01,5.063201323783578234e-01,-2.855839319672275334e-01,-4.141409033820349639e-01,8.462465579331627241e-01,-7.729598567402425893e-04,-7.452798907596086542e-01,-7.081873391403479268e-01,-2.349882403927522623e-01,-2.219664945968227165e-01,1.600282822964778752e-03,2.504135650711161731e-01,-1.937457100069952809e-01,1.880236540365602671e-01,-4.866675277667797950e-01,2.318779199814761383e-01,4.329448723620049067e-01,-4.758165008931520279e-01,1.557931555267131341e-01,3.295071734703979849e-01,-2.420201344423308087e-01,-7.619457605559909474e-02,3.616317616753088049e-01,3.876632069755911458e-01,-4.164523585865676503e-01,1.412596988162069522e-01,2.341587574756185119e-01,-8.193123587973341962e-03,-6.757420668692883103e-02,2.187141233853186206e-01,1.916282898244003885e-01,-6.048004018035715301e-01,-5.042391654638135323e-01,-3.426663665210276655e-01
2.770562254628905485e-02,-7.054690054904524388e-01,-3.206380491092198359e-01,-1.452461805636408310e-01,7.966406148196917289e-04,-3.162759354235699649e-01,-1.337432311764631399e-01,-8.533047519717099419e-03,8.625491982907844413e-02,1.196780758426616714e-01,-4.716902230428070553e-01,2.602583294933524805e-01,1.270126207293937048e-01,-2.041778388853685289e-01,1.510018454616467720e-01,4.764934558176045498e-01,1.689959797123922469e-01,-5.346396712857981459e-02,5.142713846741989725e-01,2.560311539609584908e-01,2.943570885695443451e-01,-5.015558599766253289e-01,3.436870600536471865e-01,-2.904085816162172429e-01,3.564180035768214627e-01,7.174924655805835216e-02,1.951392086091146283e-01,6.499701077892977574e-01,-2.151551122453045917e-01,-1.636497470521589837e-01,4.857720994195628417e-01,3.858676116726191818e-01,-6.368180120235762409e-01,-2.176760810441067118e-01,-4.126960750959463020e-01,-4.979275022189213473e-01,1.676337460416039704e-01,-1.229422979775282448e-01,2.261665329545133607e-01,-1.090984466930311481e-01,6.629033821385828251e-02,-4.541513985132999975e-03,1.284774383190684655e-01,7.211910809024293378e-01,-2.029031149722683447e-01,-2.223730187228201149e-02,-1.862166858885589693e-01,5.220566888806988937e-01,-2.135092000400705403e-01,-5.925052685901984612e-02,1.437072230999887068e-01,3.223404975308725162e-01,-1.201548344381712236e-01,-5.940605455943922392e-02,4.838808972217489845e-02,6.968519085680935365e-02,2.649435954177317143e-01,1.982554757138999257e-01,-1.679420006988562586e-01,3.128556697289155974e-01
-2.894605705765137052e-02,3.861785922765965107e-01,-1.538837987656376527e-01,1.001996151912786237e-01,-4.294273539408854923e-02,-5.089875156339177531e-01,-2.065021643145406871e-01,-6.244904085224898260e-01,-1.765929452392867027e-01,2.659764923938769399e-01,-2.097030145751662203e-02,3.333140405981588894e-01,-1.447696384914781420e-01,-2.642960165594667177e-01,1.808989556582400182e-01,2.113150315594771456e-01,-6.628143407009012833e-02,-8.314627803365473580e-02,-4.430560453013157596e-01,-3.022434315960328965e-01,-3.667129540390029474e-02,-5.614813009188983628e-01,1.008531262331990169e-01,-3.391824820901563897e-01,-4.328242866057260135e-02,-6.091659958630274430e-01,4.623204840398509874e-01,4.478208308887799416e-01,-2.732288477679962746e-01,-3.340125011242218167e-01,3.620121066200070459e-01,3.358504372242240854e-01,-2.682581336497257829e-01,1.454911015049868694e-01,8.896448785411004145e-02,1.467204538167168025e-02,-8.455615421866087555e-02,-5.987308811508149642e-01,-2.303273376783994755e-02,-9.459834421707465904e-04,1.424016118786464724e-01,4.508641350367220135e-01,3.594432408777825105e-01,7.562493456270340253e-02,4.814238253116157051e-01,-1.239794960359942994e-01,1.537481002697907995e-01,-1.187617665993403876e-01,5.731590209119469259e-01,2.158003174740265317e-01,2.120298653215787477e-01,-5.783515436456360126e-01,3.364362859316188392e-01,-5.331618262468803410e-02,7.023206542827424570e-02,7.735146401360137869e-02,-2.120335496306771095e-01,-1.721193691938571468e-01,5.818004093198595461e-01,2.539442608324907202e-01
8.471862359998509617e-02,-4.059237223982991583e-01,2.725396946272204968e-01,-4.251612219244274016e-01,4.504396253163391872e-01,7.760676687471566026e-01,-6.348109118802815198e-02,3.273889315973642078e-01,-6.553216924937058652e-01,3.830128921863127922e-01,-4.323969323143528332e-02,-3.829707792388026277e-02,1.384897389221101671e-01,6.637185223849771942e-01,-3.219478211799230993e-01,3.063935429015568479e-01,-2.195732713850832851e-01,3.865428460594613758e-01,1.029628977837420689e-01,-8.523862809713571298e-02,3.109641984525102210e-02,2.252026778453621869e-01,4.114043855654427317e-01,3.106502223369663196e-01,-2.322069740583911912e-01,3.795888752703646118e-01,6.361044430605603539e-01,1.126025661101450748e-01,-1.972576251328184427e-01,2.387577774472666448e-01,2.208013006176938464e-01,2.456152427266230787e-01,-2.125936167707989100e-01,-5.482286870680219693e-01,-2.279476392392949524e-01,2.031127770496710394e-01,-1.522753442221297659e-01,-1.087257319343277601e-01,4.738069389707191131e-02,1.428970974477555000e-01,-5.283435032780152245e-03,6.956710179903705660e-01,2.592135563270035470e-01,3.511448200221549687e-01,-1.644424870437026162e-02,-1.922420460288762623e-01,-4.695670336190558292e-01,-4.558672519285730806e-01,-2.838312019068375824e-01,-3.860153518833427388e-01,3.471911642295955613e-01,2.897617339080733045e-01,-5.802497952164857864e-01,6.375012852426531484e-02,4.456993633095008289e-01,6.542202097724075793e-01,-4.545423406688908763e-01,4.870730581921451918e-01,-6.252907056664496199e-01,1.797475113443685879e-01
3.492164710707353764e-02,7.322010738965532006e-01,3.224250072155618319e-01,1.947026838824027217e-01,-2.398058631986944855e-01,-1.061715089325931255e-01,1.936094835324846108e-01,1.411320794987433978e-02,-3.132484491864241383e-01,-5.982773348798059443e-02,2.766492096196119729e-02,2.944969025060850121e-01,2.913139981253474176e-01,-4.855082590829085804e-02,4.229086114852028018e-03,7.322032563539555838e-02,5.698951579554197844e-01,3.381718468554895107e-01,-1.255939947728667849e-01,-1.241345762589288193e-01,-4.332210033448584130e-01,6.998359931740113504e-01,4.310182203511616628e-01,-2.131909112693562702e-01,2.907177730542049310e-01,4.024973960821083829e-01,4.671091011561354089e-01,1.250765426246151259e-02,-6.855686900842220544e-01,-5.763101630998611613e-01,7.632559958222385754e-01,-2.842548934967471450e-02,3.513088842591772371e-02,-2.691813558782206739e-01,2.947884109543152942e-02,-9.364380625482882081e-02,5.982616851835188543e-01,2.079562469219064791e-01,-1.506263034143934532e-01,6.394770496722629316e-01,1.101337738880522471e-01,-1.886633796612431357e-01,6.900511800246934835e-02,-7.612726244118590557e-01,2.284741920847734586e-01,1.535462264512586772e-01,2.585220080272097043e-01,-9.319145532316636116e-02,-5.755102046412478023e-01,-2.204656448636071187e-01,-5.110945227501123567e-01,4.524083254410387056e-01,7.919088660540823943e-02,-1.832672254414210167e-01,-2.836541623519327482e-01,-1.756177962620470989e-01,-2.094372009565376447e-01,-1.215326882728868102e-01,-4.296563858012287795e-01,-5.822235463269552769e-01
1.375444953422807169e-02,-8.053101217494674779e-01,-1.142127484485296746e-01,7.823938088838615634e-01,2.683195256237876913e-01,2.587210150403709830e-01,1.222220285047286442e-01,8.714539945357998585e-01,-5.146990046016295395e-01,2.266537898407685603e-01,4.817411286100469620e-02,5.623274466747255756e-02,8.460565140829601205e-02,5.903918201800608667e-01,5.908550419995951541e-01,4.423735304665086382e-02,-6.255283610881647860e-01,-4.916386111891883348e-01,4.104584811911644038e-01,-1.877135767931465971e-01,2.129417483318750970e-01,2.908291228670042972e-01,1.579739633439506893e-02,7.078137417463136183e-01,-3.730155657982383577e-01,2.355363518998567773e-01,1.568489569740566525e-02,3.957779566127555548e-01,-3.771620958728461037e-01,-3.367234994718632524e-01,3.722867113519183202e-01,-5.067327913076626750e-02,-3.109755403232285498e-01,-2.895906764622576124e-01,-1.865107130212668718e-01,2.249044920686954496e-02,-5.110844714761103580e-01,3.545396004559580594e-01,-1.113126272605504362e-02,1.376359536011705631e-01,1.693221161804402686e-01,-1.641683006727455707e-01,-5.753638103799083581e-01,-5.771238799050640855e-01,4.085039827487026987e-01,5.518806425986886449e-02,4.703397686890933849e-02,-4.407381587577692827e-01,-2.855930910362464159e-01,-4.250549299248141399e-01,-2.688957702418366333e-02,1.251814621249383030e-01,2.790979798048250429e-02,4.394148972010952781e-02,5.219674042893523991e-01,-3.439108571332659126e-01,7.327139282946152354e-01,3.179300357705949764e-02,-9.848316984543670216e-02,-3.025503345954770260e-02
2.119194487826321360e-01,-2.967509008753752009e-01,-3.546286681597843327e-03,3.712343852499056518e-01,1.655418727933793965e-01,-2.287134247958145516e-01,3.107766311991316255e-01,2.246494842785678181e-01,-2.791386317883841617e-01,2.980452601309571126e-01,-2.398782754881836066e-01,-4.238410651084700276e-01,-6.198935324828479532e-01,-1.419782912230813376e-01,3.883746898081192889e-01,-4.050932183970272771e-01,-7.709334846755521164e-01,-1.409383055151053610e-01,4.813426241958251861e-01,-2.849191840176674151e-01,-7.851840596541674877e-01,-4.873812749114049825e-01,-4.297853701678446270e-01,5.478336362156183137e-01,1.456104882967237078e-02,1.741490230380133841e-01,2.131654270617583391e-01,4.508985269822562980e-02,1.035948306025909621e-01,6.529295278218381904e-02,5.994094923476162018e-01,4.671518938233391594e-01,-9.556020485861993485e-02,-1.786590696320433935e-01,3.745006464760116671e-01,1.270633011384470212e-01,4.375865482160338354e-02,8.350810490999419633e-01,-3.928646817646206379e-01,-8.462410021380874225e-02,3.889641261681880402e-01,-6.553048207034648520e-01,-2.070902849676477253e-01,8.067798715449044089e-02,-7.890449418437782692e-01,3.918594358511853781e-01,3.954944300509497662e-02,4.839044452836005483e-01,6.403978315736811311e-01,2.273872573474418693e-02,-3.687633340041007735e-01,2.780136041452501705e-01,-5.287818969795426982e-01,5.620928444240107513e-01,-7.684965619721350061e-01,2.353955934960432206e-01,-8.188660060271443220e-01,-2.942731782210681324e-01,-6.904995189016549517e-04,-2.007913028053170124e-01
3.934414072148886277e-01,-5.071117411033200240e-01,-7.513232687183659664e-01,2.820490404817999619e-01,-3.793742187985300052e-01,-4.929004660476737354e-01,3.171104154864397007e-01,2.348710494098864565e-01,1.544784831664140247e-02,-3.032358845897715205e-01,1.294490298819696850e-01,1.605580650709862167e-01,1.349693180974236018e-01,1.213882312517589740e-01,1.696929734229998266e-01,5.042695072718575977e-01,-2.053708663686095726e-01,-8.279914572806630346e-01,1.031755965572573180e-01,-9.538416229393593959e-02,-2.672612497753935057e-01,-7.486420255553604131e-01,1.436803963618013269e-01,-2.312409067202235088e-02,2.040508908998235338e-01,4.451836188275619666e-01,1.722261770647566526e-01,4.591909463839855543e-01,-4.453055839659358917e-01,8.301539992613088392e-02,6.523795167350701085e-01,7.396937831768264637e-02,2.742452769774583743e-01,-1.276771294621570352e-01,1.396413820378075432e-01,-4.553679566107966536e-01,7.332232906232222236e-01,4.491506995335821650e-01,6.977331998791119760e-01,1.711558260878167162e-02,3.169198440447275611e-01,-3.588525632803026277e-01,2.805341022746318247e-01,2.636631796702650424e-02,-3.347330854215607165e-01,7.313461555704053874e-01,6.258938382041824566e-02,-4.617770664246934609e-01,-7.519868193209104656e-02,4.327739264370600303e-01,-8.353871155395638237e-02,-4.713368736812149629e-01,7.309542247444529295e-01,-1.294396846861450012e-01,6.894783616925648229e-02,1.778638833984394763e-01,3.809677646801083034e-02,-7.073626961380097278e-01,3.925399934612153197e-01,-3.762509448640771748e-01
-4.797333190195355451e-02,3.257282287708896384e-01,-4.382614962605405756e-02,-3.965870226857619585e-01,-1.387677238040138372e-01,-2.415829076307540457e-01,-9.040088166736671982e-02,4.454430443839452192e-02,-1.644022715233567078e-01,9.062039942470950793e-02,-3.522760924646804459e-01,4.562105178308088066e-02,-4.833811880062084398e-01,-3.598705399577032532e-02,1.808507264897025735e-01,-5.580151718950552286e-01,-2.247961206477135099e-01,1.912578874911118609e-01,8.294092564993524874e-01,-3.426021109531111192e-02,1.295304353453960167e-01,-4.944700399411502273e-02,-1.594905632680658769e-01,-1.443677153482994802e-01,-9.072874218003440516e-01,-2.970066287378146930e-01,3.175777274721328872e-03,-1.529326370862860995e-01,-1.122320044123547265e-02,-6.493938561461248815e-01,7.046364978124565193e-01,3.454246695496188679e-01,3.030913614718291349e-01,-3.368365794332253138e-01,-1.197333452387288055e-01,3.407193525449618288e-01,7.752227578460643143e-01,-1.934056944666776301e-01,2.410768231776450055e-01,3.856079278160375878e-01,2.691248109283646550e-01,2.403610018571986362e-01,-2.530626807266435074e-01,-4.678821067628309294e-01,5.883332289766144418e-01,-3.472219067750767496e-01,3.677700562577082555e-01,4.897790419923068739e-01,6.242832817107794030e-01,-1.820570631981247300e-01,-7.675982168629863489e-02,1.451500628191689235e-01,-2.063963350305197120e-01,-2.180022323061596434e-01,1.328848407876746240e-01,-3.306519312848485992e-01,2.560294312533532568e-01,1.920399377203470814e-01,-3.497739091796943089e-01,1.587695046848870348e-02
-1.734820595752085415e-01,-2.166928794361139554e-01,5.875739709337207510e-03,-4.459672767604565546e-01,-2.383948702678158893e-01,-8.777191390164079676e-02,-8.377325047004881009e-01,-9.679188765294655106e-02,-5.701872599521337071e-01,-6.784749952566011821e-02,4.618815406477967955e-01,-3.781801068310257086e-01,-2.457430459389875477e-01,1.268004690689518987e-01,7.355064478438705367e-02,-1.028817243278573185e-01,3.289902331144153869e-01,-7.644663525919258573e-01,3.413155809704069288e-01,3.343040055411607980e-01,5.448365122756507750e-01,2.020156869745219630e-01,2.717088594923774969e-01,-1.446984084735714327e-01,4.205374852397223973e-01,2.931737104362066026e-01,-2.186411204693183841e-02,-2.520913592065994191e-01,1.739796878626634069e-01,-4.265736174873818037e-02,8.027868578442010072e-02,-3.289617534383675324e-01,1.340608182414048111e-01,-2.568631075317269821e-02,6.359587860267661152e-02,3.874780376438873852e-01,-8.732106154256658037e-02,4.707101575677500455e-02,1.087875220796136189e-01,-3.131395472223552079e-01,3.718182552907403071e-01,2.253600866671285063e-01,-7.093816207090153370e-01,6.812708855801008490e-02,-1.444653358014101052e-01,1.172270747426901877e-01,-1.919585772251454214e-01,4.447709554067449389e-01,-7.822986266723642723e-01,6.631953422775745122e-02,4.022055642469319903e-01,-2.744585524290225290e-03,2.892824827754857941e-01,-2.128282265117480698e-01,-3.053240832890784517e-01,-1.613245649090280509e-01,-1.125282180093489098e-01,-1.567568218782748046e-01,2.562482589960080603e-01,2.899699724220116126e-01
-3.284248972688321166e-01,-4.839453207378098809e-01,-3.369720953147661846e-01,2.355276122970377806e-01,-5.056778926173141064e-01,-1.074485238542189497e-01,-7.304916144796309851e-02,2.828061393414316171e-01,3.739358607096092135e-01,1.256895114066913788e-01,4.561876321326424066e-01,4.475488877766310991e-01,-5.986559986498337649e-01,-1.182101471549506372e-01,-1.762701421393587653e-01,2.555558510236245473e-01,9.108195354751820461e-02,2.230530346244652684e-01,3.587711394479014410e-02,-1.733993891474615301e-01,1.686917290723629614e-01,-5.736617647162398637e-01,-1.432739306800205059e-01,3.074535519454175136e-01,-3.494981920599380398e-01,-2.122065279497903079e-01,-5.718644833799041427e-02,8.419706039495715444e-02,2.690825615223216283e-01,-1.786893298264827512e-01,-3.138585963877063567e-01,7.313571218641018445e-02,-4.415880602931243071e-01,3.174442147353299659e-01,5.604185256237445012e-01,8.966345668049983952e-02,-7.624292141070516671e-01,3.839876617945321424e-01,-6.064594215040081115e-01,-2.629763871183713464e-01,-6.960272774769350468e-01,-2.715771002498605299e-02,3.479225771343304879e-02,1.498979554293320693e-01,3.551684728552148562e-01,1.954080422313665133e-01,2.045417452441740738e-02,6.331722257815369792e-01,6.019121522239468947e-01,3.260396643602637146e-01,3.138564788619058743e-01,9.424284805054916614e-02,6.092766251701534075e-02,1.596609690025201644e-01,-4.939594240467826136e-02,-3.996462197562082874e-01,2.274488323909991741e-02,-4.471359109257406206e-01,-2.247715621834759855e-02,-2.310167303579224451e-01
2.616380714591273748e-01,-3.432701750439685617e-01,6.807600490675663751e-01,4.700715016438570260e-01,2.939279438292097812e-01,-6.927419420804783456e-01,1.168362112118936924e-02,2.107740695772496176e-01,-4.749102388961239929e-01,-4.223727295790906666e-01,-1.317387178629745026e-01,1.114024171901908805e-01,4.313721523047708839e-01,4.251489125970167593e-01,-1.287735545434137707e-01,4.774414127574522770e-01,-2.246362033719846718e-01,-1.208154052286510537e-02,1.642027190469322884e-01,-1.421282809071694464e-01,5.808226894003831742e-02,-1.717392406135010707e-01,8.432901060922911585e-01,-2.702549140887594015e-01,4.253989224474585273e-01,1.571125221238700576e-02,-2.432892623386507525e-01,-2.228925386762392602e-01,-2.590914277359809836e-01,2.477178154254273679e-01,-3.170693831824007436e-01,4.299841047829269236e-01,4.936133151024424959e-01,5.042105627724564609e-01,-5.529886323087872535e-01,1.247132724404869802e-01,-1.338654313369617987e-01,-2.438839935951910010e-01,-2.678286935732234197e-01,-9.287131114084598016e-01,3.383932145079238119e-02,2.448772593003022413e-01,4.943089311874062641e-01,-5.940669753181357926e-01,3.523324511833354489e-01,-3.901688549525011429e-01,-4.222112735752809876e-01,-1.026862155524073117e-01,7.917514163159374840e-01,2.867300687228205303e-01,-9.702564532045410139e-02,-3.286287030225453765e-01,-2.760166710254435274e-01,-2.405244003367907057e-01,1.663043877152288854e-03,1.994750921880981409e-01,-4.337853424728126406e-01,-3.604695797277170932e-01,-3.183917700036686949e-01,-4.265449011475963004e-01
-1.822162043467535908e-01,-2.035060125100517370e-01,-5.862369343377626940e-01,1.482694338591877548e-01,-1.882788333868394004e-01,-6.526571587631639637e-02,2.924370659368633052e-01,3.617618776899911293e-02,5.033687864438415316e-01,-3.960758508467695366e-02,-1.244634154644055912e-01,-7.391921143323169074e-01,4.015822217435314201e-01,2.986629773556596645e-01,6.189603664377986147e-01,-5.182853515578345061e-03,3.807848925290365227e-01,5.949606187539194790e-01,-4.217546447891267758e-01,6.346456490830133523e-01,2.012711181363606092e-02,-5.008973233294581467e-02,-3.500315382231271588e-01,-6.679843571382243494e-01,2.833389225323985072e-01,-6.324393891098175624e-01,3.218327215999914337e-01,8.420421429012235615e-02,1.558351641508824992e-01,2.789245170850001565e-01,-5.558154610880795543e-01,2.105905397905307244e-02,-3.716629559033874375e-01,1.034055400930824486e-01,-4.702227622438259758e-02,2.280794123225609871e-01,-1.610992522154148787e-01,-4.343582611563254758e-01,-3.832594231828135301e-01,2.787073873353024811e-01,1.532050979307769678e-02,8.066218130152340571e-01,-4.861037242005514236e-01,-3.010698921555893803e-01,2.009430112308583372e-01,8.765395703735416599e-02,-2.899211142196218005e-01,-4.437922928555310675e-01,-1.532431078341766062e-01,-6.198405866319726260e-02,7.463039057855362646e-02,-1.212975274005072407e-01,-1.950219805026976727e-01,9.301331843116701636e-02,-1.632165280740964508e-01,-2.633874246780604778e-01,-2.286748833247126689e-01,-2.347363509347190069e-01,3.270544163030859597e-01,-1.282845595226926073e-02
4.197048025121808412e-01,2.715486008737990065e-01,-1.595989269298004887e-01,1.299101431710519006e-01,1.297199694908813539e-01,2.758004338349285267e-01,5.070781009190028499e-01,4.227383696524439904e-01,2.239696035271204477e-01,-3.117322515670160610e-01,-9.191533712911073017e-01,1.258536250893125541e-01,1.971961437442587561e-01,5.046196283911931202e-01,-4.232012643907865357e-01,2.699215066916698658e-01,9.102551291393357058e-02,1.277613898280622606e-01,-5.406811247666543085e-02,-2.752402634724765429e-01,-5.610960291518840570e-02,9.800423466501105574e-02,-1.180276158249320417e-01,-2.320203329545328097e-01,4.793341225067063865e-02,4.387220374424526947e-01,-6.092021447630454611e-01,-1.581553182407850200e-01,3.945390363189176242e-01,1.291012883182226789e-01,6.159342841343670161e-01,1.181410920415873061e-01,3.101859210562385449e-01,-4.356383756608288582e-01,1.979642190274862878e-01,-1.070676267952684335e-01,3.899913018208494009e-01,6.468572179585778230e-03,1.498493294468408177e-01,-4.877729719649435691e-01,-3.676349266815330807e-01,3.116281821303604205e-01,4.798995018504368937e-01,-5.571766177701069633e-01,2.202378277810871643e-01,-2.002913715427107055e-01,7.277933577788170405e-02,-1.235556167424159552e-01,-3.514015343873100883e-01,-3.627282125134780322e-01,3.203606026336485724e-01,-3.461675229215470107e-01,-3.760270860084564681e-01,2.125425347649066155e-01,-9.016887823983855688e-01,5.579535227103913364e-01,-3.501131406225562598e-02,2.692790133240888784e-01,-6.386655328959950362e-01,-1.884022428944214511e-01
2.647909920459814992e-01,9.183762855523429358e-02,-1.767796587402769293e-01,2.742919876656855771e-01,2.255994249987937003e-02,5.434979883463390143e-02,7.168885512388763204e-02,-4.556924825436439730e-01,5.830555339606343646e-01,-1.770131169472764221e-01,4.265720377322554380e-01,4.103197903554060139e-02,4.023368300901712380e-01,-6.999636404020041780e-02,-6.914008873818114909e-01,4.608029630863134662e-01,6.177343609253008877e-02,-7.773032377108816948e-02,5.416459508191965311e-01,2.978063004590763008e-01,-2.980658523865286399e-03,-3.326192038689529951e-01,-1.453784475520767394e-01,4.123744264901493123e-02,1.769467445737221700e-01,-7.462510595173277306e-03,1.926714179132235083e-01,4.600483511362620653e-02,-2.146734449274941003e-01,1.017534019317673927e-01,-2.789109675322871129e-01,-3.865504154531007597e-02,3.050265341581163622e-02,4.625382834552025924e-01,-1.621120565692376336e-01,5.750360678129853298e-01,3.423104370281961906e-01,4.326132347829962921e-01,-3.675589405353745787e-01,5.806429958211687392e-01,-6.056984027676041160e-01,5.805255501760046011e-01,4.917523318656429332e-01,6.561339310802664082e-01,-1.815332648420527883e-01,-4.909030783087111605e-01,-5.023390123785564931e-01,-1.154225857201136574e-01,7.125836733912370435e-02,-7.456220996864253436e-01,7.417978818648306161e-02,5.309085995012022968e-02,6.840406992654312068e-01,-5.963650266933361310e-01,2.151955889347836326e-01,-2.949671436574317074e-01,5.631973730105112041e-01,2.487480886619218567e-01,4.491767295170456253e-01,-9.290294283117228602e-02
-6.546972128039098282e-02,2.334066253783090295e-01,1.260537858566073144e-01,-8.871376407461532831e-02,-1.429697549294607350e-01,-4.997984332554478853e-02,-6.594539168508508631e-01,-3.305679171354896084e-01,3.556241044020138631e-01,8.225294470082504528e-02,-1.563193577018778535e-01,2.304466920865385349e-01,7.021198950860840782e-01,5.360516550753372522e-01,-8.931931482816464485e-02,2.542567512425481513e-01,3.752040151176315175e-01,2.073931828767710817e-01,2.518030274489047038e-01,-9.465985450351599440e-03,1.033152158685737981e-01,-7.231622336575881105e-02,1.590172404863880382e-02,2.734071463414201597e-01,-3.385710218111103731e-01,4.688508342889899372e-01,5.594432585292428151e-01,6.466511683560681734e-01,1.040975705566553194e-01,5.858696402002950832e-01,2.483728426380312493e-01,1.032585363481677843e-01,-2.972171296953710073e-01,8.946859918116754906e-02,-3.340942472080611902e-01,5.878021793641933362e-02,-4.378137653242597516e-01,1.571849743986651962e-02,-2.521981340997967933e-02,2.447831145148537668e-01,-4.713917843562747123e-01,-3.299394348489114726e-01,-5.865307181849359619e-01,-6.897285087916635860e-01,-2.727813826620089643e-01,6.530459871496634150e-02,5.413296080029305068e-01,5.701119408731821769e-01,2.399296034057006241e-02,3.481680340923579142e-01,1.292707541193732490e-01,-5.666322574678289703e-01,7.559032060509633943e-01,1.737332536612513911e-01,-1.533493023484295836e-01,5.323916095425036410e-01,2.362992040196055521e-01,-8.438418065815855851e-03,1.452322337962235477e-01,1.998123364186651374e-01
2.430014919155859543e-01,-3.367199559173865708e-01,-2.321908221163255792e-01,-1.134667568081585282e-01,4.181733929641011094e-01,-3.926657863211646671e-01,-6.136357163962310457e-01,-2.523424690819771679e-02,1.643318694825167403e-01,-4.499281827170102943e-01,-1.698499845029067534e-01,-1.136054230678853472e-01,6.863595561718616178e-02,6.997115992090946479e-02,-3.641096258855078815e-01,-7.715960174136156369e-02,-1.706175277601071905e-01,-2.950415328595804021e-01,3.822520148385196576e-02,7.377178161610099816e-02,-2.362189095863420907e-01,3.269178044643604730e-01,3.133098557627047032e-01,6.856668462176438439e-01,-7.866641409233524063e-02,-3.050747002425868715e-01,-9.963037583190519075e-02,3.624438008227272578e-01,-1.035863393923961012e-01,6.657754389932961370e-02,-7.027943553727405979e-01,-2.800695044011290366e-02,3.743716272546959156e-01,4.360052975868625169e-01,5.434959363412407152e-01,1.283519571222514200e-01,1.105783705294368334e-02,-1.809475468611990712e-01,9.573136530534702426e-02,-1.473571056412829317e-01,-5.593338671392453776e-01,-5.413935197296173563e-01,7.208427068908941637e-02,-2.891903521913224417e-01,-5.073475728982693861e-02,2.861293531578937843e-01,3.413099044361291856e-01,4.581983593786597697e-01,4.872052595833167299e-01,-1.237816180120605708e-01,3.980488849730125928e-02,-3.103543113677689758e-01,-5.705024821682876945e-01,9.907357328459339904e-03,-4.061371885926372549e-01,4.905184595751319043e-01,-6.948281390260793722e-02,1.319713005751513291e-01,4.803934973662384311e-01,4.088959566504353216e-01
-7.056514674744231164e-02,2.714504924852970125e-01,-8.315825342355358252e-02,1.044522032626478830e-01,-1.714708858109919853e-01,-2.282609270325991757e-01,1.389732028396485353e-01,6.166921358406910608e-02,-1.395828538959402454e-01,2.254546650941195371e-02,7.443262763234498314e-01,-3.315083809826824268e-02,1.340395059648123721e-01,-2.747699996145713253e-01,3.378880209811511710e-04,-9.450600994147084766e-02,-2.566024902165718879e-01,5.429320735007344689e-01,2.065885524001654094e-01,4.439304689475755406e-01,1.693100941306537599e-01,2.453569205894417793e-01,2.535495529103088397e-01,2.576208148115906593e-01,2.555007887892127294e-01,-1.396415065480212103e-01,-5.530581045298115228e-01,2.259388555104598906e-01,-1.638565701780241024e-01,-8.916765978985309316e-01,-8.054937848504387654e-01,3.071208136800307464e-01,5.684696720078260546e-01,-7.639722732959541851e-02,-3.454231428980995555e-01,-9.382984851078253474e-02,-8.159908275195720817e-02,1.279855376518151122e-01,2.569663482697029377e-01,3.527081447111319323e-01,7.859588423812734481e-01,1.074925095590647944e-01,4.622706440687043838e-01,-4.589145376576402868e-01,-1.133329170551057169e-01,-4.377464691459822532e-01,4.524110700773028015e-01,-3.171736557831620895e-01,-2.211222961090104910e-01,3.211615310638994969e-01,2.515323571576745798e-01,-2.385642501920142156e-01,6.700849350240856150e-02,-7.682899531621840972e-02,-1.937219004203689643e-01,6.209997055065107352e-01,-4.751543675268961597e-01,8.174787457272951474e-02,-6.403003504519387823e-01,-2.037217055052833459e-01
5.652030567442786063e-02,1.606172092131145576e-02,-3.690262302069669542e-01,-5.583902843527895898e-01,-1.774990044701637293e-01,1.314456934757890216e-01,-3.474630102263508991e-01,-3.932150106414913915e-01,-2.782885408575120345e-01,1.248228732374852788e-02,5.387983434357282997e-01,6.632406433077757679e-01,-5.033935703083515234e-01,-2.597866317704399797e-01,-2.173121628602445732e-01,-2.818109934842130126e-01,-2.316102532682193793e-01,5.241489819077065349e-01,2.023129266392503511e-01,3.845605272692922960e-01,-7.533506562845672105e-01,5.744020845883747173e-01,-2.394995722579572883e-01,3.837317094112688287e-01,2.100572815429985196e-01,6.087749096905544777e-01,-6.638178532061778103e-02,4.273279216918860618e-02,-2.655682335595970778e-01,-1.302787354464631786e-01,5.946229895313442926e-01,-6.532368050492198819e-02,3.378710065919374866e-02,-2.934107718848694701e-01,-2.293839772246040187e-01,3.031898514457981864e-01,-7.462094567180423965e-01,1.209255763461442729e-01,-4.665544550393106449e-01,2.414934452819426577e-02,5.440961643374099266e-01,-2.265706227722811272e-01,-1.184225711813500226e-01,2.643751761325955837e-02,-3.153563611948861367e-01,-9.639011832957030887e-03,-5.295273436331533468e-01,1.480887554490240843e-01,-2.111788721158171234e-01,-2.250777198135641421e-01,3.631838454227986901e-02,1.040897053131194933e-01,5.211236238786182140e-01,2.881910630499021075e-01,4.877110314912111444e-01,-6.362085274045637950e-01,2.665215312163872821e-02,-1.008859730040396752e-01,-6.280742683072014498e-02,-1.161049609157582818e-01
-2.587348398733594346e-01,1.067846129250183962e-01,-6.823780810109750794e-01,-1.553274571425961315e-01,-2.335219668585245267e-01,7.247260615180965704e-02,2.874491427011591216e-01,-4.417907365773345724e-02,-4.243959719013353643e-02,-6.749243395144199908e-02,2.100573540606990308e-01,4.815416049722602287e-01,5.469271816140772735e-01,5.446618090387381761e-01,-2.182810511915028451e-01,1.969348558392292892e-01,-4.434696254150518047e-01,-3.997765128445296412e-03,3.330163721604936788e-01,3.128549960722730727e-01,1.736204777223174511e-01,5.307527826536583282e-01,6.677806275464285291e-01,6.424857055462979138e-01,2.567787418364239627e-01,2.374167538297996538e-01,2.073199806409746770e-01,2.354589222831542095e-01,5.519028879360410311e-02,-2.376746428892651808e-01,4.728289950134353936e-01,2.806388991754231177e-01,9.547832812176226813e-02,2.309142639876177183e-02,1.320097509882679210e-01,8.636171361547019532e-02,3.175236267901912490e-01,2.840086675218798651e-01,7.502978728750777648e-01,2.605193168275606319e-01,-2.830549916338743199e-01,2.708989305811519421e-01,1.550892420272956540e-01,3.856527222586531023e-02,5.059507505373137537e-01,3.350251101895683203e-01,1.845604421607800472e-01,-8.113810045511637981e-02,-4.075434018789937940e-01,-2.527721051230693017e-01,2.667334620237191700e-01,-2.539965349273261008e-01,-7.215995612192068094e-03,4.522039282887524436e-01,2.328094000291532073e-01,-1.716040175025426440e-01,9.207459854366337529e-03,-5.166269336230737697e-01,-1.623978423883489786e-01,-6.106405388395378386e-01
4.725473265111999055e-01,-3.367446301943874398e-01,-1.464394912870962406e-01,-2.125901046269966510e-01,7.724958982250190731e-02,6.130180586697109996e-02,7.190951829062309786e-01,-3.703452846951165722e-01,-3.222210596350911227e-01,-1.645164674221044343e-01,4.039918569561543049e-01,1.518025289573895487e-01,-3.313999487555637641e-02,-5.706429423742006568e-01,1.825447833814838328e-01,-5.139347386255219696e-01,-8.628951703883261945e-04,1.413071292476651176e-02,-3.964528194363980407e-01,1.584636135004724167e-01,-4.514619512904948645e-02,1.810356753852802314e-01,3.657213787831177787e-01,-3.071949100197065088e-02,-3.245867989219492489e-01,-5.574446317321540834e-01,6.824302869030929308e-01,-3.413351292981590679e-01,2.384483940051273787e-01,1.055399847333560875e-01,1.260861692207884688e-01,-5.020752736713156583e-01,1.779971585889301988e-01,4.655151488239042123e-01,1.622254997615056316e-01,-6.995879588439208874e-01,3.472824789138758139e-01,2.740727192218261887e-01,-6.494848589029338370e-01,-4.062460008014466273e-01,-6.268868213125885491e-01,-2.914965650131886021e-01,2.188406525137627234e-01,1.840600441824785938e-01,5.144587500544585135e-01,-6.882498280460465356e-02,4.772757865959211671e-02,2.125285670248004966e-01,3.064635214158775156e-01,-9.109954303649576979e-02,-4.356330632241365852e-01,-2.802262318487466763e-01,2.478724883396198342e-01,-1.215408862249861138e-01,4.190277419513049328e-01,-2.497122568301213263e-01,-1.103363359591798404e-01,-1.983715425735542714e-01,6.177423086582174427e-01,1.852996940027805961e-01
-4.789201566838456325e-01,-6.232199324160135889e-01,7.730029491367492074e-03,3.309834575253125521e-01,1.846718766197745845e-02,-5.292065675512150902e-01,4.750685447772465264e-01,5.337770063019711131e-01,-2.240053650697110543e-01,3.618233533802845403e-01,-6.056533756426706328e-01,-3.485643563785350563e-01,1.635186112682251169e-01,4.413370721027821131e-01,-1.196751716699648166e-01,1.637068832979011734e-01,-2.256382486178910851e-01,2.403718211855143672e-01,3.554783608267791384e-01,-6.224382744569113557e-01,2.862501485949228153e-01,-2.095445820603865084e-01,5.530246119555265460e-01,-1.392104095419766097e-02,-4.817066791207043515e-03,-1.423527251814254158e-01,5.999574712491796413e-01,1.582243699488907751e-01,-6.275913052063876174e-01,-2.962415636145160347e-01,-1.333439484994715374e-01,-2.758743227958175837e-01,2.853782279772487662e-01,3.293193822730829945e-01,5.545711659650859326e-01,9.173672541142220693e-02,5.018032405071640722e-01,-3.631977256152643108e-01,-6.878309948723168032e-01,-3.027263516511717253e-02,-2.042216927685921724e-01,3.638023616120116266e-01,-1.125790667505109921e-01,-8.152138340822299156e-01,-3.660178434378604795e-01,-1.874020156440409368e-01,6.843893192191656816e-01,-1.789991451031557046e-01,-5.901742313420058617e-01,-4.239997199023695651e-01,-1.350127001798112347e-01,5.285425856221165342e-01,-1.415683869544379914e-01,2.704337957275658733e-01,7.207555051987300787e-02,4.018742355046803216e-01,-1.503204096004104873e-01,3.445598374923303786e-01,-1.118569171099110110e-01,-6.072621679833765107e-01
-1.560851665834445123e-01,3.837083344893230663e-01,-2.480484223627575646e-01,2.398028219941114314e-01,-4.796551370023787175e-01,6.406536328378444056e-02,5.362128646309681779e-01,-1.392194117308539203e-01,-1.949643495502291213e-01,-4.657029903529938952e-01,3.051532641047000616e-01,8.014674776303186698e-01,3.704505028247837006e-01,-1.930521419946452932e-01,-2.470191933185796884e-01,4.802889860207752437e-01,-2.387388422132269150e-01,-4.497669599593804857e-01,-8.552192000973183328e-01,1.776401152175509923e-01,-2.727412449252482607e-01,3.539895074003847064e-01,2.061953805579367846e-02,-3.484191822495097957e-01,-7.809349891195309368e-02,-1.299151689919347263e-01,-3.588494189432744896e-03,-8.154775147685727754e-01,-3.984629447365291462e-03,-9.062525476777305578e-02,5.617340487191476717e-01,1.016978621701364327e-02,2.341823718546006405e-01,-8.225480635671149621e-01,2.887119172157717739e-01,2.909617556454361931e-01,5.963116804932071524e-01,9.036884057218397270e-02,-7.020122252968690191e-01,-7.390482112918739244e-02,8.452932152703570567e-01,6.696392405336580866e-01,2.641071743055638521e-01,1.700562155754346827e-01,1.795038894665103302e-01,-5.606094057775516948e-01,-2.729485143588316620e-01,-3.382786655452451607e-01,2.853058277111480412e-01,4.322940047131567654e-01,-7.344669575965908637e-01,-1.743322456792899544e-01,3.471512386867889877e-01,3.486877291929323941e-01,1.598676219526518616e-01,1.016403334736055292e-01,-2.613397227352925456e-01,-2.979904967719657627e-01,-5.593739762355293133e-01,2.151856476557833242e-01
-3.226885189896687711e-01,2.553388953137468165e-01,3.166851979836207698e-01,-2.038445326727227336e-01,-5.608264893061214451e-01,3.835689981676610461e-01,1.510172180968749889e-01,-2.473970615260896178e-01,-5.863847947845451936e-01,7.353766593537609808e-02,9.802911031626965199e-02,-3.152802150702099238e-01,3.259174660120359168e-01,2.238082341533483566e-01,-9.189089071295268585e-02,2.729069334348535603e-01,-1.295299354587892138e-01,3.544496749564816085e-01,3.365813481986307254e-02,-4.732363080164134206e-01,-4.354728225531325214e-01,-7.008802460001146706e-01,-6.972039103495321077e-01,1.541274450434445241e-02,6.036204234596417306e-01,-5.569969262629935747e-01,1.121698167974633509e-01,-1.936494709035858630e-01,9.469850394597938148e-02,3.145820034801250498e-01,1.341413319935728099e-01,3.241231853655908712e-01,-1.918581025170734977e-01,1.694517865551853630e-01,-1.860751022757310691e-01,9.301079561010978936e-02,-2.515703283971303938e-01,3.440206554079894841e-01,-3.765479121981198940e-01,-8.456830480582032405e-02,-2.531209610619435946e-01,-7.479171423054253864e-01,3.567847513232177969e-01,-4.905709228023687474e-01,5.228577587656584313e-01,3.156082084113676078e-02,-1.450416200819255597e-01,6.206836394929881040e-01,-6.298998420722673464e-01,-1.061527077103357336e-01,5.549004836970636984e-02,1.251196647654033434e-01,1.341930569340773483e-01,5.182317180459259515e-02,1.420247134445412618e-01,-6.492944436984557921e-01,-6.730833742342995363e-01,-2.795128825222703006e-01,-2.035898850385614300e-01,3.597722404077806080e-01
1.354929742303790652e-01,-5.416749158955300736e-01,3.222707889211105514e-01,-4.167296479964057165e-01,7.120158371418847665e-01,-7.450970651236528582e-03,3.317390431380243948e-02,-5.455102136691211134e-01,3.777566505489817206e-01,-4.867427435890247511e-01,-1.353278648841749199e-02,-4.375397426057077710e-01,1.711096214497526136e-01,5.968486969948815224e-01,-1.250466515366957380e-04,-4.918707019342670184e-01,5.102436631103994813e-01,-2.072738664758994320e-01,7.772817316077208494e-01,-4.983220045121701247e-01,-3.072136043461674501e-02,4.626444592541115175e-01,1.644968431877606371e-02,2.844576908889845934e-01,2.123566294369818863e-01,1.616521064647519490e-01,-3.327293919476011497e-01,4.145219008461055732e-01,-1.156828010979461668e-01,-2.365915681777938373e-01,1.995475355178830679e-01,-5.263127974896429917e-01,-5.506686174275156054e-01,-3.841387557912964712e-01,4.994908012642344103e-02,-1.205273188826338632e-01,2.301088582281635431e-01,-2.089304040349278593e-02,-2.832721099734033035e-02,1.336802551224605951e-01,1.444342108178817974e-01,-6.053531722777826252e-01,2.334966366843530818e-04,4.724597233122424522e-01,-1.668167002385239905e-01,-2.308649341170847524e-01,-4.828961609534141997e-01,-1.668730203363122666e-01,-2.860561067062270535e-01,1.202287794886970768e-01,-6.194849102143152875e-01,-2.865766653365078298e-01,1.766911966409740187e-01,-3.760803989849968443e-01,-1.410593705465902105e-02,-6.458686957957675279e-02,3.138020417760821745e-01,-2.457108790494707540e-01,-8.426587014474944126e-02,3.222859389345184566e-01
8.923762105582904169e-01,9.598243770362048510e-02,-4.181303665870539366e-01,6.722129492849505672e-01,-2.289981831907097476e-01,1.808525831516397467e-02,-2.240785679538660202e-01,7.392555374277853808e-02,-3.374465056863915069e-02,6.428623959563842805e-01,-1.554863310942011800e-02,3.045596870498131215e-01,-6.189727380238045917e-01,5.191322347616305066e-01,-7.331815291603230866e-01,-3.758710198508050659e-01,3.617218445410865790e-01,3.071629668790348822e-01,2.478805232423584304e-01,5.245892920402211307e-02,-4.299193891987531657e-01,1.924799295835530055e-01,4.071256276039390554e-01,-4.853306595863648432e-01,5.539540747496167761e-01,-3.019446277168579829e-01,7.135463567462968504e-02,-2.816069920296835338e-01,7.240540777211362800e-01,3.662423200667032641e-01,-6.795007753185912380e-02,1.098506305766722840e-01,-3.255903845394137464e-01,-2.928249754406145322e-01,-2.942892304581878893e-01,-5.503089699074262958e-02,-8.267436727625351311e-01,-4.640158543443289041e-01,-5.977299527723572981e-01,2.378684127454147867e-01,3.416912175867666268e-01,7.748324078620516531e-02,-6.846584393787621403e-01,-1.520556546412407395e-01,-3.756782222021775031e-01,-2.801476790155130181e-01,-3.449833884789196142e-02,1.252741127606548377e-01,7.495164999783548998e-01,-3.979743112488886569e-01,6.853671384455148896e-01,2.559313368640749875e-01,3.293249421575298319e-01,4.366677893226931229e-01,5.709576075887521501e-02,-2.885671674567282241e-01,5.497714468943798449e-01,4.502317696671654379e-01,5.627362246803438994e-01,1.907920733051220175e-01
-2.264657159227032868e-01,7.627882099012180950e-01,-4.810846824367440711e-01,-1.942212572408973104e-01,-6.806336771267428309e-01,-4.286492417589162773e-01,-8.492462596625205418e-02,5.190242171510378588e-01,1.038040747796234314e-01,1.091647120199424476e-01,2.028733954490435920e-02,-1.840732598151283497e-02,-3.230432061927852594e-01,3.043648544544951817e-01,1.359784806840943772e-01,3.279115012823196479e-02,-3.528144619462011966e-01,2.186335895006144281e-01,-3.245306854622178605e-01,7.672313691850840556e-03,-1.556702300409047168e-01,-1.839553494907660569e-01,-7.219433318923390575e-01,-5.126877820910334949e-01,-3.198825668054217086e-02,5.096835007751242541e-01,4.728533302419058448e-01,-1.366769793453155579e-01,5.475665909092878453e-02,-1.676403077516034346e-01,-6.342912865348813989e-02,-5.228649436341968881e-01,-8.537149322189777415e-03,3.140064995631007272e-01,3.508135129665028717e-01,1.775097158258099050e-01,-2.186349872781619963e-01,-2.704129518704106450e-01,-3.523831287898680498e-01,-3.815705092140191934e-01,1.876445760575215782e-01,1.154840550468772403e-01,-5.718355873008421769e-02,-5.023816701483537761e-01,7.880856859811213866e-02,6.691168747028147790e-02,-2.412889502515775941e-01,-2.788817875746077424e-01,1.405533374797522939e-01,-4.027781961107085862e-01,3.270158076772533007e-01,6.477515453608765350e-01,3.046831412779946180e-01,-1.451899696839079323e-01,-1.023274267097620677e-01,5.555103502878885186e-02,8.064776089234725331e-01,5.572527482337771287e-01,8.951369471071098094e-02,7.254802228046591805e-01
-2.172000262963302009e-01,1.507450985093708451e-01,3.778847958490199055e-01,3.422369100366313144e-01,-2.671704644405052398e-01,-3.290379110569363053e-01,7.763205376999547935e-01,2.303981516583596678e-01,4.010640492076147368e-01,2.191152701979365292e-02,5.138208657318857897e-01,3.765379529615750509e-01,-1.782188722987133600e-01,-1.796546589455854936e-01,-2.120122777258151014e-01,1.818753039375444747e-01,-3.856626365812060864e-01,5.893213805674829553e-01,1.373905983757212901e-01,1.434902731807327358e-01,-1.640807103599399019e-01,1.433831396322889605e-02,-5.832764635451684887e-01,-2.340414165524329349e-01,4.681812936404715075e-01,-4.250684395407776095e-01,-7.820675786820577846e-01,-3.676597660897218400e-01,-6.777905248577423825e-01,-6.970780838187984330e-01,1.255871720056913887e-01,7.048520119874610579e-01,-2.537480832364220618e-01,6.613040933562237822e-02,-2.957207519525680353e-02,3.624581486335951008e-01,1.799670280264990818e-01,5.596145230991839137e-01,-3.739239853106120504e-01,-8.529164183595953908e-02,2.773764611590854856e-01,-9.268801890847637448e-02,1.608825448603162789e-01,6.758778996328421718e-01,-4.061916814225494110e-01,2.556822152693783434e-01,-4.585951096531286630e-01,-8.898983564567789287e-03,3.324788337953277217e-01,-3.064558663528300086e-01,-6.112865018702841047e-01,-4.726514687826853245e-01,1.410878572308859047e-01,4.805262310081035437e-01,-4.026036298361008736e-01,-1.847865042823360060e-01,3.060663518199823740e-01,-6.609319772865008824e-01,4.657925280828735803e-01,1.357640201903006494e-01
-2.775331388933279797e-01,-4.288456818401857884e-01,3.320735305275221982e-01,-9.725143338078894029e-02,3.323052574681576998e-01,-6.705391064726743400e-01,-1.745935398769487834e-01,3.693293601160959391e-03,-1.266169983269056221e-01,6.812113274712797706e-01,-2.483427752136266875e-01,-1.435607491493655907e-01,-3.799947389803755571e-01,8.566166170264499780e-02,3.487004925783983578e-01,-8.032585700500523285e-02,-6.094144739701476965e-01,-3.330273349807373329e-01,1.459420361725038695e-01,2.307370722979958447e-02,-2.597338003805568785e-01,-5.027682774047895903e-02,-5.038041740954364300e-01,9.678290208199380462e-02,3.853481333170421519e-01,-1.557330095309137075e-01,-2.975019519298309767e-01,5.057645339488602287e-01,3.866684307846634527e-01,-3.569093433010516736e-01,7.780783659740513336e-01,-5.612016010788606346e-01,-1.249510006139669532e-01,-1.969706600447185263e-01,2.622032123092580755e-02,2.825733054384280130e-01,-1.484240838965592835e-01,-4.939875550794630144e-01,-2.788491514214824218e-01,-1.164468451672200505e-01,-6.022756225531574609e-02,-1.963326295371344843e-01,-4.755173622317732107e-02,-3.921303224254293895e-02,-6.341655634985499113e-01,5.056197927055410268e-01,3.003747578194719201e-02,-5.721554057973125135e-02,3.160223481908017162e-01,1.443822174409307157e-01,-8.540205157885687182e-02,-3.906920924710409193e-01,1.540518257037112315e-01,4.017107747483142366e-01,-6.679434945802883439e-01,-3.806862879024874857e-02,-1.940047684486021773e-01,-3.035810896743684206e-01,-2.582308732418698294e-01,-5.831548240875811251e-01
-1.186697586516727854e-01,-1.727922721763132108e-01,1.068779630960822874e-01,-6.142604603566027555e-01,1.125151917709132227e-01,6.243840877413993525e-03,-7.196487000885543051e-02,3.732756371630868153e-01,2.726766059341422799e-01,2.912999399360320374e-01,1.477272059577615371e-01,-4.629552866018229462e-01,-1.470457834214040915e-01,-1.199572388678935148e-01,1.685585765032026340e-01,-3.044357182693132047e-01,-4.611952855707618926e-01,-4.311129582199048627e-01,-1.320278653715976393e-02,5.911321860446594467e-01,-2.267809934753765300e-01,2.131229628351573868e-01,1.010910489971793558e-01,2.005607841749650067e-01,1.825824686361644245e-01,2.666591355653359918e-01,-3.147576069904097218e-01,5.760326666371271553e-01,-3.465444501649556641e-01,-2.353918542005933590e-01,7.420791948805794958e-01,4.423207004796747555e-01,-2.964624587467089567e-01,2.198340022523744552e-01,2.935615424054517364e-01,-4.406562985811457445e-01,2.441002021498030750e-01,3.550916081687163772e-01,2.229745230081757457e-01,-5.387650956377707523e-01,-3.336063044706822356e-01,6.500825885530081560e-01,4.214184629206725319e-01,2.830335308757718493e-02,-3.215024954445496515e-03,7.395576604149463155e-03,-1.842415072871199655e-01,1.173586506346792867e-02,-4.119684175161869577e-02,1.162176095428192335e-01,7.443544463395523891e-01,-3.040314756166687116e-01,2.330781533249044191e-01,4.688620467390355873e-01,-2.961002436887157432e-02,-3.623600523059706813e-01,-1.400630654203408598e-01,-4.538619600394428466e-01,2.650256002292615265e-01,-3.717715197244005343e-01
1.506789260948843967e-01,-1.415635504309239179e-01,4.981493001976352031e-01,-5.277026090885846704e-02,-1.729207872645194544e-01,-4.355866563648162076e-02,-2.009959125876057406e-01,-4.491631985797077675e-01,-8.518398977340961575e-02,-5.405348732168310244e-01,-6.772701726358539183e-03,3.249004299891601888e-01,-2.289658075525968783e-02,1.551148199899300695e-01,3.119663497513520123e-01,-1.783385722330720069e-02,-4.825992310055062656e-02,1.355275878644552068e-01,4.283530451179769494e-01,-1.345553796542215685e-01,-2.837017902681850390e-01,1.686631902636113178e-01,-2.952818643127566589e-01,3.704598439980122393e-01,-6.397917623851556712e-03,1.566644438272952466e-01,-2.281558091063370652e-01,-7.668688526908967740e-02,-3.951298475577631475e-01,2.207573387094520501e-01,-7.982465345588419803e-01,-3.183960702081170546e-01,1.849031022624830489e-01,-3.446672884024798988e-01,-1.139452033922914165e-01,2.620479064447254758e-01,-1.759818014279868337e-01,-1.274993544359594999e-01,2.080705466620800248e-01,2.106141614933548789e-01,-8.773913906114297681e-03,-1.593708243258413482e-01,-3.142621520834299464e-01,8.843048069205468320e-02,3.021033375798625187e-01,1.720475035463159275e-02,1.700284830534727620e-01,7.769880791598843262e-01,-1.313076125209635403e-01,7.332187855226480755e-01,-1.485483279401646206e-01,-5.974848466140633141e-01,-4.404429430815697266e-01,-7.968828561245770992e-01,-7.009998166967599253e-01,1.614574193120155154e-02,1.887256398694768522e-01,2.054253021138368052e-01,5.072916059443205450e-01,3.015748712667946640e-01
-1.042652500159137324e-01,3.729784332705849415e-01,-9.535704063416212961e-02,-2.307323390405114638e-01,4.334401145418909085e-02,6.157299433780288878e-01,1.116146670490018346e-02,1.372650786054885608e-01,7.272824852947730179e-01,-8.359358910694421330e-02,-1.678939571316266643e-01,1.461364818931520926e-01,-3.146427228995411080e-02,3.527578271833262114e-01,-5.382005457126455283e-01,5.013918128446093192e-03,-7.938102460160276763e-01,3.425667695213030495e-01,2.182419788373719527e-01,2.925315451669055489e-01,8.646869641445091570e-02,6.253440402930464659e-01,1.342629960513770648e-01,1.494531737180698483e-01,2.423745411056265897e-01,5.614692176126284684e-01,2.659424437047456791e-01,1.996584819456774795e-01,3.714851409776327995e-01,7.378222154742267724e-01,7.973441335607678315e-02,-2.957702499540793006e-01,-3.180686531310906728e-01,4.203024611280510858e-01,-5.479072011513570484e-01,2.346909537077267460e-01,4.179818405522143371e-02,1.523931620434607927e-02,-2.440582077508947068e-01,-1.245190484619478760e-01,2.578643876736057619e-02,-1.294829336960958421e-01,1.247074383222009919e-01,4.608357325538847138e-01,2.538648422628921320e-01,-9.140386424738877746e-02,9.019100463890087349e-01,-3.677923503371505753e-01,3.209177752539927320e-01,-7.582059680148033054e-02,-4.623293980241507950e-01,-2.761922014529389346e-01,3.761316169774966967e-01,-3.556729488501123027e-01,-2.960453534472118897e-01,1.381010183169211480e-01,-9.770670005186588014e-02,-1.683410394440870428e-01,3.907662032778374539e-01,5.276997359523291076e-01
-7.179760729367690164e-02,-1.016681906759934195e-01,3.387213391906985227e-01,2.417906778330395356e-01,-4.776457827244573462e-02,-1.031333271485393444e-01,-3.280569786544729749e-01,-4.159807256495214739e-02,7.929580479689765093e-01,-4.586574444593576882e-01,-8.130795892881288733e-02,-5.049044936103496140e-01,-4.728400983998137797e-01,3.716915207923717213e-01,-7.349733785790842910e-01,-1.857441416423074101e-02,-2.129982304285656658e-01,5.456355400901938824e-01,5.346261032345581699e-01,4.129520685771697064e-01,-1.367928305004178502e-01,-3.751619243865521036e-01,3.460461517723638636e-01,-3.995368573038127757e-01,3.794480302501128111e-01,-1.508578061928680658e-01,-2.422621904707485466e-02,2.406748830039810993e-01,3.132736543237618076e-01,-4.688310072365668435e-01,3.203021549381069311e-01,2.420851109078077726e-02,-6.263819146552250527e-02,-1.483594658181210391e-01,-5.540169523787209505e-01,-1.663424454627446605e-02,5.551945249044730746e-01,4.423654889056601314e-01,4.241752158759615199e-01,2.518615349515251900e-03,-4.105051206283131804e-01,-1.530516421852340381e-01,5.047217528572245371e-01,-3.041421690661533783e-01,4.180534366114198597e-01,3.045347440681742679e-01,-5.114234421991529222e-01,2.583708625275493165e-01,2.613147513474037287e-01,3.568189828991608775e-02,-9.015834636489694631e-03,3.909582710430591912e-01,3.951943554657782465e-01,-6.338566343180755680e-02,5.047083483881386057e-01,-3.194044310540058995e-01,-2.020300320717417775e-01,2.882223295620547354e-01,3.144233983993138803e-01,4.111477179567518125e-01
-1.964099645461331312e-02,4.025170517464441572e-02,4.186044407924755517e-01,-2.489695314756784628e-01,-4.139587459260889446e-01,1.852395636274607738e-01,2.850344730668371018e-01,5.254613202465434618e-01,3.848087697454118938e-01,3.320585138076558723e-02,3.056300876725993043e-01,-3.374472340461001640e-01,-1.615550758346990801e-01,-7.728184621431417878e-02,-5.875612420409889181e-01,-6.474425359039190919e-01,2.173274545297031735e-01,-8.473446760736574879e-01,2.671205674618080672e-01,1.687080526257120627e-01,1.651801052945409409e-01,3.949916312487394277e-01,-1.206620066683584264e-01,-1.088343360065939375e-01,6.346412315283654904e-01,3.650583342451554358e-01,-2.356696223046043925e-01,5.346557460440933829e-01,-3.198010061605816579e-01,-5.989431152518401857e-01,2.985660884642649116e-01,1.265305219066525100e-01,-2.112154260068183909e-01,3.552586260320613754e-01,3.971332301265695364e-01,1.051008896391275454e-01,-3.314928481960708884e-01,1.421046765625803565e-01,-4.809745406387936489e-02,-4.982333427554021532e-01,1.662922396833752814e-01,2.076892948496907587e-01,5.313721796543626752e-01,1.614017520728616428e-01,-7.643634508729052479e-02,-8.684247916365465947e-02,-4.641316032720543272e-01,4.454558291614634236e-01,2.904177716073642057e-01,5.335189703639583447e-01,1.972625265506593728e-01,-8.239981258412129583e-02,3.898673864708295800e-01,-5.147123958723850423e-01,-1.114057629522070547e-01,2.118950345246982669e-01,-7.046550400069451214e-02,-8.143406780915712906e-02,-3.323781631933537262e-01,1.092128092860137761e-01
-1.160941426887137778e-01,-3.133168358330861158e-01,-3.110067583966882876e-01,-1.426209386075717178e-01,-2.796291402096802783e-02,-6.839977077205595668e-01,-2.983050381623619796e-01,-4.403596349375689667e-01,6.603507711265125257e-01,-2.267177760049058841e-02,2.180293723310224585e-01,-4.117149266537480368e-01,2.358147764361850085e-01,1.951176667640511231e-02,5.921294525653338255e-03,2.698949052893400147e-01,1.154264403240026909e-01,-2.822643734301095164e-01,-1.319790306673691294e-01,3.958826292691758897e-01,4.180937814657408880e-01,3.384937022142544549e-01,-3.037717768010574915e-01,6.110039765670446377e-01,-4.575818162857632210e-01,-3.282971463365854520e-02,1.762467407007838605e-01,-8.490502820510381632e-02,4.927649574923331777e-01,2.293164346449378943e-01,1.003553709768241348e-01,-1.067901395389170283e-01,-6.639036999833329844e-01,1.451220128180558400e-01,-1.138827448116501301e-01,-2.109221545299367617e-01,-7.931621818367187160e-01,8.304089525768612035e-01,9.831557288218854829e-02,1.756445381862744848e-01,6.582623885946937703e-01,1.960049255264877388e-01,-1.154328929463029479e-01,-2.187787725133370220e-01,2.617341296306470722e-01,1.748590626636651046e-01,2.692096410869177989e-02,2.851268117591254647e-01,1.693946541941269146e-01,1.473438771624251131e-01,-1.180315865732034092e-01,-3.154254349321937156e-01,1.505888021169665691e-02,-9.407036390641236590e-02,2.430905821314683635e-01,-7.229009203449394960e-02,-1.182831643894975693e-02,6.268158123266764914e-02,-4.490216887521683575e-01,2.198679681186214638e-02
-1.051141270803378075e-01,-1.909008851636462278e-02,-4.787358727657971547e-01,3.185839040020560509e-02,-5.002330489397434077e-01,-3.545174342911717180e-01,-5.758306903756766487e-02,4.761573179030598180e-02,-5.938311443540947865e-01,-2.448487832789850716e-01,-1.272318113322010724e-01,1.631597842590191139e-01,-1.640763606483304216e-01,-5.192974497721351140e-02,-1.572157941204976872e-02,7.085377225043426597e-01,9.591847725203110631e-02,-1.763899109996438785e-01,-5.028119231919988413e-02,-4.681805255547282774e-01,-3.352708242898106428e-01,2.908203021064629246e-01,1.124097569386770940e-01,1.234474584156482722e-02,-2.743258929828893411e-01,-2.238395430959543297e-01,-6.330139406677114389e-01,4.438087467761831495e-01,-1.193600452452444199e-01,2.237395600785246630e-01,2.819023211867240919e-01,2.541754164479257394e-01,4.783924405531602558e-02,3.333610461290283378e-01,1.015767716500480811e-01,-4.755987963236286142e-01,-2.426427625425933987e-01,-5.691603206471223392e-02,4.691905261846449626e-01,-9.655676782026571814e-02,-2.452867068462804834e-01,8.635487946734601294e-01,-5.418906794406840310e-01,-2.972348485063161516e-01,-1.468289917473436235e-01,2.192033985312845379e-01,-4.379131944315906022e-02,1.441392356275394693e-01,-7.778816039306420960e-01,1.481242421278534949e-01,-1.530397623417781849e-01,-4.632751635871770191e-01,2.741993380325029039e-01,6.713275166659003756e-02,1.350157191403992818e-01,3.511168128772687580e-02,-9.870311439330121950e-02,1.085262920810147885e-01,2.725276318300429157e-02,7.096513482678075135e-01
1.050809756629457747e-01,-5.673578860657302325e-02,4.393073904535154672e-01,6.529491952999422200e-02,2.098573056932283853e-01,-3.792624302618793908e-01,-5.940848322514213908e-02,-2.786282297188386048e-01,-3.755650064191775050e-01,-8.041581755136915921e-02,-3.323505370036729523e-01,-4.937282055994278718e-01,-1.736930177641193840e-01,8.872554944213462136e-03,4.083841303237430859e-02,3.077709322442431228e-01,2.627939477899660647e-01,3.672894449766934688e-01,-2.741225689795754872e-01,-3.471885118008950499e-01,1.370506774504187397e-01,-1.700518122901965856e-01,4.658845960178372714e-01,-1.779952639934519742e-01,-1.183408299442606920e-01,5.499980715013355059e-01,-5.315111352943012735e-01,3.468349809520070992e-01,9.728215254977040649e-02,3.097423639116038685e-01,2.367620388626220651e-01,-7.014294731176554665e-01,-4.510282009294133698e-01,-7.171104734443807527e-02,-6.417301810765614623e-02,1.791027746249328201e-01,3.663016091567092986e-02,-7.745699279249776970e-01,-4.520099783242716857e-02,-2.097805079337539402e-01,2.992614583078550550e-01,2.470400184692622680e-02,5.380123373324366964e-01,4.197674303891071185e-02,-1.424837400465985837e-01,-2.817021629535624780e-02,3.289920942590590092e-01,-1.182681918482948215e-02,1.327790627527566381e-01,1.668841402700311713e-02,-6.814825714279389990e-01,1.627434100331548728e-01,4.668457575671378784e-02,6.930544208265015937e-01,-6.922124760768590124e-02,-2.799047339595622241e-01,-2.716244310361421443e-01,-2.102655203338420209e-01,8.042810882956114016e-02,-5.397727308086168740e-01
2.088883658790134934e-01,-2.260836219774782219e-01,4.717598697843468081e-01,5.699265593731732693e-01,-1.816014524384656770e-01,-2.173967332179338463e-03,-6.455856938510625698e-01,-5.679132628569052432e-01,-2.651176585402640826e-02,-2.012061521832017863e-01,-4.796304869029969775e-01,-2.931098999914354963e-01,5.108845376486776946e-01,9.846896559647866365e-02,4.666252815393351905e-01,-4.885530939374418957e-01,9.014037357894622016e-02,4.902052386665101125e-01,-1.487878499160563972e-01,-2.148818134835723814e-01,2.962855769178377938e-02,-1.423028128243078727e-01,1.601173523892287509e-01,-4.394547608555083307e-01,1.290309473071797886e-01,-2.005618983165046443e-01,-2.317255932344511604e-01,-6.441993784375475984e-01,-6.849173820610620078e-01,-8.809590610441344616e-01,2.707739117654532901e-01,7.021098216973579165e-01,-2.168633717482726653e-01,-9.198222972502952122e-02,1.708346739381151336e-01,-6.697735123156305093e-02,1.225456124588061718e-01,-2.660193159359365289e-01,4.664081154154720577e-01,2.423809375870810412e-01,-3.779983046245150025e-02,-4.705242209498649575e-01,-3.659286684381244381e-01,1.557809302563730181e-01,4.874684505147816593e-01,8.291619517575025966e-02,-2.075154984257008006e-01,-1.883420955680808750e-01,-1.792339422192028853e-01,1.086476735601760030e-01,-4.574290892315582835e-01,-3.067398259741082600e-01,2.467756138541599975e-01,1.996585428141287311e-01,4.481811646169948093e-01,-9.385976729319456258e-02,-3.498444645183025337e-01,1.179333536360169382e-01,-1.382288289894895161e-02,1.556643410228191193e-01
2.169668683011544419e-01,-1.927393391603312855e-01,4.342303208803188208e-01,-1.182741168662254233e-01,-4.649100812369533764e-01,6.490468253945680388e-02,-5.246337860307461742e-01,3.488671386544823783e-01,-4.360689933555916831e-01,-7.257431328243131585e-02,-3.211906209028118075e-01,-4.695160911797184866e-01,-1.954829083883818930e-01,8.746301561684777237e-02,-9.110431371222076080e-02,-2.613397791047082364e-01,6.106895692189119318e-01,-2.802801433563458233e-01,4.038602784679456437e-01,2.658888695581747563e-01,-1.201265576951994624e-01,4.162448145954072420e-01,4.535596257109697493e-02,-9.402226893600973412e-02,-7.779576891634902569e-02,-1.361437238742510547e-01,-5.918628263088562269e-01,9.034600049996722726e-01,1.869588673432568682e-01,5.345756920371126375e-01,4.471363390746370681e-01,-8.363083822943218060e-02,-3.840118205521546035e-01,3.528036822907742315e-02,-1.111417133258077311e-01,-2.861490662845333488e-01,1.866785112433625160e-01,-6.648108573766390306e-01,-4.327409313697737070e-01,-3.625471915418625457e-01,1.643915733137623902e-01,-2.152777299318693952e-02,1.596369834164184098e-01,-6.628713093182285465e-02,2.035507444243696284e-01,-2.311243743624534497e-01,-6.188694398497004423e-01,2.278215699699795149e-01,2.102024819170461301e-01,3.401258614314226492e-01,3.313070644343789617e-01,1.335437164131074717e-01,1.523421609015032929e-01,1.379463794961816314e-01,3.750993144943011171e-01,-6.033816537082677955e-01,-2.839708933010984260e-01,2.106798665250106117e-01,-4.387955825736231108e-01,2.266698341711723685e-01
3.480690892883236964e-02,-2.534407629515449956e-01,-5.715650949043371565e-01,-5.241080374469072461e-02,-5.636611978308107007e-01,-1.674064910926719163e-01,-7.994793356908568016e-02,4.892539044517386082e-01,7.202703928462024507e-02,1.539975186655632468e-02,-2.233429973804522684e-01,-2.157318057921568943e-01,6.499483152678574571e-01,5.473250768974596836e-01,-4.078312126410802985e-01,-4.437887747763080704e-01,4.424414027909218672e-01,-6.278883087302893073e-02,-5.323253283412335835e-01,-4.360194400693613304e-01,-7.436237690570608738e-02,2.457130350030758692e-01,-2.087598538363725498e-01,-1.464146708595075452e-01,-3.896614753173794909e-01,3.102401902779843290e-01,4.273877405544608266e-01,9.331297413697876852e-02,2.397072710868290157e-01,-2.299104670173003628e-01,-3.754481090486544992e-01,-5.199046133487733590e-01,-2.406458264279001946e-01,4.114243951470315519e-01,-5.296231336835811598e-01,-1.029389643615146871e-01,-1.947168051426504676e-01,2.525049244867622611e-01,-6.635196430342912288e-01,-2.301538639067190195e-01,-1.784196580466141102e-01,3.880691105915959338e-01,5.809183810007995108e-01,-5.787191237456803528e-01,-2.271597501472465697e-01,1.574871561333118508e-01,7.999188421601655108e-02,4.692089966132700213e-02,1.181882418309395805e-01,-1.053246676803465814e-01,5.480958859546851691e-01,-2.738829776757119583e-01,6.121230838048496992e-02,-5.190219349219409306e-01,3.911942015245798571e-02,-2.830782210819672851e-01,1.886704232276616711e-01,7.290134721825040909e-02,1.534265084861517747e-01,5.955527725495345370e-01
6.045276253128794020e-01,-2.770282363586392127e-01,2.303509224208883099e-01,4.390711314954927058e-01,-3.325055924136053331e-01,1.559859781750169150e-01,-1.559206316338070941e-01,-1.667113510691475842e-02,1.509271907906584165e-02,-6.519264490162667292e-01,-3.927410359383763372e-01,-3.150265569320689907e-01,2.359527217766076712e-01,3.296747334592283196e-01,-8.021977210933461944e-02,5.468646972190429473e-02,-1.356061480819310550e-01,6.951943617594913416e-02,-6.668790776580552082e-02,-7.655216739907737267e-02,-1.848401480418846443e-01,-2.993667355687226750e-01,1.309847271058654228e-01,4.180328838067071118e-02,-6.978652281105013344e-01,1.870473626606914685e-01,4.705514780099604444e-01,-1.388316289783743775e-03,-1.313837619267684553e-01,3.078420195307541296e-01,3.340519330798027986e-01,1.476944897193137041e-01,5.448110906072347603e-01,3.596441344384694871e-01,3.927154704175327971e-01,2.318656274126743855e-01,-2.015634438952855767e-01,-2.811487013895999643e-01,-6.464709826319393615e-01,2.571203946896590264e-01,-1.731329205888172407e-01,3.052021617215296412e-01,-3.945728090755849099e-02,8.796991825686578670e-01,1.558933222306376487e-01,-2.813870809411487262e-01,2.325861697880828027e-01,3.785133356537153659e-01,-4.413983288944693384e-01,-2.544241715458772091e-01,4.654463978078786091e-01,1.057152455809097918e-01,-6.333485253251897040e-01,3.659596307583729557e-01,-2.595981261102258686e-01,-4.783755445398864548e-01,-2.238681543707831956e-01,2.094247310380494345e-02,-5.960011005459374678e-01,3.494468692811157351e-01
1.651394750474991513e-01,-5.463039160910895253e-01,2.091673256119757907e-01,-4.654246802399882310e-01,-2.571063810687300166e-01,3.111726866144156056e-01,2.044665950442341729e-01,-1.613015039400481632e-01,3.621714023889211487e-01,-4.856743299274596803e-01,3.496800567536645921e-01,2.219321790216367551e-01,-3.205001464737259331e-01,3.579172646778649991e-01,6.288458246828589893e-01,1.721952336381586332e-02,-1.421128434763657411e-01,4.056922322950096138e-01,3.062084500445540550e-02,-7.299207750814425966e-01,-3.037734346152938802e-01,7.005738954516087524e-01,-3.490377112706313234e-01,-6.437083763294644545e-02,-1.337986644152450721e-01,-2.506729074990330930e-01,-1.996534616915134341e-01,-8.146008477287399741e-01,1.142033548613016897e-01,-4.750919804498636156e-01,-3.355995944573172962e-01,-9.546919679479839646e-03,4.543834954396817200e-02,3.968428981387219223e-01,-7.219690367479317250e-02,-2.783394698303851347e-02,2.649151922014970073e-01,-4.642651388979548988e-01,2.653977759564905003e-01,-3.761713313598458175e-01,2.365124050355880969e-01,3.614124641729576370e-01,1.432272077540880095e-01,-5.859174789184934395e-01,2.180716776528198730e-01,-1.389067860298003609e-01,1.834343507678066476e-01,3.357511223025224645e-01,-2.294343172736016678e-01,-1.435391256683013206e-01,-4.513369758154956446e-01,5.221064578519598598e-01,4.274251453104089826e-01,7.680599643243353480e-02,1.480251806836835049e-01,-3.626246977928750392e-01,4.245060522465052277e-01,2.067120621108697598e-01,-1.563306991399029400e-01,4.463109175943813511e-01
-1.215952809990273331e-01,-5.279959864137081516e-01,4.627016447946794564e-01,-1.469157367518677815e-01,2.334160921364153707e-01,-7.598421056801454299e-01,4.713109542219814235e-02,8.811399067747725800e-02,-2.924795421122823869e-01,-6.005189501947128666e-02,-1.971934023058909483e-02,-2.792193274931851765e-01,-8.536333862093866687e-01,-5.114582152827990003e-01,1.629808298499072217e-01,2.542831269136440822e-02,-5.046621394629677848e-01,-3.534528473923512215e-01,3.550636403545708863e-01,-4.441803803432861630e-01,1.160028674708614010e-01,7.448724236341323079e-01,-4.079998739868793689e-01,4.943861974871238130e-01,1.994843355426357823e-01,-1.828013779483731172e-01,1.475767250500651939e-01,2.282189301560499095e-01,-1.198556589023191538e-01,2.159472539813052719e-02,-4.824895609059698387e-02,-1.155423781788608578e-01,1.469795452116706425e-01,-7.092066426370897958e-02,-2.885029362352217741e-01,6.125387998630249520e-02,-7.832518612050437534e-01,5.943866954027473420e-02,-6.135327110771788828e-01,5.913943262560916736e-02,-4.318006984720785257e-01,1.730798317050268043e-01,2.020231626293888250e-01,-2.442124278909394430e-01,1.933881915881810187e-01,-1.909958818510435752e-01,2.652319685571140062e-01,-1.434337705213255265e-01,-1.040458704872072593e-01,-4.494911848376609842e-01,5.666569916174459820e-01,2.179345657870616071e-01,-1.082667083216773823e-01,3.386758678712801784e-01,1.100052744563457807e-01,-4.307230168611406174e-01,7.316572329037112077e-01,2.445847090186388240e-01,-7.512162532855714003e-01,5.664382965442554818e-01
4.196027296978062648e-01,-6.515861207646578279e-01,1.822631023469002132e-01,6.994849725154921316e-01,-5.024451954588895347e-02,-3.538745188831605160e-01,-2.379992916696451744e-01,-9.364427865858256095e-02,-3.341093812285855780e-01,1.447473505469581111e-02,-6.541774491511073153e-01,5.536942596662040167e-02,-1.620617876632647614e-01,1.182011001879408746e-01,5.773382150007484448e-01,-8.001746838435441767e-02,8.969639345125879348e-02,-7.351684284219300869e-01,-1.277717086833830840e-01,-6.592251902607322578e-02,-3.811775245939577617e-01,1.279250331322970557e-01,-1.454794809972485281e-01,-6.183941100887851983e-01,-1.918823639683985560e-01,5.545452788848086456e-01,3.134794728904422012e-02,-4.451343859590052854e-01,4.651742407829669301e-01,-8.393741717630888444e-02,2.974720806619897753e-02,4.279220820946433301e-02,-2.894447194008882840e-01,-3.923973499981270874e-01,2.167783472224117658e-01,-1.054490848715627510e-01,2.475173620178408862e-01,2.899893231107861236e-01,-1.054281303759101868e-01,-1.427410796870729193e-01,-3.877240930808228403e-01,4.369509601403871457e-01,1.703222814108756589e-01,-3.741018663693922441e-01,-4.500353806238166499e-01,-3.162779717681723501e-01,-3.593598704145564010e-02,-6.209903707713587684e-01,-6.893175595724215787e-01,-2.770934390444157458e-01,3.424014565087169504e-01,1.869562323382160107e-01,2.635294985690317948e-01,-2.313980618524662247e-01,1.112084842839685256e-01,8.639328324443412699e-02,-1.325346275646591687e-01,-1.555327355613346230e-01,-5.236561348266532967e-01,1.390335192660704378e-01
9.371356931609601051e-03,1.320618472598916737e-02,-2.656134131438329660e-01,3.276074517347842274e-01,-4.128415264702331444e-01,-1.017669467092262581e-01,-2.911094136795468468e-01,-3.974598568851090974e-01,-4.931093439104434206e-01,-2.229403764245664957e-02,4.560443555651019221e-01,-1.090008735952927993e-01,-1.874814930371423161e-01,-1.173074805872535015e-01,-1.854780706563447235e-01,-4.263388231102458459e-01,4.024600238050890511e-01,3.809530034493014417e-01,8.073205840451679050e-02,-3.005720552780719035e-01,6.924965783189609425e-01,1.137820574841866411e-01,1.807842559947752115e-01,1.859576563211846612e-01,2.337236321018622276e-01,-1.406057320145908951e-01,1.040139506781511264e-01,-4.453733708958437787e-01,1.044265461834895659e-01,-2.989275041719689427e-02,4.516533418165422087e-01,-2.936370665977253158e-01,-1.235707403541846938e-01,-2.102602791826646278e-01,3.995335131361542336e-02,2.116638075869602675e-01,1.467777186007738488e-01,-3.244586998838992487e-01,3.988488918922903359e-01,-2.346367895610649013e-01,1.093061783670475594e-02,5.189421934331477776e-02,1.910736985881368588e-01,-3.249018519864318305e-02,3.411893048701413744e-01,3.632374431349194577e-01,1.587706105901931508e-02,-3.008984872513741429e-02,-3.872776198363931388e-01,3.384421809866764441e-01,2.666013773778951323e-01,8.073188052370623702e-02,3.013735687645484607e-01,-4.479368868278541527e-01,-3.380385586635898387e-01,-3.852540514059752952e-01,-4.658881776388081875e-01,-2.998656678882492474e-02,2.593801468548581624e-01,-1.483577988705663264e-01
1.364703797293164156e-01,7.714193572467419324e-01,1.849263056453017209e-02,3.936154615712336019e-02,3.804614671041919305e-01,5.454060177641942841e-01,1.204545509512650048e-01,2.197857913249214035e-01,5.101857255960284832e-01,1.150471722203453978e-01,-4.802743858867835058e-01,-3.181709690202722540e-01,4.628193143743232763e-01,6.197580792147564521e-01,8.540028401680165027e-02,2.753570837276899178e-02,8.565818207604047885e-03,4.809333492273750177e-01,-2.263217792408238338e-01,2.608713649537921508e-01,9.245296610587812325e-02,3.897602247765836747e-01,8.762155292712532628e-02,3.191049679350145274e-01,3.164461758735407915e-01,-5.911081842718880486e-01,1.600366272950336233e-02,-3.110723332477760006e-01,-1.295077401266913897e-01,-4.698168505145268181e-01,-3.972489604933699403e-01,3.264539778325796227e-01,-3.045101548736575681e-01,2.106082268014788372e-01,-4.021860937489674659e-01,2.212097954503496611e-01,-1.056909157766523083e-01,8.077047336581926196e-01,-6.678649280404743704e-01,8.523297957356391619e-01,-5.615813540572002216e-01,1.836265575304670550e-01,-3.128978242413340549e-01,8.205019837536261726e-03,-7.168780218519037462e-01,1.485233484446458752e-01,5.661448748143893539e-01,5.728402205215689103e-01,-7.995946907908321188e-01,-9.630267353609989200e-02,-6.810316816110338900e-01,-7.016381446201264138e-01,2.013431006217658581e-01,-9.158243762216146389e-02,-6.548587104280974291e-02,-1.977030008646762926e-02,4.365477936448780016e-01,-3.412418818010944932e-01,-2.538513172103030180e-01,1.195440345434216622e-01
-4.637617032530410022e-01,-2.067971113116681969e-01,3.827499201223885650e-01,-1.746746031751515715e-01,-2.428863248641674188e-01,-1.855763725075031678e-01,-3.601636236913551836e-01,1.349612551204970867e-01,2.440178274377023948e-01,-2.680097205031917729e-01,3.159838990024007449e-02,-1.739937413329419869e-01,-2.672033625586616723e-01,2.987537461397654082e-01,-1.243163123746986454e-01,2.781662141256013854e-02,-1.259644183652467754e-02,-3.475802115581900220e-01,-6.514789148024985321e-01,-2.191799517302241984e-01,-1.619445051821351289e-01,9.419939338262582618e-02,-4.016371510003427514e-01,3.216498320186897963e-01,-1.912149118097253020e-01,-4.891240991435881758e-01,2.028111097910654526e-01,-1.199709603398099178e-01,2.207299137403372635e-01,6.517077051358755035e-02,-5.041603062034477611e-01,-3.244859791362431634e-01,4.635669658933265214e-01,3.010671254951548526e-01,2.123215780582682066e-01,-3.852354874373349891e-01,-2.663087671043893323e-01,-8.714985805917137285e-02,-7.394737656451612073e-01,-3.674912999166406458e-01,-4.991730948601926232e-01,-4.679744183934930746e-01,2.838114679367635326e-02,-8.055789162990634189e-02,1.077393384443486868e-01,-6.816217133197266520e-02,-3.003481686063182443e-01,-2.981737183539369118e-01,-5.632141632657654967e-02,-2.703730861858048493e-02,2.286314224566828590e-01,2.016170783508828279e-01,3.690112278256485467e-01,4.927288195181919045e-02,-8.168382353294978415e-03,-3.073988467579709671e-01,1.646068325005470567e-01,2.056136320179517696e-01,-1.657540623066128260e-01,-1.106009449946644407e-01
5.166425570141430779e-02,-4.440226577553078591e-01,4.473536257349701728e-01,2.699834187540386954e-02,3.520938855456912098e-02,-3.526186416724695349e-01,1.378704602723349604e-01,-5.055877483224656688e-01,-2.018636191465268681e-01,-6.097121181357211261e-01,-3.462899102389191963e-01,-4.580198427840576764e-02,-1.797823527783411757e-01,2.857289293412342279e-01,4.505342320970985859e-01,9.683956886432272548e-05,2.432831229900027023e-02,3.728539135356386258e-01,1.789077259250115848e-01,-2.268250197509917854e-01,-6.615592440142235020e-01,1.352211370839855042e-01,3.666813171401648863e-01,-2.158061811338300162e-01,2.162393161731669122e-01,-1.322248004543780941e-01,-9.185606433045201413e-02,-1.271581717318568672e-01,6.639243697787030607e-01,-9.886403627972351060e-02,1.732182443689538609e-01,-2.584744566043256087e-01,3.120220119167411710e-01,8.607997491355083575e-02,2.527046190335093812e-01,7.771913044190693898e-02,1.350927556823111331e-01,3.580370290279507040e-01,4.874847751252686656e-03,4.555305159287115213e-01,-6.982181507503650020e-02,-3.190259901376220619e-01,-2.667520758328033592e-01,-3.498787227020971891e-01,7.471568152986237006e-03,6.665993195901864787e-02,3.052566027273778126e-01,2.338332350086369527e-01,-2.375774172131627504e-01,3.929076816175087750e-01,2.306152958825051780e-01,6.922865439549715783e-01,1.664304887662152732e-01,1.622398391290206729e-02,-5.699186466722991895e-01,4.641456195366870929e-01,8.371663640791171535e-02,3.029824987763813371e-01,-5.873841285676624224e-01,3.120045414702607989e-01
3.059239997617203000e-01,4.009940254140465510e-01,-3.733454423215974427e-01,1.122594594344862307e-01,-3.727890518899695249e-01,-6.135505015724782574e-01,-9.143950842449695415e-02,8.788950803595350914e-02,1.282763879166902432e-01,2.312626299030088803e-02,3.023146468039976109e-01,3.507844876794199429e-01,-6.976752236155321363e-01,-8.907744567545798631e-02,7.110382709215938846e-01,1.949321714740853972e-01,-5.090859054266263367e-02,-6.040645491891031421e-02,2.211533620515449827e-01,2.936100801238006874e-01,1.816323613437453854e-01,-3.306016517442219027e-01,6.036434604309056651e-01,8.162908965032923680e-02,1.395682620801413643e-01,-3.511047517827025621e-01,3.870580572868790870e-01,-7.988477875618697766e-02,4.816750247343552088e-02,-3.113976772183774111e-01,6.413932386348641934e-01,2.053041242210249251e-01,-5.251813905176407893e-01,-5.182170151628958665e-01,1.290708944111732814e-01,3.442388379670820869e-02,-2.896022202956101757e-02,5.175521212189887477e-01,-6.499956870215888027e-02,-8.104733238415704477e-01,6.325941783997302004e-01,-4.169127100831562238e-01,7.133622565564813334e-01,-1.970118758028460704e-01,-3.346374289052631568e-01,2.416948971923845446e-01,-2.550607598956285416e-01,1.043569311486919754e-01,3.998377304721503211e-01,-2.618313900720508069e-01,7.354281087888007995e-02,1.273047915359553917e-01,-3.306132281084328550e-01,-2.519756520986973225e-01,1.742154056747016178e-01,6.190670591198401546e-02,4.652197612187726761e-01,1.623004636570558046e-01,5.321109780242767595e-01,-5.745370305529259175e-02
-5.071728349081237042e-01,-1.296896962370635842e-01,-7.392847148204582941e-02,-1.533878660686797436e-02,-2.951130624539746727e-01,-2.408372959532038490e-02,-1.982095283050456791e-01,-4.168854201023312611e-01,-1.927602324453887572e-01,-4.297821949292745525e-01,-5.256665570485178351e-01,3.745041220966648932e-01,-8.595168748012219639e-01,6.690306032600920050e-01,2.174557957714976508e-01,3.391578922932858009e-01,4.873647025315168690e-01,8.430721529867483965e-02,2.171765110520299247e-01,2.527976450646870488e-01,-7.827720622453729904e-01,6.249259992707053429e-02,-2.604418404267973552e-01,6.821192708558282414e-01,3.920193605017730509e-01,2.858800274133855290e-01,-2.314209288472122150e-01,-9.590086393109598095e-02,-2.130903300475772422e-01,-6.049482537646434510e-01,2.895004308280555994e-01,-8.618145777873602309e-02,-5.169020135506393471e-02,-9.698692930123738176e-02,3.203772714971200308e-01,-2.952793642524776940e-01,-2.202021604312335290e-01,-6.726736622615943351e-02,-3.845662397271138455e-01,-1.920010566209549019e-01,-4.209117006492605478e-02,2.730687021842492235e-01,-2.606221378985758008e-01,-3.535185837445314339e-01,-3.268748843284588479e-01,1.449165598538857125e-01,2.589914882184747302e-01,-2.964394729242302295e-01,4.310320369028627918e-01,-1.292249024632201870e-01,5.602483565692243372e-01,-1.120128545978350126e-01,2.751880107542598597e-01,-4.541502177992461919e-01,5.141525631223059500e-01,2.424495462028221915e-01,-8.463842644713144570e-02,2.422669789613819680e-01,-6.307981019882964897e-03,3.095786706802905464e-02
-2.137707147691193799e-01,8.466223991450815278e-01,-6.570295505100659517e-01,-2.138660932966764683e-01,3.745570412402920990e-02,-4.340498042057974737e-01,-4.463550850772968759e-01,-1.623444267305932109e-01,1.587261004082668736e-01,1.656650739226524227e-02,-4.557386485844990287e-01,-4.899744174349855014e-02,3.985664448083901523e-01,-2.024223667538426474e-01,-1.959292366580703548e-01,-1.179674361166892504e-01,-6.585089960984661372e-01,3.683363952378913564e-01,-6.184274401139905342e-01,7.231475851856643544e-01,4.862691049203647364e-01,5.058284038039743136e-01,2.548546811834643822e-01,-1.589339551689647190e-01,3.939724851415581930e-01,3.369303300798303091e-01,1.394670698754461591e-01,2.755321428575078775e-04,9.059575669328850944e-02,2.412305489296678040e-01,-1.252438391040299470e-01,-3.722438289795833993e-02,1.974923098481321804e-01,-9.829628913608767782e-02,7.083960793209339579e-01,-1.003494221516763457e-01,-3.335905154942433448e-01,-4.365119089129399499e-01,3.774853411497804401e-01,7.906195827013505761e-01,-5.777615054445834897e-01,-4.102541412132534870e-01,-3.345200611154604958e-02,-4.357575728160953954e-01,2.236350111369115046e-01,8.118950645154020540e-01,-6.595155900860726339e-01,9.421844680647510628e-02,2.776840750825894655e-01,1.845152450906375474e-01,-3.855512890734557607e-01,1.209443552397766602e-01,4.386692488143997259e-01,-5.876960337389155464e-01,1.353220225196675175e-01,6.247671731718336119e-01,-1.411610685351702976e-01,6.134763435386095809e-01,2.494933074893505298e-01,3.471341470283499375e-01
7.482750119614411943e-02,5.674280827816522432e-01,-6.254802209578635974e-03,4.346738775870369054e-01,7.384270301261309788e-01,1.851215242383983661e-01,-2.687336177656659067e-02,4.809340100626535719e-02,5.161020482978515567e-01,-3.219848481947431007e-01,-4.868348486877497883e-01,6.421553819724927781e-01,-2.898948371068749141e-02,-7.492607322011383790e-03,-1.542334951750485017e-01,-6.242834090763021981e-01,-3.570513826175199523e-01,3.775547077901128534e-01,-7.422010372784640930e-01,4.201157232769414662e-02,6.014750248048716941e-01,-2.874741018455216346e-01,-3.237295574954944799e-01,2.299649875481855343e-01,-3.777092059217873055e-01,-3.840028161904506798e-01,2.678863784589280428e-01,-3.103377307896780235e-01,-8.004642436882969392e-01,-2.884412611213489908e-01,2.944722488397967797e-01,5.440117622532204544e-01,-1.003140917725210517e-02,-4.122372873692927708e-01,-1.257908796086113778e-01,-2.002142286472327337e-01,-2.650225065629238652e-01,-1.614226132352118148e-01,4.569570596330193024e-01,-6.123798114421306199e-02,2.803518379852882325e-01,-1.304680417596752219e-02,-3.834695929462994535e-01,-3.769010652655082477e-02,8.662032909490798849e-01,9.393552042891419873e-01,-9.709319101559460430e-02,8.109118362824988546e-01,-1.464362386179384468e-01,-5.668875425847369476e-01,-1.355281303187567399e-01,5.698377487059954477e-02,3.448075705224171172e-01,-1.609861939398431474e-01,-3.203244657199220136e-01,1.511119221842228411e-01,5.581102087508499343e-01,-4.190005718466222606e-01,4.353473653250521380e-01,-3.635943261487169509e-01
1.857956619224661876e-01,-3.979135401779713699e-01,-4.755310548659187897e-01,-8.107214747026657564e-01,2.616297821715939942e-01,-1.076051774373303765e-01,3.894785799031168505e-01,3.453928485527583692e-01,7.374658286359455639e-01,5.222503708979027159e-01,7.116119608172837008e-02,-4.740806930139451758e-02,6.209280563974687306e-01,-9.391175834914204656e-02,1.177670736085954378e-01,2.244349200974775360e-01,2.489472951076087404e-01,-2.580410055000230130e-01,-2.784088195077930039e-01,-5.015455770108840916e-01,-1.437648925907984709e-01,2.803709453911705785e-01,3.311927141909036254e-01,3.259021651544057874e-01,-1.029751091260115575e-01,6.360747565408741977e-01,4.017475439721717723e-01,1.025551752150988677e-01,-5.881012247738613974e-01,-7.524005094243243486e-01,2.896457546258411897e-01,1.600820515017470080e-01,-5.397072002630202148e-01,6.023823405399691966e-02,-4.464472393108536719e-01,-5.852889710405528856e-02,5.812297159917946265e-01,-2.036642959194673586e-01,6.822722803933619629e-01,-6.558548407026577598e-01,5.524727740983280677e-01,2.756156802584252552e-01,-4.340970757827745108e-01,3.251328937420133181e-01,-4.427857638318968281e-01,-6.511276779846492113e-02,-3.161971076057688013e-01,3.341828583704973821e-01,-5.387985530931431732e-01,-5.201057782584815881e-01,5.111415083274291060e-01,-4.942065780726969670e-01,4.993752941119845024e-01,-1.801413079108941107e-01,3.626675279393458684e-01,-4.586461750034986906e-01,-1.874165200992664870e-01,-1.929192227253891112e-01,1.761159277692687652e-01,6.841565611990517437e-02
6.675601881831209894e-02,1.381511012043521724e-01,-7.523790727323255434e-02,1.033859389456035921e-01,9.444930285678421189e-02,-4.583465621851005589e-01,7.745291015075810026e-02,-3.554031751870461164e-01,-4.160570440922310535e-03,-3.472914842779777911e-01,-1.177057824275450360e-01,2.336122472975188380e-01,-1.890451845455050905e-01,-1.517916302573363296e-01,-2.588529541101020071e-01,-1.073652017933455216e-01,1.900353228468083799e-01,2.569144263595726785e-01,5.039420873921302002e-01,2.819245168006451197e-01,-2.917721776628192099e-01,1.928092635410159905e-01,-1.785902743813702342e-01,3.781536177264333554e-01,-7.864941840204953127e-02,-7.548477412118037577e-02,-2.340406729868230451e-01,-6.037150954052724477e-02,5.379845119099507800e-02,-2.234574860752865655e-01,-3.794086449011955797e-01,4.835543832463073260e-02,-2.043877841259376105e-01,5.542669776731866671e-01,-1.392418182049918463e-01,-1.586344297859150210e-01,-1.101810193535173038e-01,7.973523065838020521e-03,1.822097048303474576e-01,1.278692941935541671e-01,-5.293576139230167683e-03,-1.006865241642816572e-01,5.791340320500556332e-02,8.833266303337466985e-02,2.508360539709973414e-01,-2.868976639553355024e-01,-5.108903414370394996e-02,4.248819051477105702e-01,-1.866125335505745830e-01,-1.375955292219477599e-01,-2.546185949428302411e-02,-2.666558692457766666e-01,1.917348518865251705e-01,-4.320219376554767510e-01,-1.972717158432399087e-01,3.015352675417122263e-01,9.110707781096565039e-02,5.584346046002045677e-02,-1.051972174126642040e-01,-1.370629280504685188e-01
-3.481678396841676459e-01,-1.867616932727166612e-01,9.949855961284093109e-02,-8.462893834829904316e-01,-7.530284108077222038e-01,2.553115701132381288e-01,-6.457403864716315667e-02,7.179057701583192452e-01,-1.200583387019695109e-01,6.933955964174015607e-01,3.920037831105690346e-02,-1.896905817788676896e-01,-5.191566839423310542e-01,1.136528736801867695e-01,1.514287686914072562e-01,-5.308566940073353724e-01,-4.271874320794274288e-02,-5.039355502935538578e-01,2.108976185479059795e-01,1.783610502057679514e-01,-1.210659154013866562e-01,8.463247192533818186e-01,-9.369543065939363313e-02,2.476802702323252225e-01,-1.357968139123557072e-01,8.861470973932411566e-02,1.625170998413954793e-01,-3.261885446703288727e-01,3.280996071196297659e-01,-1.304368536540714274e-01,-3.560388366359110851e-02,4.159277689309683890e-01,-7.657643972969137292e-02,-8.786585666628506097e-02,-1.383886242030533432e-02,4.628187151713971520e-02,6.984047687175050541e-03,-1.412703170824990417e-01,2.443709796592764827e-01,-5.187570969356204431e-01,-1.210974544200849046e-02,-1.621696422854753405e-01,-3.770917443069727315e-01,-2.999984229038316075e-02,-3.378067008859051423e-01,-1.093727139317497571e-01,4.559734002100908172e-03,-1.888937234770294016e-01,5.897190440124434607e-01,4.304195578322892596e-02,2.553312905635933272e-01,-4.070235502333707234e-01,-2.799573015923670916e-01,3.415112633364056349e-01,-9.809734092221757129e-02,-5.768467002267375632e-01,3.831155591219099210e-01,-4.272533631573319224e-01,3.472806052922536302e-02,3.000959451719098503e-01
-1.509625069728075808e-01,2.719559039634613096e-01,3.746007413721767487e-01,2.508374572453341278e-01,-4.811052976244622470e-01,-2.643156079585009532e-01,7.114268068265594547e-03,3.131271328356153849e-01,-2.858759192760494949e-01,5.566249427205819389e-01,3.690793350457661354e-02,-8.420707151794900799e-03,4.253482834929080414e-01,2.308922716855097701e-01,2.849801676483375013e-01,-1.687827233028480201e-01,-6.327132505383924188e-02,3.743066748439984326e-01,-8.953351882265908612e-02,5.729270438295597234e-02,2.173151509360252420e-01,-2.633262685475441511e-01,-6.705928857312176694e-01,-4.014299647941094729e-01,-2.830886722766406960e-01,-7.197435654047820153e-01,1.099206434370948449e-01,3.143734917680203189e-01,-2.418013991495141792e-04,2.479860854658014480e-01,3.160195903695560138e-01,-1.957954091641595784e-01,5.184165846180439630e-01,-4.637077067966306927e-03,-2.910677933894965652e-01,6.637575606664376793e-02,-2.073732339911395772e-01,-3.011280283746806674e-01,-2.129167979467897209e-01,1.129432645563226284e-01,-7.263998276753643735e-01,-2.620477818599530329e-01,-7.843101383502189272e-02,-8.294997592501344996e-02,-1.035844803254353380e-01,-5.669463081314383146e-01,-1.656147731616940122e-02,-1.034962726662385646e-01,1.435350221519766378e-01,-2.461378354283069170e-01,-6.903286180337538103e-02,1.382513187765901375e-01,-4.030625520639954940e-01,2.549469900779279263e-01,-3.887753205440088178e-01,-2.737400166676561830e-01,-3.262982758381859361e-01,-7.221684531291622244e-01,2.065894182374984622e-01,-5.695717615120038380e-02
-7.629278190363052436e-01,1.152851659484403248e-02,3.770447914595615457e-01,-4.188364819013114526e-01,-1.089237521988617452e-02,3.003926781252794775e-01,-1.975528832293846904e-01,-6.291883913660541172e-02,1.237411363710152479e-01,-2.691425394756502554e-01,-1.691635111822406001e-01,2.623796026283709559e-01,-7.341513087209863286e-01,-9.559415269492480549e-01,-4.135715623382970052e-01,5.924264840284855227e-01,3.677278431436676875e-01,-6.630742813457347618e-01,-8.370966053662343143e-01,-1.045793408388941657e-02,-2.213244204137959359e-01,-2.872040657032576827e-01,-9.373473177311204829e-02,3.659274233875063342e-01,-2.850118819087832378e-01,1.899236648349239276e-01,1.710557329325075593e-01,1.006550360188952081e-01,2.331938138181465503e-01,4.949233497608462873e-01,6.550075277731329804e-01,-1.785737799081759114e-01,-5.479521993535065860e-01,2.498698776088968954e-01,6.182520187910432036e-02,2.325560528413675998e-01,4.419400056154857981e-01,2.641404375663077841e-01,-8.865686978510507743e-02,3.625830417656957239e-01,2.440539156859234116e-01,1.832967389022482629e-01,3.443783536121569622e-01,-2.885038603204593266e-01,2.226304689010504545e-01,-2.555395239340624292e-01,-1.383252943427041026e-01,2.996263641741911954e-01,1.637310829535430778e-01,-1.705112496486943519e-01,-5.650484214423129314e-01,-3.851262085302029625e-01,-4.057622175641974888e-02,-2.118080399207864783e-01,-5.627216868363424940e-01,1.991569353758360361e-01,1.033753532763850291e-01,1.713753020687871498e-01,1.103148731684184397e-01,-7.568914815992755507e-02
